7609.1000290225,3919.24
7609.309210377068,2917.03
7609.518391731635,2487.8
7609.727573086203,3365.49
7609.9367544407705,3555.24
7610.145935795338,2870.7
7610.355117149906,2831.97
7610.564298504473,3374.78
7610.773479859041,3974.57
7610.9826612136085,5657.21
7611.191842568176,7900.69
7611.401023922744,8002.44
7611.610205277311,6743.64
7611.819386631879,5430.69
7612.028567986446,4049.4
7612.237749341014,3541.79
7612.446930695582,4492.14
7612.656112050149,5527.73
7612.865293404717,6258.96
7613.074474759284,4970.84
7613.283656113852,4781.38
7613.49283746842,6244.18
7613.702018822987,8986.36
7613.911200177555,11339.5
7614.120381532122,12434.4
7614.32956288669,12708.6
7614.5387442412575,11087.1
7614.747925595825,8184.32
7614.957106950393,6507.54
7615.16628830496,6334.89
7615.375469659528,7004.12
7615.5846510140955,7965.14
7615.793832368663,8436.77
7616.003013723231,8869.05
7616.212195077798,9956.24
7616.421376432366,11289.9
7616.630557786933,14009.4
7616.839739141501,15819.9
7617.048920496069,17051.3
7617.258101850636,18127.0
7617.467283205204,19477.0
7617.676464559771,19748.7
7617.885645914339,18963.6
7618.094827268907,19212.7
7618.304008623474,19590.7
7618.513189978042,19564.9
7618.722371332609,20206.0
7618.931552687177,19449.7
7619.140734041745,19151.9
7619.349915396313,19299.0
7619.559096750881,19199.2
7619.768278105448,19141.9
7619.977459460016,17962.5
7620.186640814583,15627.0
7620.395822169151,14340.4
7620.605003523719,11545.6
7620.814184878286,8952.93
7621.023366232854,8406.89
7621.232547587421,10083.0
7621.441728941989,12036.0
7621.6509102965565,14149.0
7621.860091651124,16898.4
7622.069273005692,17302.0
7622.278454360259,16768.8
7622.487635714827,15228.3
7622.6968170693945,12712.6
7622.905998423962,9646.52
7623.11517977853,6960.79
7623.324361133097,6227.85
7623.533542487665,7046.52
7623.742723842232,7564.11
7623.9519051968,7653.81
7624.161086551368,6699.73
7624.370267905935,6037.06
7624.579449260503,6985.06
7624.78863061507,9091.86
7624.997811969638,11843.8
7625.2069933242055,14496.1
7625.416174678773,16635.1
7625.625356033341,17713.4
7625.834537387908,16953.1
7626.043718742476,16134.1
7626.2529000970435,13455.4
7626.462081451611,10694.0
7626.671262806179,8220.46
7626.880444160746,5586.96
7627.089625515314,4753.39
7627.298806869881,5732.89
7627.507988224449,6337.71
7627.717169579017,6458.07
7627.926350933584,5081.6
7628.135532288152,5335.53
7628.344713642719,7336.64
7628.553894997287,9070.92
7628.763076351855,11935.8
7628.972257706422,15476.3
7629.18143906099,17937.6
7629.390620415557,18905.8
7629.599801770125,18107.9
7629.8089831246925,17507.2
7630.01816447926,16480.6
7630.227345833828,13208.1
7630.436527188395,9837.28
7630.645708542963,7771.52
7630.8548898975305,5805.02
7631.064071252098,4682.4
7631.273252606666,5205.58
7631.482433961233,5331.08
7631.691615315801,5239.13
7631.900796670368,5241.05
7632.109978024936,5847.54
7632.319159379504,7358.39
7632.528340734071,10905.2
7632.737522088639,14732.4
7632.946703443206,17435.6
7633.155884797774,19232.0
7633.365066152342,19722.4
7633.574247506909,19648.8
7633.783428861477,19398.3
7633.992610216044,18074.4
7634.201791570612,15852.4
7634.4109729251795,13845.4
7634.620154279747,10819.6
7634.829335634315,8077.86
7635.038516988882,6837.82
7635.24769834345,5912.9
7635.4568796980175,6032.01
7635.666061052585,6072.62
7635.875242407153,5477.38
7636.08442376172,5584.33
7636.293605116288,7057.36
7636.502786470855,9855.64
7636.711967825423,13406.1
7636.921149179991,16612.4
7637.130330534558,19017.6
7637.339511889126,21070.7
7637.548693243693,22349.2
7637.757874598261,22123.1
7637.967055952829,21922.2
7638.176237307396,21365.8
7638.385418661964,20204.4
7638.594600016531,18481.8
7638.803781371099,16028.1
7639.0129627256665,12578.0
7639.222144080235,8988.87
7639.431325434803,7213.01
7639.64050678937,7026.22
7639.849688143938,6673.41
7640.058869498505,6462.49
7640.268050853073,6884.81
7640.477232207641,7524.07
7640.686413562208,8822.44
7640.895594916776,11746.6
7641.104776271343,15300.7
7641.313957625911,18508.2
7641.5231389804785,22345.4
7641.732320335046,24253.9
7641.941501689614,24462.1
7642.150683044181,24540.6
7642.359864398749,25311.9
7642.5690457533165,26038.8
7642.778227107884,25413.5
7642.987408462452,23743.5
7643.196589817019,21698.1
7643.405771171587,18534.6
7643.614952526154,14720.4
7643.824133880722,11447.6
7644.03331523529,9184.2
7644.242496589857,8037.77
7644.451677944425,8188.2
7644.660859298992,8210.77
7644.87004065356,8923.13
7645.0792220081275,10218.9
7645.288403362695,11564.7
7645.497584717263,15132.8
7645.70676607183,17511.0
7645.915947426398,21354.9
7646.1251287809655,24914.1
7646.334310135533,26666.0
7646.543491490101,27460.0
7646.752672844668,27955.8
7646.961854199236,28089.7
7647.171035553803,28245.3
7647.380216908371,28529.8
7647.589398262939,28106.4
7647.798579617506,26660.6
7648.007760972074,23945.1
7648.216942326641,21188.3
7648.426123681209,18219.1
7648.635305035777,15642.2
7648.844486390344,13388.7
7649.053667744912,11840.5
7649.262849099479,11636.5
7649.472030454047,12049.4
7649.6812118086145,12272.6
7649.890393163182,12185.1
7650.09957451775,14340.0
7650.308755872317,17085.9
7650.517937226885,20756.3
7650.7271185814525,26059.2
7650.93629993602,28794.8
7651.145481290588,29583.2
7651.354662645155,30303.8
7651.563843999723,30003.1
7651.77302535429,30949.6
7651.982206708858,30123.3
7652.191388063426,30496.9
7652.400569417993,30749.6
7652.609750772561,31055.7
7652.818932127128,29976.4
7653.028113481696,26832.0
7653.237294836264,23841.8
7653.446476190831,21707.5
7653.655657545399,19201.0
7653.864838899966,16659.3
7654.074020254534,14691.8
7654.2832016091015,14621.2
7654.492382963669,14785.1
7654.701564318237,14497.5
7654.910745672804,16003.2
7655.119927027372,17510.6
7655.3291083819395,19106.8
7655.538289736507,22993.8
7655.747471091075,27223.7
7655.956652445642,29550.0
7656.16583380021,31454.9
7656.375015154777,32735.9
7656.584196509345,33784.8
7656.793377863913,34532.7
7657.00255921848,33759.6
7657.211740573048,33363.8
7657.420921927615,33023.4
7657.630103282183,33030.2
7657.839284636751,33362.1
7658.048465991318,32249.0
7658.257647345886,30996.5
7658.466828700453,29180.9
7658.676010055021,25467.7
7658.8851914095885,23359.6
7659.094372764157,21472.3
7659.303554118725,21053.0
7659.512735473292,20273.1
7659.72191682786,19284.0
7659.931098182427,19813.3
7660.140279536995,21257.5
7660.349460891563,22645.9
7660.55864224613,23696.8
7660.767823600698,26231.4
7660.977004955265,29374.0
7661.186186309833,32056.0
7661.3953676644005,33256.0
7661.604549018968,34899.1
7661.813730373536,35481.9
7662.022911728103,34990.3
7662.232093082671,34509.9
7662.4412744372385,33867.8
7662.650455791806,33454.8
7662.859637146374,32592.7
7663.068818500941,32487.2
7663.277999855509,32135.3
7663.487181210076,29931.6
7663.696362564644,28343.0
7663.905543919212,24919.7
7664.114725273779,20724.7
7664.323906628347,18175.4
7664.533087982914,16894.6
7664.742269337482,16697.2
7664.95145069205,17208.8
7665.160632046617,17612.1
7665.369813401185,19155.7
7665.578994755752,21356.1
7665.78817611032,24118.0
7665.9973574648875,25802.4
7666.206538819455,28081.6
7666.415720174023,31354.8
7666.62490152859,34231.4
7666.834082883158,36239.8
7667.043264237725,37293.1
7667.252445592293,37424.7
7667.461626946861,37567.6
7667.670808301428,37760.0
7667.879989655996,37894.9
7668.089171010563,38107.1
7668.298352365131,37829.7
7668.507533719699,37670.5
7668.716715074266,37590.1
7668.925896428834,38922.7
7669.135077783401,39258.0
7669.344259137969,37206.0
7669.5534404925365,35909.1
7669.762621847104,34934.2
7669.971803201672,33121.0
7670.180984556239,31352.0
7670.390165910807,30556.7
7670.5993472653745,29990.9
7670.808528619942,28577.5
7671.01770997451,28369.1
7671.226891329077,28931.1
7671.436072683645,29679.9
7671.645254038212,31087.9
7671.85443539278,32568.0
7672.063616747348,34090.1
7672.272798101915,36077.8
7672.481979456483,37843.6
7672.69116081105,39618.1
7672.900342165618,40034.0
7673.109523520186,39227.9
7673.318704874753,39458.3
7673.527886229321,39745.8
7673.737067583888,39746.0
7673.946248938456,39897.2
7674.1554302930235,39716.2
7674.364611647591,39818.2
7674.573793002159,40324.9
7674.782974356726,40229.4
7674.992155711294,41151.2
7675.2013370658615,40888.1
7675.410518420429,39767.1
7675.619699774997,38900.4
7675.828881129564,37484.5
7676.038062484132,35796.7
7676.247243838699,34545.0
7676.456425193267,34442.4
7676.665606547835,33803.4
7676.874787902402,32386.5
7677.08396925697,32629.5
7677.293150611537,33701.5
7677.502331966105,34769.8
7677.711513320673,35940.9
7677.92069467524,36046.7
7678.129876029808,37853.5
7678.339057384375,39556.3
7678.548238738943,40258.7
7678.7574200935105,40177.4
7678.966601448079,40425.0
7679.175782802647,41172.4
7679.384964157214,41530.3
7679.594145511782,41559.7
7679.803326866349,41308.7
7680.012508220917,40592.7
7680.221689575485,40614.7
7680.430870930052,41850.0
7680.64005228462,41437.9
7680.849233639187,41004.1
7681.058414993755,41061.3
7681.2675963483225,42046.6
7681.47677770289,41244.8
7681.685959057458,40236.9
7681.895140412025,39784.4
7682.104321766593,38620.0
7682.3135031211605,37917.5
7682.522684475728,37502.6
7682.731865830296,36902.3
7682.941047184863,36097.7
7683.150228539431,35873.3
7683.359409893998,36305.3
7683.568591248566,36971.0
7683.777772603134,37411.0
7683.986953957701,37913.0
7684.196135312269,39177.3
7684.405316666836,39479.7
7684.614498021404,39795.9
7684.823679375972,41188.2
7685.032860730539,42407.8
7685.242042085107,42895.5
7685.451223439674,42174.8
7685.660404794242,42630.3
7685.8695861488095,43057.1
7686.078767503377,42261.7
7686.287948857945,41833.1
7686.497130212512,42410.1
7686.70631156708,42518.2
7686.9154929216475,42814.9
7687.124674276215,42818.7
7687.333855630783,42117.8
7687.54303698535,41678.5
7687.752218339918,42009.8
7687.961399694485,42386.7
7688.170581049053,42294.2
7688.379762403621,41862.6
7688.588943758188,40609.0
7688.798125112756,39479.9
7689.007306467323,38346.4
7689.216487821891,39656.0
7689.4256691764585,39197.6
7689.634850531026,38938.7
7689.844031885594,39712.5
7690.053213240161,39953.4
7690.262394594729,40026.1
7690.4715759492965,39864.9
7690.680757303864,40126.6
7690.889938658432,41669.5
7691.099120012999,42939.7
7691.308301367567,43553.1
7691.517482722134,43439.7
7691.726664076702,43366.9
7691.93584543127,43780.1
7692.145026785837,43488.3
7692.354208140405,43591.3
7692.563389494972,42825.5
7692.77257084954,43665.1
7692.981752204108,43727.5
7693.190933558675,41829.2
7693.400114913243,42169.9
7693.60929626781,42990.7
7693.818477622378,42433.0
7694.0276589769455,43024.4
7694.236840331513,43130.2
7694.446021686081,43179.7
7694.655203040648,43271.2
7694.864384395216,42754.7
7695.0735657497835,41381.5
7695.282747104351,41979.8
7695.491928458919,41032.3
7695.701109813486,41092.4
7695.910291168054,40505.4
7696.119472522621,39982.2
7696.328653877189,39698.1
7696.537835231757,39666.8
7696.747016586324,40692.3
7696.956197940892,39893.3
7697.165379295459,37793.9
7697.374560650027,37446.7
7697.583742004595,36061.4
7697.792923359162,35240.6
7698.00210471373,33727.1
7698.211286068297,29896.4
7698.420467422865,29068.3
7698.6296487774325,27339.5
7698.838830132001,27694.6
7699.048011486569,29470.4
7699.257192841136,32530.0
7699.466374195704,34135.1
7699.675555550271,36055.5
7699.884736904839,38758.1
7700.093918259407,41443.2
7700.303099613974,42767.2
7700.512280968542,42417.6
7700.721462323109,43219.0
7700.930643677677,43212.3
7701.1398250322445,43763.5
7701.349006386812,44121.2
7701.55818774138,43700.2
7701.767369095947,43139.1
7701.976550450515,43107.6
7702.1857318050825,42473.3
7702.39491315965,42517.7
7702.604094514218,43553.6
7702.813275868785,42900.5
7703.022457223353,42273.6
7703.23163857792,43238.5
7703.440819932488,42968.2
7703.650001287056,42530.3
7703.859182641623,43959.5
7704.068363996191,44702.0
7704.277545350758,44371.0
7704.486726705326,44801.6
7704.695908059894,46027.2
7704.905089414461,45711.5
7705.114270769029,44958.8
7705.323452123596,44791.8
7705.532633478164,45080.0
7705.7418148327315,44564.4
7705.950996187299,44515.2
7706.160177541867,44939.5
7706.369358896434,44045.8
7706.578540251002,43759.2
7706.7877216055695,45923.5
7706.996902960137,46530.6
7707.206084314705,46052.7
7707.415265669272,46775.4
7707.62444702384,46824.2
7707.833628378407,45845.3
7708.042809732975,45015.1
7708.251991087543,45295.5
7708.46117244211,44673.0
7708.670353796678,43855.5
7708.879535151245,44992.8
7709.088716505813,44652.7
7709.2978978603805,45049.7
7709.507079214948,44444.5
7709.716260569516,43853.2
7709.925441924083,43000.3
7710.134623278651,42528.3
7710.3438046332185,41687.6
7710.552985987786,40112.1
7710.762167342354,38124.5
7710.971348696921,35416.3
7711.180530051489,33963.6
7711.389711406056,33394.3
7711.598892760624,32861.5
7711.808074115192,34142.8
7712.017255469759,35753.5
7712.226436824327,36852.0
7712.435618178894,38071.8
7712.644799533462,40500.9
7712.85398088803,43306.8
7713.063162242597,44049.2
7713.272343597165,44890.2
7713.481524951732,45118.3
7713.6907063063,45273.5
7713.8998876608675,46092.9
7714.109069015435,46241.0
7714.318250370003,45094.3
7714.52743172457,45539.2
7714.736613079138,45953.3
7714.9457944337055,45814.8
7715.154975788273,46459.2
7715.364157142841,46150.9
7715.573338497408,45230.3
7715.782519851976,45159.3
7715.991701206543,45298.3
7716.200882561111,45626.5
7716.410063915679,45633.3
7716.619245270246,45618.1
7716.828426624814,46267.1
7717.037607979381,45753.9
7717.246789333949,45260.5
7717.455970688517,44772.5
7717.665152043084,44032.6
7717.874333397652,45155.6
7718.083514752219,45255.5
7718.292696106787,44199.3
7718.5018774613545,44296.9
7718.711058815923,43861.7
7718.920240170491,43648.0
7719.129421525058,44955.6
7719.338602879626,44377.3
7719.547784234193,43700.2
7719.756965588761,44635.1
7719.966146943329,44043.0
7720.175328297896,43037.1
7720.384509652464,43711.3
7720.593691007031,44106.1
7720.802872361599,43930.8
7721.0120537161665,43645.6
7721.221235070734,42675.3
7721.430416425302,42192.5
7721.639597779869,42529.7
7721.848779134437,43286.4
7722.0579604890045,44751.5
7722.267141843572,44623.9
7722.47632319814,44678.0
7722.685504552707,44914.2
7722.894685907275,43189.9
7723.103867261842,43663.0
7723.31304861641,44849.0
7723.522229970978,44119.4
7723.731411325545,43703.6
7723.940592680113,44777.1
7724.14977403468,43681.1
7724.358955389248,43736.3
7724.568136743816,44025.2
7724.777318098383,43877.6
7724.986499452951,44095.5
7725.195680807518,43872.8
7725.404862162086,44159.0
7725.6140435166535,43864.7
7725.823224871221,43355.1
7726.032406225789,44054.0
7726.241587580356,43499.5
7726.450768934924,43374.5
7726.6599502894915,44430.4
7726.869131644059,44204.2
7727.078312998627,44564.0
7727.287494353194,44112.9
7727.496675707762,44190.4
7727.705857062329,44041.5
7727.915038416897,44363.5
7728.124219771465,45089.8
7728.333401126032,44945.3
7728.5425824806,44346.0
7728.751763835167,43819.3
7728.960945189735,44504.0
7729.170126544303,43630.7
7729.37930789887,42903.9
7729.588489253438,42981.1
7729.797670608005,44160.3
7730.006851962573,44011.8
7730.2160333171405,43666.5
7730.425214671708,44482.0
7730.634396026276,43133.7
7730.843577380843,42961.1
7731.052758735411,42666.1
7731.261940089978,42828.2
7731.471121444546,43094.6
7731.680302799114,42728.5
7731.889484153681,42684.9
7732.098665508249,43158.9
7732.307846862816,43919.3
7732.517028217384,43263.0
7732.726209571952,43301.1
7732.935390926519,43160.9
7733.144572281087,42543.8
7733.353753635654,42454.6
7733.562934990222,43251.7
7733.7721163447895,43803.1
7733.981297699357,43320.8
7734.190479053925,43131.4
7734.399660408492,43107.3
7734.60884176306,41680.4
7734.8180231176275,43284.8
7735.027204472195,43882.0
7735.236385826763,43534.5
7735.44556718133,42886.8
7735.654748535898,43609.2
7735.863929890465,44673.8
7736.073111245033,43167.9
7736.282292599601,42541.2
7736.491473954168,43488.2
7736.700655308736,43125.7
7736.909836663303,43215.6
7737.119018017871,43235.8
7737.328199372439,43545.1
7737.537380727006,42826.8
7737.746562081574,43223.4
7737.955743436141,42517.3
7738.164924790709,42951.2
7738.3741061452765,42957.4
7738.583287499845,43208.4
7738.792468854412,43467.7
7739.00165020898,43493.4
7739.210831563548,43456.2
7739.420012918115,42268.1
7739.629194272683,42588.1
7739.838375627251,43207.9
7740.047556981818,42514.2
7740.256738336386,42058.5
7740.465919690953,41542.3
7740.675101045521,41534.7
7740.8842824000885,41438.4
7741.093463754656,41447.0
7741.302645109224,42486.5
7741.511826463791,42676.6
7741.721007818359,42715.0
7741.9301891729265,42683.6
7742.139370527494,41953.6
7742.348551882062,40985.4
7742.557733236629,41689.1
7742.766914591197,41709.8
7742.976095945764,42369.7
7743.185277300332,42973.2
7743.3944586549,42330.9
7743.603640009467,40992.3
7743.812821364035,41657.8
7744.022002718602,41248.1
7744.23118407317,41124.2
7744.440365427738,41541.4
7744.649546782305,42516.2
7744.858728136873,42516.8
7745.06790949144,42599.1
7745.277090846008,41991.7
7745.4862722005755,41665.9
7745.695453555143,41643.4
7745.904634909711,41114.0
7746.113816264278,41345.4
7746.322997618846,41777.8
7746.5321789734135,41685.9
7746.741360327981,41447.9
7746.950541682549,41876.2
7747.159723037116,41156.1
7747.368904391684,41523.7
7747.578085746251,40682.2
7747.787267100819,40593.9
7747.996448455387,40666.5
7748.205629809954,41382.1
7748.414811164522,40581.2
7748.623992519089,41122.3
7748.833173873657,41700.6
7749.042355228225,40680.2
7749.251536582792,40480.5
7749.46071793736,40976.9
7749.669899291927,40263.3
7749.879080646495,40551.3
7750.0882620010625,41347.6
7750.29744335563,41248.7
7750.506624710198,40851.5
7750.715806064765,40897.5
7750.924987419333,41563.4
7751.1341687739005,41097.9
7751.343350128468,41624.2
7751.552531483036,41435.3
7751.761712837603,40121.6
7751.970894192171,41217.7
7752.180075546738,41782.8
7752.389256901306,41341.1
7752.598438255874,40824.6
7752.807619610441,39852.7
7753.016800965009,39522.8
7753.225982319576,40479.4
7753.435163674144,41734.3
7753.6443450287115,41361.0
7753.853526383279,40521.9
7754.062707737847,40291.4
7754.271889092414,39816.1
7754.481070446982,40010.8
7754.6902518015495,41092.8
7754.899433156117,41670.7
7755.108614510685,41231.1
7755.317795865252,40238.6
7755.52697721982,40232.7
7755.736158574387,40339.2
7755.945339928955,40235.4
7756.154521283523,39964.4
7756.36370263809,40297.2
7756.572883992658,39982.2
7756.782065347225,39939.0
7756.991246701793,40842.1
7757.200428056361,40315.9
7757.409609410928,39558.2
7757.618790765496,39418.6
7757.827972120063,39573.3
7758.037153474631,39894.7
7758.2463348291985,38622.2
7758.455516183767,39020.5
7758.664697538334,40427.2
7758.873878892902,39588.1
7759.08306024747,39695.1
7759.292241602037,39481.6
7759.501422956605,39537.7
7759.710604311173,39071.2
7759.91978566574,38347.8
7760.128967020308,39303.3
7760.338148374875,40119.3
7760.547329729443,39202.2
7760.7565110840105,39261.3
7760.965692438578,40022.2
7761.174873793146,39915.2
7761.384055147713,39646.0
7761.593236502281,38507.5
7761.8024178568485,37938.3
7762.011599211416,38710.0
7762.220780565984,39610.5
7762.429961920551,39436.8
7762.639143275119,38736.5
7762.848324629686,39138.0
7763.057505984254,39012.9
7763.266687338822,38044.9
7763.475868693389,38139.2
7763.685050047957,38894.4
7763.894231402524,38949.5
7764.103412757092,39439.9
7764.31259411166,38550.2
7764.521775466227,37649.9
7764.730956820795,38270.9
7764.940138175362,37643.7
7765.14931952993,37501.4
7765.3585008844975,37471.0
7765.567682239065,37843.1
7765.776863593633,38300.5
7765.9860449482,37882.5
7766.195226302768,37918.4
7766.4044076573355,37762.3
7766.613589011903,38202.2
7766.822770366471,37500.0
7767.031951721038,37029.4
7767.241133075606,37569.4
7767.450314430173,36765.2
7767.659495784741,35912.3
7767.868677139309,35663.6
7768.077858493876,35850.5
7768.287039848444,35636.0
7768.496221203011,35661.0
7768.705402557579,35773.4
7768.914583912147,35355.4
7769.123765266714,34551.2
7769.332946621282,33289.1
7769.542127975849,33207.6
7769.751309330417,32792.4
7769.9604906849845,31015.3
7770.169672039552,29165.0
7770.37885339412,27439.7
7770.588034748687,24771.3
7770.797216103255,22023.8
7771.0063974578225,20273.6
7771.21557881239,18052.1
7771.424760166958,15671.0
7771.633941521525,14147.5
7771.843122876093,14145.5
7772.05230423066,13653.0
7772.261485585228,13177.8
7772.470666939796,14196.8
7772.679848294363,15497.2
7772.889029648931,17193.7
7773.098211003498,16476.4
7773.307392358066,15184.2
7773.5165737126335,13844.2
7773.725755067201,12226.7
7773.934936421769,10521.3
7774.144117776336,8714.42
7774.353299130904,7685.42
7774.5624804854715,7493.6
7774.771661840039,7778.74
7774.980843194607,9852.38
7775.190024549174,11750.3
7775.399205903742,13245.6
7775.608387258309,16555.8
7775.817568612877,20433.9
7776.026749967445,23338.9
7776.235931322012,26652.6
7776.44511267658,29031.6
7776.654294031147,31581.7
7776.863475385715,31884.7
7777.072656740283,31983.1
7777.28183809485,32064.9
7777.491019449418,33228.5
7777.700200803985,32974.7
7777.909382158553,33311.9
7778.1185635131205,33667.5
7778.327744867689,34244.5
7778.536926222256,35346.0
7778.746107576824,34106.9
7778.955288931392,33665.5
7779.164470285959,34643.7
7779.373651640527,33893.9
7779.582832995095,34365.6
7779.792014349662,34738.5
7780.00119570423,35355.8
7780.210377058797,34525.1
7780.419558413365,35049.2
7780.6287397679325,35188.1
7780.8379211225,34190.9
7781.047102477068,33208.7
7781.256283831635,33910.4
7781.465465186203,34207.2
7781.6746465407705,34511.4
7781.883827895338,35144.5
7782.093009249906,34890.5
7782.302190604473,34759.0
7782.511371959041,34087.2
7782.720553313608,33372.8
7782.929734668176,34676.9
7783.138916022744,35580.0
7783.348097377311,35189.4
7783.557278731879,34050.0
7783.766460086446,33873.2
7783.975641441014,34291.0
7784.184822795582,34004.1
7784.394004150149,33596.3
7784.603185504717,34352.2
7784.812366859284,33464.4
7785.021548213852,33250.2
7785.2307295684195,34977.3
7785.439910922987,34542.5
7785.649092277555,34745.0
7785.858273632122,35346.6
7786.06745498669,34427.3
7786.2766363412575,33844.2
7786.485817695825,34534.7
7786.694999050393,33993.4
7786.90418040496,33525.4
7787.113361759528,32826.3
7787.322543114095,32730.5
7787.531724468663,33907.5
7787.740905823231,33023.8
7787.950087177798,32344.2
7788.159268532366,32061.3
7788.368449886933,33339.5
7788.577631241501,33611.7
7788.786812596069,32601.6
7788.995993950636,33421.2
7789.205175305204,32914.0
7789.414356659771,33203.6
7789.623538014339,33594.0
7789.8327193689065,33030.3
7790.041900723474,33237.4
7790.251082078042,32814.9
7790.460263432609,32071.4
7790.669444787177,31812.7
7790.8786261417445,32183.2
7791.087807496312,32043.4
7791.29698885088,31852.6
7791.506170205447,32830.2
7791.715351560015,32870.9
7791.924532914582,32389.4
7792.13371426915,33189.5
7792.342895623718,32683.6
7792.552076978285,31252.6
7792.761258332853,32017.8
7792.97043968742,31950.2
7793.179621041988,32024.8
7793.388802396556,32390.9
7793.597983751123,32703.9
7793.807165105691,32764.0
7794.016346460258,32687.1
7794.225527814826,32180.5
7794.4347091693935,32187.2
7794.643890523961,31936.9
7794.853071878529,32184.1
7795.062253233096,32183.5
7795.271434587664,32168.3
7795.480615942231,32054.1
7795.689797296799,32205.4
7795.898978651367,32049.3
7796.108160005934,31687.5
7796.317341360502,31614.1
7796.526522715069,31835.0
7796.735704069637,31320.6
7796.944885424205,30629.3
7797.154066778772,31420.9
7797.36324813334,31314.7
7797.572429487907,30638.8
7797.781610842475,30939.9
7797.9907921970425,30237.5
7798.199973551611,30501.4
7798.409154906178,30718.5
7798.618336260746,30105.3
7798.827517615314,30045.8
7799.036698969881,30149.8
7799.245880324449,30660.8
7799.455061679017,31404.1
7799.664243033584,30656.3
7799.873424388152,28825.0
7800.082605742719,29885.1
7800.291787097287,29301.6
7800.5009684518545,30026.7
7800.710149806422,28700.2
7800.91933116099,29051.6
7801.128512515557,30471.6
7801.337693870125,30630.4
7801.5468752246925,29841.9
7801.75605657926,29777.8
7801.965237933828,30324.0
7802.174419288395,29669.7
7802.383600642963,29754.3
7802.59278199753,30854.8
7802.801963352098,29643.8
7803.011144706666,29436.6
7803.220326061233,29935.0
7803.429507415801,29879.8
7803.638688770368,29298.4
7803.847870124936,28993.0
7804.057051479504,29567.6
7804.266232834071,29175.5
7804.475414188639,29169.8
7804.684595543206,29012.4
7804.893776897774,29417.2
7805.1029582523415,29320.7
7805.312139606909,28904.8
7805.521320961477,29432.8
7805.730502316044,29207.5
7805.939683670612,28648.7
7806.1488650251795,28935.5
7806.358046379747,28770.5
7806.567227734315,28099.9
7806.776409088882,28454.1
7806.98559044345,29219.0
7807.194771798017,29980.0
7807.403953152585,28016.1
7807.613134507153,27351.7
7807.82231586172,27592.5
7808.031497216288,28286.3
7808.240678570855,27840.9
7808.449859925423,27296.5
7808.659041279991,27704.3
7808.868222634558,27587.4
7809.077403989126,27586.1
7809.286585343693,28203.7
7809.495766698261,28239.1
7809.7049480528285,28161.6
7809.914129407396,27709.5
7810.123310761964,27388.6
7810.332492116531,27675.7
7810.541673471099,27715.5
7810.7508548256665,27407.5
7810.960036180234,27429.6
7811.169217534802,27485.1
7811.378398889369,26746.9
7811.587580243937,26320.3
7811.796761598504,26077.8
7812.005942953072,26581.3
7812.21512430764,26967.5
7812.424305662207,27167.7
7812.633487016775,26721.6
7812.842668371342,27030.4
7813.05184972591,26767.7
7813.261031080478,26532.2
7813.470212435045,26309.0
7813.679393789613,26487.9
7813.88857514418,27183.3
7814.097756498748,26227.0
7814.3069378533155,26409.7
7814.516119207883,26091.1
7814.725300562451,26580.7
7814.934481917018,26969.1
7815.143663271586,26526.6
7815.3528446261535,25899.3
7815.562025980721,25321.8
7815.771207335289,25585.5
7815.980388689856,26303.8
7816.189570044424,26209.1
7816.398751398991,26320.7
7816.607932753559,26493.0
7816.817114108127,27220.5
7817.026295462694,26433.2
7817.235476817262,25636.5
7817.444658171829,25054.1
7817.653839526397,25117.5
7817.8630208809645,24439.1
7818.072202235533,23572.8
7818.2813835901,24335.2
7818.490564944668,24718.8
7818.699746299236,24355.5
7818.908927653803,25200.1
7819.118109008371,25312.2
7819.327290362939,25109.5
7819.536471717506,24831.1
7819.745653072074,24561.2
7819.954834426641,24212.8
7820.164015781209,24935.8
7820.3731971357765,25902.7
7820.582378490344,25574.1
7820.791559844912,24518.6
7821.000741199479,24638.1
7821.209922554047,24663.3
7821.4191039086145,23232.7
7821.628285263182,23445.9
7821.83746661775,23668.1
7822.046647972317,23146.9
7822.255829326885,23625.1
7822.465010681452,24080.0
7822.67419203602,24295.9
7822.883373390588,24741.7
7823.092554745155,24102.0
7823.301736099723,24001.9
7823.51091745429,23775.8
7823.720098808858,24064.9
7823.929280163426,23315.7
7824.138461517993,23469.3
7824.347642872561,24616.6
7824.556824227128,23210.1
7824.766005581696,23682.0
7824.9751869362635,23551.6
7825.184368290831,22974.8
7825.393549645399,22200.4
7825.602730999966,22383.4
7825.811912354534,22934.1
7826.0210937091015,23709.5
7826.230275063669,23593.2
7826.439456418237,23179.3
7826.648637772804,22587.0
7826.857819127372,22983.3
7827.067000481939,23147.4
7827.276181836507,23256.6
7827.485363191075,22646.0
7827.694544545642,22713.4
7827.90372590021,23730.0
7828.112907254777,22721.1
7828.322088609345,22945.3
7828.531269963913,23568.7
7828.74045131848,22671.4
7828.949632673048,23292.0
7829.158814027615,22073.9
7829.367995382183,21537.0
7829.5771767367505,21344.3
7829.786358091318,22432.1
7829.995539445886,22573.2
7830.204720800453,22084.5
7830.413902155021,21580.2
7830.6230835095885,22382.0
7830.832264864156,21822.3
7831.041446218724,21137.1
7831.250627573291,22110.5
7831.459808927859,21935.6
7831.668990282426,21677.3
7831.878171636994,21660.5
7832.087352991562,21832.9
7832.296534346129,21161.0
7832.505715700697,20865.0
7832.714897055264,21297.0
7832.924078409832,21139.0
7833.1332597644,20163.4
7833.342441118967,20430.8
7833.551622473535,20252.9
7833.760803828102,21437.4
7833.96998518267,21279.8
7834.1791665372375,20840.1
7834.388347891805,20787.3
7834.597529246373,20853.6
7834.80671060094,20601.6
7835.015891955508,20759.0
7835.2250733100755,20404.9
7835.434254664643,21038.4
7835.643436019211,20769.6
7835.852617373778,20476.2
7836.061798728346,19570.5
7836.270980082913,19799.7
7836.480161437481,19916.2
7836.689342792049,20076.0
7836.898524146616,20317.6
7837.107705501184,19663.2
7837.316886855751,20149.7
7837.526068210319,21735.3
7837.7352495648865,20320.1
7837.944430919455,19171.2
7838.153612274022,20044.3
7838.36279362859,18714.0
7838.571974983158,19347.5
7838.781156337725,19584.8
7838.990337692293,19316.8
7839.199519046861,19163.1
7839.408700401428,18099.6
7839.617881755996,18883.5
7839.827063110563,19322.6
7840.036244465131,19025.8
7840.2454258196985,19377.6
7840.454607174266,18785.2
7840.663788528834,19587.3
7840.872969883401,20240.0
7841.082151237969,18457.4
7841.2913325925365,18130.1
7841.500513947104,18388.5
7841.709695301672,18881.5
7841.918876656239,18246.3
7842.128058010807,18144.9
7842.337239365374,18749.6
7842.546420719942,18583.5
7842.75560207451,18081.8
7842.964783429077,17812.5
7843.173964783645,17796.5
7843.383146138212,18076.6
7843.59232749278,18628.4
7843.801508847348,18289.8
7844.010690201915,17358.3
7844.219871556483,17740.2
7844.42905291105,18072.6
7844.638234265618,17490.8
7844.8474156201855,17612.4
7845.056596974753,16611.0
7845.265778329321,17122.2
7845.474959683888,16653.5
7845.684141038456,16663.5
7845.8933223930235,16671.6
7846.102503747591,17281.3
7846.311685102159,16660.4
7846.520866456726,16221.2
7846.730047811294,16547.5
7846.939229165861,16803.3
7847.148410520429,16470.3
7847.357591874997,16939.4
7847.566773229564,16208.1
7847.775954584132,15591.7
7847.985135938699,15928.2
7848.194317293267,16788.4
7848.403498647835,15995.3
7848.612680002402,15821.6
7848.82186135697,16295.6
7849.031042711537,16137.5
7849.240224066105,15776.4
7849.4494054206725,15427.0
7849.65858677524,15248.3
7849.867768129808,15923.4
7850.076949484375,16189.3
7850.286130838943,15551.8
7850.4953121935105,15058.6
7850.704493548078,14966.6
7850.913674902646,14997.0
7851.122856257213,15044.0
7851.332037611781,15010.1
7851.541218966348,14447.0
7851.750400320916,14486.4
7851.959581675484,15019.2
7852.168763030051,15164.8
7852.377944384619,14697.5
7852.587125739186,14271.2
7852.796307093754,14232.0
7853.005488448322,14599.2
7853.214669802889,14466.1
7853.423851157457,14663.7
7853.633032512024,14653.5
7853.842213866592,14145.2
7854.0513952211595,14870.3
7854.260576575727,14323.6
7854.469757930295,14287.4
7854.678939284862,14539.9
7854.88812063943,13772.8
7855.0973019939975,14040.3
7855.306483348565,13596.0
7855.515664703133,13810.2
7855.7248460577,13598.2
7855.934027412268,13929.6
7856.143208766835,14072.4
7856.352390121403,13592.9
7856.561571475971,13114.2
7856.770752830538,13823.7
7856.979934185106,14523.6
7857.189115539673,13738.8
7857.398296894241,13648.8
7857.607478248809,14019.2
7857.816659603376,12383.7
7858.025840957944,12589.6
7858.235022312512,12985.4
7858.444203667079,13504.7
7858.653385021647,13071.0
7858.862566376215,13290.2
7859.071747730783,12586.4
7859.28092908535,13571.9
7859.490110439918,13055.4
7859.699291794485,12671.6
7859.908473149053,13298.5
7860.1176545036205,13917.2
7860.326835858188,13453.3
7860.536017212756,12828.1
7860.745198567323,13091.2
7860.954379921891,12855.2
7861.1635612764585,12400.1
7861.372742631026,12833.3
7861.581923985594,12361.3
7861.791105340161,12792.1
7862.000286694729,13161.4
7862.209468049296,12565.9
7862.418649403864,12178.8
7862.627830758432,12280.8
7862.837012112999,12977.3
7863.046193467567,12025.2
7863.255374822134,12432.6
7863.464556176702,13551.1
7863.67373753127,12760.2
7863.882918885837,13487.0
7864.092100240405,13280.5
7864.301281594972,12908.1
7864.51046294954,12621.4
7864.7196443041075,12170.1
7864.928825658675,12004.6
7865.138007013243,11985.0
7865.34718836781,12990.7
7865.556369722378,12453.1
7865.7655510769455,12106.3
7865.974732431513,11793.3
7866.183913786081,10646.7
7866.393095140648,10950.7
7866.602276495216,12016.5
7866.811457849783,11612.1
7867.020639204351,11495.1
7867.229820558919,11540.3
7867.439001913486,12404.4
7867.648183268054,11762.3
7867.857364622621,11470.0
7868.066545977189,12124.5
7868.275727331757,10805.9
7868.484908686324,11314.8
7868.694090040892,12414.9
7868.903271395459,12535.5
7869.112452750027,12329.9
7869.3216341045945,11231.5
7869.530815459162,12106.9
7869.73999681373,11413.4
7869.949178168297,10865.4
7870.158359522865,10667.4
7870.3675408774325,10963.2
7870.576722232,10886.5
7870.785903586568,10618.5
7870.995084941135,10741.7
7871.204266295703,10678.1
7871.41344765027,11013.1
7871.622629004838,10968.5
7871.831810359406,10991.0
7872.040991713973,10796.3
7872.250173068541,10471.7
7872.459354423108,10828.2
7872.668535777676,10822.9
7872.877717132244,9983.97
7873.086898486811,10542.9
7873.296079841379,10079.9
7873.505261195946,10121.6
7873.714442550514,9491.95
7873.9236239050815,9501.05
7874.132805259649,10495.7
7874.341986614217,9626.76
7874.551167968784,9442.57
7874.760349323352,10342.4
7874.9695306779195,9449.27
7875.178712032487,9199.05
7875.387893387055,8902.14
7875.597074741622,9698.5
7875.80625609619,9783.32
7876.015437450757,9066.87
7876.224618805325,8841.06
7876.433800159893,9406.52
7876.64298151446,8460.32
7876.852162869028,8235.84
7877.061344223595,8727.4
7877.270525578163,8240.36
7877.479706932731,8064.94
7877.688888287299,8701.94
7877.898069641866,8712.59
7878.107250996434,9605.34
7878.316432351001,8414.73
7878.525613705569,8829.13
7878.734795060137,9315.06
7878.943976414705,8272.38
7879.153157769272,8130.08
7879.36233912384,7105.31
7879.571520478407,8017.36
7879.780701832975,9133.15
7879.989883187543,8171.15
7880.19906454211,8062.95
7880.408245896678,8642.42
7880.617427251245,8273.07
7880.826608605813,7325.32
7881.0357899603805,7968.18
7881.244971314948,7958.44
7881.454152669516,7814.05
7881.663334024083,8059.68
7881.872515378651,8316.36
7882.081696733218,7770.33
7882.290878087786,7471.17
7882.500059442354,7686.79
7882.709240796921,7357.2
7882.918422151489,7335.73
7883.127603506056,7650.85
7883.336784860624,7303.09
7883.545966215192,7782.63
7883.755147569759,7291.61
7883.964328924327,7130.51
7884.173510278894,6690.5
7884.382691633462,6078.0
7884.5918729880295,7191.45
7884.801054342597,7414.21
7885.010235697165,7221.23
7885.219417051732,6424.78
7885.4285984063,6971.63
7885.6377797608675,6580.8
7885.846961115435,7092.86
7886.056142470003,7465.77
7886.26532382457,7149.72
7886.474505179138,7375.54
7886.683686533705,7145.01
7886.892867888273,6561.83
7887.102049242841,7233.57
7887.311230597408,6852.63
7887.520411951976,6745.83
7887.729593306543,6448.54
7887.938774661111,6163.79
7888.147956015679,6164.24
7888.357137370246,6323.17
7888.566318724814,5999.48
7888.775500079381,5392.85
7888.984681433949,5604.58
7889.1938627885165,6112.23
7889.403044143084,6628.8
7889.612225497652,6394.88
7889.821406852219,6332.94
7890.030588206787,6340.32
7890.2397695613545,6147.91
7890.448950915922,5953.78
7890.65813227049,6713.03
7890.867313625057,6082.93
7891.076494979625,5876.67
7891.285676334192,6137.99
7891.49485768876,5112.4
7891.704039043328,4557.36
7891.913220397895,5385.77
7892.122401752463,6005.54
7892.33158310703,5650.06
7892.540764461598,5731.26
7892.749945816166,5962.33
7892.959127170733,5508.97
7893.168308525301,4390.71
7893.377489879868,3871.04
7893.586671234436,4433.96
7893.7958525890035,5091.64
7894.005033943571,4935.2
7894.214215298139,5617.46
7894.423396652706,5351.46
7894.632578007274,4929.49
7894.8417593618415,5355.83
7895.050940716409,5695.1
7895.260122070977,5763.48
7895.469303425544,5545.49
7895.678484780112,4549.81
7895.887666134679,3696.27
7896.096847489247,3654.06
7896.306028843815,4060.92
