7607.696748139,3896.66
7607.906150613676,3948.39
7608.115553088351,3882.46
7608.324955563026,3422.62
7608.534358037701,3382.55
7608.743760512377,4118.33
7608.953162987052,5128.85
7609.162565461727,5834.47
7609.371967936402,5571.63
7609.581370411078,4353.42
7609.790772885753,3521.45
7610.000175360428,3400.5
7610.209577835103,3936.01
7610.418980309779,4539.27
7610.628382784454,4476.84
7610.837785259129,4156.73
7611.047187733804,4625.39
7611.25659020848,5815.04
7611.465992683155,7715.45
7611.67539515783,8700.12
7611.884797632505,8399.19
7612.094200107181,7275.68
7612.303602581856,5883.63
7612.513005056531,4731.19
7612.722407531206,4527.82
7612.931810005882,5656.28
7613.1412124805565,6106.64
7613.350614955232,5980.74
7613.560017429907,5610.27
7613.769419904583,6108.32
7613.9788223792575,8117.05
7614.188224853933,10589.8
7614.397627328608,12249.4
7614.607029803284,13014.1
7614.8164322779585,12660.1
7615.025834752634,10577.8
7615.235237227309,8711.12
7615.444639701985,7257.1
7615.6540421766595,7043.21
7615.863444651335,8165.43
7616.07284712601,9200.12
7616.282249600686,9582.0
7616.49165207536,9536.63
7616.701054550036,10531.8
7616.910457024711,12514.8
7617.119859499387,14618.9
7617.329261974061,17409.0
7617.538664448737,19626.0
7617.748066923412,20131.2
7617.957469398088,20263.7
7618.166871872762,20608.2
7618.376274347438,20660.1
7618.585676822113,20806.1
7618.795079296789,20474.1
7619.004481771463,20433.9
7619.213884246139,20423.0
7619.423286720814,20327.1
7619.63268919549,20568.5
7619.842091670164,20786.6
7620.05149414484,20536.8
7620.260896619515,19559.3
7620.4702990941905,18364.0
7620.679701568865,16558.8
7620.889104043541,14057.1
7621.098506518216,11597.5
7621.3079089928915,10095.5
7621.517311467566,9960.03
7621.726713942242,11459.4
7621.936116416917,14342.5
7622.1455188915925,16439.6
7622.354921366267,17989.2
7622.564323840943,18599.3
7622.773726315618,17613.8
7622.983128790293,15399.2
7623.192531264969,12698.6
7623.401933739644,9986.8
7623.61133621432,8082.85
7623.820738688994,7609.19
7624.03014116367,7816.35
7624.239543638345,8438.82
7624.448946113021,8366.9
7624.658348587695,7606.14
7624.867751062371,7567.82
7625.077153537046,8693.68
7625.286556011722,10966.6
7625.495958486396,14236.5
7625.705360961072,16665.2
7625.914763435747,18094.1
7626.124165910423,19131.5
7626.333568385097,18017.2
7626.542970859773,16282.9
7626.752373334448,14029.2
7626.9617758091235,10806.4
7627.171178283798,8279.73
7627.380580758474,7205.19
7627.589983233149,6568.71
7627.7993857078245,6585.89
7628.008788182499,6923.7
7628.218190657175,6597.58
7628.42759313185,6792.67
7628.6369956065255,7489.76
7628.8463980812,9164.52
7629.055800555876,12061.6
7629.265203030551,15091.0
7629.4746055052265,17780.1
7629.684007979901,18961.8
7629.893410454577,19377.9
7630.102812929252,19653.6
7630.312215403927,18667.3
7630.521617878602,16301.2
7630.731020353278,12905.1
7630.940422827953,9953.19
7631.149825302628,8288.64
7631.359227777303,6758.59
7631.568630251979,6078.38
7631.778032726654,6433.82
7631.987435201329,6427.92
7632.196837676004,6641.38
7632.40624015068,7185.08
7632.615642625355,8249.0
7632.82504510003,10668.4
7633.034447574705,14235.6
7633.243850049381,17545.2
7633.453252524056,19782.6
7633.662654998731,20913.4
7633.872057473406,21322.2
7634.081459948082,21235.8
7634.290862422757,20423.9
7634.500264897432,18806.4
7634.709667372107,16528.8
7634.919069846783,13358.3
7635.128472321458,10473.4
7635.337874796133,8766.13
7635.547277270808,6860.74
7635.756679745484,7206.98
7635.966082220159,7441.08
7636.175484694834,7376.97
7636.384887169509,7824.41
7636.594289644185,8637.48
7636.8036921188595,10291.2
7637.013094593535,13251.3
7637.22249706821,16857.3
7637.431899542886,20257.5
7637.6413020175605,22659.0
7637.850704492236,23632.7
7638.060106966911,23935.4
7638.269509441587,23977.9
7638.4789119162615,23449.4
7638.688314390937,22133.4
7638.897716865613,20175.4
7639.107119340288,17887.5
7639.316521814963,15068.9
7639.525924289638,11767.5
7639.735326764314,9488.69
7639.944729238989,8319.39
7640.154131713664,7997.06
7640.363534188339,8377.71
7640.572936663015,8678.49
7640.78233913769,9512.94
7640.991741612365,10767.3
7641.20114408704,12845.7
7641.410546561716,16484.2
7641.619949036391,20121.4
7641.829351511066,23025.5
7642.038753985741,25096.8
7642.248156460417,25784.7
7642.457558935092,26618.2
7642.666961409767,27387.8
7642.876363884442,27277.8
7643.085766359118,26393.1
7643.295168833793,24850.6
7643.504571308468,22387.7
7643.713973783143,19494.2
7643.923376257819,16772.7
7644.1327787324935,13498.9
7644.342181207169,11414.2
7644.551583681844,10573.9
7644.76098615652,10502.1
7644.9703886311945,10641.0
7645.17979110587,10872.9
7645.389193580545,12015.5
7645.598596055221,14014.5
7645.8079985298955,16290.3
7646.017401004571,19819.3
7646.226803479246,24231.5
7646.436205953922,27295.5
7646.6456084285965,28703.9
7646.855010903272,29631.2
7647.064413377947,30524.2
7647.273815852623,30797.0
7647.483218327297,30580.3
7647.692620801973,29937.7
7647.902023276648,29041.1
7648.111425751324,28019.9
7648.320828225998,25393.2
7648.530230700674,22068.3
7648.739633175349,18967.2
7648.949035650025,16075.8
7649.158438124699,14629.7
7649.367840599375,13454.9
7649.57724307405,13139.7
7649.786645548726,13725.0
7649.9960480234,14440.6
7650.205450498076,15765.1
7650.414852972751,17626.3
7650.624255447427,20537.1
7650.833657922101,24447.3
7651.043060396777,28414.6
7651.252462871452,30735.3
7651.4618653461275,31184.5
7651.671267820802,31692.0
7651.880670295478,33242.9
7652.090072770153,33973.1
7652.2994752448285,33320.2
7652.508877719503,32947.9
7652.718280194179,32708.4
7652.927682668854,32018.9
7653.1370851435295,30473.0
7653.346487618204,28349.5
7653.55589009288,25110.2
7653.765292567555,22664.9
7653.97469504223,20409.0
7654.184097516905,18581.8
7654.393499991581,17537.5
7654.602902466257,17045.7
7654.812304940931,17662.7
7655.021707415607,18887.5
7655.231109890282,20094.8
7655.440512364958,21832.9
7655.649914839632,24866.3
7655.859317314308,27801.9
7656.068719788983,31612.6
7656.278122263659,34113.8
7656.487524738333,35013.7
7656.696927213009,35737.3
7656.906329687684,36122.5
7657.11573216236,36016.4
7657.325134637034,36073.2
7657.53453711171,36356.0
7657.743939586385,36503.4
7657.9533420610605,36125.4
7658.162744535735,35336.3
7658.372147010411,34178.4
7658.581549485086,31905.1
7658.7909519597615,29467.7
7659.000354434436,27361.6
7659.209756909112,25365.0
7659.419159383787,23875.1
7659.6285618584625,22888.9
7659.837964333137,22313.6
7660.047366807813,22868.1
7660.256769282488,24103.3
7660.4661717571635,25713.1
7660.675574231838,27265.9
7660.884976706514,29490.7
7661.094379181189,32428.9
7661.303781655864,35443.6
7661.513184130539,37243.4
7661.722586605215,37831.2
7661.93198907989,38040.3
7662.141391554565,38024.9
7662.35079402924,38713.5
7662.560196503916,39794.6
7662.769598978591,39637.5
7662.979001453266,39302.1
7663.188403927941,38925.0
7663.397806402617,38575.5
7663.607208877292,37954.2
7663.816611351967,37391.8
7664.026013826642,35970.5
7664.235416301318,32865.3
7664.444818775993,30339.8
7664.654221250668,29330.5
7664.863623725343,27599.7
7665.073026200019,26169.9
7665.282428674694,25629.0
7665.491831149369,26250.1
7665.701233624044,27212.3
7665.91063609872,28676.5
7666.120038573395,30041.5
7666.32944104807,32836.8
7666.538843522745,35902.9
7666.748245997421,37538.7
7666.957648472096,38709.7
7667.167050946771,39425.2
7667.376453421446,40122.4
7667.585855896122,41289.6
7667.795258370797,40652.3
7668.004660845472,41003.1
7668.214063320147,40799.0
7668.423465794823,40947.9
7668.6328682694975,40539.0
7668.842270744173,40557.7
7669.051673218848,41056.1
7669.261075693524,40994.1
7669.4704781681985,40095.0
7669.679880642874,38368.9
7669.889283117549,36561.7
7670.098685592225,34933.9
7670.3080880669,33686.4
7670.517490541575,32728.4
7670.726893016251,32539.0
7670.936295490926,32028.5
7671.145697965601,31461.0
7671.355100440276,33085.4
7671.564502914952,34718.9
7671.773905389627,34735.9
7671.983307864302,35767.4
7672.192710338977,38207.4
7672.402112813653,40172.3
7672.611515288328,41834.8
7672.820917763003,42623.1
7673.030320237678,42871.6
7673.239722712354,42932.7
7673.449125187029,42238.5
7673.658527661704,42189.6
7673.867930136379,42745.0
7674.077332611055,42610.7
7674.28673508573,42249.8
7674.496137560405,42063.0
7674.70554003508,42708.3
7674.914942509756,43558.2
7675.1243449844305,43048.4
7675.333747459106,42106.4
7675.543149933781,40890.4
7675.752552408457,39543.2
7675.9619548831315,38807.1
7676.171357357807,38048.1
7676.380759832482,37521.8
7676.590162307158,36875.2
7676.7995647818325,36055.8
7677.008967256508,35188.2
7677.218369731183,36005.4
7677.427772205859,37808.7
7677.6371746805335,39167.9
7677.846577155209,39583.4
7678.055979629884,39798.1
7678.26538210456,42166.6
7678.474784579234,43314.5
7678.68418705391,43853.3
7678.893589528585,44299.5
7679.102992003261,44382.6
7679.312394477935,44263.6
7679.521796952611,43950.9
7679.731199427286,43874.9
7679.940601901962,43977.6
7680.150004376636,43901.3
7680.359406851312,43824.1
7680.568809325987,44070.9
7680.778211800663,44616.5
7680.987614275337,44678.1
7681.197016750013,44152.8
7681.406419224688,44181.7
7681.615821699364,43505.0
7681.825224174038,42912.4
7682.034626648714,42013.2
7682.244029123389,41428.1
7682.4534315980645,40794.0
7682.662834072739,39790.3
7682.872236547415,39173.6
7683.08163902209,39153.6
7683.2910414967655,39251.2
7683.50044397144,40131.5
7683.709846446116,41685.0
7683.919248920791,42431.4
7684.1286513954665,42972.1
7684.338053870141,44114.6
7684.547456344817,44650.3
7684.756858819492,44823.6
7684.966261294167,45435.4
7685.175663768843,45464.3
7685.385066243518,45331.2
7685.594468718194,45592.3
7685.803871192868,45939.6
7686.013273667544,45743.1
7686.222676142219,45740.7
7686.432078616895,45924.9
7686.641481091569,45786.3
7686.850883566245,45679.8
7687.06028604092,45531.9
7687.269688515596,45634.9
7687.47909099027,45957.4
7687.688493464946,46045.0
7687.897895939621,44480.1
7688.107298414297,44496.3
7688.316700888971,43694.4
7688.526103363647,43944.3
7688.735505838322,44560.4
7688.9449083129975,43343.4
7689.154310787672,42604.9
7689.363713262348,42935.3
7689.573115737023,43028.3
7689.7825182116985,43497.6
7689.991920686373,44151.4
7690.201323161049,44619.9
7690.410725635724,45305.5
7690.6201281103995,45291.2
7690.829530585074,46220.4
7691.03893305975,46803.4
7691.248335534425,46659.7
7691.4577380091005,46609.1
7691.667140483775,46291.2
7691.876542958451,46519.7
7692.085945433126,47213.0
7692.295347907801,47623.8
7692.504750382476,47294.1
7692.714152857152,46840.3
7692.923555331827,46831.4
7693.132957806502,47119.9
7693.342360281177,47339.0
7693.551762755853,47545.6
7693.761165230528,47690.0
7693.970567705203,46543.7
7694.179970179878,46594.4
7694.389372654554,47240.7
7694.598775129229,46803.5
7694.808177603904,45533.9
7695.017580078579,45716.2
7695.226982553255,46215.6
7695.43638502793,45928.1
7695.645787502605,46304.1
7695.85518997728,46555.8
7696.064592451956,45302.6
7696.273994926631,45186.0
7696.483397401306,45969.3
7696.692799875981,45752.5
7696.902202350657,46093.7
7697.111604825332,46059.2
7697.321007300007,46262.7
7697.530409774682,45864.7
7697.739812249358,46589.6
7697.949214724033,46848.8
7698.158617198708,47328.0
7698.368019673383,47683.3
7698.577422148059,46755.4
7698.786824622734,46424.8
7698.996227097409,46790.9
7699.205629572084,46725.7
7699.41503204676,46572.2
7699.6244345214345,47050.7
7699.83383699611,47229.9
7700.043239470785,47042.0
7700.252641945461,47334.3
7700.4620444201355,47217.1
7700.671446894811,47147.7
7700.880849369487,47781.4
7701.090251844162,47478.5
7701.299654318837,47832.5
7701.509056793512,48755.1
7701.718459268188,46599.6
7701.927861742863,46891.2
7702.137264217538,46304.7
7702.346666692213,47208.5
7702.556069166889,46734.9
7702.765471641564,45405.5
7702.974874116239,46205.8
7703.184276590914,46909.4
7703.39367906559,46906.6
7703.603081540265,46906.3
7703.81248401494,46603.7
7704.021886489615,47508.9
7704.231288964291,48515.4
7704.440691438966,47661.7
7704.650093913641,47612.1
7704.859496388316,48092.7
7705.068898862992,47877.7
7705.278301337667,48016.7
7705.487703812342,47988.7
7705.697106287017,47842.1
7705.906508761693,47521.5
7706.1159112363675,47960.5
7706.325313711043,47319.6
7706.534716185718,47047.3
7706.744118660394,47321.6
7706.9535211350685,47135.9
7707.162923609744,47467.2
7707.372326084419,47975.7
7707.581728559095,47935.8
7707.7911310337695,47730.3
7708.000533508445,47926.9
7708.20993598312,47946.2
7708.419338457796,47165.2
7708.6287409324705,48002.2
7708.838143407146,47567.1
7709.047545881821,48103.0
7709.256948356497,47972.9
7709.466350831171,48294.1
7709.675753305847,47131.1
7709.885155780522,48009.3
7710.094558255198,49313.5
7710.303960729872,49079.1
7710.513363204548,49254.4
7710.722765679223,48963.9
7710.932168153899,48309.1
7711.141570628573,47993.3
7711.350973103249,47930.8
7711.560375577924,48495.4
7711.7697780526,48549.9
7711.979180527274,48923.9
7712.18858300195,49598.9
7712.397985476625,48611.4
7712.607387951301,49616.0
7712.816790425975,50535.2
7713.026192900651,49584.1
7713.235595375326,48392.7
7713.4449978500015,48422.9
7713.654400324676,48891.2
7713.863802799352,49856.6
7714.073205274027,48890.0
7714.2826077487025,48272.2
7714.492010223377,47998.3
7714.701412698053,48462.3
7714.910815172728,49581.4
7715.1202176474035,49453.0
7715.329620122078,48020.4
7715.539022596754,46813.7
7715.748425071429,46896.2
7715.957827546104,48019.3
7716.167230020779,48676.2
7716.376632495455,48218.5
7716.586034970131,47221.5
7716.795437444805,46674.2
7717.004839919481,47315.9
7717.214242394156,47662.3
7717.423644868832,47348.0
7717.633047343506,47300.4
7717.842449818182,47498.4
7718.051852292857,47193.7
7718.261254767533,46936.7
7718.470657242207,47193.6
7718.680059716883,48009.2
7718.889462191558,49002.5
7719.098864666234,47890.8
7719.308267140908,48169.8
7719.517669615584,47695.0
7719.727072090259,47182.9
7719.9364745649345,47145.9
7720.145877039609,47374.7
7720.355279514285,47370.4
7720.56468198896,47723.1
7720.7740844636355,47983.4
7720.98348693831,47577.3
7721.192889412986,47405.7
7721.402291887661,47614.2
7721.6116943623365,47394.7
7721.821096837011,46754.0
7722.030499311687,47313.3
7722.239901786362,47200.7
7722.4493042610375,47563.0
7722.658706735712,47357.7
7722.868109210388,46959.3
7723.077511685063,47192.8
7723.286914159738,47994.8
7723.496316634413,48015.4
7723.705719109089,47135.4
7723.915121583764,47270.5
7724.124524058439,47746.3
7724.333926533114,47229.7
7724.54332900779,47156.3
7724.752731482465,47461.0
7724.96213395714,46801.7
7725.171536431815,47204.6
7725.380938906491,47393.3
7725.590341381166,47089.5
7725.799743855841,47470.8
7726.009146330516,47075.6
7726.218548805192,46822.2
7726.427951279867,47414.1
7726.637353754542,47814.1
7726.846756229217,47524.8
7727.056158703893,46616.0
7727.265561178568,46644.6
7727.474963653243,47066.4
7727.684366127918,47543.2
7727.893768602594,46203.1
7728.103171077269,46900.5
7728.312573551944,48052.1
7728.521976026619,47455.6
7728.731378501295,46100.1
7728.94078097597,46074.1
7729.150183450645,46801.9
7729.35958592532,46939.0
7729.568988399996,47349.2
7729.778390874671,47483.6
7729.987793349346,46645.8
7730.197195824021,46454.7
7730.406598298697,46947.0
7730.6160007733715,47430.0
7730.825403248047,47223.9
7731.034805722722,46799.3
7731.244208197398,46441.4
7731.4536106720725,46891.6
7731.663013146748,47045.9
7731.872415621423,46954.9
7732.081818096099,47332.0
7732.291220570774,47385.0
7732.500623045449,46978.8
7732.710025520125,46342.2
7732.9194279948,46689.7
7733.128830469475,46613.9
7733.33823294415,45487.1
7733.547635418826,46276.5
7733.757037893501,46924.8
7733.966440368176,47689.1
7734.175842842851,46751.4
7734.385245317527,46995.3
7734.594647792202,47030.6
7734.804050266877,46575.8
7735.013452741552,46655.2
7735.222855216228,46570.1
7735.432257690903,45800.7
7735.641660165578,45771.2
7735.851062640253,46567.0
7736.060465114929,46898.6
7736.269867589604,46590.5
7736.479270064279,46387.7
7736.688672538954,46506.7
7736.89807501363,46721.8
7737.1074774883045,46015.8
7737.31687996298,45198.8
7737.526282437655,45684.9
7737.735684912331,46396.3
7737.9450873870055,45828.2
7738.154489861681,46324.6
7738.363892336356,45967.9
7738.573294811032,45541.6
7738.7826972857065,45980.7
7738.992099760382,46064.7
7739.201502235057,45976.7
7739.410904709733,46317.2
7739.6203071844075,46791.8
7739.829709659083,46204.7
7740.039112133758,45929.8
7740.248514608434,46755.1
7740.457917083108,46954.7
7740.667319557784,46521.5
7740.876722032459,45870.8
7741.086124507135,45497.2
7741.295526981809,45458.6
7741.504929456485,45225.0
7741.71433193116,44578.3
7741.923734405836,45078.6
7742.13313688051,45292.0
7742.342539355186,45429.2
7742.551941829861,45157.9
7742.761344304537,45605.0
7742.970746779211,45127.9
7743.180149253887,45156.8
7743.389551728562,44696.0
7743.598954203238,44768.2
7743.808356677912,44348.7
7744.017759152588,45085.4
7744.227161627263,44735.9
7744.4365641019385,44766.4
7744.645966576613,45118.5
7744.855369051289,44674.1
7745.064771525964,44840.5
7745.2741740006395,44932.4
7745.483576475314,45129.6
7745.69297894999,45712.5
7745.902381424665,44818.1
7746.1117838993405,45155.3
7746.321186374015,45440.8
7746.530588848691,44790.8
7746.739991323366,44556.0
7746.9493937980415,44894.5
7747.158796272717,44454.0
7747.368198747392,44507.4
7747.577601222067,44732.1
7747.787003696742,44363.9
7747.996406171418,44376.1
7748.205808646093,44559.4
7748.415211120769,44804.1
7748.624613595443,44349.6
7748.834016070119,44007.3
7749.043418544794,43660.3
7749.25282101947,43954.2
7749.462223494144,44146.2
7749.67162596882,44072.5
7749.881028443495,44505.8
7750.090430918171,44263.6
7750.299833392845,44728.8
7750.509235867521,44519.6
7750.718638342196,44431.3
7750.9280408168715,43966.5
7751.137443291546,43344.7
7751.346845766222,44573.8
7751.556248240897,43629.8
7751.7656507155725,43700.0
7751.975053190247,44732.1
7752.184455664923,43959.1
7752.393858139598,44711.3
7752.6032606142735,44576.3
7752.812663088948,43684.4
7753.022065563624,43050.0
7753.231468038299,43013.8
7753.4408705129745,43977.6
7753.650272987649,43699.1
7753.859675462325,43491.5
7754.069077937,43911.7
7754.278480411675,44318.6
7754.48788288635,44536.0
7754.697285361026,43819.3
7754.906687835701,43084.9
7755.116090310376,43263.0
7755.325492785051,43108.7
7755.534895259727,43443.0
7755.744297734402,43688.1
7755.953700209077,43540.2
7756.163102683752,42844.1
7756.372505158428,43274.6
7756.581907633103,43533.7
7756.791310107778,43728.2
7757.000712582453,42917.5
7757.210115057129,43289.8
7757.419517531804,43432.9
7757.628920006479,43649.7
7757.838322481154,44164.4
7758.04772495583,42856.3
7758.257127430505,42025.9
7758.46652990518,42999.6
7758.675932379855,43231.8
7758.885334854531,43812.0
7759.094737329206,42321.9
7759.304139803881,42545.2
7759.513542278556,42523.0
7759.722944753232,41662.0
7759.932347227907,43166.0
7760.141749702582,43499.5
7760.351152177257,42640.7
7760.560554651933,42360.9
7760.769957126608,42222.1
7760.979359601283,42434.7
7761.188762075958,41839.8
7761.398164550634,41384.4
7761.6075670253085,42640.2
7761.816969499984,42591.3
7762.026371974659,42828.5
7762.235774449335,42328.4
7762.4451769240095,42290.1
7762.654579398685,42001.3
7762.863981873361,41950.8
7763.073384348036,41791.7
7763.2827868227105,42383.1
7763.492189297386,42168.4
7763.701591772062,42031.9
7763.910994246737,42068.3
7764.120396721412,41765.7
7764.329799196087,42018.9
7764.539201670763,41708.3
7764.748604145438,41926.5
7764.958006620113,42303.2
7765.167409094788,42172.3
7765.376811569464,42179.3
7765.586214044139,41133.2
7765.795616518814,40208.8
7766.005018993489,40803.4
7766.214421468165,41137.3
7766.42382394284,41007.9
7766.633226417515,41157.2
7766.84262889219,41092.0
7767.052031366866,40980.9
7767.261433841541,41278.6
7767.470836316216,40965.7
7767.680238790891,40599.7
7767.889641265567,40516.7
7768.0990437402415,40444.4
7768.308446214917,40755.0
7768.517848689592,40903.2
7768.727251164268,41630.0
7768.9366536389425,41366.7
7769.146056113618,41293.5
7769.355458588293,40199.5
7769.564861062969,40138.7
7769.7742635376435,40575.2
7769.983666012319,39769.9
7770.193068486994,40743.1
7770.40247096167,40630.7
7770.6118734363445,40980.4
7770.82127591102,40717.8
7771.030678385695,40935.3
7771.240080860371,40805.0
7771.449483335045,41291.1
7771.658885809721,41031.3
7771.868288284396,40443.5
7772.077690759072,40914.6
7772.287093233746,40880.6
7772.496495708422,41268.3
7772.705898183097,40424.4
7772.915300657773,41147.7
7773.124703132447,41342.6
7773.334105607123,41701.7
7773.543508081798,41012.7
7773.752910556474,40197.1
7773.962313031148,41172.5
7774.171715505824,40786.9
7774.381117980499,40775.9
7774.590520455175,40816.6
7774.799922929849,40805.4
7775.009325404525,40395.6
7775.2187278792,40302.2
7775.4281303538755,40377.0
7775.63753282855,39893.3
7775.846935303226,40187.9
7776.056337777901,40196.1
7776.2657402525765,39961.0
7776.475142727251,39995.2
7776.684545201927,39103.7
7776.893947676602,39667.5
7777.1033501512775,39908.9
7777.312752625952,39708.6
7777.522155100628,39852.6
7777.731557575303,40417.6
7777.9409600499785,39493.8
7778.150362524653,39087.9
7778.359764999329,39300.5
7778.569167474005,38624.1
7778.778569948679,39008.1
7778.987972423355,39214.7
7779.19737489803,39045.6
7779.406777372706,38782.9
7779.61617984738,38020.1
7779.825582322056,38755.8
7780.034984796731,38644.8
7780.244387271407,38263.4
7780.453789746081,38351.4
7780.663192220757,38431.0
7780.872594695432,38744.3
7781.081997170108,38335.5
7781.291399644782,38388.5
7781.500802119458,38134.2
7781.710204594133,38149.1
7781.919607068809,38543.0
7782.129009543483,38526.9
7782.338412018159,38340.0
7782.547814492834,38235.3
7782.7572169675095,38315.9
7782.966619442184,38222.9
7783.17602191686,38273.7
7783.385424391535,37642.9
7783.5948268662105,36680.4
7783.804229340885,37349.1
7784.013631815561,37663.3
7784.223034290236,37979.6
7784.4324367649115,38266.1
7784.641839239586,38132.5
7784.851241714262,38090.4
7785.060644188937,38055.7
7785.270046663612,37926.4
7785.479449138287,37790.3
7785.688851612963,37648.9
7785.898254087638,37946.6
7786.107656562313,36635.9
7786.317059036988,36623.2
7786.526461511664,36211.9
7786.735863986339,36752.4
7786.945266461014,37508.4
7787.154668935689,37890.2
7787.364071410365,37019.8
7787.57347388504,36817.1
7787.782876359715,36623.8
7787.99227883439,36964.0
7788.201681309066,37613.0
7788.411083783741,37683.9
7788.620486258416,36407.6
7788.829888733091,36761.8
7789.039291207767,36807.6
7789.248693682442,36410.9
7789.458096157117,36203.8
7789.667498631792,36253.3
7789.876901106468,36772.8
7790.086303581143,35608.4
7790.295706055818,35934.6
7790.505108530493,36024.2
7790.714511005169,36857.9
7790.923913479844,36715.2
7791.133315954519,35937.0
7791.342718429194,36120.8
7791.55212090387,36213.1
7791.761523378545,35884.5
7791.97092585322,36638.5
7792.180328327895,36273.7
7792.389730802571,35206.8
7792.5991332772455,35212.9
7792.808535751921,35367.5
7793.017938226596,35281.6
7793.227340701272,35573.8
7793.4367431759465,35601.0
7793.646145650622,35269.6
7793.855548125297,35461.6
7794.064950599973,35534.6
7794.274353074648,35115.9
7794.483755549323,35143.9
7794.693158023999,35231.4
7794.902560498674,35321.3
7795.111962973349,35088.1
7795.321365448024,34861.1
7795.5307679227,35025.5
7795.740170397375,34545.1
7795.94957287205,35438.3
7796.158975346725,35900.6
7796.368377821401,34402.1
7796.577780296076,34630.7
7796.787182770751,34750.8
7796.996585245426,34480.7
7797.205987720102,33886.8
7797.415390194777,34302.0
7797.624792669452,34001.6
7797.834195144127,33930.9
7798.043597618803,34140.5
7798.253000093478,34342.7
7798.462402568153,34162.5
7798.671805042828,34439.2
7798.881207517504,33329.9
7799.0906099921785,33109.8
7799.300012466854,33758.1
7799.509414941529,34157.2
7799.718817416205,34455.7
7799.9282198908795,33542.6
7800.137622365555,33343.4
7800.34702484023,33332.5
7800.556427314906,33144.6
7800.7658297895805,34030.0
7800.975232264256,33956.0
7801.184634738931,33913.9
7801.394037213607,33719.9
7801.6034396882815,33182.5
7801.812842162957,32939.7
7802.022244637632,33228.5
7802.231647112308,33651.8
7802.441049586982,33567.4
7802.650452061658,33570.8
7802.859854536333,32734.4
7803.069257011009,31688.8
7803.278659485683,32833.0
7803.488061960359,33293.1
7803.697464435034,33509.9
7803.90686690971,33148.5
7804.116269384384,32856.4
7804.32567185906,32396.9
7804.535074333735,32119.8
7804.744476808411,31690.3
7804.953879283085,31609.8
7805.163281757761,32152.0
7805.372684232436,32175.1
7805.582086707112,32516.0
7805.791489181786,32091.4
7806.000891656462,31653.3
7806.210294131137,32099.1
7806.4196966058125,32728.8
7806.629099080487,32255.7
7806.838501555163,31632.5
7807.047904029838,31409.0
7807.2573065045135,30796.2
7807.466708979188,31779.6
7807.676111453864,31946.6
7807.885513928539,31698.9
7808.0949164032145,31005.5
7808.304318877889,30822.4
7808.513721352565,31168.1
7808.72312382724,31200.8
7808.9325263019155,31022.7
7809.141928776591,31029.6
7809.351331251266,31354.5
7809.560733725941,31820.7
7809.770136200616,31498.0
7809.979538675292,31107.1
7810.188941149967,31049.2
7810.398343624643,31057.2
7810.607746099317,30684.4
7810.817148573993,30776.8
7811.026551048668,30603.9
7811.235953523344,30377.4
7811.445355998018,30925.9
7811.654758472694,30921.3
7811.864160947369,30582.0
7812.073563422045,30211.6
7812.282965896719,30601.4
7812.492368371395,30612.0
7812.70177084607,29773.2
7812.911173320746,29066.1
7813.12057579542,29745.5
7813.329978270096,29292.5
7813.539380744771,29431.3
7813.7487832194465,29861.4
7813.958185694121,29120.2
7814.167588168797,29016.0
7814.376990643472,29175.2
7814.5863931181475,29200.8
7814.795795592822,30017.3
7815.005198067498,29827.0
7815.214600542173,29876.4
7815.4240030168485,29759.1
7815.633405491523,28888.9
7815.842807966199,28864.4
7816.052210440874,29188.0
7816.261612915549,28657.3
7816.471015390224,29116.7
7816.6804178649,28957.4
7816.889820339575,28568.0
7817.09922281425,28790.0
7817.308625288925,28458.2
7817.518027763601,28845.0
7817.727430238276,27884.2
7817.936832712951,27179.9
7818.146235187626,27868.2
7818.355637662302,28380.0
7818.565040136977,27863.2
7818.774442611652,27851.8
7818.983845086327,28362.4
7819.193247561003,28007.0
7819.402650035678,27984.7
7819.612052510353,27698.2
7819.821454985028,27949.0
7820.030857459704,28089.4
7820.240259934379,27529.4
7820.449662409054,27066.7
7820.659064883729,27995.6
7820.868467358405,27851.3
7821.07786983308,27685.7
7821.287272307755,27322.7
7821.49667478243,27406.0
7821.706077257106,27120.3
7821.915479731781,27384.3
7822.124882206456,27462.2
7822.334284681131,27158.8
7822.543687155807,26873.0
7822.753089630482,27467.2
7822.962492105157,27445.6
7823.171894579832,26971.6
7823.381297054508,26822.5
7823.5906995291825,26694.7
7823.800102003858,26867.5
7824.009504478533,27030.4
7824.218906953209,26402.3
7824.4283094278835,26409.8
7824.637711902559,26478.0
7824.847114377235,26673.3
7825.05651685191,27059.8
7825.2659193265845,26268.6
7825.47532180126,26195.3
7825.684724275936,26205.1
7825.894126750611,26552.3
7826.103529225286,26633.2
7826.312931699961,25744.2
7826.522334174637,26049.5
7826.731736649312,26451.8
7826.941139123987,26149.0
7827.150541598662,26070.2
7827.359944073338,24789.0
7827.569346548013,25595.1
7827.778749022688,25071.0
7827.988151497363,24901.6
7828.197553972039,25386.4
7828.406956446714,25280.6
7828.616358921389,24722.8
7828.825761396064,24546.2
7829.03516387074,25166.3
7829.244566345415,25520.6
7829.45396882009,24772.5
7829.663371294765,24983.1
7829.872773769441,24874.3
7830.0821762441155,25007.7
7830.291578718791,25359.2
7830.500981193466,24832.3
7830.710383668142,24843.2
7830.9197861428165,23812.6
7831.129188617492,23671.0
7831.338591092167,24267.9
7831.547993566843,24080.8
7831.7573960415175,23800.5
7831.966798516193,23778.9
7832.176200990868,24306.5
7832.385603465544,24235.6
7832.5950059402185,23983.0
7832.804408414894,24091.5
7833.013810889569,24425.0
7833.223213364245,24853.1
7833.432615838919,24557.0
7833.642018313595,23935.1
7833.85142078827,23611.9
7834.060823262946,23629.9
7834.27022573762,22952.8
7834.479628212296,23553.9
7834.689030686971,23744.5
7834.898433161647,23631.9
7835.107835636321,23909.8
7835.317238110997,24011.9
7835.526640585672,23101.3
7835.736043060348,22885.0
7835.945445535022,23260.8
7836.154848009698,23240.9
7836.364250484373,23003.8
7836.573652959049,23540.9
7836.783055433723,23104.6
7836.992457908399,23060.2
7837.201860383074,22461.7
7837.4112628577495,22241.6
7837.620665332424,22216.7
7837.8300678071,22420.9
7838.039470281775,22242.1
7838.2488727564505,22213.4
7838.458275231125,22577.0
7838.667677705801,22788.3
7838.877080180476,22286.6
7839.0864826551515,21872.4
7839.295885129826,21712.0
7839.505287604502,21807.6
7839.714690079177,21850.1
7839.9240925538525,21695.9
7840.133495028527,21756.9
7840.342897503203,21311.7
7840.552299977879,21811.8
7840.761702452553,21246.7
7840.971104927228,21456.1
7841.180507401904,20932.3
7841.38990987658,20775.9
7841.599312351254,21176.4
7841.80871482593,20878.7
7842.018117300605,20744.4
7842.227519775281,20929.6
7842.436922249955,21160.0
7842.646324724631,21059.7
7842.855727199306,20762.2
7843.065129673982,20701.9
7843.274532148656,20970.7
7843.483934623332,20891.1
7843.693337098007,20717.5
7843.902739572683,20155.5
7844.112142047357,20012.7
7844.321544522033,20269.5
7844.530946996708,19768.3
7844.7403494713835,19575.1
7844.949751946058,20797.5
7845.159154420734,20657.6
7845.368556895409,19876.5
7845.5779593700845,19472.4
7845.787361844759,19454.7
7845.996764319435,19712.9
7846.20616679411,19531.2
7846.4155692687855,19709.5
7846.62497174346,20340.1
7846.834374218136,19399.3
7847.043776692811,20230.9
7847.253179167486,20079.7
7847.462581642161,19377.3
7847.671984116837,19175.6
7847.881386591512,19524.9
7848.090789066187,19536.5
7848.300191540862,19658.9
7848.509594015538,19570.2
7848.718996490213,19343.8
7848.928398964888,18829.4
7849.137801439563,18570.8
7849.347203914239,18851.2
7849.556606388914,19452.5
7849.766008863589,18793.1
7849.975411338264,18442.7
7850.18481381294,18327.8
7850.394216287615,18751.6
7850.60361876229,18681.3
7850.813021236965,18883.5
7851.022423711641,18354.9
7851.231826186316,18525.0
7851.441228660991,18025.9
7851.650631135666,17760.3
7851.860033610342,17327.8
7852.069436085017,17797.0
7852.278838559692,17395.9
7852.488241034367,17730.3
7852.697643509043,17649.1
7852.907045983718,18468.6
7853.116448458393,18360.7
7853.325850933068,17853.8
7853.535253407744,17426.5
7853.744655882419,17558.9
7853.954058357094,17604.2
7854.163460831769,17697.5
7854.372863306445,17001.8
7854.5822657811195,17417.2
7854.791668255795,16777.7
7855.00107073047,17088.5
7855.210473205146,17016.4
7855.4198756798205,17013.4
7855.629278154496,16991.5
7855.838680629171,16375.0
7856.048083103847,17000.2
7856.257485578522,16797.7
7856.466888053197,16529.0
7856.676290527873,16705.5
7856.885693002548,16263.5
7857.095095477223,16722.5
7857.304497951898,16525.7
7857.513900426574,16254.1
7857.723302901249,15643.8
7857.932705375924,16035.8
7858.142107850599,16450.9
7858.351510325275,15857.2
7858.56091279995,16475.7
7858.770315274625,16380.2
7858.9797177493,15864.7
7859.189120223976,16033.1
7859.398522698651,16070.5
7859.607925173326,15942.6
7859.817327648001,15706.7
7860.026730122677,15737.2
7860.236132597352,15488.7
7860.445535072027,15347.8
7860.654937546702,15491.2
7860.864340021378,15246.5
7861.073742496053,15177.6
7861.283144970728,14913.0
7861.492547445403,14922.2
7861.701949920079,15273.8
7861.9113523947535,15344.3
7862.120754869429,14803.0
7862.330157344104,15006.2
7862.53955981878,15135.2
7862.7489622934545,14765.5
7862.95836476813,14238.7
7863.167767242805,14562.4
7863.377169717481,14302.5
7863.5865721921555,14268.6
7863.795974666831,14202.0
7864.005377141506,14002.7
7864.214779616182,14076.7
7864.424182090856,14571.0
7864.633584565532,14530.0
7864.842987040207,14279.3
7865.052389514883,13944.3
7865.261791989557,13796.9
7865.471194464233,13813.6
7865.680596938908,13293.8
7865.889999413584,13358.4
7866.099401888258,14067.5
7866.308804362934,13396.4
7866.518206837609,13422.5
7866.727609312285,13261.6
7866.937011786959,13924.1
7867.146414261635,13335.6
7867.35581673631,13017.6
7867.565219210986,13571.9
7867.77462168566,13252.2
7867.984024160336,12772.3
7868.193426635011,13122.2
7868.4028291096865,13066.2
7868.612231584361,13470.5
7868.821634059037,12811.1
7869.031036533712,12882.7
7869.2404390083875,12453.5
7869.449841483062,12997.1
7869.659243957738,12829.9
7869.868646432413,12451.2
7870.0780489070885,13167.6
7870.287451381763,12527.1
7870.496853856439,12494.5
7870.706256331114,12333.8
7870.9156588057895,12250.6
7871.125061280465,12614.8
7871.33446375514,12365.4
7871.543866229815,12305.1
7871.75326870449,11971.8
7871.962671179166,11988.2
7872.172073653841,11882.2
7872.381476128516,11939.1
7872.590878603191,11835.3
7872.800281077867,11593.7
7873.009683552542,11332.8
7873.219086027218,11554.6
7873.428488501892,11424.0
7873.637890976568,11797.9
7873.847293451243,11257.3
7874.056695925919,11711.9
7874.266098400593,11682.4
7874.475500875269,11601.3
7874.684903349944,11625.1
7874.89430582462,11499.4
7875.103708299294,11467.2
7875.31311077397,11590.9
7875.522513248645,10811.8
7875.7319157233205,11326.9
7875.941318197995,11053.3
7876.150720672671,10704.0
7876.360123147346,10762.9
7876.5695256220215,10696.6
7876.778928096696,10432.2
7876.988330571372,10499.3
7877.197733046047,10646.1
7877.4071355207225,10824.0
7877.616537995397,11086.9
7877.825940470073,10280.3
7878.035342944748,10450.0
7878.244745419423,10537.4
7878.454147894098,10504.8
7878.663550368774,10180.3
7878.872952843449,10754.2
7879.082355318124,10571.1
7879.291757792799,10079.9
7879.501160267475,9865.59
7879.71056274215,9986.11
7879.919965216825,10169.4
7880.1293676915,9922.73
7880.338770166176,9535.96
7880.548172640851,9466.54
7880.757575115526,9774.12
7880.966977590201,9501.54
7881.176380064877,9450.33
7881.385782539552,9532.6
7881.595185014227,9247.92
7881.804587488902,8898.7
7882.013989963578,9642.03
7882.223392438253,9057.38
7882.432794912928,9469.06
7882.642197387603,9286.35
7882.851599862279,9482.54
7883.061002336954,9093.21
7883.270404811629,9081.9
7883.479807286304,9583.06
7883.68920976098,8918.13
7883.898612235655,8918.52
7884.10801471033,8388.13
7884.317417185005,8976.92
7884.526819659681,8899.38
7884.736222134356,8711.99
7884.945624609031,8576.66
7885.155027083706,8379.61
7885.364429558382,8538.91
7885.5738320330565,8457.13
7885.783234507732,8686.57
7885.992636982407,8315.83
7886.202039457083,8588.81
7886.4114419317575,8432.53
7886.620844406433,8158.75
7886.830246881109,8308.32
7887.039649355784,7789.64
7887.2490518304585,7804.68
7887.458454305134,8039.67
7887.66785677981,7967.71
7887.877259254485,8187.86
7888.0866617291595,8174.75
7888.296064203835,7949.89
7888.505466678511,8225.5
7888.714869153186,7962.71
7888.924271627861,7596.01
7889.133674102536,7373.07
7889.343076577212,7413.11
7889.552479051887,7448.59
7889.761881526562,7482.45
7889.971284001237,7764.1
7890.180686475913,7462.63
7890.390088950588,7018.34
7890.599491425263,6994.79
7890.808893899938,7267.68
7891.018296374614,7362.29
7891.227698849289,7130.26
7891.437101323964,7347.45
7891.646503798639,7080.18
7891.855906273315,6898.47
7892.06530874799,7195.84
7892.274711222665,7002.96
7892.48411369734,6964.73
7892.693516172016,6807.22
7892.9029186466905,6446.17
7893.112321121366,6924.84
7893.321723596041,6849.84
7893.531126070717,6422.03
7893.7405285453915,6416.38
7893.949931020067,6624.89
7894.159333494742,6779.75
7894.368735969418,6208.35
7894.5781384440925,6372.11
7894.787540918768,6536.3
7894.996943393443,6912.95
7895.206345868119,6205.92
