6485.8047131593,25725.1
6485.98458973194,26810.2
6486.164466304579,26769.4
6486.344342877219,26428.1
6486.524219449858,25281.0
6486.704096022498,24278.5
6486.883972595137,24585.7
6487.063849167776,25566.3
6487.243725740415,27229.6
6487.423602313055,27552.9
6487.603478885694,27334.6
6487.783355458334,27625.1
6487.963232030973,28004.2
6488.143108603613,28306.6
6488.322985176252,28969.9
6488.5028617488915,29538.9
6488.68273832153,29206.1
6488.86261489417,28809.7
6489.042491466809,28531.8
6489.222368039449,28714.8
6489.402244612088,29444.3
6489.582121184728,30409.7
6489.761997757367,31333.9
6489.941874330007,31916.0
6490.1217509026455,31604.1
6490.301627475285,30326.4
6490.481504047924,28584.2
6490.661380620564,26097.1
6490.841257193203,25498.3
6491.021133765843,27874.4
6491.201010338482,31004.8
6491.380886911122,32487.7
6491.560763483761,32327.9
6491.7406400564005,32697.9
6491.920516629039,33146.7
6492.100393201679,33398.1
6492.280269774318,33618.5
6492.460146346958,31983.1
6492.640022919597,29522.5
6492.819899492237,28169.9
6492.999776064876,27505.7
6493.179652637516,29567.2
6493.3595292101545,31843.0
6493.539405782794,34277.0
6493.719282355433,35600.9
6493.899158928073,35823.4
6494.079035500712,35292.8
6494.258912073352,34503.2
6494.438788645991,34458.2
6494.618665218631,35051.9
6494.79854179127,35956.8
6494.978418363909,36056.0
6495.158294936548,37001.7
6495.338171509188,36312.9
6495.518048081827,33424.4
6495.697924654467,30686.7
6495.877801227106,29988.4
6496.057677799746,32312.6
6496.237554372385,35704.1
6496.4174309450245,37520.4
6496.5973075176635,37738.4
6496.777184090303,38007.4
6496.957060662942,38550.6
6497.136937235582,37746.1
6497.316813808221,35718.8
6497.496690380861,34868.6
6497.6765669535,35523.6
6497.85644352614,36629.0
6498.036320098779,38531.9
6498.216196671418,39061.9
6498.396073244057,39624.8
6498.575949816697,40002.8
6498.755826389336,39748.2
6498.935702961976,40092.3
6499.115579534615,40565.7
6499.295456107255,40716.0
6499.475332679894,40380.6
6499.6552092525335,40174.6
6499.835085825172,40919.6
6500.014962397812,41215.7
6500.194838970451,41291.7
6500.374715543091,41405.7
6500.55459211573,41297.8
6500.73446868837,42203.2
6500.914345261009,42399.0
6501.094221833649,42613.7
6501.2740984062875,42428.7
6501.453974978927,42382.5
6501.633851551566,42815.5
6501.813728124206,43284.7
6501.993604696845,43451.0
6502.173481269485,43280.7
6502.353357842124,43370.6
6502.533234414764,44449.4
6502.713110987403,43387.9
6502.8929875600425,42388.9
6503.072864132681,43040.9
6503.252740705321,43994.2
6503.43261727796,43601.1
6503.6124938506,43118.3
6503.792370423239,43623.7
6503.972246995879,43175.3
6504.152123568518,43415.5
6504.332000141158,43844.1
6504.5118767137965,45375.6
6504.691753286436,46439.2
6504.871629859075,46974.8
6505.051506431715,47008.6
6505.231383004354,47136.2
6505.411259576994,47744.1
6505.591136149633,47218.9
6505.771012722273,48457.6
6505.950889294912,47720.9
6506.130765867551,47673.8
6506.31064244019,47940.4
6506.49051901283,48491.4
6506.670395585469,49215.0
6506.850272158109,49419.0
6507.030148730748,49453.4
6507.210025303388,49004.4
6507.389901876027,48310.7
6507.5697784486665,47860.4
6507.749655021305,48840.8
6507.929531593945,49643.5
6508.109408166584,50227.6
6508.289284739224,49395.7
6508.469161311863,46898.1
6508.649037884503,45528.4
6508.828914457142,47008.5
6509.008791029782,50865.1
6509.1886676024205,52087.3
6509.36854417506,52066.2
6509.548420747699,52236.8
6509.728297320339,53146.3
6509.908173892978,53040.9
6510.088050465618,52993.8
6510.267927038257,54365.2
6510.447803610897,54438.8
6510.627680183536,53996.2
6510.8075567561755,54039.6
6510.987433328815,54825.0
6511.167309901454,54641.8
6511.347186474094,55147.0
6511.527063046733,55564.8
6511.706939619373,54541.0
6511.886816192012,52532.5
6512.066692764652,50166.1
6512.246569337291,49605.3
6512.42644590993,52809.9
6512.606322482569,55610.0
6512.786199055209,56913.7
6512.966075627848,56753.0
6513.145952200488,56950.1
6513.325828773127,57061.9
6513.505705345767,56869.0
6513.685581918406,56801.9
6513.8654584910455,56403.2
6514.045335063684,56582.7
6514.225211636324,55049.9
6514.405088208963,51567.7
6514.584964781603,47502.9
6514.764841354242,46320.3
6514.944717926882,49282.8
6515.124594499521,54402.0
6515.304471072161,57016.4
6515.4843476447995,55361.1
6515.664224217439,53294.4
6515.844100790078,52331.3
6516.023977362718,51964.7
6516.203853935357,50312.6
6516.383730507997,44193.2
6516.563607080636,39926.2
6516.743483653276,41466.9
6516.923360225915,46958.0
6517.1032367985545,52514.7
6517.283113371193,56065.9
6517.462989943833,59266.6
6517.642866516472,60906.1
6517.822743089112,58699.0
6518.002619661751,57318.9
6518.182496234391,58607.3
6518.36237280703,61651.2
6518.54224937967,63041.8
6518.7221259523085,62254.9
6518.902002524948,61722.3
6519.081879097587,59672.1
6519.261755670227,54816.2
6519.441632242866,53950.0
6519.621508815506,56631.2
6519.801385388145,61600.5
6519.981261960785,65878.1
6520.161138533424,68644.1
6520.341015106063,68524.8
6520.520891678702,67323.0
6520.700768251342,67747.9
6520.880644823981,67976.6
6521.060521396621,67450.1
6521.24039796926,69039.2
6521.4202745419,68889.4
6521.600151114539,68230.5
6521.7800276871785,68008.6
6521.959904259817,66931.2
6522.139780832457,66632.3
6522.319657405096,67808.8
6522.499533977736,69047.3
6522.679410550375,69461.4
6522.859287123015,69152.5
6523.039163695654,68707.5
6523.219040268294,67715.7
6523.3989168409325,66188.7
6523.578793413572,62577.9
6523.758669986211,59331.4
6523.938546558851,59707.2
6524.11842313149,65013.2
6524.29829970413,69872.4
6524.478176276769,71566.9
6524.658052849409,73288.3
6524.837929422048,73733.8
6525.0178059946875,72712.9
6525.197682567326,73302.0
6525.377559139966,73643.5
6525.557435712605,73080.8
6525.737312285245,72690.1
6525.917188857884,73001.5
6526.097065430524,74061.0
6526.276942003163,75019.3
6526.456818575803,75219.3
6526.6366951484415,75128.6
6526.816571721081,75383.8
6526.99644829372,76898.8
6527.17632486636,77088.6
6527.356201438999,75177.1
6527.536078011639,75875.4
6527.715954584278,76935.7
6527.895831156918,76991.1
6528.075707729557,77611.0
6528.255584302196,77646.8
6528.435460874835,76722.6
6528.615337447475,77507.0
6528.795214020114,79134.7
6528.975090592754,79302.6
6529.154967165393,78364.9
6529.334843738033,78470.2
6529.514720310672,78616.7
6529.6945968833115,78790.3
6529.8744734559505,79522.5
6530.05435002859,79807.2
6530.234226601229,79504.8
6530.414103173869,78137.4
6530.593979746508,76794.6
6530.773856319148,78567.8
6530.953732891787,79324.2
6531.133609464427,80266.2
6531.313486037066,80340.6
6531.493362609705,81931.6
6531.673239182344,82270.0
6531.853115754984,80790.5
6532.032992327623,76510.6
6532.212868900263,70536.0
6532.392745472902,68552.0
6532.572622045542,72961.7
6532.752498618181,79475.7
6532.9323751908205,82647.6
6533.112251763459,81744.7
6533.292128336099,82857.2
6533.472004908738,83848.0
6533.651881481378,83147.5
6533.831758054017,79641.2
6534.011634626657,75858.5
6534.191511199296,75828.9
6534.371387771936,79188.8
6534.5512643445745,82358.1
6534.731140917214,83492.5
6534.911017489853,83477.3
6535.090894062493,84367.8
6535.270770635132,86008.3
6535.450647207772,86065.5
6535.630523780412,86624.3
6535.810400353051,86358.6
6535.9902769256905,86680.5
6536.1701534983295,87561.9
6536.350030070969,86635.6
6536.529906643608,84247.7
6536.709783216248,82962.2
6536.889659788887,84489.2
6537.069536361527,87740.7
6537.249412934166,89116.1
6537.429289506806,88341.4
6537.609166079445,89977.9
6537.789042652084,90842.9
6537.968919224723,91446.1
6538.148795797363,91018.0
6538.328672370002,90795.0
6538.508548942642,92423.9
6538.688425515281,92877.5
6538.868302087921,92359.9
6539.04817866056,93689.4
6539.2280552331995,93017.3
6539.407931805838,92000.9
6539.587808378478,93421.9
6539.767684951117,93729.0
6539.947561523757,93923.3
6540.127438096396,93393.9
6540.307314669036,92544.5
6540.487191241675,92120.3
6540.667067814315,93083.5
6540.8469443869535,94752.4
6541.026820959593,94872.1
6541.206697532232,93864.0
6541.386574104872,94052.6
6541.566450677511,95622.7
6541.746327250151,96640.1
6541.92620382279,94141.9
6542.10608039543,88432.8
6542.285956968069,86680.1
6542.465833540708,89645.9
6542.645710113347,92936.5
6542.825586685987,94951.8
6543.005463258626,95495.1
6543.185339831266,95832.0
6543.365216403905,96459.6
6543.545092976545,91368.5
6543.724969549184,80145.2
6543.9048461218235,75958.9
6544.0847226944625,80470.1
6544.264599267102,89933.4
6544.444475839741,96638.6
6544.624352412381,99515.8
6544.80422898502,100549.0
6544.98410555766,99534.8
6545.163982130299,98589.5
6545.343858702939,99496.3
6545.523735275578,99537.7
6545.703611848217,97867.6
6545.883488420856,98161.1
6546.063364993496,100891.0
6546.243241566135,102619.0
6546.423118138775,102461.0
6546.602994711414,105118.0
6546.782871284054,105746.0
6546.962747856693,103887.0
6547.1426244293325,104655.0
6547.322501001971,102713.0
6547.502377574611,97705.9
6547.68225414725,94826.5
6547.86213071989,96745.6
6548.042007292529,101968.0
6548.221883865169,100956.0
6548.401760437808,91626.1
6548.581637010448,87977.4
6548.7615135830865,89917.7
6548.941390155726,97248.9
6549.121266728365,104031.0
6549.301143301005,107603.0
6549.481019873644,109996.0
6549.660896446284,111163.0
6549.840773018923,112149.0
6550.020649591563,112163.0
6550.200526164202,111570.0
6550.3804027368415,112380.0
6550.56027930948,113068.0
6550.74015588212,113784.0
6550.920032454759,115886.0
6551.099909027399,115156.0
6551.279785600038,115421.0
6551.459662172678,117382.0
6551.639538745317,118393.0
6551.819415317957,116511.0
6551.9992918905955,115989.0
6552.179168463235,114380.0
6552.359045035874,105933.0
6552.538921608514,97796.0
6552.718798181153,99046.3
6552.898674753793,110295.0
6553.078551326432,122763.0
6553.258427899072,126864.0
6553.438304471711,126181.0
6553.61818104435,123672.0
6553.798057616989,123236.0
6553.977934189629,127422.0
6554.157810762268,132271.0
6554.337687334908,138272.0
6554.517563907547,141301.0
6554.697440480187,143449.0
6554.877317052826,145838.0
6555.0571936254655,148436.0
6555.237070198104,152137.0
6555.416946770744,157353.0
6555.596823343383,163028.0
6555.776699916023,168265.0
6555.956576488662,173824.0
6556.136453061302,178997.0
6556.316329633941,183897.0
6556.496206206581,190041.0
6556.6760827792195,193516.0
6556.855959351859,190573.0
6557.035835924498,181113.0
6557.215712497138,183646.0
6557.395589069777,197634.0
6557.575465642417,213761.0
6557.755342215056,218893.0
6557.935218787696,216048.0
6558.115095360335,218172.0
6558.2949719329745,224044.0
6558.474848505613,231568.0
6558.654725078253,241462.0
6558.834601650892,249885.0
6559.014478223532,260064.0
6559.194354796171,265725.0
6559.374231368811,274537.0
6559.55410794145,286093.0
6559.73398451409,296570.0
6559.9138610867285,309975.0
6560.093737659368,316010.0
6560.273614232007,315257.0
6560.453490804647,315543.0
6560.633367377286,317851.0
6560.813243949926,321554.0
6560.993120522566,319722.0
6561.172997095205,313179.0
6561.3528736678445,307317.0
6561.532750240483,288850.0
6561.712626813123,253149.0
6561.892503385762,209485.0
6562.072379958402,163902.0
6562.252256531041,120646.0
6562.432133103681,85510.1
6562.61200967632,57487.2
6562.79188624896,41186.3
6562.9717628215985,42155.8
6563.151639394238,65504.6
6563.331515966877,114711.0
6563.511392539517,185858.0
6563.691269112156,250857.0
6563.871145684796,283020.0
6564.051022257435,293883.0
6564.230898830075,310066.0
6564.410775402714,345776.0
6564.5906519753535,389231.0
6564.770528547992,411572.0
6564.950405120632,426755.0
6565.130281693271,436138.0
6565.310158265911,441660.0
6565.49003483855,439198.0
6565.66991141119,435182.0
6565.849787983829,424377.0
6566.029664556469,412910.0
6566.2095411291075,399447.0
6566.389417701747,380386.0
6566.569294274386,361490.0
6566.749170847026,342789.0
6566.929047419665,326614.0
6567.108923992305,316791.0
6567.288800564944,307569.0
6567.468677137584,293635.0
6567.648553710223,279234.0
6567.828430282862,269669.0
6568.008306855501,260150.0
6568.188183428141,252029.0
6568.36806000078,241356.0
6568.54793657342,225120.0
6568.727813146059,212771.0
6568.907689718699,204610.0
6569.087566291338,203414.0
6569.2674428639775,200712.0
6569.447319436616,199043.0
6569.627196009256,192619.0
6569.807072581895,186068.0
6569.986949154535,185362.0
6570.166825727174,181767.0
6570.346702299814,173894.0
6570.526578872453,168367.0
6570.706455445093,163632.0
6570.886332017732,159861.0
6571.066208590371,160705.0
6571.24608516301,159673.0
6571.42596173565,155437.0
6571.605838308289,152054.0
6571.785714880929,140483.0
6571.965591453568,128422.0
6572.145468026208,124952.0
6572.325344598847,130145.0
6572.5052211714865,142392.0
6572.685097744125,145370.0
6572.864974316765,142555.0
6573.044850889404,140786.0
6573.224727462044,139573.0
6573.404604034683,137222.0
6573.584480607323,135242.0
6573.764357179962,134836.0
6573.944233752602,134602.0
6574.1241103252405,133570.0
6574.30398689788,132478.0
6574.483863470519,125263.0
6574.663740043159,110277.0
6574.843616615798,104638.0
6575.023493188438,107857.0
6575.203369761077,119647.0
6575.383246333717,126910.0
6575.563122906356,129765.0
6575.742999478995,128921.0
6575.922876051634,128562.0
6576.102752624274,127266.0
6576.282629196913,125414.0
6576.462505769553,123956.0
6576.642382342192,124998.0
6576.822258914832,127238.0
6577.002135487471,125438.0
6577.1820120601105,124919.0
6577.3618886327495,125739.0
6577.541765205389,126733.0
6577.721641778028,126565.0
6577.901518350668,123891.0
6578.081394923307,123459.0
6578.261271495947,123845.0
6578.441148068586,124530.0
6578.621024641226,123354.0
6578.800901213865,123232.0
6578.980777786504,122609.0
6579.160654359143,121149.0
6579.340530931783,122632.0
6579.520407504422,124416.0
6579.700284077062,125236.0
6579.880160649701,122423.0
6580.060037222341,121276.0
6580.23991379498,122405.0
6580.4197903676195,119462.0
6580.599666940258,114646.0
6580.779543512898,113132.0
6580.959420085537,114889.0
6581.139296658177,120361.0
6581.319173230816,123609.0
6581.499049803456,123492.0
6581.678926376095,124711.0
6581.858802948735,125308.0
6582.0386795213735,123795.0
6582.218556094013,122963.0
6582.398432666652,123163.0
6582.578309239292,123065.0
6582.758185811931,123340.0
6582.938062384571,122695.0
6583.11793895721,119996.0
6583.29781552985,116878.0
6583.477692102489,117044.0
6583.6575686751285,119373.0
6583.837445247767,121154.0
6584.017321820407,122862.0
6584.197198393046,123119.0
6584.377074965686,123577.0
6584.556951538325,123443.0
6584.736828110965,124162.0
6584.916704683604,123481.0
6585.096581256244,122855.0
6585.2764578288825,122391.0
6585.456334401522,120571.0
6585.636210974162,118490.0
6585.816087546801,119411.0
6585.99596411944,120790.0
6586.17584069208,118006.0
6586.35571726472,111938.0
6586.535593837359,107821.0
6586.7154704099985,109904.0
6586.895346982637,115542.0
6587.075223555277,120204.0
6587.255100127916,123249.0
6587.434976700556,124873.0
6587.614853273195,124072.0
6587.794729845835,124240.0
6587.974606418474,124442.0
6588.154482991114,124187.0
6588.3343595637525,123718.0
6588.514236136392,123391.0
6588.694112709031,122418.0
6588.873989281671,124139.0
6589.05386585431,125021.0
6589.23374242695,126099.0
6589.413618999589,125059.0
6589.593495572229,124730.0
6589.773372144868,125495.0
6589.953248717507,125057.0
6590.133125290146,126231.0
6590.313001862786,124959.0
6590.492878435425,123574.0
6590.672755008065,125303.0
6590.852631580704,124816.0
6591.032508153344,124075.0
6591.212384725983,125250.0
6591.3922612986225,124669.0
6591.5721378712615,124194.0
6591.752014443901,124845.0
6591.93189101654,124691.0
6592.11176758918,124070.0
6592.291644161819,123280.0
6592.471520734459,124031.0
6592.651397307098,125053.0
6592.831273879738,123859.0
6593.011150452377,122949.0
6593.191027025016,122444.0
6593.370903597655,122164.0
6593.550780170295,123186.0
6593.730656742934,124069.0
6593.910533315574,122678.0
6594.090409888213,121211.0
6594.270286460853,120055.0
6594.450163033492,119478.0
6594.6300396061315,120025.0
6594.80991617877,122106.0
6594.98979275141,122834.0
6595.169669324049,122665.0
6595.349545896689,124266.0
6595.529422469328,124722.0
6595.709299041968,123025.0
6595.889175614607,122095.0
6596.069052187247,122805.0
6596.2489287598855,122141.0
6596.428805332525,123013.0
6596.608681905164,122739.0
6596.788558477804,122477.0
6596.968435050443,121238.0
6597.148311623083,121394.0
6597.328188195722,122949.0
6597.508064768362,122628.0
6597.687941341001,122310.0
6597.8678179136405,123138.0
6598.047694486279,123501.0
6598.227571058919,122820.0
6598.407447631558,122576.0
6598.587324204198,122667.0
6598.767200776837,123142.0
6598.947077349477,121108.0
6599.126953922116,117417.0
6599.306830494756,115595.0
6599.4867070673945,115501.0
6599.666583640034,118351.0
6599.846460212673,121870.0
6600.026336785313,122922.0
6600.206213357952,123160.0
6600.386089930592,124368.0
6600.565966503231,122464.0
6600.745843075871,123560.0
6600.92571964851,123071.0
6601.105596221149,123419.0
6601.285472793788,122451.0
6601.465349366428,122513.0
6601.645225939067,121331.0
6601.825102511707,118822.0
6602.004979084346,117502.0
6602.184855656986,117559.0
6602.364732229625,119416.0
6602.5446088022645,122767.0
6602.724485374903,122489.0
6602.904361947543,122622.0
6603.084238520182,122024.0
6603.264115092822,121823.0
6603.443991665461,122481.0
6603.623868238101,122125.0
6603.80374481074,122521.0
6603.98362138338,122677.0
6604.163497956019,122296.0
6604.343374528658,120634.0
6604.523251101297,120657.0
6604.703127673937,120701.0
6604.883004246576,120348.0
6605.062880819216,119680.0
6605.242757391855,118695.0
6605.422633964495,118403.0
6605.602510537134,118146.0
6605.7823871097735,118557.0
6605.962263682412,120493.0
6606.142140255052,121292.0
6606.322016827691,120359.0
6606.501893400331,120629.0
6606.68176997297,121137.0
6606.86164654561,121662.0
6607.041523118249,121264.0
6607.221399690889,120621.0
6607.4012762635275,121301.0
6607.581152836167,120896.0
6607.761029408806,120472.0
6607.940905981446,120218.0
6608.120782554085,120334.0
6608.300659126725,120322.0
6608.480535699364,120200.0
6608.660412272004,119397.0
6608.840288844643,119973.0
6609.020165417282,119576.0
6609.200041989921,119494.0
6609.379918562561,120495.0
6609.5597951352,120882.0
6609.73967170784,118765.0
6609.919548280479,119249.0
6610.099424853119,119559.0
6610.279301425758,118225.0
6610.4591779983975,119838.0
6610.6390545710365,119251.0
6610.818931143676,119228.0
6610.998807716316,118752.0
6611.178684288955,118823.0
6611.358560861595,119177.0
6611.538437434234,118801.0
6611.718314006874,118642.0
6611.898190579513,117721.0
6612.0780671521525,116553.0
6612.257943724791,115878.0
6612.437820297431,114521.0
6612.61769687007,116331.0
6612.79757344271,116784.0
6612.977450015349,118504.0
6613.157326587989,119913.0
6613.337203160628,118205.0
6613.517079733268,115526.0
6613.6969563059065,114375.0
6613.876832878546,116295.0
6614.056709451185,116605.0
6614.236586023825,115759.0
6614.416462596464,116142.0
6614.596339169104,117280.0
6614.776215741743,116778.0
6614.956092314383,117358.0
6615.135968887022,118049.0
6615.315845459661,116684.0
6615.4957220323,115794.0
6615.67559860494,115768.0
6615.855475177579,116461.0
6616.035351750219,116215.0
6616.215228322858,117373.0
6616.395104895498,117935.0
6616.574981468137,117264.0
6616.7548580407765,117275.0
6616.9347346134155,116298.0
6617.114611186055,115736.0
6617.294487758694,115011.0
6617.474364331334,115465.0
6617.654240903973,116127.0
6617.834117476613,115702.0
6618.013994049252,117043.0
6618.193870621892,117390.0
6618.373747194531,116716.0
6618.55362376717,116978.0
6618.733500339809,116238.0
6618.913376912449,115010.0
6619.093253485088,115182.0
6619.273130057728,115372.0
6619.453006630367,116144.0
6619.632883203007,115901.0
6619.812759775646,115515.0
6619.9926363482855,116555.0
6620.172512920924,115695.0
6620.352389493564,116282.0
6620.532266066203,116666.0
6620.712142638843,115476.0
6620.892019211482,115376.0
6621.071895784122,114823.0
6621.251772356761,114841.0
6621.431648929401,114821.0
6621.6115255020395,114385.0
6621.791402074679,113890.0
6621.971278647318,114889.0
6622.151155219958,114757.0
6622.331031792597,114214.0
6622.510908365237,113997.0
6622.690784937876,113845.0
6622.870661510516,114570.0
6623.050538083155,115054.0
6623.230414655794,114803.0
6623.410291228433,113727.0
6623.590167801073,114869.0
6623.770044373712,113762.0
6623.949920946352,114120.0
6624.129797518991,112396.0
6624.309674091631,112333.0
6624.48955066427,113011.0
6624.6694272369095,113655.0
6624.8493038095485,114537.0
6625.029180382188,114562.0
6625.209056954827,114448.0
6625.388933527467,113869.0
6625.568810100106,112562.0
6625.748686672746,112502.0
6625.928563245385,111403.0
6626.108439818025,111623.0
6626.288316390664,108529.0
6626.468192963303,107976.0
6626.648069535942,105734.0
6626.827946108582,105713.0
6627.007822681221,105225.0
6627.187699253861,108197.0
6627.3675758265,110306.0
6627.54745239914,110988.0
6627.727328971779,110694.0
6627.9072055444185,109578.0
6628.087082117057,109036.0
6628.266958689697,108911.0
6628.446835262336,111715.0
6628.626711834976,110444.0
6628.806588407615,110057.0
6628.986464980255,111224.0
6629.166341552894,109789.0
6629.346218125534,109813.0
6629.5260946981725,111218.0
6629.705971270812,111028.0
6629.885847843451,110473.0
6630.065724416091,109787.0
6630.24560098873,110998.0
6630.42547756137,110494.0
6630.605354134009,109815.0
6630.785230706649,110879.0
6630.965107279288,109350.0
6631.1449838519275,109329.0
6631.324860424566,109560.0
6631.504736997206,110571.0
6631.684613569845,110811.0
6631.864490142485,109666.0
6632.044366715124,107941.0
6632.224243287764,107777.0
6632.404119860403,108191.0
6632.583996433043,108572.0
6632.7638730056815,108733.0
6632.943749578321,107664.0
6633.12362615096,106893.0
6633.3035027236,107559.0
6633.483379296239,108102.0
6633.663255868879,107422.0
6633.843132441518,107435.0
6634.023009014158,106556.0
6634.202885586797,108652.0
6634.382762159436,109195.0
6634.562638732075,107194.0
6634.742515304715,107011.0
6634.922391877355,107132.0
6635.102268449994,107474.0
6635.282145022633,107674.0
6635.462021595273,106474.0
6635.641898167913,107046.0
6635.8217747405515,107354.0
6636.00165131319,107142.0
6636.18152788583,109003.0
6636.36140445847,107616.0
6636.541281031109,105294.0
6636.721157603749,107244.0
6636.901034176388,106823.0
6637.080910749028,106864.0
6637.260787321667,105628.0
6637.440663894306,105430.0
6637.620540466945,106591.0
6637.800417039585,107073.0
6637.980293612224,106051.0
6638.160170184864,106262.0
6638.340046757503,106071.0
6638.519923330143,105282.0
6638.699799902782,104659.0
6638.879676475422,104966.0
6639.0595530480605,105428.0
6639.2394296207,104744.0
6639.419306193339,105103.0
6639.599182765979,104461.0
6639.779059338618,104181.0
6639.958935911258,105524.0
6640.138812483897,105839.0
6640.318689056537,105368.0
6640.498565629176,104272.0
6640.678442201815,104057.0
6640.858318774454,104939.0
6641.038195347094,104199.0
6641.218071919733,103040.0
6641.397948492373,102087.0
6641.577825065012,102099.0
6641.757701637652,102266.0
6641.937578210291,101240.0
6642.1174547829305,101941.0
6642.297331355569,102042.0
6642.477207928209,100870.0
6642.657084500848,100858.0
6642.836961073488,101216.0
6643.016837646127,102587.0
6643.196714218767,103207.0
6643.376590791406,102261.0
6643.556467364046,101327.0
6643.7363439366845,101541.0
6643.916220509324,100890.0
6644.096097081963,100282.0
6644.275973654603,100840.0
6644.455850227242,101428.0
6644.635726799882,101517.0
6644.815603372521,100970.0
6644.995479945161,101427.0
6645.1753565178,102694.0
6645.3552330904395,102531.0
6645.535109663078,101476.0
6645.714986235718,100075.0
6645.894862808357,99094.6
6646.074739380997,100960.0
6646.254615953636,100175.0
6646.434492526276,99044.3
6646.614369098915,99450.3
6646.794245671555,99646.0
6646.9741222441935,98222.5
6647.153998816833,98378.0
6647.333875389472,98752.2
6647.513751962112,98778.8
6647.693628534751,98600.2
6647.873505107391,99039.4
6648.05338168003,99759.8
6648.23325825267,98003.8
6648.413134825309,96585.0
6648.593011397948,96495.2
6648.772887970587,96481.2
6648.952764543227,96167.1
6649.132641115866,96872.2
6649.312517688506,97062.7
6649.492394261145,97429.9
6649.672270833785,97744.1
6649.852147406424,96383.5
6650.0320239790635,97857.7
6650.2119005517025,98309.7
6650.391777124342,96984.0
6650.571653696981,95846.9
6650.751530269621,95800.0
6650.93140684226,94754.7
6651.1112834149,95574.8
6651.291159987539,96277.4
6651.471036560179,96025.9
6651.650913132818,96655.0
6651.830789705457,95413.8
6652.010666278096,94272.2
6652.190542850736,94450.9
6652.370419423375,94787.4
6652.550295996015,94552.8
6652.730172568654,94805.6
6652.910049141294,94882.1
6653.089925713933,95082.3
6653.2698022865725,93596.4
6653.449678859211,93502.8
6653.629555431851,93525.3
6653.80943200449,93210.0
6653.98930857713,93608.8
6654.169185149769,93863.8
6654.349061722409,93434.1
6654.528938295048,93024.3
6654.708814867688,93368.2
6654.8886914403265,93112.9
6655.068568012966,93298.2
6655.248444585605,93262.8
6655.428321158245,93672.9
6655.608197730884,93392.9
6655.788074303524,93248.4
6655.967950876163,92686.3
6656.147827448803,91756.7
6656.327704021442,92186.9
6656.507580594081,92112.8
6656.68745716672,92273.8
6656.86733373936,91375.6
6657.047210311999,90963.4
6657.227086884639,90819.2
6657.406963457278,91226.3
6657.586840029918,91445.9
6657.766716602557,90531.9
6657.9465931751965,91046.2
6658.1264697478355,90267.9
6658.306346320475,89347.8
6658.486222893114,89698.5
6658.666099465754,89696.1
6658.845976038393,89834.0
6659.025852611033,89915.3
6659.205729183672,89681.3
6659.385605756312,89826.9
6659.565482328951,90322.8
6659.74535890159,88241.0
6659.925235474229,88108.1
6660.105112046869,89213.5
6660.284988619509,88315.6
6660.464865192148,87645.0
6660.644741764787,88195.6
6660.824618337427,87444.2
6661.004494910067,87294.3
6661.1843714827055,88046.6
6661.364248055344,88027.4
6661.544124627984,87747.1
6661.724001200624,86590.1
6661.903877773263,86517.2
6662.083754345903,86856.2
6662.263630918542,86454.0
6662.443507491182,87413.1
6662.623384063821,87489.5
6662.80326063646,86310.4
6662.983137209099,86121.2
6663.163013781739,85659.4
6663.342890354378,86447.0
6663.522766927018,84815.2
6663.702643499657,84809.5
6663.882520072297,86098.5
6664.062396644936,85235.8
6664.2422732175755,84271.6
6664.4221497902145,83897.6
6664.602026362854,84758.9
6664.781902935493,84570.3
6664.961779508133,83882.9
6665.141656080772,83223.6
6665.321532653412,83697.1
6665.501409226051,84535.0
6665.681285798691,83808.2
6665.86116237133,84407.5
6666.041038943969,84130.7
6666.220915516608,82503.7
6666.400792089248,81820.0
6666.580668661887,82368.6
6666.760545234527,82950.0
6666.940421807166,82769.4
6667.120298379806,82948.2
6667.300174952445,82651.1
6667.4800515250845,81868.6
6667.659928097723,81368.0
6667.839804670363,82009.5
6668.019681243002,81791.7
6668.199557815642,81229.7
6668.379434388281,81336.7
6668.559310960921,80552.5
6668.73918753356,80529.1
6668.9190641062,79255.5
6669.0989406788385,80098.5
6669.278817251478,80618.5
6669.458693824117,79372.7
6669.638570396757,78364.7
6669.818446969396,78750.2
6669.998323542036,77921.8
6670.178200114675,77320.7
6670.358076687315,78749.3
6670.537953259954,79448.3
6670.717829832593,76655.9
6670.897706405232,76007.5
6671.077582977872,77866.3
6671.257459550511,77262.8
6671.437336123151,75915.0
6671.61721269579,75582.4
6671.79708926843,76541.7
6671.976965841069,76406.2
6672.156842413709,75457.1
6672.3367189863475,74751.1
6672.516595558987,73642.8
6672.696472131626,73721.3
6672.876348704266,73648.9
6673.056225276905,73796.1
6673.236101849545,73979.8
6673.415978422184,73525.9
6673.595854994824,72358.8
6673.775731567463,71238.0
6673.955608140102,71372.9
6674.135484712741,71586.0
6674.315361285381,71063.0
6674.49523785802,71071.9
6674.67511443066,71118.6
6674.854991003299,70990.5
6675.034867575939,69839.2
6675.214744148578,69183.8
6675.3946207212175,68902.1
6675.574497293856,68658.2
6675.754373866496,69365.8
6675.934250439135,67785.2
6676.114127011775,67748.2
6676.294003584414,67546.3
6676.473880157054,66903.5
6676.653756729693,66417.1
6676.833633302333,65741.3
6677.0135098749715,64901.3
6677.193386447611,65214.4
6677.37326302025,65537.3
6677.55313959289,64808.5
6677.733016165529,66615.8
6677.912892738169,66653.8
6678.092769310808,66546.1
6678.272645883448,66337.7
6678.452522456087,65650.0
6678.6323990287265,65947.9
6678.812275601365,65987.5
6678.992152174005,65543.3
6679.172028746644,65550.9
6679.351905319284,65602.5
6679.531781891923,65751.0
6679.711658464563,65243.4
6679.891535037202,65299.1
6680.071411609842,64735.7
6680.2512881824805,64852.1
6680.43116475512,65547.3
6680.611041327759,64596.7
6680.790917900399,64436.5
6680.970794473038,63931.5
6681.150671045678,63899.9
6681.330547618317,63973.6
6681.510424190957,64119.5
6681.690300763596,64192.1
6681.870177336235,64235.9
6682.050053908874,63632.0
6682.229930481514,63733.9
6682.409807054153,64041.5
6682.589683626793,64319.9
6682.769560199432,63888.1
6682.949436772072,63483.6
6683.129313344711,63187.8
6683.3091899173505,63300.1
6683.489066489989,62960.3
6683.668943062629,63263.6
6683.848819635268,62612.6
6684.028696207908,63108.4
6684.208572780547,62434.1
6684.388449353187,63118.6
6684.568325925826,62681.0
6684.748202498466,63327.8
6684.9280790711055,62886.9
6685.107955643744,62716.1
6685.287832216383,62861.4
6685.467708789023,62631.5
6685.647585361663,62455.8
6685.827461934302,62464.4
6686.007338506941,62909.2
6686.187215079581,62858.2
6686.367091652221,62543.9
6686.5469682248595,62872.9
6686.726844797499,61967.5
6686.906721370138,62754.6
6687.086597942778,62595.8
6687.266474515417,62512.6
6687.446351088057,62048.0
6687.626227660696,60864.6
6687.806104233336,62203.1
6687.985980805975,62039.1
6688.165857378614,60831.3
6688.345733951253,60843.6
6688.525610523893,59833.5
6688.705487096532,60712.3
6688.885363669172,61260.0
6689.065240241811,61136.0
6689.245116814451,59893.3
6689.42499338709,59953.8
6689.6048699597295,60070.6
6689.784746532368,60609.9
6689.964623105008,60231.0
6690.144499677647,60212.4
6690.324376250287,59747.4
6690.504252822926,58953.4
6690.684129395566,58875.8
6690.864005968205,59016.0
6691.043882540845,59023.4
6691.2237591134835,58725.0
6691.403635686123,58729.9
6691.583512258762,58683.5
6691.763388831402,58362.1
6691.943265404041,57043.0
6692.123141976681,57031.3
6692.30301854932,56868.9
6692.48289512196,56702.2
6692.662771694599,55923.6
6692.8426482672385,55162.0
6693.022524839877,55488.7
6693.202401412517,55862.9
6693.382277985156,55526.1
6693.562154557796,55196.5
6693.742031130435,55060.7
6693.921907703075,54957.2
6694.101784275714,54392.3
6694.281660848354,55099.8
6694.4615374209925,54676.4
6694.641413993632,54335.4
6694.821290566271,54784.3
6695.001167138911,54140.0
6695.18104371155,53964.1
6695.36092028419,53464.5
6695.540796856829,52646.1
6695.720673429469,53359.7
6695.900550002108,53100.9
6696.080426574747,53327.5
6696.260303147386,53838.2
6696.440179720026,53345.1
6696.620056292665,52436.9
6696.799932865305,51905.5
6696.979809437944,51052.4
6697.159686010584,50468.1
6697.339562583223,51941.0
6697.5194391558625,51231.5
6697.6993157285015,50622.2
6697.879192301141,51179.8
6698.05906887378,50104.0
6698.23894544642,50043.7
6698.418822019059,49623.1
6698.598698591699,49049.6
6698.778575164338,49489.6
6698.958451736978,49193.9
6699.138328309617,48716.2
6699.318204882256,48284.1
6699.498081454895,48579.4
6699.677958027535,49241.3
6699.857834600174,48566.5
6700.037711172814,48257.7
6700.217587745453,48429.8
6700.397464318093,47162.2
6700.577340890732,47228.4
6700.7572174633715,47703.9
6700.93709403601,46986.3
6701.11697060865,47651.2
6701.296847181289,47372.3
6701.476723753929,46932.5
6701.656600326568,46546.7
6701.836476899208,46284.3
6702.016353471847,45907.2
6702.196230044487,46264.4
6702.3761066171255,45765.4
6702.555983189765,44832.5
6702.735859762404,45435.3
6702.915736335044,46288.3
6703.095612907683,45503.5
6703.275489480323,44749.3
6703.455366052962,45012.3
6703.635242625602,44501.5
6703.815119198241,43813.3
6703.99499577088,44377.1
6704.174872343519,43882.1
6704.354748916159,43061.1
6704.534625488798,42774.4
6704.714502061438,43096.3
6704.894378634077,43034.2
6705.074255206717,43229.9
6705.254131779356,43200.6
6705.4340083519955,42949.4
6705.6138849246345,41142.8
6705.793761497274,41088.6
6705.973638069913,42198.7
6706.153514642553,42320.4
6706.333391215192,41118.0
6706.513267787832,41828.9
6706.693144360471,41878.4
6706.873020933111,40623.5
6707.05289750575,40236.2
6707.232774078389,40643.6
6707.412650651028,40180.6
6707.592527223668,39689.2
6707.772403796307,39979.9
6707.952280368947,39267.4
6708.132156941586,39074.5
6708.312033514226,39047.8
6708.491910086865,38895.3
6708.6717866595045,38861.7
6708.851663232143,38526.2
6709.031539804783,37893.1
6709.211416377422,38129.2
6709.391292950062,38913.9
6709.571169522701,37907.5
6709.751046095341,37480.2
6709.93092266798,37675.5
6710.11079924062,37091.5
6710.290675813259,37137.0
6710.470552385898,37422.7
6710.650428958537,37034.1
6710.830305531177,36507.7
6711.010182103817,36059.3
6711.190058676456,36188.2
6711.369935249096,36538.2
6711.549811821735,35759.8
6711.7296883943745,36368.6
6711.9095649670135,35370.4
6712.089441539653,35079.8
6712.269318112292,35539.5
6712.449194684932,34743.6
6712.629071257571,34564.4
6712.808947830211,34320.1
6712.98882440285,34068.3
6713.16870097549,34099.9
6713.348577548129,34349.2
6713.528454120768,33587.8
6713.708330693407,33146.3
6713.888207266047,33345.4
6714.068083838686,33099.2
6714.247960411326,33340.6
6714.427836983965,32872.3
6714.607713556605,32207.1
6714.787590129244,32318.7
6714.9674667018835,32016.9
6715.147343274522,32386.1
6715.327219847162,32185.2
6715.507096419801,31654.7
6715.686972992441,31361.2
6715.86684956508,31120.2
6716.04672613772,30899.3
6716.226602710359,30681.2
6716.406479282999,30969.5
6716.5863558556375,30767.6
6716.766232428277,30054.0
6716.946109000916,30536.1
6717.125985573556,30482.3
6717.305862146195,29396.1
6717.485738718835,29813.5
6717.665615291474,29566.0
6717.845491864114,29049.0
6718.025368436753,29644.8
6718.2052450093925,29871.5
6718.385121582031,28310.9
6718.564998154671,28521.4
6718.74487472731,28410.5
6718.92475129995,28152.0
6719.104627872589,27762.5
6719.284504445229,27715.5
6719.464381017868,27679.6
6719.644257590508,28254.8
6719.8241341631465,27706.4
6720.004010735786,27455.5
6720.183887308425,27494.0
6720.363763881065,27241.4
6720.543640453704,26868.4
6720.723517026344,26110.9
6720.903393598983,26523.9
6721.083270171623,26550.7
6721.263146744262,25805.2
6721.443023316901,25795.8
6721.62289988954,25923.1
6721.80277646218,25433.3
6721.982653034819,25915.2
6722.162529607459,25077.1
6722.342406180098,24980.2
6722.522282752738,25511.7
6722.702159325377,24560.1
6722.8820358980165,24728.2
6723.061912470655,24506.6
6723.241789043295,24180.5
6723.421665615934,24308.4
6723.601542188574,24505.5
6723.781418761213,23760.6
6723.961295333853,23586.9
6724.141171906492,24311.5
6724.321048479132,23005.6
6724.5009250517705,22998.0
6724.68080162441,22795.4
6724.860678197049,22737.7
6725.040554769689,22458.5
6725.220431342328,22450.3
6725.400307914968,22713.9
6725.580184487607,21969.0
6725.760061060247,21748.9
6725.939937632886,21910.9
6726.1198142055255,21781.3
6726.299690778164,21735.0
6726.479567350804,21681.0
6726.659443923443,21768.8
6726.839320496083,20848.6
6727.019197068722,20780.2
6727.199073641362,20702.9
6727.378950214001,20991.2
6727.558826786641,20052.2
6727.7387033592795,20713.7
6727.918579931919,20473.5
6728.098456504558,19978.2
6728.278333077198,20315.6
6728.458209649837,20374.3
6728.638086222477,19868.6
6728.817962795116,19110.8
6728.997839367756,18984.6
6729.177715940395,19029.0
6729.357592513034,19547.2
6729.537469085673,19477.5
6729.717345658313,19831.3
6729.897222230952,19113.1
6730.077098803592,18269.1
6730.256975376231,18528.2
6730.436851948871,18828.3
6730.61672852151,18513.0
6730.7966050941495,17804.7
6730.9764816667885,17628.6
6731.156358239428,17992.8
6731.336234812067,17749.9
6731.516111384707,16994.3
6731.695987957346,16783.7
6731.875864529986,17366.7
6732.055741102625,17500.9
6732.235617675265,16965.7
6732.415494247904,16803.4
6732.595370820543,17189.2
6732.775247393182,15187.4
