7603.71397538,723.204
7603.924677940255,220.763
7604.135380500508,449.804
7604.346083060763,617.627
7604.556785621017,487.02
7604.767488181271,1142.68
7604.978190741525,1940.91
7605.18889330178,1489.41
7605.3995958620335,739.01
7605.610298422288,735.977
7605.8210009825425,949.844
7606.031703542796,1195.72
7606.242406103051,1284.3
7606.453108663305,1343.23
7606.663811223559,1191.61
7606.874513783813,1117.26
7607.085216344067,1375.2
7607.295918904321,1422.14
7607.506621464576,1495.26
7607.717324024829,1232.82
7607.928026585084,1220.72
7608.138729145338,1714.14
7608.349431705592,2377.62
7608.5601342658465,3360.42
7608.770836826101,3193.71
7608.981539386355,1491.57
7609.192241946609,1123.08
7609.402944506864,1580.01
7609.613647067117,1997.97
7609.824349627372,2279.88
7610.035052187626,1628.08
7610.24575474788,1380.78
7610.456457308134,1761.59
7610.667159868389,2675.13
7610.877862428642,4246.67
7611.088564988897,5006.48
7611.299267549151,4916.38
7611.509970109405,4173.47
7611.7206726696595,2681.75
7611.931375229914,1394.03
7612.142077790168,1612.39
7612.352780350422,2250.5
7612.563482910677,2715.49
7612.77418547093,3112.78
7612.984888031185,2387.44
7613.195590591438,2267.97
7613.406293151693,4371.91
7613.616995711947,6298.37
7613.827698272201,7823.28
7614.038400832455,8904.2
7614.24910339271,8803.92
7614.4598059529635,6976.24
7614.670508513218,4243.2
7614.8812110734725,2694.73
7615.091913633726,3318.3
7615.302616193981,5176.36
7615.513318754235,5897.35
7615.724021314489,5999.96
7615.934723874743,4957.51
7616.145426434998,5383.14
7616.356128995251,8089.08
7616.566831555506,10163.8
7616.77753411576,11488.6
7616.988236676014,13148.6
7617.198939236268,13654.3
7617.409641796523,13633.9
7617.6203443567765,14068.9
7617.831046917031,13967.8
7618.0417494772855,13903.5
7618.252452037539,14315.0
7618.463154597794,14215.1
7618.673857158048,13918.0
7618.884559718302,14151.5
7619.095262278556,13747.2
7619.30596483881,13991.8
7619.516667399064,13557.2
7619.727369959319,12650.4
7619.938072519572,11933.6
7620.148775079827,10968.9
7620.359477640081,8881.78
7620.570180200335,5984.66
7620.7808827605895,4065.44
7620.991585320844,4171.59
7621.202287881098,6034.39
7621.412990441352,8947.5
7621.623693001607,10912.3
7621.83439556186,12129.8
7622.045098122115,12546.8
7622.255800682369,11749.0
7622.466503242623,10017.3
7622.677205802877,7571.59
7622.887908363132,5045.03
7623.098610923385,2865.81
7623.30931348364,2759.68
7623.520016043894,4323.65
7623.730718604148,4872.4
7623.9414211644025,3912.49
7624.152123724657,2770.38
7624.362826284911,2379.51
7624.573528845165,3697.26
7624.78423140542,6476.92
7624.994933965673,8055.52
7625.205636525928,9846.98
7625.416339086181,11527.7
7625.627041646436,12043.5
7625.83774420669,11763.0
7626.048446766944,10442.5
7626.259149327198,8090.18
7626.469851887453,5699.44
7626.6805544477065,3348.79
7626.891257007961,1532.87
7627.1019595682155,2104.9
7627.312662128469,3502.73
7627.523364688724,3414.05
7627.734067248978,2810.32
7627.944769809232,2265.26
7628.155472369486,2640.13
7628.366174929741,4615.21
7628.576877489994,7002.67
7628.787580050249,9155.1
7628.998282610503,11060.8
7629.208985170757,12334.9
7629.419687731011,13111.6
7629.630390291266,12130.7
7629.8410928515195,10852.3
7630.051795411774,9442.46
7630.2624979720285,7533.36
7630.473200532282,5447.95
7630.683903092537,3190.32
7630.894605652791,2327.47
7631.105308213045,2734.02
7631.316010773299,2943.39
7631.526713333553,3092.2
7631.737415893807,2465.53
7631.948118454062,2026.66
7632.158821014315,3174.75
7632.36952357457,5186.77
7632.580226134824,7716.1
7632.790928695078,10760.5
7633.0016312553325,12000.6
7633.212333815587,12974.3
7633.423036375841,13423.4
7633.633738936095,13812.5
7633.84444149635,13268.9
7634.055144056603,11668.7
7634.265846616858,9536.69
7634.476549177112,7219.62
7634.687251737366,4646.46
7634.89795429762,2310.51
7635.108656857875,2171.42
7635.319359418128,2879.78
7635.530061978383,3446.78
7635.740764538637,2984.16
7635.951467098891,2141.79
7636.162169659146,2722.53
7636.3728722194,4730.21
7636.583574779654,7360.88
7636.794277339908,10302.3
7637.004979900163,12386.7
7637.215682460416,13524.0
7637.426385020671,15248.5
7637.637087580924,15520.6
7637.847790141179,15408.9
7638.058492701433,15233.2
7638.269195261687,14653.2
7638.479897821941,12931.9
7638.690600382196,10658.5
7638.90130294245,8393.94
7639.112005502704,5219.81
7639.322708062959,3314.26
7639.533410623212,3526.71
7639.744113183467,3835.48
7639.954815743721,4303.45
7640.165518303975,4094.13
7640.376220864229,3418.14
7640.586923424484,3696.34
7640.797625984737,5877.27
7641.008328544992,9367.71
7641.219031105246,12583.6
7641.4297336655,14661.2
7641.6404362257545,15473.7
7641.851138786009,17086.7
7642.061841346263,17453.4
7642.272543906517,17454.0
7642.483246466772,17381.1
7642.693949027025,17441.6
7642.90465158728,17255.4
7643.115354147534,15476.5
7643.326056707788,12346.3
7643.536759268042,8914.61
7643.747461828296,5858.73
7643.95816438855,4721.36
7644.168866948805,4660.4
7644.3795695090585,4839.48
7644.590272069313,5015.09
7644.8009746295675,4977.4
7645.011677189821,4874.44
7645.222379750076,5672.87
7645.43308231033,8164.9
7645.643784870584,11796.6
7645.854487430838,15337.2
7646.065189991093,17699.3
7646.275892551346,18741.3
7646.486595111601,19388.4
7646.697297671855,20081.4
7646.908000232109,19934.9
7647.118702792363,19505.6
7647.329405352618,19680.2
7647.5401079128715,19585.8
7647.750810473126,18522.6
7647.9615130333805,16938.1
7648.172215593634,14402.1
7648.382918153889,10626.4
7648.593620714143,7597.42
7648.804323274397,6502.73
7649.015025834651,6662.73
7649.225728394906,7391.7
7649.436430955159,7434.35
7649.647133515414,6542.73
7649.857836075667,6265.97
7650.068538635922,7838.86
7650.279241196176,11351.0
7650.48994375643,14955.1
7650.7006463166845,18126.1
7650.911348876939,19642.9
7651.122051437193,21519.0
7651.332753997447,22861.0
7651.543456557702,22420.0
7651.754159117955,21775.4
7651.96486167821,22406.3
7652.175564238464,22971.8
7652.386266798718,22649.5
7652.596969358972,22868.7
7652.807671919227,21524.7
7653.01837447948,19990.1
7653.229077039735,17250.5
7653.439779599989,13928.5
7653.650482160243,10501.1
7653.8611847204975,8873.75
7654.071887280752,9141.51
7654.282589841006,10040.0
7654.49329240126,10602.6
7654.703994961515,9623.8
7654.914697521768,9024.44
7655.125400082023,10634.3
7655.336102642277,14155.9
7655.546805202531,17935.6
7655.757507762785,20588.4
7655.968210323039,22357.7
7656.178912883293,23455.9
7656.389615443548,23972.3
7656.6003180038015,24031.4
7656.811020564056,24247.4
7657.0217231243105,25051.5
7657.232425684564,25064.4
7657.443128244819,24629.0
7657.653830805073,25236.8
7657.864533365327,24562.0
7658.075235925581,23628.7
7658.285938485836,22576.4
7658.496641046089,20422.7
7658.707343606344,17120.4
7658.918046166598,14230.0
7659.128748726852,12612.0
7659.339451287106,12552.9
7659.550153847361,14181.3
7659.7608564076145,14267.4
7659.971558967869,13102.1
7660.1822615281235,12450.5
7660.392964088377,14290.4
7660.603666648632,17365.1
7660.814369208886,20150.7
7661.02507176914,23056.1
7661.235774329394,24983.0
7661.446476889649,26022.6
7661.657179449902,26987.6
7661.867882010157,27003.8
7662.07858457041,27037.3
7662.289287130665,26592.1
7662.499989690919,26198.8
7662.710692251173,25833.9
7662.9213948114275,26629.0
7663.132097371682,26448.5
7663.342799931936,26078.3
7663.55350249219,26103.5
7663.764205052445,24354.7
7663.974907612698,21494.0
7664.185610172953,19313.2
7664.396312733207,16902.2
7664.607015293461,15350.0
7664.817717853715,15623.2
7665.02842041397,16456.6
7665.239122974223,16739.6
7665.449825534478,16600.0
7665.660528094732,16182.7
7665.871230654986,17183.7
7666.0819332152405,19911.9
7666.292635775495,23236.4
7666.503338335749,25891.9
7666.714040896003,27142.3
7666.924743456258,27615.2
7667.135446016511,27541.0
7667.346148576766,26784.2
7667.55685113702,27194.2
7667.767553697274,27569.6
7667.978256257528,27428.6
7668.188958817782,27337.5
7668.399661378036,27379.9
7668.610363938291,27699.9
7668.8210664985445,27963.6
7669.031769058799,27667.3
7669.2424716190535,27301.2
7669.453174179307,27067.7
7669.663876739562,26035.9
7669.874579299816,23824.9
7670.08528186007,20702.5
7670.295984420324,19227.3
7670.506686980579,19477.1
7670.717389540832,19909.0
7670.928092101087,19768.9
7671.138794661341,19448.2
7671.349497221595,19282.3
7671.560199781849,19992.2
7671.770902342104,21790.8
7671.9816049023575,24019.0
7672.192307462612,26295.6
7672.4030100228665,27843.5
7672.61371258312,28446.1
7672.824415143375,29290.1
7673.035117703629,28771.5
7673.245820263883,28080.7
7673.456522824137,28777.3
7673.667225384392,28461.2
7673.877927944645,28121.9
7674.0886305049,28942.7
7674.299333065153,29364.5
7674.510035625408,29472.9
7674.720738185662,29396.6
7674.931440745916,28605.0
7675.1421433061705,28934.5
7675.352845866425,28772.8
7675.563548426679,27587.9
7675.774250986933,26598.4
7675.984953547188,24392.5
7676.195656107441,22712.8
7676.406358667696,22734.4
7676.61706122795,23526.3
7676.827763788204,23948.9
7677.038466348458,23142.6
7677.249168908713,22427.7
7677.459871468966,22658.8
7677.670574029221,23799.1
7677.881276589475,26453.0
7678.091979149729,28011.4
7678.3026817099835,29642.0
7678.513384270238,30029.8
7678.724086830492,29244.0
7678.934789390746,29452.9
7679.145491951001,29981.1
7679.356194511254,30279.3
7679.566897071509,30739.5
7679.777599631763,30223.3
7679.988302192017,30056.0
7680.199004752271,30798.0
7680.409707312525,30882.3
7680.620409872779,30739.4
7680.831112433034,30344.1
7681.0418149932875,30386.0
7681.252517553542,30635.4
7681.4632201137965,30015.2
7681.67392267405,30050.6
7681.884625234305,29139.6
7682.095327794559,28600.5
7682.306030354813,27520.0
7682.516732915067,26020.4
7682.727435475322,26398.2
7682.938138035575,26485.9
7683.14884059583,26208.8
7683.359543156084,26251.5
7683.570245716338,25507.8
7683.780948276592,26545.4
7683.991650836847,27347.2
7684.2023533971005,29112.2
7684.413055957355,30531.7
7684.6237585176095,32093.6
7684.834461077863,31181.5
7685.045163638118,30875.6
7685.255866198372,31129.4
7685.466568758626,31186.0
7685.67727131888,31611.2
7685.887973879135,31959.4
7686.098676439388,31673.4
7686.309378999643,31267.5
7686.520081559896,31358.0
7686.730784120151,31582.6
7686.941486680405,31619.6
7687.152189240659,31689.8
7687.3628918009135,31139.2
7687.573594361168,31193.2
7687.784296921422,31299.1
7687.994999481676,31742.8
7688.205702041931,31505.3
7688.416404602184,30845.9
7688.627107162439,29017.5
7688.837809722693,28658.5
7689.048512282947,28712.7
7689.259214843201,28611.1
7689.469917403456,29052.0
7689.680619963709,28825.9
7689.891322523964,28492.6
7690.102025084218,28777.9
7690.312727644472,29737.6
7690.5234302047265,29643.3
7690.734132764981,30668.4
7690.944835325235,31583.2
7691.155537885489,32495.0
7691.366240445744,33021.4
7691.576943005997,32489.0
7691.787645566252,31716.8
7691.998348126506,32151.5
7692.20905068676,32630.3
7692.419753247014,32501.3
7692.630455807268,32582.6
7692.841158367522,32233.8
7693.051860927777,32135.2
7693.2625634880305,32795.7
7693.473266048285,32370.6
7693.6839686085395,32678.4
7693.894671168793,32914.1
7694.105373729048,33365.5
7694.316076289302,33233.8
7694.526778849556,32280.5
7694.73748140981,32124.9
7694.948183970065,32089.1
7695.158886530318,31340.7
7695.369589090573,30639.4
7695.580291650827,31140.6
7695.790994211081,31382.8
7696.001696771335,30544.6
7696.21239933159,30451.8
7696.4231018918435,30637.4
7696.633804452098,30158.8
7696.844507012353,30183.3
7697.055209572606,30590.0
7697.265912132861,31691.6
7697.476614693115,31717.7
7697.687317253369,32067.8
7697.898019813623,32735.9
7698.108722373878,31848.4
7698.319424934131,31591.1
7698.530127494386,31916.8
7698.740830054639,31493.4
7698.951532614894,32421.7
7699.162235175148,32713.2
7699.372937735402,32286.7
7699.583640295657,32914.8
7699.794342855911,32950.4
7700.005045416165,32373.7
7700.215747976419,32488.3
7700.426450536674,32376.6
7700.637153096927,32383.6
7700.847855657182,32719.2
7701.058558217436,33081.0
7701.26926077769,33392.7
7701.479963337944,32735.5
7701.690665898199,32534.8
7701.901368458452,32983.7
7702.112071018707,31961.2
7702.3227735789615,31459.4
7702.533476139215,31683.0
7702.74417869947,32491.2
7702.954881259724,31951.4
7703.165583819978,31827.4
7703.376286380232,32000.3
7703.586988940487,31997.1
7703.79769150074,32216.3
7704.008394060995,32265.8
7704.219096621249,32519.3
7704.429799181503,33266.2
7704.640501741757,34234.0
7704.851204302011,33618.0
7705.0619068622655,33819.0
7705.27260942252,34088.1
7705.483311982774,33997.2
7705.694014543028,33477.5
7705.904717103283,34194.9
7706.115419663536,34980.7
7706.326122223791,34439.4
7706.536824784045,33873.3
7706.747527344299,34599.5
7706.958229904553,35167.2
7707.168932464808,35359.3
7707.379635025061,34468.9
7707.590337585316,34481.6
7707.80104014557,34935.7
7708.011742705824,34793.4
7708.2224452660785,35545.0
7708.433147826333,35651.8
7708.643850386587,34539.9
7708.854552946841,33391.7
7709.065255507096,33582.5
7709.275958067349,33973.0
7709.486660627604,32873.3
7709.697363187858,33456.8
7709.908065748112,32734.9
7710.118768308366,33021.5
7710.329470868621,32462.0
7710.540173428874,31350.0
7710.750875989129,31173.2
7710.9615785493825,31362.3
7711.172281109637,32034.5
7711.3829836698915,32746.3
7711.593686230145,33860.4
7711.8043887904,34122.2
7712.015091350654,33988.4
7712.225793910908,34511.0
7712.436496471162,34621.2
7712.647199031417,34948.6
7712.85790159167,34827.3
7713.068604151925,34114.9
7713.279306712179,35143.9
7713.490009272433,35213.1
7713.700711832687,35140.2
7713.911414392942,35264.9
7714.1221169531955,34936.3
7714.33281951345,34512.3
7714.5435220737045,34504.6
7714.754224633958,34776.1
7714.964927194213,34661.3
7715.175629754467,34184.4
7715.386332314721,35208.5
7715.597034874975,35091.1
7715.80773743523,34378.9
7716.018439995483,34247.7
7716.229142555738,34005.2
7716.439845115992,33780.0
7716.650547676246,33636.1
7716.8612502365,33397.9
7717.071952796754,31995.8
7717.2826553570085,31731.7
7717.493357917263,32696.2
7717.704060477517,32893.6
7717.914763037771,33461.5
7718.125465598026,33199.8
7718.336168158279,32682.1
7718.546870718534,32309.8
7718.757573278788,32518.9
7718.968275839042,33128.9
7719.178978399296,33047.4
7719.389680959551,32981.1
7719.600383519804,33605.3
7719.811086080059,33469.4
7720.021788640313,32663.7
7720.232491200567,32282.5
7720.4431937608215,32839.5
7720.653896321076,33203.5
7720.86459888133,32497.9
7721.075301441584,32092.1
7721.286004001839,31816.9
7721.496706562092,32202.4
7721.707409122347,32545.9
7721.918111682601,32630.3
7722.128814242855,32447.7
7722.339516803109,32689.2
7722.550219363364,32705.4
7722.760921923617,32600.3
7722.971624483872,32767.5
7723.1823270441255,33134.9
7723.39302960438,33691.8
7723.6037321646345,32564.9
7723.814434724888,31765.2
7724.025137285143,32427.3
7724.235839845397,32502.8
7724.446542405651,33692.0
7724.657244965905,33605.7
7724.86794752616,33444.0
7725.078650086413,32938.9
7725.289352646668,32903.1
7725.500055206922,32174.4
7725.710757767176,32576.3
7725.92146032743,32932.5
7726.132162887685,33354.0
7726.3428654479385,33553.9
7726.553568008193,33567.4
7726.7642705684475,34082.6
7726.974973128701,33040.6
7727.185675688956,32068.3
7727.39637824921,32869.6
7727.607080809464,33247.4
7727.817783369718,33225.6
7728.028485929973,33390.2
7728.239188490226,33585.4
7728.449891050481,33328.1
7728.660593610735,32997.5
7728.871296170989,32760.0
7729.081998731243,33549.7
7729.292701291497,34020.5
7729.5034038517515,33523.5
7729.714106412006,33053.9
7729.92480897226,32228.9
7730.135511532514,32063.9
7730.346214092769,32290.8
7730.556916653022,32495.3
7730.767619213277,32328.1
7730.978321773531,32753.8
7731.189024333785,33627.1
7731.399726894039,33057.4
7731.610429454294,32384.5
7731.821132014547,33012.8
7732.031834574802,32774.8
7732.242537135056,33574.0
7732.45323969531,33086.8
7732.6639422555645,32322.8
7732.874644815819,32760.2
7733.085347376073,32781.9
7733.296049936327,33143.9
7733.506752496582,32482.0
7733.717455056835,33247.1
7733.92815761709,33006.2
7734.138860177344,32056.0
7734.349562737598,32438.3
7734.560265297852,33224.3
7734.770967858107,33183.9
7734.98167041836,32462.7
7735.192372978615,31649.0
7735.4030755388685,32234.4
7735.613778099123,32407.6
7735.8244806593775,32176.8
7736.035183219631,32754.8
7736.245885779886,32884.9
7736.45658834014,33202.0
7736.667290900394,33115.3
7736.877993460648,32443.0
7737.088696020903,31961.9
7737.299398581156,32074.8
7737.510101141411,32164.1
7737.720803701665,32697.0
7737.931506261919,33016.1
7738.142208822173,32180.4
7738.352911382428,32287.3
7738.5636139426815,32520.5
7738.774316502936,32246.1
7738.9850190631905,32256.3
7739.195721623444,31964.8
7739.406424183699,31489.3
7739.617126743953,31957.4
7739.827829304207,31832.4
7740.038531864461,32156.1
7740.249234424716,32505.7
7740.459936984969,32062.8
7740.670639545224,32224.3
7740.881342105478,32586.7
7741.092044665732,31357.4
7741.302747225986,31849.5
7741.51344978624,32119.4
7741.7241523464945,31777.0
7741.934854906749,32270.7
7742.145557467003,31327.0
7742.356260027257,31479.2
7742.566962587512,31321.5
7742.777665147765,31190.4
7742.98836770802,31143.9
7743.199070268274,31368.6
7743.409772828528,31540.9
7743.620475388782,31315.6
7743.831177949037,31121.0
7744.04188050929,31284.9
7744.252583069545,30960.2
7744.463285629799,30997.6
7744.673988190053,31895.6
7744.8846907503075,31762.9
7745.095393310562,31326.2
7745.306095870816,31748.1
7745.51679843107,30984.4
7745.727500991325,31623.9
7745.938203551578,31994.9
7746.148906111833,31381.6
7746.359608672087,31153.4
7746.570311232341,31844.2
7746.781013792595,31707.0
7746.99171635285,31299.7
7747.202418913103,31037.4
7747.413121473358,30471.8
7747.6238240336115,30614.7
7747.834526593866,31260.3
7748.0452291541205,31131.1
7748.255931714374,31277.5
7748.466634274629,31485.3
7748.677336834883,31573.1
7748.888039395137,30960.5
7749.098741955391,31349.2
7749.309444515646,31334.6
7749.520147075899,31268.3
7749.730849636154,32016.2
7749.941552196408,31415.4
7750.152254756662,30404.7
7750.362957316916,30314.0
7750.573659877171,30694.4
7750.7843624374245,30517.3
7750.995064997679,30360.0
7751.2057675579335,30738.1
7751.416470118187,30865.9
7751.627172678442,30861.8
7751.837875238696,31103.7
7752.04857779895,30841.1
7752.259280359204,31226.5
7752.469982919459,31452.5
7752.680685479712,30203.4
7752.891388039967,30204.8
7753.102090600221,30772.0
7753.312793160475,30260.2
7753.523495720729,30405.7
7753.734198280983,31254.3
7753.9449008412375,30972.5
7754.155603401492,30838.0
7754.366305961746,31032.5
7754.577008522,30799.9
7754.787711082255,30479.8
7754.998413642508,30469.3
7755.209116202763,30326.3
7755.419818763017,30102.0
7755.630521323271,30936.8
7755.841223883525,30379.4
7756.05192644378,30267.0
7756.262629004033,31058.6
7756.473331564288,30181.8
7756.684034124542,29946.1
7756.894736684796,30313.8
7757.105439245051,30343.6
7757.316141805305,29840.7
7757.526844365559,29745.4
7757.737546925813,29751.5
7757.948249486068,29473.4
7758.158952046321,29908.4
7758.369654606576,29700.7
7758.58035716683,29711.0
7758.791059727084,30088.5
7759.001762287338,29368.0
7759.212464847593,29305.8
7759.423167407846,29897.2
7759.633869968101,30242.4
7759.844572528355,29219.0
7760.055275088609,28999.1
7760.265977648864,29720.3
7760.476680209117,30087.7
7760.687382769372,30078.7
7760.898085329626,29952.9
7761.10878788988,29712.6
7761.319490450134,29006.8
7761.530193010389,28568.4
7761.740895570642,29393.4
7761.951598130897,29583.9
7762.162300691151,28513.6
7762.373003251405,28599.2
7762.5837058116595,29450.9
7762.794408371914,29154.8
7763.005110932168,28824.8
7763.215813492422,29163.9
7763.426516052677,28817.2
7763.63721861293,29147.1
7763.847921173185,28594.5
7764.058623733439,28425.2
7764.269326293693,28769.4
7764.480028853947,28592.0
7764.690731414202,29197.0
7764.901433974455,28860.2
7765.11213653471,28456.0
7765.322839094964,28941.1
7765.533541655218,28786.2
7765.7442442154725,28780.3
7765.954946775726,29071.3
7766.165649335981,28521.7
7766.376351896235,28128.3
7766.587054456489,28494.5
7766.797757016743,27515.8
7767.008459576998,27426.6
7767.219162137251,27742.0
7767.429864697506,27648.0
7767.64056725776,27748.6
7767.851269818014,27850.5
7768.061972378268,27439.4
7768.272674938523,27529.3
7768.4833774987765,27894.9
7768.694080059031,27343.9
7768.9047826192855,26925.5
7769.115485179539,27033.4
7769.326187739794,26664.8
7769.536890300048,27460.7
7769.747592860302,27084.7
7769.958295420556,26413.8
7770.168997980811,25843.6
7770.379700541064,24401.9
7770.590403101319,23475.4
7770.801105661573,21678.9
7771.011808221827,19306.0
7771.222510782081,18142.3
7771.433213342336,17910.7
7771.6439159025895,18022.0
7771.854618462844,19508.9
7772.065321023098,22171.4
7772.276023583352,22649.9
7772.486726143607,22957.0
7772.69742870386,22265.6
7772.908131264115,20954.8
7773.118833824369,19213.4
7773.329536384623,18271.1
7773.540238944877,18013.3
7773.750941505132,17392.5
7773.961644065385,17089.4
7774.17234662564,17416.7
7774.383049185894,18935.8
7774.593751746148,19071.1
7774.8044543064025,20096.4
7775.015156866657,20275.0
7775.225859426911,21547.5
7775.436561987165,23064.2
7775.64726454742,24233.4
7775.857967107673,24462.6
7776.068669667928,26107.0
7776.279372228182,25727.1
7776.490074788436,26306.9
7776.70077734869,26241.6
7776.911479908945,25847.3
7777.122182469198,26196.3
7777.332885029453,25899.5
7777.543587589707,26265.4
7777.754290149961,26268.0
7777.9649927102155,26660.5
7778.175695270469,26557.9
7778.386397830724,26927.4
7778.597100390978,26404.1
7778.807802951232,27131.7
7779.018505511486,27067.8
7779.229208071741,26667.0
7779.439910631994,26210.8
7779.650613192249,25863.9
7779.861315752503,26660.6
7780.072018312757,26648.6
7780.282720873011,26380.9
7780.493423433266,26031.9
7780.7041259935195,26096.0
7780.914828553774,26087.4
7781.1255311140285,25927.9
7781.336233674282,24906.1
7781.546936234537,25220.7
7781.757638794791,26107.4
7781.968341355045,26538.8
7782.179043915299,26661.1
7782.389746475554,26238.4
7782.600449035807,26634.9
7782.811151596062,27016.0
7783.021854156316,26891.9
7783.23255671657,27135.2
7783.443259276824,26015.6
7783.653961837079,26518.1
7783.8646643973325,26474.6
7784.075366957587,26074.9
7784.286069517841,25596.6
7784.496772078095,26480.8
7784.70747463835,26502.7
7784.918177198603,26769.1
7785.128879758858,26372.8
7785.339582319112,25801.3
7785.550284879366,25918.9
7785.76098743962,25608.3
7785.971689999875,25829.1
7786.182392560128,25209.8
7786.393095120383,25464.9
7786.603797680637,25500.6
7786.814500240891,25423.3
7787.0252028011455,26054.7
7787.2359053614,26569.2
7787.446607921654,25857.4
7787.657310481908,25468.5
7787.868013042163,25772.2
7788.078715602416,25362.0
7788.289418162671,24873.2
7788.500120722925,24964.6
7788.710823283179,25347.2
7788.921525843433,25032.4
7789.132228403688,24515.4
7789.342930963941,24595.9
7789.553633524196,24999.9
7789.76433608445,25408.6
7789.975038644704,25301.1
7790.1857412049585,25477.6
7790.396443765212,25756.8
7790.607146325467,26474.3
7790.817848885721,25911.3
7791.028551445975,25289.8
7791.239254006229,25163.8
7791.449956566484,24590.2
7791.660659126737,24759.5
7791.871361686992,24537.0
7792.082064247246,25083.3
7792.2927668075,24316.3
7792.503469367754,23856.7
7792.714171928009,24225.2
7792.9248744882625,24795.7
7793.135577048517,24572.4
7793.3462796087715,24114.4
7793.556982169025,24077.7
7793.76768472928,24416.2
7793.978387289534,24524.6
7794.189089849788,23773.2
7794.399792410042,24142.6
7794.610494970297,24277.0
7794.82119753055,24288.4
7795.031900090805,24542.4
7795.242602651059,23957.2
7795.453305211313,23683.5
7795.664007771567,24081.1
7795.874710331822,23628.3
7796.0854128920755,24902.9
7796.29611545233,24137.6
7796.506818012584,23209.5
7796.717520572838,23906.2
7796.928223133093,24528.5
7797.138925693346,23186.2
7797.349628253601,23344.0
7797.560330813855,23894.8
7797.771033374109,23453.9
7797.981735934363,23611.8
7798.192438494618,24210.0
7798.403141054871,23610.6
7798.613843615126,24486.9
7798.82454617538,25123.7
7799.035248735634,23877.5
7799.2459512958885,23362.3
7799.456653856143,23342.9
7799.667356416397,23305.1
7799.878058976651,23981.3
7800.088761536906,23444.0
7800.299464097159,23051.6
7800.510166657414,23036.0
7800.720869217668,23484.1
7800.931571777922,23646.9
7801.142274338176,23467.6
7801.352976898431,23277.2
7801.563679458684,23114.4
7801.774382018939,23144.9
7801.985084579193,22473.9
7802.195787139447,23001.8
7802.4064896997015,22827.2
7802.617192259955,22852.2
7802.82789482021,22982.3
7803.038597380464,22908.8
7803.249299940718,22824.7
7803.460002500972,22790.1
7803.670705061227,22910.5
7803.88140762148,22905.3
7804.092110181735,22584.2
7804.302812741989,21623.5
7804.513515302243,21872.5
7804.724217862497,21962.8
7804.934920422752,21914.1
7805.1456229830055,22133.7
7805.35632554326,22861.1
7805.5670281035145,23216.4
7805.777730663768,22892.1
7805.988433224023,22375.1
7806.199135784277,21873.5
7806.409838344531,21578.1
7806.620540904785,22745.0
7806.83124346504,22454.8
7807.041946025293,22120.5
7807.252648585548,21921.6
7807.463351145802,21948.9
7807.674053706056,21748.3
7807.88475626631,21620.5
7808.095458826565,22808.9
7808.3061613868185,22030.2
7808.516863947073,21867.0
7808.727566507327,21633.7
7808.938269067581,21577.0
7809.148971627836,21522.2
7809.359674188089,21594.1
7809.570376748344,21381.7
7809.781079308598,21951.0
7809.991781868852,21771.3
7810.202484429106,21306.7
7810.413186989361,21310.6
7810.623889549614,21131.8
7810.834592109869,21086.3
7811.045294670123,20331.3
7811.255997230377,20485.8
7811.4666997906315,20664.8
7811.677402350886,20683.7
7811.88810491114,20802.2
7812.098807471394,20711.0
7812.309510031649,20647.8
7812.520212591902,20599.5
7812.730915152157,21004.1
7812.941617712411,20539.4
7813.152320272665,20325.6
7813.363022832919,20041.1
7813.573725393174,20212.1
7813.784427953427,20601.5
7813.995130513682,21021.9
7814.205833073936,21239.9
7814.41653563419,20631.1
7814.6272381944445,20717.0
7814.837940754698,20394.5
7815.048643314953,20496.0
7815.259345875207,20059.4
7815.470048435461,19833.9
7815.680750995715,20576.6
7815.89145355597,20336.5
7816.102156116223,19976.3
7816.312858676478,20704.6
7816.523561236732,20038.4
7816.734263796986,20043.3
7816.94496635724,19782.2
7817.155668917495,19552.5
7817.3663714777485,19347.8
7817.577074038003,19647.3
7817.787776598258,19824.7
7817.998479158511,19167.4
7818.209181718766,18869.2
7818.41988427902,19546.1
7818.630586839274,18810.2
7818.841289399528,18683.6
7819.051991959783,19092.8
7819.262694520036,19286.2
7819.473397080291,19153.2
7819.684099640545,19263.3
7819.894802200799,20203.3
7820.105504761053,18881.6
7820.316207321308,18117.1
7820.526909881562,18956.6
7820.737612441816,18718.6
7820.94831500207,18278.2
7821.159017562324,18941.0
7821.369720122579,18794.1
7821.580422682832,19050.9
7821.791125243087,19391.7
7822.001827803341,18508.9
7822.212530363595,18851.9
7822.423232923849,18801.1
7822.633935484104,18722.0
7822.844638044357,18934.4
7823.055340604612,18950.5
7823.2660431648665,18397.2
7823.47674572512,18070.5
7823.687448285375,17816.8
7823.898150845629,18373.3
7824.108853405883,18737.6
7824.319555966137,18543.4
7824.530258526392,18340.9
7824.740961086645,18415.5
7824.9516636469,18877.9
7825.162366207154,18338.9
7825.373068767408,18269.9
7825.583771327662,17767.0
7825.794473887917,18184.9
7826.0051764481705,18021.3
7826.215879008425,17740.0
7826.4265815686795,17652.8
7826.637284128933,17720.4
7826.847986689188,17982.5
7827.058689249441,17630.6
7827.269391809696,17247.9
7827.48009436995,18155.2
7827.690796930204,18226.8
7827.901499490458,17440.4
7828.112202050713,17896.4
7828.322904610966,18351.2
7828.533607171221,18255.9
7828.744309731475,17806.2
7828.955012291729,16822.9
7829.1657148519835,16791.5
7829.376417412238,17321.2
7829.587119972492,17049.3
7829.797822532746,17390.6
7830.008525093001,17690.0
7830.219227653254,17087.5
7830.429930213509,16886.1
7830.640632773763,16866.9
7830.851335334017,17195.1
7831.062037894271,17723.9
7831.272740454526,17554.7
7831.483443014779,17463.5
7831.694145575034,16602.4
7831.904848135288,16074.5
7832.115550695542,16826.4
7832.3262532557965,15692.2
7832.536955816051,16070.0
7832.747658376305,15775.7
7832.958360936559,16801.3
7833.169063496813,16824.7
7833.379766057067,17138.8
7833.590468617322,16930.8
7833.801171177575,16956.9
7834.01187373783,16551.4
7834.222576298084,16502.5
7834.433278858338,16602.3
7834.643981418592,16298.4
7834.854683978847,16214.5
7835.0653865391005,16368.7
7835.276089099355,16354.7
7835.4867916596095,16105.9
7835.697494219863,16379.5
7835.908196780118,15859.0
7836.118899340372,15424.3
7836.329601900626,15829.1
7836.54030446088,15716.1
7836.751007021135,15293.6
7836.961709581388,15420.6
7837.172412141643,15171.9
7837.383114701897,15834.8
7837.593817262151,16250.4
7837.804519822405,15480.1
7838.01522238266,15630.2
7838.2259249429135,16198.9
7838.436627503168,15472.8
7838.6473300634225,15611.9
7838.858032623676,15321.7
7839.068735183931,15319.2
7839.279437744184,15320.0
7839.490140304439,14245.8
7839.700842864693,14845.9
7839.911545424947,15076.9
7840.122247985201,14940.0
7840.332950545456,14392.9
7840.543653105709,14727.5
7840.754355665964,14089.2
7840.965058226218,14966.5
7841.175760786472,15499.0
7841.3864633467265,15700.4
7841.597165906981,14794.2
7841.807868467235,14154.1
7842.018571027489,14833.2
7842.229273587744,14307.5
7842.439976147997,14173.7
7842.650678708252,15035.9
7842.861381268506,14237.9
7843.07208382876,14155.4
7843.282786389014,14144.8
7843.493488949269,13847.3
7843.704191509522,14157.5
7843.914894069777,13747.1
7844.125596630031,13862.9
7844.336299190285,14470.2
7844.5470017505395,15641.2
7844.757704310794,14190.7
7844.968406871048,13547.7
7845.179109431302,14788.6
7845.389811991556,14468.5
7845.60051455181,13888.4
7845.811217112065,13881.1
7846.021919672318,14502.4
7846.232622232573,13864.8
7846.443324792827,13499.9
7846.654027353081,13624.7
7846.864729913335,13297.6
7847.07543247359,13675.2
7847.2861350338435,13322.7
7847.496837594098,13842.7
7847.7075401543525,12961.6
7847.918242714606,13637.5
7848.128945274861,13338.5
7848.339647835115,13220.3
7848.550350395369,13500.9
7848.761052955623,13110.8
7848.971755515878,13259.0
7849.182458076131,12886.2
7849.393160636386,12982.9
7849.60386319664,13602.4
7849.814565756894,14056.4
7850.025268317148,13427.2
7850.235970877403,12894.6
7850.4466734376565,13191.1
7850.657375997911,12965.4
7850.8680785581655,13183.3
7851.078781118419,12847.9
7851.289483678674,12600.5
7851.500186238927,12374.3
7851.710888799182,12105.5
7851.921591359436,12588.1
7852.13229391969,12518.8
7852.342996479944,12891.7
7852.553699040199,12499.8
7852.764401600452,12908.7
7852.975104160707,12541.1
7853.185806720961,12763.4
7853.396509281215,12159.3
7853.6072118414695,12396.3
7853.817914401724,12535.4
7854.028616961978,12352.4
7854.239319522232,11915.1
7854.450022082487,12034.8
7854.66072464274,11468.2
7854.871427202995,11418.9
7855.082129763249,11576.9
7855.292832323503,11375.3
7855.503534883757,11449.2
7855.714237444012,11982.4
7855.924940004265,11966.3
7856.13564256452,11916.5
7856.346345124774,11968.9
7856.557047685028,12242.9
7856.7677502452825,11859.8
7856.978452805537,11608.6
7857.189155365791,12341.7
7857.399857926045,12984.7
7857.610560486299,11905.6
7857.821263046553,11462.3
7858.031965606808,11879.7
7858.242668167061,11904.0
7858.453370727316,10978.4
7858.66407328757,12132.2
7858.874775847824,11710.6
7859.085478408078,10939.6
7859.296180968333,11167.4
7859.5068835285865,11150.2
7859.717586088841,10543.1
7859.9282886490955,11551.8
7860.138991209349,11412.0
7860.349693769604,11112.2
7860.560396329858,11605.5
7860.771098890112,10970.1
7860.981801450366,10968.2
7861.192504010621,11291.4
7861.403206570874,10689.0
7861.613909131129,10778.9
7861.824611691383,10871.3
7862.035314251637,11014.8
7862.246016811891,11000.5
7862.456719372146,10555.3
7862.6674219323995,11130.4
7862.878124492654,10794.2
7863.0888270529085,10729.0
7863.299529613162,10516.5
7863.510232173417,10585.3
7863.72093473367,10418.2
7863.931637293925,10473.4
7864.142339854179,11152.6
7864.353042414433,9929.66
7864.563744974687,10085.0
7864.774447534942,9705.53
7864.985150095195,9887.63
7865.19585265545,9406.3
7865.406555215704,10150.8
7865.617257775958,10911.1
7865.8279603362125,10078.3
7866.038662896467,9313.1
7866.249365456721,8930.94
7866.460068016975,7846.54
7866.67077057723,8251.72
7866.881473137483,8181.26
7867.092175697738,9062.62
7867.302878257992,9362.86
7867.513580818246,9582.29
7867.7242833785,10184.6
7867.934985938755,10131.4
7868.145688499008,9809.46
7868.356391059263,9829.63
7868.567093619517,10481.8
7868.777796179771,9953.75
7868.9884987400255,10094.9
7869.19920130028,10459.8
7869.409903860534,10326.6
7869.620606420788,9562.35
7869.831308981042,9059.74
7870.042011541296,9195.22
7870.252714101551,8262.29
7870.463416661804,8010.42
7870.674119222059,8500.95
7870.884821782313,8226.59
7871.095524342567,8973.53
7871.306226902821,8750.39
7871.516929463076,9326.51
7871.7276320233295,9361.72
7871.938334583584,9120.14
7872.1490371438385,9128.49
7872.359739704092,8946.06
7872.570442264347,8756.36
7872.781144824601,8209.26
7872.991847384855,8515.03
7873.202549945109,7774.5
7873.413252505364,7871.27
7873.623955065617,8588.51
7873.834657625872,8455.91
7874.045360186126,7857.95
7874.25606274638,7703.65
7874.466765306634,8581.75
7874.677467866889,8368.92
7874.8881704271425,8377.46
7875.098872987397,8193.55
7875.309575547652,8054.64
7875.520278107905,8142.18
7875.73098066816,7555.8
7875.941683228413,7462.4
7876.152385788668,7810.04
7876.363088348922,7375.76
7876.573790909176,6759.29
7876.78449346943,6060.24
7876.995196029685,6704.4
7877.205898589938,5753.9
7877.416601150193,7007.62
7877.627303710447,7724.78
7877.838006270701,7383.93
7878.048708830956,7673.51
7878.25941139121,7618.02
7878.470113951464,7857.1
7878.680816511718,7705.84
7878.891519071973,7984.2
7879.102221632226,8283.38
7879.312924192481,7589.9
7879.523626752735,7141.25
7879.734329312989,7285.73
7879.945031873243,7665.95
7880.155734433498,6805.12
7880.366436993751,6499.8
7880.577139554006,6804.55
7880.7878421142605,6910.93
7880.998544674514,6533.0
7881.209247234769,5507.92
7881.419949795023,6310.08
7881.630652355277,6439.28
7881.841354915531,6743.18
7882.052057475785,6928.8
7882.262760036039,6901.32
7882.473462596294,6136.6
7882.684165156547,6736.23
7882.894867716802,6718.76
7883.105570277056,6659.11
7883.31627283731,7114.03
7883.5269753975645,7367.98
7883.737677957819,6734.68
7883.948380518073,6736.67
7884.159083078327,6728.78
7884.369785638582,6111.24
7884.580488198835,6109.43
7884.79119075909,6068.57
7885.001893319344,6079.06
7885.212595879598,5798.85
7885.423298439852,5325.86
7885.634001000107,5738.85
7885.84470356036,6131.38
7886.055406120615,5854.25
7886.266108680869,5428.1
7886.476811241123,5761.38
7886.6875138013775,5724.29
7886.898216361632,5297.69
7887.108918921886,5276.94
7887.31962148214,4699.16
7887.530324042395,4885.17
7887.741026602648,4691.11
7887.951729162903,5574.46
7888.162431723156,5760.67
7888.373134283411,5965.89
7888.583836843665,6053.21
7888.794539403919,6306.46
7889.005241964173,5757.83
7889.215944524428,5521.05
7889.4266470846815,5341.87
7889.637349644936,4551.53
7889.8480522051905,5305.7
7890.058754765444,5561.95
7890.269457325699,5730.4
7890.480159885953,5539.93
7890.690862446207,5272.24
7890.901565006461,4790.39
7891.112267566716,5176.05
7891.322970126969,5499.01
7891.533672687224,4521.64
7891.744375247478,4701.53
7891.955077807732,4864.6
7892.165780367986,4626.12
7892.376482928241,4136.72
7892.5871854884945,4100.17
7892.797888048749,4825.89
7893.0085906090035,4103.29
