7605.5634427077,3561.82
7605.7748662009335,3877.16
7605.986289694166,3791.39
7606.197713187399,3799.46
7606.4091366806315,3104.33
7606.620560173865,3047.78
7606.831983667097,3862.67
7607.04340716033,3557.77
7607.254830653564,4409.61
7607.466254146796,4532.05
7607.677677640029,4038.92
7607.889101133262,4716.4
7608.100524626495,5587.2
7608.311948119728,5972.52
7608.523371612961,6353.91
7608.734795106194,5556.59
7608.946218599426,3816.38
7609.157642092659,3026.75
7609.369065585892,3798.49
7609.580489079125,5119.1
7609.791912572358,5285.57
7610.003336065591,4739.91
7610.214759558824,5487.16
7610.426183052056,7361.48
7610.63760654529,8974.96
7610.849030038523,10611.0
7611.060453531755,11076.8
7611.2718770249885,10061.8
7611.483300518221,8150.58
7611.694724011454,6199.29
7611.9061475046865,5436.6
7612.11757099792,6103.32
7612.328994491153,6568.83
7612.540417984385,7434.18
7612.751841477619,6998.82
7612.963264970851,7312.32
7613.174688464084,9500.97
7613.386111957318,12996.6
7613.59753545055,16924.8
7613.808958943783,18968.9
7614.0203824370155,19191.2
7614.231805930249,17129.1
7614.443229423481,13557.4
7614.654652916714,10268.3
7614.866076409948,9181.64
7615.07749990318,10293.0
7615.288923396413,12006.7
7615.500346889646,13110.4
7615.711770382879,13231.0
7615.923193876112,14734.3
7616.134617369345,16407.2
7616.346040862578,19415.5
7616.55746435581,23969.7
7616.7688878490435,27026.4
7616.980311342276,28229.3
7617.191734835509,29728.8
7617.403158328742,29583.8
7617.614581821975,29574.1
7617.826005315208,30857.3
7618.03742880844,31771.0
7618.248852301674,31891.9
7618.460275794907,31481.9
7618.671699288139,30459.6
7618.883122781373,30169.3
7619.094546274605,31127.4
7619.305969767838,29700.1
7619.5173932610705,28603.3
7619.728816754304,27510.4
7619.940240247537,25683.4
7620.151663740769,22818.1
7620.363087234003,19354.8
7620.574510727235,16297.0
7620.785934220468,14410.4
7620.997357713702,14575.2
7621.208781206934,17130.8
7621.420204700167,20988.0
7621.6316281934,24911.2
7621.843051686633,26831.2
7622.054475179865,26547.9
7622.2658986730985,25163.0
7622.477322166332,22014.1
7622.688745659564,17029.7
7622.900169152797,13320.7
7623.11159264603,10220.3
7623.323016139263,9325.36
7623.534439632496,10969.0
7623.745863125729,11365.3
7623.957286618962,10031.7
7624.168710112194,8946.36
7624.380133605428,9137.74
7624.59155709866,11677.1
7624.802980591893,15363.7
7625.014404085126,20397.8
7625.225827578359,24832.0
7625.437251071592,27576.3
7625.648674564824,27278.0
7625.860098058058,25565.5
7626.071521551291,23461.9
7626.282945044523,19233.0
7626.494368537757,14090.7
7626.705792030989,10802.4
7626.917215524222,9062.31
7627.128639017455,8152.81
7627.340062510688,8291.62
7627.551486003921,8626.32
7627.7629094971535,8336.92
7627.974332990387,8159.71
7628.185756483619,8974.19
7628.397179976852,11536.0
7628.608603470086,16676.4
7628.820026963318,21375.1
7629.031450456551,25361.8
7629.242873949784,27722.4
7629.454297443017,28922.1
7629.665720936249,28183.4
7629.8771444294825,26068.0
7630.088567922716,23213.2
7630.299991415948,18733.8
7630.511414909181,14274.9
7630.722838402414,10452.3
7630.934261895647,8162.99
7631.14568538888,7283.39
7631.357108882113,7405.08
7631.568532375346,7867.54
7631.779955868578,8383.74
7631.991379361812,8883.03
7632.202802855044,10222.3
7632.414226348277,14324.2
7632.6256498415105,20569.5
7632.837073334743,25419.7
7633.048496827976,28690.3
7633.2599203212085,30368.1
7633.471343814442,31499.7
7633.682767307675,31720.3
7633.894190800907,30580.7
7634.105614294141,28379.2
7634.317037787373,24395.0
7634.528461280606,18912.5
7634.739884773839,14772.1
7634.951308267072,11589.3
7635.162731760305,8847.12
7635.3741552535375,7809.25
7635.585578746771,8626.42
7635.797002240003,8771.12
7636.008425733236,8855.6
7636.21984922647,10878.7
7636.431272719702,13570.7
7636.642696212935,17258.3
7636.854119706168,23514.4
7637.065543199401,27695.0
7637.276966692633,31488.1
7637.488390185867,33825.2
7637.6998136791,35442.9
7637.911237172332,36012.5
7638.1226606655655,34403.5
7638.334084158798,32142.4
7638.545507652031,29820.5
7638.756931145264,25312.4
7638.968354638497,20052.6
7639.17977813173,16010.5
7639.391201624962,12648.9
7639.602625118196,10714.3
7639.814048611428,10087.6
7640.025472104661,10140.0
7640.2368955978945,11309.1
7640.448319091127,12682.3
7640.65974258436,14130.9
7640.8711660775925,17761.5
7641.082589570826,22944.9
7641.294013064059,29456.8
7641.505436557291,33972.9
7641.716860050525,36966.7
7641.928283543757,39014.6
7642.13970703699,40382.1
7642.351130530223,40449.7
7642.562554023456,39400.6
7642.773977516689,38401.1
7642.985401009922,36768.7
7643.196824503155,33388.1
7643.408247996387,29078.2
7643.6196714896205,23504.8
7643.831094982854,20063.1
7644.042518476086,16333.3
7644.253941969319,13674.7
7644.465365462552,13122.5
7644.676788955785,13526.2
7644.888212449017,14187.1
7645.099635942251,15493.3
7645.311059435484,18210.6
7645.522482928716,22858.2
7645.7339064219495,29226.0
7645.945329915182,34947.7
7646.156753408415,39841.8
7646.368176901648,42313.9
7646.579600394881,43800.4
7646.791023888114,44150.0
7647.002447381346,44738.4
7647.21387087458,45033.1
7647.425294367812,44236.5
7647.636717861045,43934.5
7647.848141354279,41742.6
7648.059564847511,37594.7
7648.270988340744,31165.2
7648.482411833977,27608.5
7648.69383532721,23698.7
7648.905258820443,19867.1
7649.1166823136755,17650.7
7649.328105806909,17697.3
7649.539529300141,18764.5
7649.750952793374,19772.1
7649.962376286607,21501.2
7650.17379977984,24245.0
7650.385223273073,29196.3
7650.596646766306,35339.5
7650.808070259539,41363.8
7651.019493752771,46381.0
7651.2309172460045,48145.9
7651.442340739238,48075.3
7651.65376423247,49087.5
7651.865187725703,50743.1
7652.076611218936,51081.4
7652.288034712169,50546.3
7652.499458205401,49905.3
7652.710881698635,48408.6
7652.922305191868,46525.9
7653.1337286851,41724.8
7653.345152178334,37487.6
7653.556575671566,33514.7
7653.767999164799,29954.7
7653.9794226580325,26641.3
7654.190846151265,24381.8
7654.402269644498,23634.2
7654.6136931377305,24471.0
7654.825116630964,26756.2
7655.036540124196,28808.0
7655.247963617429,31436.6
7655.459387110663,36648.9
7655.670810603895,41735.2
7655.882234097128,47154.5
7656.093657590361,50772.6
7656.305081083594,52919.5
7656.516504576827,53515.3
7656.7279280700595,53956.4
7656.939351563293,55219.3
7657.150775056525,55894.1
7657.362198549758,55513.1
7657.573622042991,55334.1
7657.785045536224,55259.6
7657.996469029457,53197.5
7658.20789252269,50568.3
7658.419316015923,47359.8
7658.630739509155,43994.7
7658.842163002389,39528.8
7659.053586495622,36625.3
7659.265009988854,33944.8
7659.4764334820875,31126.6
7659.68785697532,30981.8
7659.899280468553,32947.9
7660.1107039617855,34772.4
7660.322127455019,36708.3
7660.533550948252,39928.0
7660.744974441484,43256.6
7660.956397934718,46550.7
7661.16782142795,51424.0
7661.379244921183,55056.4
7661.590668414416,57240.0
7661.802091907649,57869.7
7662.013515400882,58637.8
7662.2249388941145,58402.4
7662.436362387348,58288.1
7662.64778588058,60065.3
7662.859209373813,59355.5
7663.070632867047,58737.5
7663.282056360279,59457.8
7663.493479853512,59136.6
7663.704903346745,55949.2
7663.916326839978,52344.6
7664.12775033321,50221.0
7664.339173826444,46571.7
7664.550597319677,43827.2
7664.762020812909,41959.0
7664.9734443061425,39214.2
7665.184867799375,37970.5
7665.396291292608,38870.3
7665.607714785841,40903.8
7665.819138279074,44533.4
7666.030561772307,47209.3
7666.241985265539,49826.4
7666.453408758773,53301.5
7666.664832252005,58370.2
7666.876255745238,60712.9
7667.0876792384715,61443.3
7667.299102731704,60828.4
7667.510526224937,61772.6
7667.7219497181695,63850.9
7667.933373211403,63905.8
7668.144796704636,63348.8
7668.356220197868,62820.3
7668.567643691102,62358.4
7668.779067184334,64278.6
7668.990490677567,64260.0
7669.2019141708,63321.8
7669.413337664033,61210.3
7669.624761157266,57928.7
7669.836184650499,54382.4
7670.047608143732,51768.0
7670.259031636964,50371.8
7670.4704551301975,49558.4
7670.681878623431,48082.7
7670.893302116663,46725.2
7671.104725609896,47825.2
7671.316149103129,50335.0
7671.527572596362,51865.8
7671.738996089594,54013.2
7671.950419582828,56708.2
7672.161843076061,58325.8
7672.373266569293,62348.2
7672.5846900625265,65105.4
7672.796113555759,65628.0
7673.007537048992,64981.8
7673.218960542225,64822.8
7673.430384035458,64859.0
7673.641807528691,65829.8
7673.853231021923,67009.1
7674.064654515157,66285.0
7674.276078008389,64550.8
7674.487501501622,63927.3
7674.698924994856,65394.9
7674.910348488088,65068.5
7675.121771981321,64435.4
7675.333195474554,63472.6
7675.544618967787,62698.6
7675.75604246102,61210.9
7675.9674659542525,58708.7
7676.178889447486,57271.3
7676.390312940718,56136.2
7676.601736433951,55052.4
7676.813159927184,54199.4
7677.024583420417,53579.0
7677.23600691365,54626.3
7677.447430406883,57160.3
7677.658853900116,59522.2
7677.870277393348,61498.3
7678.0817008865815,63191.9
7678.293124379815,65760.3
7678.504547873047,67290.0
7678.71597136628,68972.7
7678.927394859513,68841.6
7679.138818352746,68321.1
7679.350241845978,68710.5
7679.561665339212,68159.3
7679.773088832445,68902.4
7679.984512325677,70227.6
7680.195935818911,69580.1
7680.407359312143,68524.5
7680.618782805376,68060.7
7680.8302062986095,68593.5
7681.041629791842,68842.6
7681.253053285075,68367.9
7681.4644767783075,68027.8
7681.675900271541,66073.1
7681.887323764773,62712.2
7682.098747258006,62184.6
7682.31017075124,62482.8
7682.521594244472,62112.2
7682.733017737705,61397.5
7682.944441230938,60566.5
7683.155864724171,60349.0
7683.367288217404,61556.7
7683.5787117106365,63240.4
7683.79013520387,64303.7
7684.001558697102,64820.5
7684.212982190335,65716.8
7684.424405683568,68423.8
7684.635829176801,69986.8
7684.847252670034,71009.3
7685.058676163267,70807.4
7685.2700996565,68396.9
7685.481523149732,69529.1
7685.692946642966,69658.7
7685.904370136199,70441.8
7686.115793629431,70715.8
7686.3272171226645,71456.8
7686.538640615897,72627.7
7686.75006410913,72270.4
7686.9614876023625,72361.8
7687.172911095596,72091.0
7687.384334588829,70766.2
7687.595758082061,71635.8
7687.807181575295,71361.8
7688.018605068527,70119.3
7688.23002856176,69469.4
7688.4414520549935,68779.5
7688.652875548226,67542.8
7688.864299041459,67117.9
7689.0757225346915,66141.8
7689.287146027925,64531.4
7689.498569521157,63504.9
7689.70999301439,64014.4
7689.921416507624,65943.9
7690.132840000856,66805.6
7690.344263494089,66494.6
7690.555686987322,66818.8
7690.767110480555,67914.0
7690.978533973788,69186.7
7691.189957467021,71213.1
7691.401380960254,73137.6
7691.612804453486,72216.5
7691.8242279467195,72426.7
7692.035651439952,71768.7
7692.247074933185,72097.8
7692.458498426418,71455.2
7692.669921919651,71412.3
7692.881345412884,72028.9
7693.092768906116,72162.8
7693.30419239935,72111.6
7693.515615892583,72285.3
7693.727039385815,72139.9
7693.9384628790485,72238.7
7694.149886372281,72072.4
7694.361309865514,72061.2
7694.5727333587465,73395.0
7694.78415685198,73118.9
7694.995580345213,70533.2
7695.207003838445,69424.2
7695.418427331679,68938.5
7695.629850824911,68439.0
7695.841274318144,68567.7
7696.052697811378,67631.2
7696.26412130461,68999.1
7696.475544797843,69385.2
7696.686968291076,69523.6
7696.898391784309,70798.6
7697.109815277541,71128.1
7697.3212387707745,71753.7
7697.532662264008,73521.4
7697.74408575724,73693.6
7697.955509250473,73104.6
7698.166932743706,73291.2
7698.378356236939,72360.8
7698.589779730172,72187.0
7698.801203223405,73434.3
7699.012626716638,72605.4
7699.22405020987,72218.0
7699.4354737031035,72788.6
7699.646897196336,72716.0
7699.858320689569,72471.1
7700.069744182802,73351.9
7700.281167676035,74344.4
7700.492591169268,74804.2
7700.7040146625,74923.0
7700.915438155734,74775.1
7701.126861648967,74552.3
7701.338285142199,72538.5
7701.549708635433,72701.0
7701.761132128665,72981.0
7701.972555621898,72441.7
7702.183979115131,71814.8
7702.395402608364,71735.1
7702.606826101597,72027.5
7702.8182495948295,73085.6
7703.029673088063,74203.6
7703.241096581295,72920.0
7703.452520074528,72814.0
7703.663943567762,74072.1
7703.875367060994,72694.1
7704.086790554227,72611.5
7704.29821404746,73223.2
7704.509637540693,73083.5
7704.721061033925,74705.1
7704.9324845271585,74259.3
7705.143908020392,73567.6
7705.355331513624,75005.5
7705.566755006857,73893.9
7705.77817850009,72864.8
7705.989601993323,73257.2
7706.201025486556,73025.3
7706.412448979789,73653.6
7706.623872473022,74011.7
7706.835295966254,73639.9
7707.046719459488,74101.4
7707.25814295272,74933.3
7707.469566445953,75701.3
7707.6809899391865,75153.9
7707.892413432419,72997.0
7708.103836925652,72046.7
7708.3152604188845,72993.4
7708.526683912118,74249.9
7708.73810740535,73415.6
7708.949530898583,73436.7
7709.160954391817,74581.8
7709.372377885049,75162.7
7709.583801378282,74261.3
7709.795224871515,74373.9
7710.006648364748,72850.7
7710.218071857981,72168.3
7710.4294953512135,73072.7
7710.640918844447,75562.4
7710.852342337679,74721.0
7711.063765830912,73841.3
7711.275189324146,74147.2
7711.486612817378,74221.5
7711.698036310611,74664.3
7711.909459803844,73858.6
7712.120883297077,73523.9
7712.332306790309,73664.9
7712.543730283543,74187.7
7712.755153776776,74961.2
7712.966577270008,73869.8
7713.1780007632415,74391.4
7713.389424256474,74263.6
7713.600847749707,75447.1
7713.8122712429395,76199.4
7714.023694736173,75570.7
7714.235118229406,74310.1
7714.446541722638,75124.4
7714.657965215872,74873.3
7714.869388709104,74511.4
7715.080812202337,74554.2
7715.2922356955705,74993.5
7715.503659188803,74290.3
7715.715082682036,74635.5
7715.9265061752685,73960.3
7716.137929668502,74862.7
7716.349353161735,74248.7
7716.560776654967,74490.6
7716.772200148201,73939.2
7716.983623641433,72725.1
7717.195047134666,73405.5
7717.406470627899,74140.8
7717.617894121132,75222.6
7717.829317614365,75754.1
7718.040741107598,74753.3
7718.252164600831,74335.2
7718.463588094063,74435.5
7718.6750115872965,74674.4
7718.886435080529,74090.4
7719.097858573762,73645.5
7719.309282066995,73969.1
7719.520705560228,73578.0
7719.732129053461,73440.4
7719.943552546693,74530.1
7720.154976039927,74511.5
7720.36639953316,74505.5
7720.577823026392,74897.2
7720.7892465196255,74123.2
7721.000670012858,72019.2
7721.212093506091,71568.0
7721.4235169993235,72553.2
7721.634940492557,72515.0
7721.84636398579,72790.0
7722.057787479022,73259.9
7722.269210972256,72013.7
7722.480634465488,73204.0
7722.692057958721,72637.3
7722.903481451955,72235.7
7723.114904945187,73348.2
7723.32632843842,72623.3
7723.537751931653,73103.6
7723.749175424886,74468.4
7723.960598918118,73801.1
7724.1720224113515,73965.8
7724.383445904585,74041.3
7724.594869397817,73272.3
7724.80629289105,73770.0
7725.017716384283,73295.2
7725.229139877516,72901.1
7725.440563370749,72537.4
7725.651986863982,71777.8
7725.863410357215,72997.8
7726.074833850447,73819.5
7726.2862573436805,73939.6
7726.497680836913,74478.4
7726.709104330146,74515.4
7726.920527823379,73402.3
7727.131951316612,73790.2
7727.343374809845,73400.1
7727.554798303077,73690.2
7727.766221796311,74143.3
7727.977645289544,72917.1
7728.189068782776,71818.6
7728.40049227601,72420.4
7728.611915769242,72861.3
7728.823339262475,72952.7
7729.034762755708,72069.7
7729.246186248941,72877.3
7729.457609742174,72774.9
7729.6690332354065,71986.5
7729.88045672864,72645.9
7730.091880221872,74525.4
7730.303303715105,74078.7
7730.514727208339,73576.6
7730.726150701571,74335.4
7730.937574194804,73539.8
7731.148997688037,72127.4
7731.36042118127,72893.3
7731.571844674502,73002.4
7731.7832681677355,72409.5
7731.994691660969,72765.6
7732.206115154201,72948.3
7732.417538647434,72962.3
7732.628962140667,72611.7
7732.8403856339,72477.4
7733.051809127133,73204.4
7733.263232620366,73755.8
7733.474656113599,71908.6
7733.686079606831,71560.4
7733.897503100065,71913.9
7734.108926593297,72189.7
7734.32035008653,71713.9
7734.5317735797635,72205.7
7734.743197072996,72879.2
7734.954620566229,73675.4
7735.1660440594615,72611.8
7735.377467552695,72334.9
7735.588891045928,72462.4
7735.80031453916,71270.3
7736.011738032394,71338.6
7736.223161525626,72174.8
7736.434585018859,73217.1
7736.646008512092,72775.0
7736.857432005325,71762.5
7737.068855498558,72728.1
7737.2802789917905,73779.1
7737.491702485024,72628.3
7737.703125978256,74664.3
7737.914549471489,73223.1
7738.125972964723,72390.7
7738.337396457955,72424.7
7738.548819951188,72147.8
7738.760243444421,71710.2
7738.971666937654,70873.3
7739.183090430886,70363.9
7739.39451392412,70719.6
7739.605937417353,72414.3
7739.817360910585,72210.0
7740.0287844038185,70949.1
7740.240207897051,71225.6
7740.451631390284,71751.3
7740.663054883517,70943.6
7740.87447837675,70466.4
7741.085901869983,70944.9
7741.297325363215,71883.7
7741.508748856449,71883.7
7741.720172349681,70730.0
7741.931595842914,71066.3
7742.1430193361475,71681.0
7742.35444282938,70338.2
7742.565866322613,70948.4
7742.7772898158455,72635.4
7742.988713309079,71397.7
7743.200136802312,70285.8
7743.411560295544,70295.8
7743.622983788778,70467.4
7743.83440728201,70589.9
7744.045830775243,70944.2
7744.257254268476,71060.1
7744.468677761709,71525.9
7744.680101254942,72602.7
7744.891524748175,71148.1
7745.102948241408,70271.1
7745.31437173464,68677.7
7745.5257952278735,68023.1
7745.737218721107,69731.2
7745.948642214339,70193.0
7746.160065707572,69326.7
7746.371489200805,69159.8
7746.582912694038,70138.3
7746.79433618727,70306.2
7747.005759680504,70067.0
7747.217183173737,69915.3
7747.428606666969,70160.6
7747.6400301602025,69872.0
7747.851453653435,69207.0
7748.062877146668,69544.8
7748.274300639901,69255.7
7748.485724133134,69208.0
7748.697147626367,69077.6
7748.908571119599,69481.6
7749.119994612833,70622.7
7749.331418106065,70618.5
7749.542841599298,70696.4
7749.754265092532,68862.0
7749.965688585764,69528.3
7750.177112078997,67988.0
7750.38853557223,68827.6
7750.599959065463,69164.3
7750.811382558696,68638.3
7751.0228060519285,68617.8
7751.234229545162,67912.9
7751.445653038394,69144.8
7751.657076531627,69216.8
7751.86850002486,69282.9
7752.079923518093,68949.5
7752.291347011326,69762.1
7752.502770504559,68217.2
7752.714193997792,67607.9
7752.925617491024,67207.2
7753.1370409842575,68092.9
7753.348464477491,68096.1
7753.559887970723,68336.9
7753.771311463956,67013.3
7753.982734957189,67136.8
7754.194158450422,67070.1
7754.405581943654,67654.6
7754.617005436888,67987.7
7754.828428930121,68870.6
7755.039852423353,68120.9
7755.251275916587,67140.6
7755.462699409819,67223.9
7755.674122903052,67426.6
7755.8855463962855,67028.1
7756.096969889518,67691.4
7756.308393382751,66247.1
7756.519816875983,67113.7
7756.731240369217,68344.1
7756.942663862449,69263.5
7757.154087355682,67472.6
7757.365510848916,67885.6
7757.576934342148,68719.9
7757.788357835381,68271.4
7757.999781328614,67138.3
7758.211204821847,66861.3
7758.42262831508,66035.2
7758.6340518083125,65998.0
7758.845475301546,67562.3
7759.056898794778,67049.4
7759.268322288011,65919.2
7759.479745781244,66843.0
7759.691169274477,68093.2
7759.90259276771,66523.6
7760.114016260943,65612.6
7760.325439754176,66492.4
7760.536863247408,66089.1
7760.748286740642,66491.1
7760.959710233874,66821.6
7761.171133727107,66549.0
7761.3825572203405,65812.2
7761.593980713573,66098.0
7761.805404206806,65493.9
7762.016827700038,66502.5
7762.228251193272,65336.5
7762.439674686505,65111.2
7762.651098179737,66106.0
7762.862521672971,65250.1
7763.073945166203,65032.9
7763.285368659436,64347.7
7763.4967921526695,64365.2
7763.708215645902,64455.4
7763.919639139135,65956.5
7764.1310626323675,66648.7
7764.342486125601,65140.7
7764.553909618833,64253.9
7764.765333112066,63598.6
7764.9767566053,64874.4
7765.188180098532,63815.4
7765.399603591765,63798.6
7765.611027084998,63695.8
7765.822450578231,64286.7
7766.033874071463,63932.2
7766.245297564697,64107.4
7766.45672105793,63161.2
7766.668144551162,63218.1
7766.8795680443955,62317.2
7767.090991537628,62924.3
7767.302415030861,63308.5
7767.513838524094,62792.0
7767.725262017327,63347.8
7767.93668551056,63334.8
7768.148109003792,62988.4
7768.359532497026,62436.1
7768.570955990259,61613.1
7768.782379483491,61535.3
7768.9938029767245,61898.7
7769.205226469957,62096.0
7769.41664996319,60898.3
7769.6280734564225,60855.5
7769.839496949656,60815.9
7770.050920442889,60357.5
7770.262343936121,61243.0
7770.473767429355,61473.0
7770.685190922587,61632.3
7770.89661441582,60854.9
7771.108037909053,61240.2
7771.319461402286,62163.5
7771.530884895519,61330.8
7771.742308388752,61382.3
7771.953731881985,61175.6
7772.165155375217,60766.1
7772.37657886845,61155.9
7772.588002361684,59630.6
7772.799425854916,58995.0
7773.010849348149,59310.2
7773.222272841382,59486.3
7773.433696334615,59866.4
7773.645119827848,60831.8
7773.856543321081,58946.3
7774.067966814314,60192.8
7774.279390307546,59903.9
7774.4908138007795,59503.0
7774.702237294012,59174.3
7774.913660787245,58318.1
7775.125084280478,58750.5
7775.336507773711,58204.1
7775.547931266944,58885.0
7775.759354760176,59402.9
7775.97077825341,59558.6
7776.182201746642,59967.3
7776.393625239875,59741.0
7776.605048733109,58246.5
7776.816472226341,59098.2
7777.027895719574,58482.0
7777.239319212807,58680.0
7777.45074270604,59387.6
7777.662166199273,59597.0
7777.873589692505,60612.3
7778.085013185739,59401.5
7778.296436678971,58562.7
7778.507860172204,58485.3
7778.719283665437,57899.3
7778.93070715867,58773.9
7779.142130651903,58218.7
7779.353554145136,57862.2
7779.564977638369,59195.3
7779.776401131601,58862.0
7779.9878246248345,57895.4
7780.199248118068,59627.9
7780.4106716113,58002.1
7780.622095104533,58197.7
7780.833518597766,58784.3
7781.044942090999,57956.4
7781.256365584231,58752.9
7781.467789077465,59468.6
7781.679212570698,59342.9
7781.89063606393,58802.0
7782.102059557164,59214.9
7782.313483050396,57767.8
7782.524906543629,58057.7
7782.7363300368625,58060.8
7782.947753530095,57934.6
7783.159177023328,58923.2
7783.37060051656,58221.8
7783.582024009794,58223.7
7783.793447503026,58247.5
7784.004870996259,58437.1
7784.216294489493,59475.1
7784.427717982725,58046.6
7784.639141475958,57900.2
7784.850564969191,57887.2
7785.061988462424,56832.2
7785.273411955657,57749.4
7785.4848354488895,57944.7
7785.696258942123,58453.3
7785.907682435355,57411.5
7786.119105928588,55746.7
7786.330529421821,56315.8
7786.541952915054,56789.7
7786.753376408287,56799.4
7786.96479990152,57200.7
7787.176223394753,56822.7
7787.387646887985,56369.3
7787.599070381219,55874.8
7787.810493874452,57193.9
7788.021917367684,57001.0
7788.233340860917,57078.3
7788.44476435415,57630.1
7788.656187847383,57161.2
7788.867611340615,57048.1
7789.079034833849,57348.4
7789.290458327082,57357.7
7789.501881820314,56517.0
7789.713305313548,56801.6
7789.92472880678,56625.8
7790.136152300013,55632.7
7790.3475757932465,54621.1
7790.558999286479,54694.1
7790.770422779712,54843.0
7790.9818462729445,55050.8
7791.193269766178,56263.8
7791.40469325941,55679.4
7791.616116752643,54553.2
7791.827540245877,55633.9
7792.038963739109,56376.9
7792.250387232342,56012.3
7792.461810725575,55159.1
7792.673234218808,54916.0
7792.884657712041,55964.8
7793.096081205274,55172.6
7793.307504698507,55448.4
7793.518928191739,54859.7
7793.730351684972,54449.8
7793.941775178205,53580.6
7794.153198671438,52962.1
7794.364622164671,53616.1
7794.576045657904,53793.7
7794.787469151137,54499.2
7794.998892644369,53081.0
7795.210316137603,52837.9
7795.421739630836,52926.5
7795.633163124068,55704.0
7795.8445866173015,55013.6
7796.056010110534,53303.8
7796.267433603767,52915.1
7796.4788570969995,54206.7
7796.690280590233,54134.4
7796.901704083466,52607.1
7797.113127576698,53768.6
7797.324551069932,54755.2
7797.535974563164,54306.1
7797.747398056397,52990.4
7797.958821549631,52598.6
7798.170245042863,52084.7
7798.381668536096,51914.4
7798.593092029329,52355.3
7798.804515522562,51979.0
7799.015939015794,53274.2
7799.227362509027,52789.6
7799.438786002261,51537.1
7799.650209495493,51555.4
7799.861632988726,53167.8
7800.073056481959,53100.6
7800.284479975192,51506.4
7800.495903468425,50978.9
7800.707326961658,50735.4
7800.918750454891,51216.4
7801.130173948123,51039.9
7801.3415974413565,50949.0
7801.553020934589,50899.8
7801.764444427822,51290.8
7801.975867921055,51247.2
7802.187291414288,50891.5
7802.398714907521,48995.5
7802.610138400753,49854.6
7802.821561893987,49309.3
7803.03298538722,50617.3
7803.244408880452,51473.8
7803.455832373686,49723.1
7803.667255866918,49971.5
7803.878679360151,50807.5
7804.0901028533835,49670.1
7804.301526346617,49433.3
7804.51294983985,49580.1
7804.724373333082,49239.4
7804.935796826316,49867.2
7805.147220319548,49693.9
7805.358643812781,49005.1
7805.570067306015,49221.2
7805.781490799247,48511.9
7805.99291429248,48289.5
7806.204337785713,48342.4
7806.415761278946,48664.1
7806.627184772178,48985.7
7806.8386082654115,48704.6
7807.050031758645,47586.1
7807.261455251877,48884.7
7807.47287874511,48619.9
7807.684302238343,49098.7
7807.895725731576,48155.0
7808.107149224809,47870.7
7808.318572718042,48983.3
7808.529996211275,48393.3
7808.741419704507,47112.5
7808.952843197741,48138.7
7809.164266690973,48139.9
7809.375690184206,47536.0
7809.587113677439,46904.5
7809.798537170672,47265.1
7810.009960663905,47320.8
7810.221384157137,47687.7
7810.432807650371,46407.9
7810.644231143604,46081.1
7810.855654636836,46406.2
7811.06707813007,46791.3
7811.278501623302,46369.9
7811.489925116535,46375.8
7811.701348609768,45610.9
7811.912772103001,46136.3
7812.124195596234,45837.0
7812.3356190894665,45715.5
7812.5470425827,45632.6
7812.758466075932,44443.2
7812.969889569165,45338.0
7813.181313062398,44992.2
7813.392736555631,45873.2
7813.604160048864,45000.5
7813.815583542097,44373.7
7814.02700703533,44483.7
7814.238430528562,45383.9
7814.4498540217955,44558.0
7814.661277515029,43682.5
7814.872701008261,44406.8
7815.084124501494,44771.6
7815.295547994727,44316.0
7815.50697148796,44071.3
7815.718394981193,43624.4
7815.929818474426,43831.6
7816.141241967659,43864.1
7816.352665460891,43680.5
7816.564088954125,43311.1
7816.775512447357,42689.8
7816.98693594059,43568.5
7817.1983594338235,43413.9
7817.409782927056,42991.9
7817.621206420289,43223.0
7817.8326299135215,43318.6
7818.044053406755,43776.0
7818.255476899987,43691.6
7818.46690039322,43082.6
7818.678323886454,43275.7
7818.889747379686,42294.0
7819.101170872919,41652.1
7819.312594366152,42887.2
7819.524017859385,42984.8
7819.735441352618,42471.6
7819.9468648458505,43195.1
7820.158288339084,41691.3
7820.369711832316,40648.2
7820.581135325549,41903.0
7820.792558818783,41001.2
7821.003982312015,41510.0
7821.215405805248,42366.5
7821.426829298481,41741.7
7821.638252791714,42551.8
7821.849676284946,42455.1
7822.06109977818,40405.9
7822.272523271413,40473.3
7822.483946764645,41265.4
7822.6953702578785,41806.8
7822.906793751111,40933.0
7823.118217244344,40353.5
7823.3296407375765,40690.4
7823.54106423081,40232.2
7823.752487724043,39504.1
7823.963911217275,40625.3
7824.175334710509,40141.8
7824.386758203741,39541.2
7824.598181696974,39672.3
7824.809605190208,38983.6
7825.02102868344,39544.7
7825.232452176673,39523.9
7825.4438756699055,40422.3
7825.655299163139,40046.8
7825.866722656372,39195.4
7826.078146149604,39102.4
7826.289569642838,39246.9
7826.50099313607,39406.9
7826.712416629303,39272.0
7826.923840122536,39855.0
7827.135263615769,38930.8
7827.346687109002,39218.8
7827.558110602235,38889.3
7827.769534095468,38294.6
7827.9809575887,38813.5
7828.1923810819335,38686.5
7828.403804575166,38001.2
7828.615228068399,37764.2
7828.826651561632,38892.5
7829.038075054865,38072.0
7829.249498548098,37412.0
7829.46092204133,37525.5
7829.672345534564,37748.2
7829.883769027797,37679.8
7830.095192521029,38554.5
7830.3066160142625,37994.0
7830.518039507495,38571.1
7830.729463000728,38377.1
7830.940886493961,36462.5
7831.152309987194,35260.4
7831.363733480427,35464.7
7831.575156973659,37391.3
7831.786580466893,36273.3
7831.998003960125,35462.3
7832.209427453358,36701.0
7832.420850946592,36225.7
7832.632274439824,36040.4
7832.843697933057,35599.1
7833.05512142629,35348.9
7833.266544919523,34786.8
7833.477968412755,35254.7
7833.6893919059885,35392.0
7833.900815399222,36529.4
7834.112238892454,35217.2
7834.323662385687,34999.9
7834.53508587892,34925.8
7834.746509372153,35091.9
7834.957932865386,35848.1
7835.169356358619,34840.6
7835.380779851852,34404.6
7835.592203345084,34706.5
7835.8036268383175,34974.0
7836.01505033155,34591.2
7836.226473824783,34661.3
7836.437897318016,34108.6
7836.649320811249,34631.9
7836.860744304482,34688.1
7837.072167797714,33507.4
7837.283591290948,33277.3
7837.495014784181,33745.4
7837.706438277413,34176.9
7837.917861770647,33936.1
7838.129285263879,32620.7
7838.340708757112,32815.5
7838.552132250345,33313.4
7838.763555743578,33385.6
7838.974979236811,32370.6
7839.1864027300435,32552.0
7839.397826223277,32714.1
7839.609249716509,32433.4
7839.820673209742,32433.5
7840.032096702976,32507.4
7840.243520196208,32962.9
7840.454943689441,32239.5
7840.666367182674,31936.0
7840.877790675907,32847.5
7841.089214169139,32427.9
7841.3006376623725,31576.6
7841.512061155606,32328.5
7841.723484648838,31143.4
7841.934908142071,31481.3
7842.146331635304,31933.5
7842.357755128537,31366.8
7842.56917862177,30984.8
7842.780602115003,31901.1
7842.992025608236,31160.4
7843.203449101468,30794.7
7843.414872594702,29721.2
7843.626296087934,29508.3
7843.837719581167,30423.1
7844.0491430744005,29812.2
7844.260566567633,30087.9
7844.471990060866,29466.3
7844.6834135540985,30000.4
7844.894837047332,29944.7
7845.106260540565,30455.8
7845.317684033797,30857.7
7845.529107527031,30922.8
7845.740531020263,29925.3
7845.951954513496,30216.3
7846.163378006729,29757.1
7846.374801499962,28840.2
7846.586224993195,28346.2
7846.7976484864275,28925.1
7847.009071979661,28838.0
7847.220495472893,30152.9
7847.431918966126,28617.5
7847.64334245936,27752.1
7847.854765952592,27718.5
7848.066189445825,27403.2
7848.277612939058,28073.9
7848.489036432291,28311.9
7848.700459925523,27483.2
7848.911883418757,27678.8
7849.12330691199,27697.8
7849.334730405222,26824.8
7849.5461538984555,26962.8
7849.757577391688,26908.2
7849.969000884921,26803.7
7850.180424378154,27810.3
7850.391847871387,27640.8
7850.60327136462,26739.7
7850.814694857852,27417.4
7851.026118351086,26174.2
7851.237541844318,25895.0
7851.448965337551,25581.9
7851.6603888307845,26464.4
7851.871812324017,27263.9
7852.08323581725,25657.4
7852.2946593104825,25320.1
7852.506082803716,26107.4
7852.717506296949,26745.1
7852.928929790181,25496.0
7853.140353283415,25813.2
7853.351776776647,25476.6
7853.56320026988,26753.6
7853.774623763113,25597.6
7853.986047256346,25116.5
7854.197470749579,26027.1
7854.408894242812,25265.5
7854.620317736045,24902.9
7854.831741229277,25300.4
7855.0431647225105,23644.8
7855.254588215744,24509.6
7855.466011708976,24608.9
7855.677435202209,25103.6
7855.888858695442,24480.2
7856.100282188675,24342.4
7856.311705681907,24338.3
7856.523129175141,24096.3
7856.734552668374,24502.4
7856.945976161606,24381.7
7857.1573996548395,23926.2
7857.368823148072,24479.5
7857.580246641305,24010.8
7857.791670134538,24009.7
7858.003093627771,24281.1
7858.214517121004,23627.6
7858.425940614236,22718.4
7858.63736410747,23106.5
7858.848787600702,23096.5
7859.060211093935,22822.7
7859.271634587169,22784.4
7859.483058080401,23033.3
7859.694481573634,22889.4
7859.905905066867,22825.5
7860.1173285601,23535.9
7860.328752053333,22422.6
7860.5401755465655,22835.4
7860.751599039799,21807.5
7860.963022533031,22115.8
7861.174446026264,22925.3
7861.385869519497,22135.7
7861.59729301273,22020.3
7861.808716505963,21324.1
7862.020139999196,20581.2
7862.231563492429,21220.0
7862.442986985661,22661.4
7862.6544104788945,20982.1
7862.865833972128,21028.2
7863.07725746536,21258.3
7863.288680958593,21308.3
7863.500104451826,21117.8
7863.711527945059,20885.8
7863.922951438291,19968.6
7864.134374931525,20870.4
7864.345798424758,20675.5
7864.55722191799,20573.1
7864.768645411224,20574.0
7864.980068904456,19388.6
7865.191492397689,19268.7
7865.402915890922,19868.8
7865.614339384155,19269.5
7865.825762877388,19684.1
7866.0371863706205,18704.8
7866.248609863854,18384.7
7866.460033357086,19577.0
7866.671456850319,18798.1
7866.882880343553,18080.0
7867.094303836785,18251.2
7867.305727330018,18478.4
7867.517150823251,18839.5
7867.728574316484,18682.2
7867.939997809717,18276.8
7868.1514213029495,18229.1
7868.362844796183,17720.7
7868.574268289415,18859.3
7868.785691782648,18747.7
7868.997115275881,18308.3
7869.208538769114,18779.3
7869.419962262347,18455.1
7869.63138575558,17515.9
7869.842809248813,17778.8
7870.054232742045,17678.7
7870.265656235279,16644.2
7870.477079728511,16620.5
7870.688503221744,16607.5
7870.8999267149775,17062.4
7871.11135020821,17333.0
7871.322773701443,17402.6
7871.5341971946755,16994.4
7871.745620687909,16672.7
7871.957044181142,17147.8
7872.168467674374,17110.6
7872.379891167608,17002.9
7872.59131466084,16100.0
7872.802738154073,15949.2
7873.0141616473065,16520.7
7873.225585140539,16566.9
7873.437008633772,16229.9
7873.6484321270045,15695.8
7873.859855620238,15738.2
7874.07127911347,15746.6
7874.282702606703,15465.1
7874.494126099937,15754.9
7874.705549593169,16348.8
7874.916973086402,16292.4
7875.128396579635,15644.8
7875.339820072868,15619.3
7875.5512435661,14498.0
7875.762667059334,15266.6
7875.974090552567,14610.4
7876.185514045799,14947.5
7876.3969375390325,15604.4
7876.608361032265,15123.3
7876.819784525498,13992.1
7877.031208018731,14284.1
7877.242631511964,13158.5
7877.454055005197,11988.2
7877.665478498429,13199.6
7877.876901991663,13995.4
7878.088325484896,14492.1
7878.299748978128,14620.5
7878.5111724713615,13788.4
7878.722595964594,13468.3
7878.934019457827,13577.4
7879.1454429510595,12282.2
7879.356866444293,12493.5
7879.568289937526,13336.2
7879.779713430758,13899.3
7879.991136923992,13922.2
7880.202560417224,14463.7
7880.413983910457,13270.8
7880.62540740369,13094.4
7880.836830896923,12901.8
7881.048254390156,12546.4
7881.259677883389,11968.8
7881.471101376622,11669.0
7881.682524869854,11840.5
7881.8939483630875,12559.3
7882.105371856321,11802.9
7882.316795349553,11586.6
7882.528218842786,12409.3
7882.739642336019,11977.1
7882.951065829252,12199.1
7883.162489322485,11053.4
7883.373912815718,11481.0
7883.585336308951,11921.3
7883.796759802183,11787.4
7884.0081832954165,11952.4
7884.219606788649,12232.7
7884.431030281882,12078.1
7884.642453775115,11520.7
7884.853877268348,11709.7
7885.065300761581,12253.9
7885.276724254813,12056.5
7885.488147748047,11734.3
7885.699571241279,11412.1
7885.910994734512,11074.4
7886.122418227746,9916.01
7886.333841720978,10678.3
7886.545265214211,10199.9
7886.756688707444,10370.4
7886.968112200677,11110.7
7887.17953569391,11213.0
7887.3909591871425,10557.3
7887.602382680376,10687.4
7887.813806173608,9794.84
7888.025229666841,9342.87
7888.236653160075,10124.6
7888.448076653307,10046.5
7888.65950014654,9489.6
7888.870923639773,9910.45
7889.082347133006,9589.81
7889.293770626238,9426.6
7889.5051941194715,8452.5
7889.716617612705,8270.64
7889.928041105937,9458.8
7890.13946459917,9885.58
7890.350888092403,9638.34
7890.562311585636,9210.24
7890.773735078868,8827.53
7890.985158572102,8553.87
7891.196582065335,9046.61
7891.408005558567,9246.38
7891.619429051801,9078.91
7891.830852545033,9723.76
7892.042276038266,9612.98
7892.2536995314995,8580.79
7892.465123024732,9035.93
7892.676546517965,9181.12
7892.8879700111975,8319.43
7893.099393504431,8379.03
7893.310816997664,7865.5
7893.522240490896,7911.62
7893.73366398413,7128.6
7893.945087477362,7547.55
7894.156510970595,7897.95
7894.367934463828,7510.19
7894.579357957061,6878.86
7894.790781450294,7357.52
7895.0022049435265,7417.2
7895.21362843676,7684.85
7895.425051929992,7228.33
7895.636475423225,6740.24
7895.847898916458,6683.09
