6485.7322023124,135357.0
6485.912108303698,137199.0
6486.092014294996,138199.0
6486.2719202862945,138118.0
6486.451826277593,137945.0
6486.631732268891,137800.0
6486.811638260189,137454.0
6486.9915442514875,138336.0
6487.171450242786,141344.0
6487.351356234084,143204.0
6487.531262225382,143674.0
6487.711168216681,145435.0
6487.891074207979,145358.0
6488.070980199277,145957.0
6488.250886190575,147710.0
6488.430792181874,147339.0
6488.610698173172,147018.0
6488.79060416447,149086.0
6488.970510155768,150185.0
6489.1504161470675,150137.0
6489.330322138366,150004.0
6489.510228129664,150163.0
6489.690134120962,151472.0
6489.8700401122605,152942.0
6490.049946103559,153664.0
6490.229852094857,155538.0
6490.409758086155,156507.0
6490.589664077454,152132.0
6490.769570068752,152575.0
6490.94947606005,153680.0
6491.129382051348,160106.0
6491.309288042647,164748.0
6491.489194033945,163822.0
6491.669100025243,166500.0
6491.849006016541,168700.0
6492.02891200784,166424.0
6492.208817999138,167736.0
6492.388723990436,168218.0
6492.568629981734,166305.0
6492.748535973033,164669.0
6492.928441964331,164287.0
6493.108347955629,166064.0
6493.288253946927,169939.0
6493.468159938226,172543.0
6493.648065929524,174074.0
6493.827971920822,176003.0
6494.00787791212,175731.0
6494.187783903419,175234.0
6494.367689894717,176589.0
6494.547595886015,180250.0
6494.727501877313,182624.0
6494.907407868612,181896.0
6495.08731385991,182748.0
6495.267219851208,183688.0
6495.4471258425065,183022.0
6495.627031833805,178177.0
6495.806937825103,177712.0
6495.986843816402,181150.0
6496.1667498077,184665.0
6496.346655798999,186824.0
6496.526561790297,188164.0
6496.706467781595,191177.0
6496.886373772893,192406.0
6497.066279764192,190820.0
6497.24618575549,190927.0
6497.426091746788,190830.0
6497.605997738086,192264.0
6497.785903729385,194111.0
6497.965809720683,194803.0
6498.145715711981,196550.0
6498.3256217032795,198940.0
6498.505527694578,200728.0
6498.685433685876,202616.0
6498.865339677174,203564.0
6499.0452456684725,199840.0
6499.225151659771,200953.0
6499.405057651069,205014.0
6499.584963642367,204129.0
6499.7648696336655,204183.0
6499.944775624964,207504.0
6500.124681616262,205702.0
6500.30458760756,209773.0
6500.4844935988585,210234.0
6500.664399590157,210350.0
6500.844305581455,211286.0
6501.024211572753,213191.0
6501.204117564052,215327.0
6501.38402355535,216058.0
6501.563929546648,217179.0
6501.743835537946,219785.0
6501.923741529245,220116.0
6502.103647520543,220634.0
6502.283553511841,221533.0
6502.463459503139,220445.0
6502.6433654944385,220404.0
6502.823271485737,221438.0
6503.003177477035,221561.0
6503.183083468333,223156.0
6503.3629894596315,226570.0
6503.54289545093,227791.0
6503.722801442228,228756.0
6503.902707433526,229700.0
6504.082613424825,229857.0
6504.262519416123,228636.0
6504.442425407421,229818.0
6504.622331398719,233246.0
6504.802237390018,236486.0
6504.982143381316,237942.0
6505.162049372614,236194.0
6505.341955363912,237660.0
6505.521861355211,241346.0
6505.701767346509,241958.0
6505.881673337807,243509.0
6506.061579329105,243924.0
6506.241485320404,242043.0
6506.421391311702,242906.0
6506.601297303,247700.0
6506.781203294298,249457.0
6506.961109285597,247606.0
6507.141015276895,251291.0
6507.320921268193,250874.0
6507.500827259491,250047.0
6507.68073325079,251582.0
6507.860639242088,251997.0
6508.040545233386,252862.0
6508.220451224684,254448.0
6508.400357215983,253802.0
6508.580263207281,253334.0
6508.760169198579,255527.0
6508.9400751898775,257661.0
6509.119981181176,260129.0
6509.299887172475,261141.0
6509.479793163773,263279.0
6509.659699155071,264069.0
6509.83960514637,265060.0
6510.019511137668,266869.0
6510.199417128966,267976.0
6510.379323120264,267963.0
6510.559229111563,266154.0
6510.739135102861,270561.0
6510.919041094159,271781.0
6511.098947085457,271715.0
6511.278853076756,273531.0
6511.458759068054,275122.0
6511.638665059352,276517.0
6511.8185710506505,278161.0
6511.998477041949,278859.0
6512.178383033247,279721.0
6512.358289024545,282062.0
6512.5381950158435,283309.0
6512.718101007142,281619.0
6512.89800699844,284826.0
6513.077912989738,288136.0
6513.2578189810365,289358.0
6513.437724972335,288020.0
6513.617630963633,286086.0
6513.797536954931,290323.0
6513.9774429462295,297023.0
6514.157348937528,294314.0
6514.337254928826,287616.0
6514.517160920124,281773.0
6514.697066911423,283951.0
6514.876972902721,287214.0
6515.056878894019,293575.0
6515.236784885317,298900.0
6515.416690876616,298860.0
6515.596596867914,297773.0
6515.776502859212,297827.0
6515.95640885051,297885.0
6516.1363148418095,296835.0
6516.316220833108,286731.0
6516.496126824406,280270.0
6516.676032815704,289211.0
6516.8559388070025,296643.0
6517.035844798301,302983.0
6517.215750789599,310541.0
6517.395656780897,312327.0
6517.575562772196,312835.0
6517.755468763494,316529.0
6517.935374754792,315646.0
6518.11528074609,316524.0
6518.295186737389,320596.0
6518.475092728687,319437.0
6518.654998719985,321777.0
6518.834904711283,325024.0
6519.014810702582,323276.0
6519.19471669388,318126.0
6519.374622685178,315727.0
6519.554528676476,319942.0
6519.734434667775,328669.0
6519.914340659073,336369.0
6520.094246650371,336150.0
6520.274152641669,336164.0
6520.454058632968,336692.0
6520.633964624266,335567.0
6520.813870615564,335127.0
6520.993776606862,336416.0
6521.173682598161,337828.0
6521.353588589459,339013.0
6521.533494580757,339566.0
6521.713400572055,339038.0
6521.893306563354,340500.0
6522.073212554652,343665.0
6522.25311854595,341677.0
6522.4330245372485,341428.0
6522.612930528547,344181.0
6522.792836519846,345997.0
6522.972742511144,345561.0
6523.152648502442,344205.0
6523.332554493741,343545.0
6523.512460485039,344184.0
6523.692366476337,343412.0
6523.872272467635,341578.0
6524.052178458934,345681.0
6524.232084450232,351075.0
6524.41199044153,356275.0
6524.591896432828,356466.0
6524.771802424127,355839.0
6524.951708415425,356435.0
6525.131614406723,358288.0
6525.3115203980215,360024.0
6525.49142638932,361206.0
6525.671332380618,363618.0
6525.851238371916,364536.0
6526.0311443632145,362862.0
6526.211050354513,363606.0
6526.390956345811,368931.0
6526.570862337109,370459.0
6526.7507683284075,372411.0
6526.930674319706,372111.0
6527.110580311004,371366.0
6527.290486302302,371956.0
6527.4703922936005,374642.0
6527.650298284899,376425.0
6527.830204276197,374122.0
6528.010110267495,377532.0
6528.190016258794,380304.0
6528.369922250092,384314.0
6528.54982824139,383931.0
6528.729734232688,384428.0
6528.909640223987,385459.0
6529.089546215285,385390.0
6529.269452206583,384978.0
6529.449358197882,386274.0
6529.6292641891805,387020.0
6529.809170180479,388398.0
6529.989076171777,393854.0
6530.168982163075,391854.0
6530.3488881543735,388058.0
6530.528794145672,393082.0
6530.70870013697,393893.0
6530.888606128268,396572.0
6531.068512119567,396890.0
6531.248418110865,395896.0
6531.428324102163,396081.0
6531.608230093461,398002.0
6531.78813608476,399587.0
6531.968042076058,398089.0
6532.147948067356,395870.0
6532.327854058654,392927.0
6532.507760049953,398103.0
6532.687666041251,399172.0
6532.867572032549,405311.0
6533.047478023847,406985.0
6533.227384015146,405749.0
6533.407290006444,408030.0
6533.587195997742,412202.0
6533.76710198904,412344.0
6533.947007980339,409019.0
6534.126913971637,406732.0
6534.306819962935,408138.0
6534.486725954233,413422.0
6534.666631945532,414658.0
6534.84653793683,419601.0
6535.026443928128,418420.0
6535.206349919426,414191.0
6535.386255910725,419635.0
6535.566161902023,422875.0
6535.746067893321,420112.0
6535.925973884619,418903.0
6536.105879875918,422500.0
6536.285785867217,424263.0
6536.465691858515,421567.0
6536.645597849813,421348.0
6536.825503841112,420456.0
6537.00540983241,428739.0
6537.185315823708,431029.0
6537.365221815006,430519.0
6537.545127806305,429740.0
6537.725033797603,432576.0
6537.904939788901,434747.0
6538.084845780199,435467.0
6538.264751771498,432548.0
6538.444657762796,434158.0
6538.624563754094,441133.0
6538.804469745392,439755.0
6538.984375736691,439850.0
6539.164281727989,439095.0
6539.344187719287,434761.0
6539.5240937105855,439255.0
6539.703999701884,443202.0
6539.883905693182,440825.0
6540.06381168448,443471.0
6540.2437176757785,446239.0
6540.423623667077,445350.0
6540.603529658375,443792.0
6540.783435649673,445258.0
6540.9633416409715,449170.0
6541.14324763227,450390.0
6541.323153623568,448816.0
6541.503059614866,443317.0
6541.6829656061645,442106.0
6541.862871597463,443560.0
6542.042777588761,444573.0
6542.222683580059,438310.0
6542.402589571358,439269.0
6542.582495562656,448172.0
6542.762401553954,448386.0
6542.942307545252,446182.0
6543.1222135365515,446967.0
6543.30211952785,448297.0
6543.482025519148,447957.0
6543.661931510446,438833.0
6543.8418375017445,433456.0
6544.021743493043,433657.0
6544.201649484341,438775.0
6544.381555475639,447819.0
6544.5614614669375,453265.0
6544.741367458236,453281.0
6544.921273449534,451905.0
6545.101179440832,454727.0
6545.281085432131,457203.0
6545.460991423429,455810.0
6545.640897414727,454475.0
6545.820803406025,457992.0
6546.000709397324,461657.0
6546.180615388622,457795.0
6546.36052137992,454451.0
6546.540427371218,453892.0
6546.720333362517,457485.0
6546.900239353815,457264.0
6547.080145345113,453465.0
6547.260051336411,455450.0
6547.43995732771,454661.0
6547.619863319008,454052.0
6547.799769310306,450571.0
6547.979675301604,450381.0
6548.159581292903,455209.0
6548.339487284201,450576.0
6548.519393275499,440945.0
6548.699299266797,442739.0
6548.879205258096,450904.0
6549.059111249394,455038.0
6549.239017240692,460448.0
6549.41892323199,462313.0
6549.598829223289,460831.0
6549.778735214588,459493.0
6549.958641205886,457994.0
6550.138547197184,457557.0
6550.318453188483,458336.0
6550.498359179781,458346.0
6550.678265171079,459401.0
6550.858171162377,458385.0
6551.038077153676,456990.0
6551.217983144974,458647.0
6551.397889136272,456534.0
6551.57779512757,457504.0
6551.757701118869,459738.0
6551.937607110167,456086.0
6552.117513101465,452889.0
6552.297419092763,450420.0
6552.477325084062,445729.0
6552.65723107536,437747.0
6552.837137066658,441872.0
6553.0170430579565,451077.0
6553.196949049255,454854.0
6553.376855040553,453707.0
6553.556761031851,445905.0
6553.7366670231495,441462.0
6553.916573014448,446723.0
6554.096479005746,449844.0
6554.276384997044,452424.0
6554.4562909883425,451481.0
6554.636196979641,453406.0
6554.816102970939,453001.0
6554.996008962237,447058.0
6555.1759149535355,448451.0
6555.355820944834,453018.0
6555.535726936132,452938.0
6555.71563292743,451080.0
6555.895538918729,450468.0
6556.075444910027,452181.0
6556.255350901325,458616.0
6556.435256892624,461155.0
6556.6151628839225,460424.0
6556.795068875221,463824.0
6556.974974866519,462397.0
6557.154880857817,462238.0
6557.3347868491155,469785.0
6557.514692840414,482697.0
6557.694598831712,494283.0
6557.87450482301,500315.0
6558.0544108143085,505854.0
6558.234316805607,517145.0
6558.414222796905,527909.0
6558.594128788203,543012.0
6558.774034779502,562186.0
6558.9539407708,586737.0
6559.133846762098,610622.0
6559.313752753396,631912.0
6559.493658744695,656736.0
6559.673564735993,688135.0
6559.853470727291,720350.0
6560.033376718589,747611.0
6560.213282709888,783686.0
6560.393188701186,810949.0
6560.573094692484,843096.0
6560.753000683782,873988.0
6560.932906675081,902402.0
6561.112812666379,939414.0
6561.292718657677,965403.0
6561.472624648975,975176.0
6561.652530640274,986745.0
6561.832436631572,985521.0
6562.01234262287,969909.0
6562.192248614168,948960.0
6562.372154605467,930309.0
6562.552060596765,913459.0
6562.731966588063,890904.0
6562.911872579361,874615.0
6563.091778570661,868205.0
6563.271684561959,869888.0
6563.451590553257,884701.0
6563.631496544555,908136.0
6563.811402535854,931746.0
6563.991308527152,946282.0
6564.17121451845,956412.0
6564.351120509748,979510.0
6564.531026501047,995588.0
6564.710932492345,997066.0
6564.890838483643,979023.0
6565.070744474941,954022.0
6565.25065046624,930084.0
6565.430556457538,901176.0
6565.610462448836,872667.0
6565.790368440134,842519.0
6565.970274431433,807576.0
6566.150180422731,778913.0
6566.330086414029,749073.0
6566.5099924053275,718321.0
6566.689898396626,690175.0
6566.869804387924,658355.0
6567.049710379222,634470.0
6567.2296163705205,617826.0
6567.409522361819,594214.0
6567.589428353117,579136.0
6567.769334344415,564701.0
6567.9492403357135,556173.0
6568.129146327012,545506.0
6568.30905231831,532137.0
6568.488958309608,516901.0
6568.6688643009065,508847.0
6568.848770292205,507016.0
6569.028676283503,509118.0
6569.208582274801,505843.0
6569.3884882661,497937.0
6569.568394257398,494819.0
6569.748300248696,486244.0
6569.928206239995,488487.0
6570.1081122312935,492198.0
6570.288018222592,491925.0
6570.46792421389,492392.0
6570.647830205188,491238.0
6570.8277361964865,492857.0
6571.007642187785,492548.0
6571.187548179083,495330.0
6571.367454170381,496132.0
6571.5473601616795,494722.0
6571.727266152978,492314.0
6571.907172144276,486780.0
6572.087078135574,485558.0
6572.266984126873,492202.0
6572.446890118171,503677.0
6572.626796109469,505066.0
6572.806702100767,504130.0
6572.986608092066,510540.0
6573.166514083364,511215.0
6573.346420074662,512360.0
6573.52632606596,513824.0
6573.706232057259,513951.0
6573.886138048557,512545.0
6574.066044039855,516707.0
6574.245950031153,521818.0
6574.425856022452,514761.0
6574.60576201375,510123.0
6574.785668005048,507875.0
6574.965573996346,508629.0
6575.145479987645,515730.0
6575.325385978943,524315.0
6575.505291970241,531973.0
6575.685197961539,532491.0
6575.865103952838,529929.0
6576.045009944136,530605.0
6576.224915935434,535592.0
6576.404821926732,536032.0
6576.584727918031,536527.0
6576.76463390933,541522.0
6576.944539900628,541345.0
6577.124445891926,538315.0
6577.304351883225,538910.0
6577.484257874523,542548.0
6577.664163865821,545597.0
6577.844069857119,551310.0
6578.023975848418,545142.0
6578.203881839716,541645.0
6578.383787831014,546674.0
6578.563693822312,549431.0
6578.743599813611,553414.0
6578.923505804909,550764.0
6579.103411796207,554685.0
6579.283317787505,556818.0
6579.463223778804,556884.0
6579.643129770102,559177.0
6579.8230357614,555748.0
6580.0029417526985,554738.0
6580.182847743997,553885.0
6580.362753735295,551727.0
6580.542659726593,552342.0
6580.7225657178915,553287.0
6580.90247170919,554464.0
6581.082377700488,559375.0
6581.262283691786,564506.0
6581.4421896830845,565398.0
6581.622095674383,563444.0
6581.802001665681,563127.0
6581.981907656979,568779.0
6582.1618136482775,567167.0
6582.341719639576,565198.0
6582.521625630874,566891.0
6582.701531622172,572469.0
6582.881437613471,571563.0
6583.061343604769,570807.0
6583.241249596067,569967.0
6583.421155587366,567140.0
6583.6010615786645,569607.0
6583.780967569963,574146.0
6583.960873561261,570028.0
6584.140779552559,575100.0
6584.3206855438575,578033.0
6584.500591535156,575729.0
6584.680497526454,575325.0
6584.860403517752,574080.0
6585.0403095090505,573974.0
6585.220215500349,576452.0
6585.400121491647,582757.0
6585.580027482945,585759.0
6585.759933474244,580975.0
6585.939839465542,575761.0
6586.11974545684,574318.0
6586.299651448138,576619.0
6586.479557439437,577218.0
6586.659463430735,576306.0
6586.839369422033,576572.0
6587.019275413331,575623.0
6587.19918140463,576329.0
6587.379087395928,578157.0
6587.558993387226,579779.0
6587.738899378524,591771.0
6587.918805369823,590962.0
6588.098711361121,587627.0
6588.278617352419,588488.0
6588.458523343717,590033.0
6588.638429335016,586992.0
6588.818335326314,590368.0
6588.998241317612,592566.0
6589.17814730891,589162.0
6589.358053300209,586437.0
6589.537959291507,588071.0
6589.717865282805,591881.0
6589.897771274103,596822.0
6590.077677265403,596744.0
6590.257583256701,591304.0
6590.437489247999,591682.0
6590.617395239297,592334.0
6590.797301230596,587278.0
6590.977207221894,587679.0
6591.157113213192,594037.0
6591.33701920449,596254.0
6591.516925195789,596733.0
6591.696831187087,595981.0
6591.876737178385,590872.0
6592.056643169683,588446.0
6592.236549160982,589565.0
6592.41645515228,593526.0
6592.596361143578,595478.0
6592.776267134876,592629.0
6592.956173126175,594946.0
6593.136079117473,599179.0
6593.315985108771,594378.0
6593.4958911000695,590782.0
6593.675797091368,597681.0
6593.855703082666,594463.0
6594.035609073964,595280.0
6594.2155150652625,595466.0
6594.395421056561,591751.0
6594.575327047859,589520.0
6594.755233039157,595763.0
6594.9351390304555,595850.0
6595.115045021754,593237.0
6595.294951013052,592208.0
6595.47485700435,596886.0
6595.6547629956485,597970.0
6595.834668986947,596164.0
6596.014574978245,593194.0
6596.194480969543,592378.0
6596.374386960842,592654.0
6596.55429295214,593938.0
6596.734198943439,600998.0
6596.914104934737,598247.0
6597.0940109260355,591151.0
6597.273916917334,592234.0
6597.453822908632,591390.0
6597.63372889993,589550.0
6597.8136348912285,596697.0
6597.993540882527,599713.0
6598.173446873825,595374.0
6598.353352865123,593254.0
6598.5332588564215,591969.0
6598.71316484772,593490.0
6598.893070839018,593660.0
6599.072976830316,593156.0
6599.252882821615,589243.0
6599.432788812913,587443.0
6599.612694804211,593220.0
6599.792600795509,598025.0
6599.972506786808,597888.0
6600.152412778106,594780.0
6600.332318769404,599465.0
6600.512224760702,599721.0
6600.692130752001,595616.0
6600.872036743299,591122.0
6601.051942734597,595469.0
6601.231848725895,597586.0
6601.411754717194,597048.0
6601.591660708492,588846.0
6601.77156669979,592851.0
6601.951472691088,589865.0
6602.131378682387,591867.0
6602.311284673685,592792.0
6602.491190664983,596334.0
6602.671096656281,596903.0
6602.85100264758,593588.0
6603.030908638878,591960.0
6603.210814630176,589283.0
6603.390720621474,595700.0
6603.570626612774,593146.0
6603.750532604072,596319.0
6603.93043859537,598932.0
6604.110344586668,593885.0
6604.290250577967,590832.0
6604.470156569265,590326.0
6604.650062560563,596056.0
6604.829968551861,594436.0
6605.00987454316,591618.0
6605.189780534458,591107.0
6605.369686525756,595204.0
6605.549592517054,592740.0
6605.729498508353,589928.0
6605.909404499651,589815.0
6606.089310490949,590869.0
6606.269216482247,591756.0
6606.449122473546,592724.0
6606.629028464844,593206.0
6606.808934456142,595193.0
6606.98884044744,594576.0
6607.168746438739,591830.0
6607.348652430037,591687.0
6607.528558421335,589983.0
6607.7084644126335,588516.0
6607.888370403932,588900.0
6608.06827639523,592112.0
6608.248182386528,594291.0
6608.4280883778265,592028.0
6608.607994369125,589474.0
6608.787900360423,587104.0
6608.967806351721,586165.0
6609.1477123430195,588139.0
6609.327618334318,588085.0
6609.507524325616,589820.0
6609.687430316914,591087.0
6609.8673363082125,588315.0
6610.047242299511,591355.0
6610.227148290809,594518.0
6610.407054282108,587488.0
6610.5869602734065,579480.0
6610.766866264705,583615.0
6610.946772256003,586531.0
6611.126678247301,585176.0
6611.3065842385995,588143.0
6611.486490229898,585784.0
6611.666396221196,584417.0
6611.846302212494,582035.0
6612.0262082037925,583522.0
6612.206114195091,586005.0
6612.386020186389,582755.0
6612.565926177687,580841.0
6612.7458321689855,581798.0
6612.925738160284,582355.0
6613.105644151582,578589.0
6613.28555014288,585236.0
6613.465456134179,589885.0
6613.645362125477,576808.0
6613.825268116775,577206.0
6614.005174108073,580422.0
6614.185080099372,583096.0
6614.36498609067,580513.0
6614.544892081968,578790.0
6614.724798073266,577413.0
6614.904704064565,573259.0
6615.084610055863,578242.0
6615.264516047161,580078.0
6615.444422038459,577996.0
6615.624328029758,576806.0
6615.804234021056,572900.0
6615.984140012354,572573.0
6616.164046003652,576523.0
6616.343951994951,575115.0
6616.523857986249,569820.0
6616.703763977547,573709.0
6616.883669968845,574119.0
6617.063575960145,572857.0
6617.243481951443,570620.0
6617.423387942741,568744.0
6617.603293934039,569644.0
6617.783199925338,570653.0
6617.963105916636,572749.0
6618.143011907934,571722.0
6618.322917899232,567611.0
6618.502823890531,563957.0
6618.682729881829,564586.0
6618.862635873127,569384.0
6619.042541864425,572304.0
6619.222447855724,565081.0
6619.402353847022,559916.0
6619.58225983832,567412.0
6619.762165829618,569807.0
6619.942071820917,564796.0
6620.121977812215,565998.0
6620.301883803513,570040.0
6620.481789794811,567092.0
6620.66169578611,564701.0
6620.841601777408,562500.0
6621.021507768706,556932.0
6621.2014137600045,561924.0
6621.381319751303,564452.0
6621.561225742601,561507.0
6621.741131733899,561116.0
6621.9210377251975,563606.0
6622.100943716496,562708.0
6622.280849707794,562341.0
6622.460755699092,556794.0
6622.6406616903905,554620.0
6622.820567681689,552872.0
6623.000473672987,555397.0
6623.180379664285,560026.0
6623.3602856555835,556869.0
6623.540191646882,551886.0
6623.720097638181,555318.0
6623.900003629479,560510.0
6624.0799096207775,559353.0
6624.259815612076,558869.0
6624.439721603374,552753.0
6624.619627594672,553794.0
6624.7995335859705,559310.0
6624.979439577269,553412.0
6625.159345568567,549883.0
6625.339251559865,551209.0
6625.5191575511635,553447.0
6625.699063542462,552188.0
6625.87896953376,549197.0
6626.058875525058,551828.0
6626.2387815163565,551932.0
6626.418687507655,555095.0
6626.598593498953,551074.0
6626.778499490251,544868.0
6626.95840548155,551946.0
6627.138311472848,554777.0
6627.318217464146,549999.0
6627.498123455444,542664.0
6627.678029446743,544958.0
6627.857935438041,549236.0
6628.037841429339,545595.0
6628.217747420637,545780.0
6628.397653411936,553349.0
6628.577559403234,552256.0
6628.757465394532,546950.0
6628.93737138583,550108.0
6629.117277377129,547292.0
6629.297183368427,545471.0
6629.477089359725,542212.0
6629.656995351023,541592.0
6629.836901342322,543089.0
6630.01680733362,539115.0
6630.196713324918,540004.0
6630.376619316217,542403.0
6630.556525307516,542749.0
6630.736431298814,544105.0
6630.916337290112,545555.0
6631.09624328141,543735.0
6631.276149272709,542024.0
6631.456055264007,541744.0
6631.635961255305,538977.0
6631.815867246603,541408.0
6631.995773237902,543076.0
6632.1756792292,543047.0
6632.355585220498,538622.0
6632.535491211796,528747.0
6632.715397203095,531972.0
6632.895303194393,538254.0
6633.075209185691,538358.0
6633.255115176989,540926.0
6633.435021168288,535731.0
6633.614927159586,532792.0
6633.794833150884,530406.0
6633.974739142182,530081.0
6634.154645133481,537390.0
6634.334551124779,538718.0
6634.514457116077,534912.0
6634.6943631073755,535909.0
6634.874269098674,535941.0
6635.054175089972,529920.0
6635.23408108127,528878.0
6635.4139870725685,528514.0
6635.593893063867,531841.0
6635.773799055165,532223.0
6635.953705046463,530575.0
6636.1336110377615,526399.0
6636.31351702906,527709.0
6636.493423020358,525866.0
6636.673329011656,525188.0
6636.8532350029545,523034.0
6637.033140994253,521673.0
6637.213046985551,523500.0
6637.39295297685,524498.0
6637.5728589681485,522095.0
6637.752764959447,520504.0
6637.932670950745,524789.0
6638.112576942043,519870.0
6638.2924829333415,518143.0
6638.47238892464,518778.0
6638.652294915938,523063.0
6638.832200907236,518940.0
6639.0121068985345,518995.0
6639.192012889833,518697.0
6639.371918881131,514598.0
6639.551824872429,513584.0
6639.7317308637275,512499.0
6639.911636855026,513740.0
6640.091542846324,514996.0
6640.271448837622,514681.0
6640.451354828921,514883.0
6640.631260820219,511683.0
6640.811166811517,512803.0
6640.991072802815,513427.0
6641.170978794114,509101.0
6641.350884785412,507953.0
6641.53079077671,510761.0
6641.710696768008,508227.0
6641.890602759307,504429.0
6642.070508750605,505705.0
6642.250414741903,506218.0
6642.430320733201,504516.0
6642.6102267245,501685.0
6642.790132715798,502262.0
6642.970038707096,503892.0
6643.149944698394,502169.0
6643.329850689693,500381.0
6643.509756680991,500804.0
6643.689662672289,498593.0
6643.869568663587,495892.0
6644.049474654887,496594.0
6644.229380646185,498730.0
6644.409286637483,501560.0
6644.589192628781,504088.0
6644.76909862008,499440.0
6644.949004611378,498794.0
6645.128910602676,498668.0
6645.308816593974,497795.0
6645.488722585273,495958.0
6645.668628576571,493244.0
6645.848534567869,493485.0
6646.028440559167,490497.0
6646.208346550466,492997.0
6646.388252541764,495765.0
6646.568158533062,491866.0
6646.74806452436,486695.0
6646.927970515659,488094.0
6647.107876506957,494180.0
6647.287782498255,493839.0
6647.467688489553,489268.0
6647.647594480852,486149.0
6647.82750047215,486479.0
6648.007406463448,486607.0
6648.1873124547465,484660.0
6648.367218446045,484367.0
6648.547124437343,482537.0
6648.727030428641,484297.0
6648.9069364199395,480341.0
6649.086842411238,480061.0
6649.266748402536,481681.0
6649.446654393834,484476.0
6649.6265603851325,481645.0
6649.806466376431,476339.0
6649.986372367729,479166.0
6650.166278359027,478319.0
6650.3461843503255,480466.0
6650.526090341624,478181.0
6650.705996332923,476780.0
6650.885902324221,473261.0
6651.0658083155195,473925.0
6651.245714306818,474102.0
6651.425620298116,474748.0
6651.605526289414,473419.0
6651.7854322807125,470282.0
6651.965338272011,472135.0
6652.145244263309,475522.0
6652.325150254607,471357.0
6652.5050562459055,469068.0
6652.684962237204,471211.0
6652.864868228502,468099.0
6653.0447742198,465622.0
6653.2246802110985,465737.0
6653.404586202397,469425.0
6653.584492193695,466652.0
6653.764398184993,463272.0
6653.944304176292,463219.0
6654.12421016759,466210.0
6654.304116158888,464809.0
6654.484022150186,466470.0
6654.663928141485,463221.0
6654.843834132783,457315.0
6655.023740124081,462674.0
6655.203646115379,462942.0
6655.383552106678,461899.0
6655.563458097976,459419.0
6655.743364089274,457924.0
6655.923270080572,456464.0
6656.103176071871,455713.0
6656.283082063169,452245.0
6656.462988054467,452079.0
6656.642894045765,454596.0
6656.822800037064,453183.0
6657.002706028362,450555.0
6657.18261201966,449828.0
6657.362518010959,450122.0
6657.542424002258,450741.0
6657.722329993556,450533.0
6657.902235984854,447017.0
6658.082141976152,444482.0
6658.262047967451,443429.0
6658.441953958749,445007.0
6658.621859950047,442944.0
6658.801765941345,444201.0
6658.981671932644,445651.0
6659.161577923942,441770.0
6659.34148391524,443208.0
6659.521389906538,440230.0
6659.701295897837,441595.0
6659.881201889135,438189.0
6660.061107880433,435577.0
6660.241013871731,434487.0
6660.42091986303,432102.0
6660.600825854328,432978.0
6660.780731845626,435542.0
6660.960637836924,434507.0
6661.140543828223,434527.0
6661.320449819521,433378.0
6661.500355810819,431423.0
6661.6802618021175,428501.0
6661.860167793416,428871.0
6662.040073784714,430143.0
6662.219979776012,423614.0
6662.3998857673105,424350.0
6662.579791758609,422503.0
6662.759697749907,422279.0
6662.939603741205,423487.0
6663.1195097325035,423924.0
6663.299415723802,427414.0
6663.4793217151,426680.0
6663.659227706398,422309.0
6663.8391336976965,417485.0
6664.019039688996,415185.0
6664.198945680294,416916.0
6664.378851671592,417396.0
6664.5587576628905,418032.0
6664.738663654189,417503.0
6664.918569645487,414212.0
6665.098475636785,412848.0
6665.2783816280835,417091.0
6665.458287619382,412329.0
6665.63819361068,410640.0
6665.818099601978,410116.0
6665.9980055932765,405069.0
6666.177911584575,408163.0
6666.357817575873,410826.0
6666.537723567171,409785.0
6666.7176295584695,408341.0
6666.897535549768,407176.0
6667.077441541066,407654.0
6667.257347532364,406119.0
6667.437253523663,400454.0
6667.617159514961,399387.0
6667.797065506259,398000.0
6667.976971497557,398764.0
6668.156877488856,399699.0
6668.336783480154,400401.0
6668.516689471452,398367.0
6668.69659546275,396081.0
6668.876501454049,397208.0
6669.056407445347,396985.0
6669.236313436645,394993.0
6669.416219427943,393293.0
6669.596125419242,393436.0
6669.77603141054,390488.0
6669.955937401838,387068.0
6670.135843393136,386809.0
6670.315749384435,386344.0
6670.495655375733,389940.0
6670.675561367031,392239.0
6670.855467358329,387288.0
6671.035373349629,384424.0
6671.215279340927,385794.0
6671.395185332225,381979.0
6671.575091323523,379067.0
6671.754997314822,380100.0
6671.93490330612,381405.0
6672.114809297418,379555.0
6672.294715288716,379922.0
6672.474621280015,377787.0
6672.654527271313,375310.0
6672.834433262611,378978.0
6673.014339253909,376520.0
6673.194245245208,369998.0
6673.374151236506,371039.0
6673.554057227804,374422.0
6673.733963219102,374325.0
6673.913869210401,372021.0
6674.093775201699,371374.0
6674.273681192997,368553.0
6674.453587184295,364753.0
6674.633493175594,363992.0
6674.813399166892,365050.0
6674.99330515819,363169.0
6675.173211149488,361336.0
6675.353117140787,363312.0
6675.533023132085,360994.0
6675.712929123383,358676.0
6675.8928351146815,359600.0
6676.07274110598,357905.0
6676.252647097278,355245.0
6676.432553088576,354391.0
6676.6124590798745,351380.0
6676.792365071173,351807.0
6676.972271062471,350893.0
6677.152177053769,352688.0
6677.3320830450675,348128.0
6677.511989036366,347422.0
6677.691895027665,347822.0
6677.871801018963,346335.0
6678.051707010261,346901.0
6678.23161300156,350236.0
6678.411518992858,346246.0
6678.591424984156,341971.0
6678.7713309754545,342416.0
6678.951236966753,343051.0
6679.131142958051,340791.0
6679.311048949349,340119.0
6679.4909549406475,338364.0
6679.670860931946,337776.0
6679.850766923244,342172.0
6680.030672914542,339114.0
6680.2105789058405,338987.0
6680.390484897139,334780.0
6680.570390888437,336793.0
6680.750296879735,337493.0
6680.9302028710335,335782.0
6681.110108862332,333445.0
6681.29001485363,332044.0
6681.469920844928,330848.0
6681.649826836227,334451.0
6681.829732827525,333172.0
6682.009638818823,327539.0
6682.189544810121,328076.0
6682.36945080142,330908.0
6682.549356792718,328630.0
6682.729262784016,328028.0
6682.909168775314,325792.0
6683.089074766613,325067.0
6683.268980757911,327039.0
6683.448886749209,328431.0
6683.628792740507,323373.0
6683.808698731806,320460.0
6683.988604723104,320696.0
6684.168510714402,320922.0
6684.348416705701,319901.0
6684.528322697,319694.0
6684.708228688298,316044.0
6684.888134679596,317989.0
6685.068040670894,317206.0
6685.247946662193,311855.0
6685.427852653491,311586.0
6685.607758644789,312137.0
6685.787664636087,313337.0
6685.967570627386,311244.0
6686.147476618684,311112.0
6686.327382609982,306731.0
6686.50728860128,306042.0
6686.687194592579,307605.0
6686.867100583877,305511.0
6687.047006575175,306322.0
6687.226912566473,304289.0
6687.406818557772,300988.0
6687.58672454907,299490.0
6687.766630540368,301077.0
6687.946536531666,300189.0
6688.126442522965,301431.0
6688.306348514263,300184.0
6688.486254505561,297241.0
6688.666160496859,295890.0
6688.846066488158,295479.0
6689.025972479456,296434.0
6689.205878470754,292820.0
6689.3857844620525,291667.0
6689.565690453351,291876.0
6689.745596444649,288351.0
6689.925502435947,290601.0
6690.1054084272455,291503.0
6690.285314418544,288745.0
6690.465220409842,288418.0
6690.64512640114,287672.0
6690.8250323924385,283644.0
6691.004938383738,282054.0
6691.184844375036,280082.0
6691.364750366334,280298.0
6691.544656357632,283432.0
6691.724562348931,280955.0
6691.904468340229,279173.0
6692.084374331527,281087.0
6692.2642803228255,278425.0
6692.444186314124,278574.0
6692.624092305422,277699.0
6692.80399829672,276656.0
6692.9839042880185,273231.0
6693.163810279317,270393.0
6693.343716270615,271149.0
6693.523622261913,274703.0
6693.7035282532115,275222.0
6693.88343424451,270131.0
6694.063340235808,269291.0
6694.243246227106,265962.0
6694.4231522184045,265955.0
6694.603058209703,263256.0
6694.782964201001,263717.0
6694.962870192299,264962.0
6695.142776183598,263897.0
6695.322682174896,260023.0
6695.502588166194,259722.0
6695.682494157492,260453.0
6695.862400148791,258842.0
6696.042306140089,255774.0
6696.222212131387,258672.0
6696.402118122685,258413.0
6696.582024113984,254781.0
6696.761930105282,255804.0
6696.94183609658,256709.0
6697.121742087878,255126.0
6697.301648079177,252594.0
6697.481554070475,251452.0
6697.661460061774,248282.0
6697.841366053072,245856.0
6698.021272044371,246513.0
6698.201178035669,246222.0
6698.381084026967,247410.0
6698.560990018265,246754.0
6698.740896009564,244844.0
6698.920802000862,244103.0
6699.10070799216,242346.0
6699.280613983458,240462.0
6699.460519974757,240245.0
6699.640425966055,238063.0
6699.820331957353,234408.0
6700.000237948651,233976.0
6700.18014393995,235202.0
6700.360049931248,233927.0
6700.539955922546,232218.0
6700.719861913844,231356.0
6700.899767905143,233115.0
6701.079673896441,231400.0
6701.259579887739,229724.0
6701.439485879037,227907.0
6701.619391870336,226283.0
6701.799297861634,226036.0
6701.979203852932,224837.0
6702.15910984423,223747.0
6702.339015835529,221787.0
6702.518921826827,221215.0
6702.698827818125,220579.0
6702.8787338094235,220896.0
6703.058639800722,219401.0
6703.23854579202,219029.0
6703.418451783318,216796.0
6703.5983577746165,214714.0
6703.778263765915,212960.0
6703.958169757213,213451.0
6704.138075748511,212790.0
6704.3179817398095,214740.0
6704.497887731108,214839.0
6704.677793722407,212902.0
6704.857699713705,211357.0
6705.037605705003,210614.0
6705.217511696302,209383.0
6705.3974176876,207590.0
6705.577323678898,205864.0
6705.7572296701965,204608.0
6705.937135661495,204400.0
6706.117041652793,202883.0
6706.296947644091,201446.0
6706.4768536353895,200213.0
6706.656759626688,198097.0
6706.836665617986,197004.0
6707.016571609284,196977.0
6707.1964776005825,198804.0
6707.376383591881,196205.0
6707.556289583179,195552.0
6707.736195574477,196067.0
6707.9161015657755,194940.0
6708.096007557074,193075.0
6708.275913548372,192706.0
6708.45581953967,191967.0
6708.635725530969,189782.0
6708.815631522267,188606.0
6708.995537513565,187993.0
6709.175443504863,187573.0
6709.355349496162,186663.0
6709.53525548746,184274.0
6709.715161478758,184037.0
6709.895067470056,184016.0
6710.074973461355,181589.0
6710.254879452653,181673.0
6710.434785443951,179817.0
6710.614691435249,179213.0
6710.794597426548,178183.0
6710.974503417846,176911.0
6711.154409409144,175921.0
6711.334315400443,176588.0
6711.514221391742,173808.0
6711.69412738304,175501.0
6711.874033374338,175074.0
6712.053939365636,175175.0
6712.233845356935,171537.0
6712.413751348233,169412.0
6712.593657339531,168833.0
6712.773563330829,169044.0
6712.953469322128,165298.0
6713.133375313426,166930.0
6713.313281304724,167681.0
6713.493187296022,165967.0
6713.673093287321,163431.0
6713.852999278619,165096.0
6714.032905269917,163163.0
6714.212811261215,160488.0
6714.392717252514,160471.0
6714.572623243812,161142.0
6714.75252923511,159014.0
6714.932435226408,158532.0
6715.112341217707,159567.0
6715.292247209005,156261.0
6715.472153200303,153616.0
6715.652059191601,153174.0
6715.8319651829,153560.0
6716.011871174198,153176.0
6716.191777165496,152169.0
6716.3716831567945,150850.0
6716.551589148093,149356.0
6716.731495139391,147963.0
6716.911401130689,148719.0
6717.0913071219875,147709.0
6717.271213113286,147044.0
6717.451119104584,144835.0
6717.631025095882,141778.0
6717.8109310871805,144830.0
6717.99083707848,144360.0
6718.170743069778,141963.0
6718.350649061076,142825.0
6718.530555052374,142794.0
6718.710461043673,141082.0
6718.890367034971,139245.0
6719.070273026269,138506.0
6719.2501790175675,137824.0
6719.430085008866,137873.0
6719.609991000164,135965.0
6719.789896991462,135077.0
6719.9698029827605,136235.0
6720.149708974059,133444.0
6720.329614965357,132328.0
6720.509520956655,131853.0
6720.6894269479535,130388.0
6720.869332939252,128620.0
6721.04923893055,127651.0
6721.229144921848,128682.0
6721.4090509131465,128846.0
6721.588956904445,124537.0
6721.768862895743,123647.0
6721.948768887041,124760.0
6722.12867487834,123836.0
6722.308580869638,122558.0
6722.488486860936,123079.0
6722.668392852234,124987.0
6722.848298843533,124634.0
6723.028204834831,121159.0
6723.208110826129,118860.0
6723.388016817427,118490.0
6723.567922808726,117936.0
6723.747828800024,117735.0
6723.927734791322,116928.0
6724.10764078262,115794.0
6724.287546773919,114662.0
6724.467452765217,112816.0
6724.647358756516,113494.0
6724.827264747814,113033.0
6725.007170739113,112994.0
6725.187076730411,111661.0
6725.366982721709,111740.0
6725.546888713007,110227.0
6725.726794704306,108750.0
6725.906700695604,108467.0
6726.086606686902,108649.0
6726.2665126782,106780.0
6726.446418669499,105049.0
6726.626324660797,105959.0
6726.806230652095,105223.0
6726.986136643393,104197.0
6727.166042634692,103345.0
6727.34594862599,103524.0
6727.525854617288,102105.0
6727.705760608586,100728.0
6727.885666599885,100763.0
6728.065572591183,100615.0
6728.245478582481,100049.0
6728.425384573779,98850.4
6728.605290565078,97362.9
6728.785196556376,98243.8
6728.965102547674,97659.7
6729.145008538972,96726.5
6729.324914530271,96376.5
6729.504820521569,95272.8
6729.684726512867,94303.5
6729.8646325041655,93423.8
6730.044538495464,92503.0
6730.224444486762,91273.5
6730.40435047806,91496.8
6730.5842564693585,90133.0
6730.764162460657,89119.8
6730.944068451955,88703.0
6731.123974443253,89171.0
6731.303880434552,88978.6
6731.483786425851,88131.8
6731.663692417149,86652.7
6731.843598408447,86482.5
6732.023504399745,86610.0
6732.203410391044,85747.6
6732.383316382342,85047.8
6732.56322237364,83526.1
6732.7431283649385,76407.1
