7602.8477558453,23341.6
7603.058628668783,18340.6
7603.269501492266,12234.8
7603.480374315749,8406.92
7603.691247139232,9084.25
7603.902119962715,9217.12
7604.1129927861975,7455.68
7604.323865609681,8613.35
7604.5347384331635,12368.8
7604.745611256647,16805.8
7604.9564840801295,17801.8
7605.167356903613,14953.3
7605.3782297270955,10710.7
7605.589102550579,10064.8
7605.799975374061,13706.7
7606.010848197545,16014.7
7606.221721021027,13860.9
7606.432593844511,10745.7
7606.643466667993,9505.79
7606.854339491477,13253.7
7607.065212314959,17538.1
7607.276085138443,17382.9
7607.486957961925,14128.4
7607.697830785409,12047.1
7607.908703608891,14589.8
7608.119576432375,21561.4
7608.330449255857,27357.5
7608.541322079341,27432.9
7608.752194902823,21736.9
7608.963067726307,14391.5
7609.173940549789,11906.8
7609.384813373273,14923.6
7609.595686196755,19475.0
7609.806559020239,21012.2
7610.017431843721,17830.9
7610.228304667205,15502.6
7610.439177490688,20556.2
7610.650050314171,30399.2
7610.860923137654,41777.3
7611.071795961137,48168.1
7611.28266878462,45845.4
7611.4935416081025,35331.9
7611.704414431586,22400.4
7611.9152872550685,16490.4
7612.126160078552,19891.7
7612.3370329020345,25993.9
7612.547905725518,29488.8
7612.758778549,26477.3
7612.969651372484,24215.7
7613.180524195966,30265.1
7613.39139701945,44368.2
7613.602269842932,61191.0
7613.813142666416,74010.2
7614.024015489898,78727.9
7614.234888313382,75525.8
7614.445761136864,61569.2
7614.656633960348,42281.3
7614.86750678383,31958.8
7615.078379607314,34830.2
7615.289252430796,45001.3
7615.50012525428,53087.3
7615.710998077762,51449.7
7615.921870901246,46600.3
7616.132743724728,54325.7
7616.343616548212,71841.1
7616.554489371694,92684.0
7616.765362195178,107553.0
7616.97623501866,113672.0
7617.187107842144,114897.0
7617.397980665626,116529.0
7617.60885348911,120442.0
7617.819726312593,122175.0
7618.030599136076,120637.0
7618.241471959559,121087.0
7618.452344783042,125028.0
7618.663217606525,125984.0
7618.8740904300075,123991.0
7619.084963253491,121270.0
7619.2958360769735,118464.0
7619.506708900457,115546.0
7619.7175817239395,111586.0
7619.928454547423,108026.0
7620.139327370905,98360.5
7620.350200194389,80832.9
7620.561073017871,60117.1
7620.771945841355,46327.7
7620.982818664837,45169.5
7621.193691488321,58079.6
7621.404564311803,79271.1
7621.615437135287,96012.9
7621.826309958769,105057.0
7622.037182782253,108059.0
7622.248055605735,103800.0
7622.458928429219,90459.4
7622.669801252701,70236.3
7622.880674076185,48156.3
7623.091546899667,33414.8
7623.302419723151,32029.5
7623.513292546633,39385.1
7623.724165370117,45824.5
7623.935038193599,42668.4
7624.145911017083,33117.4
7624.356783840565,28900.1
7624.567656664049,38003.0
7624.778529487532,55921.3
7624.989402311015,75768.7
7625.200275134498,92164.0
7625.411147957981,102566.0
7625.622020781464,108972.0
7625.832893604947,108924.0
7626.04376642843,99585.0
7626.2546392519125,85225.1
7626.465512075396,62331.5
7626.6763848988785,39832.5
7626.887257722362,27880.9
7627.0981305458445,27060.0
7627.309003369328,32269.4
7627.51987619281,35956.7
7627.730749016294,32356.2
7627.941621839776,25592.5
7628.15249466326,27094.8
7628.363367486742,38918.5
7628.574240310226,58643.2
7628.785113133708,80391.1
7628.995985957192,98186.6
7629.206858780674,109540.0
7629.417731604158,113754.0
7629.62860442764,112844.0
7629.839477251124,108731.0
7630.050350074606,94967.0
7630.26122289809,78568.9
7630.472095721572,58460.8
7630.682968545056,38958.3
7630.893841368538,26903.0
7631.104714192022,25888.9
7631.315587015504,31142.1
7631.526459838988,32853.7
7631.73733266247,28723.6
7631.948205485954,25989.2
7632.159078309437,31077.1
7632.36995113292,46423.3
7632.580823956403,67997.0
7632.791696779886,91025.0
7633.002569603369,107910.0
7633.2134424268515,116758.0
7633.424315250335,124211.0
7633.6351880738175,128451.0
7633.846060897301,123530.0
7634.0569337207835,118302.0
7634.267806544267,106824.0
7634.4786793677495,86504.2
7634.689552191233,63613.8
7634.900425014715,41214.7
7635.111297838199,30601.8
7635.322170661681,31994.7
7635.533043485165,34988.6
7635.743916308647,35078.8
7635.954789132131,32291.6
7636.165661955613,31140.4
7636.376534779097,39839.9
7636.587407602579,58866.4
7636.798280426063,84717.4
7637.009153249545,107146.0
7637.220026073029,124116.0
7637.430898896511,134983.0
7637.641771719995,138404.0
7637.852644543477,138258.0
7638.063517366961,137906.0
7638.274390190443,135475.0
7638.485263013927,129146.0
7638.696135837409,115181.0
7638.907008660893,93700.6
7639.117881484375,69458.6
7639.328754307859,48003.5
7639.539627131342,37046.1
7639.750499954825,38061.1
7639.961372778308,43079.3
7640.172245601791,43818.8
7640.383118425274,39805.5
7640.5939912487565,39529.0
7640.80486407224,50733.2
7641.0157368957225,73132.8
7641.226609719206,99991.2
7641.4374825426885,125366.0
7641.648355366172,142865.0
7641.8592281896545,150417.0
7642.070101013138,153983.0
7642.28097383662,156571.0
7642.491846660104,155714.0
7642.702719483586,154693.0
7642.91359230707,153963.0
7643.124465130552,150370.0
7643.335337954036,132939.0
7643.546210777518,108811.0
7643.757083601002,81267.3
7643.967956424484,59169.4
7644.178829247968,49991.6
7644.38970207145,51047.5
7644.600574894934,55370.0
7644.811447718416,54961.2
7645.0223205419,49714.5
7645.233193365382,50396.6
7645.444066188866,67080.4
7645.654939012348,94063.8
7645.865811835832,121383.0
7646.076684659314,145867.0
7646.287557482798,161925.0
7646.49843030628,167696.0
7646.709303129764,172219.0
7646.920175953247,179267.0
7647.13104877673,180850.0
7647.341921600213,177601.0
7647.552794423696,175897.0
7647.763667247179,174155.0
7647.9745400706615,167799.0
7648.185412894145,150806.0
7648.3962857176275,125230.0
7648.607158541111,98704.1
7648.8180313645935,78439.3
7649.028904188077,69954.0
7649.239777011559,71092.4
7649.450649835043,72427.1
7649.661522658525,71581.1
7649.872395482009,70592.7
7650.083268305491,74435.4
7650.294141128975,90197.5
7650.505013952457,116125.0
7650.715886775941,144153.0
7650.926759599423,168700.0
7651.137632422907,183535.0
7651.348505246389,189435.0
7651.559378069873,192093.0
7651.770250893355,193182.0
7651.981123716839,197156.0
7652.191996540321,198436.0
7652.402869363805,199256.0
7652.613742187287,198363.0
7652.824615010771,195867.0
7653.035487834253,187531.0
7653.246360657737,171253.0
7653.457233481219,148813.0
7653.668106304703,124458.0
7653.878979128185,105007.0
7654.089851951669,95138.5
7654.300724775152,94333.8
7654.511597598635,99668.8
7654.722470422118,102257.0
7654.933343245601,99458.7
7655.144216069084,100153.0
7655.3550888925665,114764.0
7655.56596171605,139525.0
7655.7768345395325,167041.0
7655.987707363016,188797.0
7656.1985801864985,199075.0
7656.409453009982,204925.0
7656.620325833464,211564.0
7656.831198656948,212321.0
7657.04207148043,212415.0
7657.252944303914,212528.0
7657.463817127396,211039.0
7657.67468995088,210374.0
7657.885562774362,213271.0
7658.096435597846,210343.0
7658.307308421328,201317.0
7658.518181244812,190742.0
7658.729054068294,175554.0
7658.939926891778,154404.0
7659.15079971526,134431.0
7659.361672538744,124954.0
7659.572545362226,124813.0
7659.78341818571,125285.0
7659.994291009192,126813.0
7660.205163832676,125652.0
7660.416036656158,128747.0
7660.626909479642,141151.0
7660.837782303124,163874.0
7661.048655126608,188962.0
7661.259527950091,203508.0
7661.470400773574,211747.0
7661.681273597057,222139.0
7661.89214642054,226852.0
7662.103019244023,230531.0
7662.313892067506,230992.0
7662.524764890989,234427.0
7662.7356377144715,235578.0
7662.946510537955,230929.0
7663.1573833614375,227801.0
7663.368256184921,226880.0
7663.5791290084035,228677.0
7663.790001831887,224791.0
7664.000874655369,213268.0
7664.211747478853,201459.0
7664.422620302335,184950.0
7664.633493125819,170116.0
7664.844365949301,160596.0
7665.055238772785,157450.0
7665.266111596267,158533.0
7665.476984419751,158323.0
7665.687857243233,161010.0
7665.898730066717,162727.0
7666.109602890199,168158.0
7666.320475713683,185711.0
7666.531348537165,207887.0
7666.742221360649,223979.0
7666.953094184131,232772.0
7667.163967007615,235996.0
7667.374839831097,239189.0
7667.585712654581,242056.0
7667.796585478063,240517.0
7668.007458301547,247882.0
7668.218331125029,249575.0
7668.429203948513,247151.0
7668.640076771995,242236.0
7668.850949595479,242297.0
7669.061822418962,244018.0
7669.272695242445,243471.0
7669.483568065928,243031.0
7669.6944408894105,235441.0
7669.905313712894,220218.0
7670.1161865363765,206715.0
7670.32705935986,193463.0
7670.5379321833425,185502.0
7670.748805006826,184893.0
7670.9596778303085,187919.0
7671.170550653792,187163.0
7671.381423477274,185965.0
7671.592296300758,187510.0
7671.80316912424,192655.0
7672.014041947724,203866.0
7672.224914771206,220765.0
7672.43578759469,235769.0
7672.646660418172,242056.0
7672.857533241656,244157.0
7673.068406065138,247428.0
7673.279278888622,250967.0
7673.490151712104,255564.0
7673.701024535588,253921.0
7673.91189735907,251969.0
7674.122770182554,257188.0
7674.333643006036,257677.0
7674.54451582952,255481.0
7674.755388653002,253336.0
7674.966261476486,251770.0
7675.177134299968,252925.0
7675.388007123452,251970.0
7675.598879946934,247787.0
7675.809752770418,243051.0
7676.020625593901,231853.0
7676.231498417384,219590.0
7676.442371240867,212274.0
7676.65324406435,214075.0
7676.864116887833,213793.0
7677.0749897113155,208383.0
7677.285862534799,207626.0
7677.4967353582815,209892.0
7677.707608181765,214430.0
7677.9184810052475,224657.0
7678.129353828731,238157.0
7678.3402266522135,246686.0
7678.551099475697,252301.0
7678.761972299179,259331.0
7678.972845122663,258112.0
7679.183717946145,257475.0
7679.394590769629,263529.0
7679.605463593111,264938.0
7679.816336416595,262700.0
7680.027209240077,260626.0
7680.238082063561,258703.0
7680.448954887043,261707.0
7680.659827710527,259649.0
7680.870700534009,256449.0
7681.081573357493,258523.0
7681.292446180975,261478.0
7681.503319004459,262930.0
7681.714191827941,263091.0
7681.925064651425,260053.0
7682.135937474907,251982.0
7682.346810298391,242872.0
7682.557683121873,237082.0
7682.768555945357,235459.0
7682.979428768839,232547.0
7683.190301592323,226307.0
7683.401174415806,228542.0
7683.612047239289,234982.0
7683.822920062772,237869.0
7684.033792886255,244778.0
7684.244665709738,251261.0
7684.4555385332205,257580.0
7684.666411356704,262597.0
7684.8772841801865,262307.0
7685.08815700367,262797.0
7685.2990298271525,264286.0
7685.509902650636,268143.0
7685.720775474118,269035.0
7685.931648297602,263771.0
7686.142521121084,265932.0
7686.353393944568,269925.0
7686.56426676805,273951.0
7686.775139591534,272896.0
7686.986012415016,268953.0
7687.1968852385,268818.0
7687.407758061982,268551.0
7687.618630885466,269963.0
7687.829503708948,270130.0
7688.040376532432,269282.0
7688.251249355914,269396.0
7688.462122179398,263758.0
7688.67299500288,257102.0
7688.883867826364,256049.0
7689.094740649846,254645.0
7689.30561347333,252534.0
7689.516486296812,252991.0
7689.727359120296,250673.0
7689.938231943778,250502.0
7690.149104767262,250322.0
7690.359977590744,250821.0
7690.570850414228,252217.0
7690.781723237711,261960.0
7690.992596061194,268754.0
7691.203468884677,267258.0
7691.41434170816,267506.0
7691.625214531643,268499.0
7691.8360873551255,269230.0
7692.046960178609,271835.0
7692.2578330020915,275335.0
7692.468705825575,279667.0
7692.6795786490575,276705.0
7692.890451472541,273791.0
7693.101324296023,274421.0
7693.312197119507,270078.0
7693.523069942989,265796.0
7693.733942766473,268629.0
7693.944815589955,271316.0
7694.155688413439,275898.0
7694.366561236921,274059.0
7694.577434060405,274192.0
7694.788306883887,275705.0
7694.999179707371,273480.0
7695.210052530853,268891.0
7695.420925354337,267842.0
7695.631798177819,268238.0
7695.842671001303,269736.0
7696.053543824785,271170.0
7696.264416648269,264923.0
7696.475289471751,261091.0
7696.686162295235,260814.0
7696.897035118717,263970.0
7697.107907942201,267544.0
7697.318780765683,271425.0
7697.529653589167,277396.0
7697.74052641265,276639.0
7697.951399236133,275900.0
7698.162272059616,276888.0
7698.373144883099,280087.0
7698.584017706582,280373.0
7698.794890530065,282127.0
7699.005763353548,279833.0
7699.2166361770305,279192.0
7699.427509000514,280543.0
7699.6383818239965,279254.0
7699.84925464748,278006.0
7700.0601274709625,278893.0
7700.271000294446,279868.0
7700.481873117928,278146.0
7700.692745941412,280476.0
7700.903618764894,280417.0
7701.114491588378,283717.0
7701.32536441186,284406.0
7701.536237235344,284786.0
7701.747110058826,278978.0
7701.95798288231,275386.0
7702.168855705792,273970.0
7702.379728529276,275893.0
7702.590601352758,274528.0
7702.801474176242,274450.0
7703.012346999724,275210.0
7703.223219823208,274061.0
7703.43409264669,272603.0
7703.644965470174,272865.0
7703.855838293656,275098.0
7704.06671111714,280110.0
7704.277583940622,281672.0
7704.488456764106,282480.0
7704.699329587588,284538.0
7704.910202411072,280597.0
7705.121075234554,282833.0
7705.331948058038,283530.0
7705.542820881521,283739.0
7705.753693705004,279047.0
7705.964566528487,283445.0
7706.1754393519695,284224.0
7706.386312175453,285161.0
7706.5971849989355,284066.0
7706.808057822419,280273.0
7707.0189306459015,281776.0
7707.229803469385,284502.0
7707.4406762928675,284294.0
7707.651549116351,284689.0
7707.862421939833,282907.0
7708.073294763317,283160.0
7708.284167586799,284664.0
7708.495040410283,287913.0
7708.705913233765,291526.0
7708.916786057249,291509.0
7709.127658880731,289902.0
7709.338531704215,285244.0
7709.549404527697,284170.0
7709.760277351181,290213.0
7709.971150174663,287378.0
7710.182022998147,284250.0
7710.392895821629,288204.0
7710.603768645113,284905.0
7710.814641468595,283010.0
7711.025514292079,284429.0
7711.236387115561,284517.0
7711.447259939045,283076.0
7711.658132762527,280217.0
7711.869005586011,284231.0
7712.079878409493,286667.0
7712.290751232977,285015.0
7712.50162405646,280696.0
7712.712496879943,278492.0
7712.923369703426,278195.0
7713.134242526909,280640.0
7713.345115350392,285901.0
7713.5559881738745,288990.0
7713.766860997358,285824.0
7713.9777338208405,285817.0
7714.188606644324,285602.0
7714.3994794678065,282969.0
7714.61035229129,283911.0
7714.8212251147725,283002.0
7715.032097938256,282724.0
7715.242970761738,285553.0
7715.453843585222,287766.0
7715.664716408704,284544.0
7715.875589232188,283318.0
7716.08646205567,285480.0
7716.297334879154,286664.0
7716.508207702636,285745.0
7716.71908052612,285202.0
7716.929953349602,282582.0
7717.140826173086,285321.0
7717.351698996568,287159.0
7717.562571820052,287233.0
7717.773444643534,281460.0
7717.984317467018,281152.0
7718.1951902905,286393.0
7718.406063113984,286930.0
7718.616935937466,283709.0
7718.82780876095,284792.0
7719.038681584432,283595.0
7719.249554407916,281905.0
7719.460427231398,283737.0
7719.671300054882,286198.0
7719.882172878365,284390.0
7720.093045701848,282508.0
7720.303918525331,283718.0
7720.514791348814,281458.0
7720.725664172297,281024.0
7720.9365369957795,283105.0
7721.147409819263,281163.0
7721.3582826427455,282486.0
7721.569155466229,283651.0
7721.7800282897115,284036.0
7721.990901113195,283700.0
7722.2017739366775,279591.0
7722.412646760161,279167.0
7722.623519583643,276418.0
7722.834392407127,277690.0
7723.045265230609,283552.0
7723.256138054093,286297.0
7723.467010877575,285505.0
7723.677883701059,278493.0
7723.888756524541,278228.0
7724.099629348025,280108.0
7724.310502171507,278168.0
7724.521374994991,277692.0
7724.732247818473,279598.0
7724.943120641957,278183.0
7725.153993465439,280836.0
7725.364866288923,281420.0
7725.575739112405,283287.0
7725.786611935889,282084.0
7725.997484759371,277746.0
7726.208357582855,274612.0
7726.419230406337,275166.0
7726.630103229821,278353.0
7726.840976053303,278450.0
7727.051848876787,277094.0
7727.26272170027,275795.0
7727.473594523753,275865.0
7727.684467347236,271835.0
7727.895340170719,271617.0
7728.106212994202,276940.0
7728.3170858176845,279760.0
7728.527958641168,283143.0
7728.7388314646505,279696.0
7728.949704288134,275538.0
7729.1605771116165,275966.0
7729.3714499351,277748.0
7729.582322758582,274186.0
7729.793195582066,274223.0
7730.004068405548,275103.0
7730.214941229032,276716.0
7730.425814052514,277816.0
7730.636686875998,279739.0
7730.84755969948,280564.0
7731.058432522964,277086.0
7731.269305346446,280360.0
7731.48017816993,278696.0
7731.691050993412,274381.0
7731.901923816896,276825.0
7732.112796640378,274861.0
7732.323669463862,270507.0
7732.534542287344,276475.0
7732.745415110828,276498.0
7732.95628793431,272377.0
7733.167160757794,270462.0
7733.378033581276,273306.0
7733.58890640476,272797.0
7733.799779228242,275813.0
7734.010652051726,277682.0
7734.221524875209,276885.0
7734.432397698692,278714.0
7734.643270522175,276502.0
7734.854143345658,273549.0
7735.065016169141,272326.0
7735.275888992624,272013.0
7735.486761816107,271375.0
7735.6976346395895,270945.0
7735.908507463073,271960.0
7736.1193802865555,274308.0
7736.330253110039,274342.0
7736.5411259335215,277068.0
7736.751998757005,275883.0
7736.962871580487,271889.0
7737.173744403971,270816.0
7737.384617227453,272869.0
7737.595490050937,272590.0
7737.806362874419,270583.0
7738.017235697903,269596.0
7738.228108521385,268675.0
7738.438981344869,271993.0
7738.649854168351,272394.0
7738.860726991835,269115.0
7739.071599815317,266965.0
7739.282472638801,267303.0
7739.493345462283,270163.0
7739.704218285767,270718.0
7739.915091109249,273580.0
7740.125963932733,274341.0
7740.336836756215,269406.0
7740.547709579699,272706.0
7740.758582403181,270854.0
7740.969455226665,270616.0
7741.180328050147,271609.0
7741.391200873631,272435.0
7741.602073697113,274417.0
7741.812946520597,271892.0
7742.02381934408,269263.0
7742.234692167563,264650.0
7742.445564991046,269402.0
7742.6564378145285,268702.0
7742.867310638012,263307.0
7743.0781834614945,262018.0
7743.289056284978,263664.0
7743.4999291084605,267737.0
7743.710801931944,269031.0
7743.9216747554265,268090.0
7744.13254757891,267846.0
7744.343420402392,265818.0
7744.554293225876,265580.0
7744.765166049358,261866.0
7744.976038872842,259740.0
7745.186911696324,262303.0
7745.397784519808,268174.0
7745.60865734329,267133.0
7745.819530166774,264726.0
7746.030402990256,262182.0
7746.24127581374,259714.0
7746.452148637222,262111.0
7746.663021460706,260777.0
7746.873894284188,262199.0
7747.084767107672,262455.0
7747.295639931154,263256.0
7747.506512754638,261890.0
7747.71738557812,254939.0
7747.928258401604,255652.0
7748.139131225086,261372.0
7748.35000404857,269258.0
7748.560876872052,268040.0
7748.771749695536,264977.0
7748.982622519019,264500.0
7749.193495342502,260043.0
7749.404368165985,256273.0
7749.615240989468,256028.0
7749.826113812951,260669.0
7750.0369866364335,260494.0
7750.247859459917,259338.0
7750.4587322833995,257030.0
7750.669605106883,254425.0
7750.8804779303655,257402.0
7751.091350753849,261128.0
7751.3022235773315,260122.0
7751.513096400815,259148.0
7751.723969224297,257378.0
7751.934842047781,258861.0
7752.145714871263,258213.0
7752.356587694747,256922.0
7752.567460518229,256188.0
7752.778333341713,257800.0
7752.989206165195,259790.0
7753.200078988679,257786.0
7753.410951812161,257581.0
7753.621824635645,258437.0
7753.832697459127,259807.0
7754.043570282611,260784.0
7754.254443106093,257025.0
7754.465315929577,256506.0
7754.676188753059,254299.0
7754.887061576543,253260.0
7755.097934400025,253944.0
7755.308807223509,256044.0
7755.519680046991,258256.0
7755.730552870475,258603.0
7755.941425693957,257543.0
7756.152298517441,257777.0
7756.363171340923,255142.0
7756.574044164407,252622.0
7756.78491698789,249146.0
7756.995789811373,250666.0
7757.206662634856,250347.0
7757.4175354583385,250951.0
7757.628408281822,253312.0
7757.8392811053045,249971.0
7758.050153928788,249522.0
7758.2610267522705,246706.0
7758.471899575754,247564.0
7758.6827723992365,250085.0
7758.89364522272,254621.0
7759.104518046202,260589.0
7759.315390869686,257203.0
7759.526263693168,251426.0
7759.737136516652,250841.0
7759.948009340134,246680.0
7760.158882163618,244502.0
7760.3697549871,243225.0
7760.580627810584,245571.0
7760.791500634066,251122.0
7761.00237345755,250119.0
7761.213246281032,247969.0
7761.424119104516,248285.0
7761.634991927998,245682.0
7761.845864751482,248983.0
7762.056737574964,253219.0
7762.267610398448,250591.0
7762.47848322193,244934.0
7762.689356045414,243513.0
7762.900228868896,242740.0
7763.11110169238,241573.0
7763.321974515862,242106.0
7763.532847339346,243312.0
7763.743720162829,247786.0
7763.954592986312,248300.0
7764.165465809795,245273.0
7764.376338633278,243458.0
7764.587211456761,241391.0
7764.7980842802435,240862.0
7765.008957103727,243670.0
7765.2198299272095,245996.0
7765.430702750693,245475.0
7765.6415755741755,245139.0
7765.852448397659,242743.0
7766.063321221141,239762.0
7766.274194044625,239508.0
7766.485066868107,242064.0
7766.695939691591,243116.0
7766.906812515073,244728.0
7767.117685338557,245432.0
7767.328558162039,245144.0
7767.539430985523,243476.0
7767.750303809005,237847.0
7767.961176632489,239911.0
7768.172049455971,243213.0
7768.382922279455,245362.0
7768.593795102937,243545.0
7768.804667926421,242844.0
7769.015540749903,242530.0
7769.226413573387,243647.0
7769.437286396869,242402.0
7769.648159220353,240691.0
7769.859032043835,242051.0
7770.069904867319,241363.0
7770.280777690801,240054.0
7770.491650514285,238217.0
7770.702523337768,236677.0
7770.913396161251,235070.0
7771.124268984734,238907.0
7771.335141808217,241316.0
7771.5460146317,239777.0
7771.756887455183,234387.0
7771.967760278666,233290.0
7772.1786331021485,233363.0
7772.389505925632,236296.0
7772.6003787491145,236531.0
7772.811251572598,232725.0
7773.0221243960805,228148.0
7773.232997219564,228880.0
7773.443870043046,230432.0
7773.65474286653,227839.0
7773.865615690012,226008.0
7774.076488513496,226343.0
7774.287361336978,226566.0
7774.498234160462,225381.0
7774.709106983944,227346.0
7774.919979807428,226672.0
7775.13085263091,225916.0
7775.341725454394,225203.0
7775.552598277876,225158.0
7775.76347110136,229580.0
7775.974343924842,229284.0
7776.185216748326,227596.0
7776.396089571808,226359.0
7776.606962395292,227089.0
7776.817835218774,227099.0
7777.028708042258,227785.0
7777.23958086574,226357.0
7777.450453689224,225145.0
7777.661326512706,224349.0
7777.87219933619,226000.0
7778.083072159672,225479.0
7778.293944983156,226544.0
7778.504817806639,226225.0
7778.715690630122,227456.0
7778.926563453605,226118.0
7779.1374362770875,222866.0
7779.348309100571,226337.0
7779.5591819240535,224196.0
7779.770054747537,226533.0
7779.9809275710195,223414.0
7780.191800394503,221571.0
7780.4026732179855,221443.0
7780.613546041469,222794.0
7780.824418864951,223552.0
7781.035291688435,224024.0
7781.246164511917,223951.0
7781.457037335401,219079.0
7781.667910158883,218964.0
7781.878782982367,218408.0
7782.089655805849,219930.0
7782.300528629333,219874.0
7782.511401452815,218376.0
7782.722274276299,215693.0
7782.933147099781,219475.0
7783.144019923265,216571.0
7783.354892746747,218163.0
7783.565765570231,220627.0
7783.776638393713,217157.0
7783.987511217197,217642.0
7784.198384040679,217839.0
7784.409256864163,215652.0
7784.620129687645,216506.0
7784.831002511129,216003.0
7785.041875334611,212655.0
7785.252748158095,211953.0
7785.463620981578,215726.0
7785.674493805061,216854.0
7785.885366628544,214472.0
7786.096239452027,215570.0
7786.30711227551,216361.0
7786.5179850989925,215319.0
7786.728857922476,216128.0
7786.9397307459585,215440.0
7787.150603569442,209872.0
7787.3614763929245,206001.0
7787.572349216408,208074.0
7787.7832220398905,212430.0
7787.994094863374,212336.0
7788.204967686856,213233.0
7788.41584051034,212798.0
7788.626713333822,210919.0
7788.837586157306,206531.0
7789.048458980788,206323.0
7789.259331804272,206809.0
7789.470204627754,208251.0
7789.681077451238,208255.0
7789.89195027472,207347.0
7790.102823098204,210670.0
7790.313695921686,210913.0
7790.52456874517,211378.0
7790.735441568652,209242.0
7790.946314392136,204836.0
7791.157187215618,202910.0
7791.368060039102,202622.0
7791.578932862584,204290.0
7791.789805686068,206191.0
7792.00067850955,205645.0
7792.211551333034,202915.0
7792.422424156516,203666.0
7792.63329698,204149.0
7792.844169803482,201908.0
7793.055042626966,201375.0
7793.265915450449,203285.0
7793.476788273932,206901.0
7793.687661097415,206761.0
7793.8985339208975,201849.0
7794.109406744381,199946.0
7794.3202795678635,202735.0
7794.531152391347,201402.0
7794.7420252148295,198253.0
7794.952898038313,201084.0
7795.1637708617955,201622.0
7795.374643685279,198375.0
7795.585516508761,199492.0
7795.796389332245,198730.0
7796.007262155727,198388.0
7796.218134979211,196153.0
7796.429007802693,197415.0
7796.639880626177,198996.0
7796.850753449659,198815.0
7797.061626273143,197361.0
7797.272499096625,199469.0
7797.483371920109,199302.0
7797.694244743591,196688.0
7797.905117567075,194657.0
7798.115990390557,197709.0
7798.326863214041,196346.0
7798.537736037523,192308.0
7798.748608861007,190725.0
7798.959481684489,189717.0
7799.170354507973,192515.0
7799.381227331455,191665.0
7799.592100154939,190247.0
7799.802972978421,190728.0
7800.013845801905,191664.0
7800.224718625388,192367.0
7800.435591448871,196382.0
7800.646464272354,193894.0
7800.857337095837,191471.0
7801.06820991932,190336.0
7801.2790827428025,189578.0
7801.489955566286,188759.0
7801.7008283897685,190692.0
7801.911701213252,191076.0
7802.1225740367345,190785.0
7802.333446860218,188569.0
7802.5443196837,186261.0
7802.755192507184,186778.0
7802.966065330666,186289.0
7803.17693815415,188534.0
7803.387810977632,188287.0
7803.598683801116,187399.0
7803.809556624598,185521.0
7804.020429448082,187628.0
7804.231302271564,187078.0
7804.442175095048,182159.0
7804.65304791853,183181.0
7804.863920742014,186219.0
7805.074793565496,186085.0
7805.28566638898,185581.0
7805.496539212462,183079.0
7805.707412035946,182989.0
7805.918284859428,182880.0
7806.129157682912,184062.0
7806.340030506394,182197.0
7806.550903329878,181363.0
7806.76177615336,180539.0
7806.972648976844,178650.0
7807.183521800327,180676.0
7807.39439462381,182677.0
7807.605267447293,182521.0
7807.816140270776,182210.0
7808.027013094259,180905.0
7808.237885917742,177665.0
7808.448758741225,176557.0
7808.6596315647075,178675.0
7808.870504388191,178550.0
7809.0813772116735,178154.0
7809.292250035157,177315.0
7809.5031228586395,174984.0
7809.713995682123,172827.0
7809.924868505605,176464.0
7810.135741329089,177101.0
7810.346614152571,177775.0
7810.557486976055,177580.0
7810.768359799537,174731.0
7810.979232623021,173245.0
7811.190105446503,171351.0
7811.400978269987,174348.0
7811.611851093469,172116.0
7811.822723916953,170794.0
7812.033596740435,169469.0
7812.244469563919,169984.0
7812.455342387401,168935.0
7812.666215210885,171078.0
7812.877088034367,171894.0
7813.087960857851,170232.0
7813.298833681333,172030.0
7813.509706504817,171098.0
7813.720579328299,168503.0
7813.931452151783,169629.0
7814.142324975265,170545.0
7814.353197798749,170765.0
7814.564070622231,170052.0
7814.774943445715,168787.0
7814.985816269198,166097.0
7815.196689092681,166370.0
7815.407561916164,166665.0
7815.618434739647,162634.0
7815.82930756313,163462.0
7816.0401803866125,166537.0
7816.251053210096,166571.0
7816.4619260335785,165318.0
7816.672798857062,164322.0
7816.8836716805445,165157.0
7817.094544504028,164535.0
7817.30541732751,163754.0
7817.516290150994,162054.0
7817.727162974476,163822.0
7817.93803579796,164932.0
7818.148908621442,161518.0
7818.359781444926,160496.0
7818.570654268408,159675.0
7818.781527091892,160113.0
7818.992399915374,161631.0
7819.203272738858,160875.0
7819.41414556234,159498.0
7819.625018385824,159351.0
7819.835891209306,157419.0
7820.04676403279,158084.0
7820.257636856272,158157.0
7820.468509679756,156869.0
7820.679382503238,157226.0
7820.890255326722,160509.0
7821.101128150204,158442.0
7821.312000973688,156764.0
7821.52287379717,156122.0
7821.733746620654,156007.0
7821.944619444137,156848.0
7822.15549226762,154830.0
7822.366365091103,154232.0
7822.577237914586,152271.0
7822.788110738069,152348.0
7822.9989835615515,156434.0
7823.209856385035,154783.0
7823.4207292085175,154053.0
7823.631602032001,151846.0
7823.8424748554835,150928.0
7824.053347678967,153443.0
7824.2642205024495,151150.0
7824.475093325933,148429.0
7824.685966149415,150045.0
7824.896838972899,151389.0
7825.107711796381,150738.0
7825.318584619865,150624.0
7825.529457443347,148624.0
7825.740330266831,145488.0
7825.951203090313,148013.0
7826.162075913797,148511.0
7826.372948737279,147110.0
7826.583821560763,147574.0
7826.794694384245,144488.0
7827.005567207729,144552.0
7827.216440031211,146738.0
7827.427312854695,145901.0
7827.638185678177,144537.0
7827.849058501661,143621.0
7828.059931325143,142090.0
7828.270804148627,144491.0
7828.481676972109,146561.0
7828.692549795593,146883.0
7828.903422619075,143585.0
7829.114295442559,142846.0
7829.325168266041,140736.0
7829.536041089525,142410.0
7829.746913913008,142072.0
7829.957786736491,142871.0
7830.168659559974,141720.0
7830.3795323834565,142818.0
7830.59040520694,138605.0
7830.8012780304225,139726.0
7831.012150853906,139802.0
7831.2230236773885,139365.0
7831.433896500872,137770.0
7831.6447693243545,139293.0
7831.855642147838,140528.0
7832.06651497132,138942.0
7832.277387794804,139661.0
7832.488260618286,135101.0
7832.69913344177,131256.0
7832.910006265252,135802.0
7833.120879088736,135988.0
7833.331751912218,135957.0
7833.542624735702,133622.0
7833.753497559184,133408.0
7833.964370382668,134942.0
7834.17524320615,134565.0
7834.386116029634,136233.0
7834.596988853116,136112.0
7834.8078616766,133038.0
7835.018734500082,131501.0
7835.229607323566,132975.0
7835.440480147048,134178.0
7835.651352970532,134831.0
7835.862225794014,133880.0
7836.073098617498,131516.0
7836.28397144098,129928.0
7836.494844264464,129511.0
7836.705717087947,130034.0
7836.91658991143,133127.0
7837.127462734913,130122.0
7837.338335558396,127843.0
7837.549208381879,129099.0
7837.7600812053615,128393.0
7837.970954028845,128014.0
7838.1818268523275,126008.0
7838.392699675811,125930.0
7838.6035724992935,125306.0
7838.814445322777,127080.0
7839.025318146259,126163.0
7839.236190969743,126422.0
7839.447063793225,124140.0
7839.657936616709,124049.0
7839.868809440191,124962.0
7840.079682263675,124856.0
7840.290555087157,123040.0
7840.501427910641,123685.0
7840.712300734123,124100.0
7840.923173557607,122438.0
7841.134046381089,120885.0
7841.344919204573,121326.0
7841.555792028055,122082.0
7841.766664851539,123032.0
7841.977537675021,119954.0
7842.188410498505,120479.0
7842.399283321987,120489.0
7842.610156145471,118319.0
7842.821028968953,118202.0
7843.031901792437,119780.0
7843.242774615919,119482.0
7843.453647439403,116589.0
7843.664520262886,115453.0
7843.875393086369,116924.0
7844.086265909851,117706.0
7844.297138733335,115122.0
7844.508011556818,114537.0
7844.718884380301,117334.0
7844.929757203784,117901.0
7845.1406300272665,115537.0
7845.35150285075,117353.0
7845.5623756742325,114746.0
7845.773248497716,111575.0
7845.9841213211985,111445.0
7846.194994144682,111517.0
7846.405866968164,113006.0
7846.616739791648,114605.0
7846.82761261513,111719.0
7847.038485438614,110050.0
7847.249358262096,109862.0
7847.46023108558,111001.0
7847.671103909062,112287.0
7847.881976732546,111247.0
7848.092849556028,111082.0
7848.303722379512,110625.0
7848.514595202994,108491.0
7848.725468026478,110401.0
7848.93634084996,109984.0
7849.147213673444,108265.0
7849.358086496926,106788.0
7849.56895932041,107177.0
7849.779832143892,105665.0
7849.990704967376,105297.0
7850.201577790858,107998.0
7850.412450614342,106244.0
7850.623323437824,105448.0
7850.834196261308,104156.0
7851.04506908479,103943.0
7851.255941908274,106890.0
7851.466814731757,107112.0
7851.67768755524,103814.0
7851.888560378723,101295.0
7852.099433202206,101973.0
7852.310306025689,101333.0
7852.5211788491715,103565.0
7852.732051672655,104824.0
7852.9429244961375,102702.0
7853.153797319621,102108.0
7853.3646701431035,100889.0
7853.575542966587,99602.5
7853.786415790069,99314.7
7853.997288613553,98963.2
7854.208161437035,98476.5
7854.419034260519,97702.0
7854.629907084001,98277.7
7854.840779907485,97327.6
7855.051652730967,98786.0
7855.262525554451,99936.1
7855.473398377933,98044.3
7855.684271201417,98325.1
7855.895144024899,98406.5
7856.106016848383,95930.7
7856.316889671865,96002.8
7856.527762495349,96078.2
7856.738635318831,95203.5
7856.949508142315,97436.2
7857.160380965797,96229.5
7857.371253789281,93788.5
7857.582126612763,92786.7
7857.792999436247,93195.8
7858.003872259729,92838.7
7858.214745083213,94664.3
7858.425617906696,94052.7
7858.636490730179,93793.6
7858.847363553662,95077.7
7859.058236377145,92687.4
7859.269109200628,90263.2
7859.4799820241105,90937.0
7859.690854847594,90565.2
7859.9017276710765,91476.9
7860.11260049456,90289.6
7860.3234733180425,88756.4
7860.534346141526,89087.7
7860.7452189650085,90891.1
7860.956091788492,90031.7
7861.166964611974,89588.8
7861.377837435458,88794.6
7861.58871025894,89090.1
7861.799583082424,86868.4
7862.010455905906,87957.5
7862.22132872939,87093.6
7862.432201552872,86463.1
7862.643074376356,87298.7
7862.853947199838,86455.8
7863.064820023322,86085.7
7863.275692846804,86601.4
7863.486565670288,84820.2
7863.69743849377,82381.2
7863.908311317254,82774.0
7864.119184140736,84072.1
7864.33005696422,84866.7
7864.540929787702,83372.9
7864.751802611186,83711.9
7864.962675434668,82318.0
7865.173548258152,82931.5
7865.384421081635,81132.0
7865.595293905118,81709.2
7865.8061667286,80774.8
7866.017039552084,79083.5
7866.227912375567,78372.8
7866.43878519905,79733.8
7866.649658022533,79207.5
7866.8605308460155,79734.3
7867.071403669499,78780.9
7867.2822764929815,77218.9
7867.493149316465,77332.5
7867.7040221399475,78094.0
7867.914894963431,79327.4
7868.1257677869135,77755.4
7868.336640610397,77642.4
7868.547513433879,77415.9
7868.758386257363,76866.0
7868.969259080845,74716.8
7869.180131904329,72953.1
7869.391004727811,73340.7
7869.601877551295,73253.9
7869.812750374777,73397.1
7870.023623198261,74042.8
7870.234496021743,74548.2
7870.445368845227,71525.2
7870.656241668709,70820.3
7870.867114492193,72903.0
7871.077987315675,72150.6
7871.288860139159,72075.6
7871.499732962641,71434.5
7871.710605786125,70030.3
7871.921478609607,70396.6
7872.132351433091,69575.1
7872.343224256573,71114.1
7872.554097080057,69789.5
7872.764969903539,68607.8
7872.975842727023,67711.9
7873.186715550506,68676.1
7873.397588373989,66222.8
7873.608461197472,67508.2
7873.819334020955,67484.9
7874.030206844438,68360.1
7874.2410796679205,67836.1
7874.451952491404,66247.3
7874.6628253148865,66977.1
7874.87369813837,66383.6
7875.0845709618525,65427.9
7875.295443785336,63771.9
7875.506316608818,63989.0
7875.717189432302,65781.2
7875.928062255784,65441.1
7876.138935079268,64878.5
7876.34980790275,63198.6
7876.560680726234,61414.5
7876.771553549716,62986.6
7876.9824263732,62967.7
7877.193299196682,62658.8
7877.404172020166,62441.0
7877.615044843648,62068.3
7877.825917667132,62731.6
7878.036790490614,64353.2
7878.247663314098,62697.7
7878.45853613758,58659.6
7878.669408961064,60039.4
7878.880281784546,61227.8
7879.09115460803,60421.6
7879.302027431512,59609.8
7879.512900254996,60124.1
7879.723773078478,59788.6
7879.934645901962,59202.3
7880.145518725445,57771.6
7880.356391548928,57912.4
7880.56726437241,56541.1
7880.778137195894,55820.9
7880.989010019377,55998.3
7881.19988284286,57799.4
7881.410755666343,55179.4
7881.6216284898255,54285.8
7881.832501313309,55001.8
7882.0433741367915,56283.7
7882.254246960275,56060.8
7882.4651197837575,54038.3
7882.675992607241,53887.6
7882.886865430723,53929.7
7883.097738254207,54754.7
7883.308611077689,54758.0
7883.519483901173,53537.2
7883.730356724655,53415.5
7883.941229548139,52947.4
7884.152102371621,54269.1
7884.362975195105,53217.6
7884.573848018587,53839.1
7884.784720842071,52223.3
7884.995593665553,50867.2
7885.206466489037,51316.4
7885.417339312519,51021.5
7885.628212136003,51143.8
7885.839084959485,49369.8
7886.049957782969,48691.7
7886.260830606451,50271.4
7886.471703429935,48912.1
7886.682576253417,47956.8
7886.893449076901,46884.3
7887.104321900383,47515.3
7887.315194723867,47483.4
7887.526067547349,47709.8
7887.736940370833,48377.5
7887.947813194316,47527.7
7888.158686017799,47107.5
7888.369558841282,47141.1
7888.580431664765,47714.8
7888.791304488248,46039.5
7889.0021773117305,44730.8
7889.213050135214,44412.3
7889.4239229586965,45026.9
7889.63479578218,44892.5
7889.8456686056625,44671.3
7890.056541429146,43477.5
7890.267414252628,44292.7
7890.478287076112,45362.0
7890.689159899594,42706.7
7890.900032723078,43027.9
7891.11090554656,41797.4
7891.321778370044,42412.4
7891.532651193526,42081.4
7891.74352401701,41275.3
7891.954396840492,41649.3
7892.165269663976,40507.2
7892.376142487458,37566.9
