6487.2274806333,118782.0
6487.4069435153615,118888.0
6487.586406397423,119398.0
6487.765869279485,118808.0
6487.945332161546,119093.0
6488.124795043607,120543.0
6488.304257925669,122734.0
6488.483720807731,125227.0
6488.663183689792,124846.0
6488.842646571854,122951.0
6489.022109453915,120961.0
6489.201572335976,121267.0
6489.381035218038,125410.0
6489.5604981001,128709.0
6489.739960982161,128986.0
6489.919423864223,128756.0
6490.098886746285,128473.0
6490.2783496283455,129773.0
6490.457812510407,127617.0
6490.637275392469,120233.0
6490.8167382745305,116659.0
6490.996201156592,122320.0
6491.175664038654,130819.0
6491.355126920715,134032.0
6491.534589802776,134208.0
6491.714052684838,137064.0
6491.8935155669,137030.0
6492.072978448961,138457.0
6492.252441331023,139462.0
6492.431904213085,136981.0
6492.611367095145,134101.0
6492.790829977207,131117.0
6492.970292859269,127547.0
6493.14975574133,130759.0
6493.329218623392,138123.0
6493.508681505454,140893.0
6493.6881443875145,144442.0
6493.867607269576,146155.0
6494.047070151638,146242.0
6494.2265330336995,146092.0
6494.405995915761,145780.0
6494.585458797823,147342.0
6494.764921679884,147999.0
6494.944384561945,151053.0
6495.123847444007,150885.0
6495.303310326069,150695.0
6495.48277320813,149923.0
6495.662236090192,144086.0
6495.841698972254,137793.0
6496.021161854314,139573.0
6496.200624736376,147049.0
6496.380087618438,153844.0
6496.559550500499,157712.0
6496.739013382561,158277.0
6496.918476264623,157946.0
6497.0979391466835,158591.0
6497.277402028745,156511.0
6497.456864910807,152791.0
6497.6363277928685,153742.0
6497.81579067493,157103.0
6497.995253556992,162215.0
6498.174716439054,165096.0
6498.354179321114,166642.0
6498.533642203176,166520.0
6498.713105085238,168361.0
6498.892567967299,171206.0
6499.072030849361,170602.0
6499.251493731423,170053.0
6499.430956613483,171902.0
6499.610419495545,173287.0
6499.789882377607,172816.0
6499.969345259668,172318.0
6500.14880814173,172847.0
6500.328271023792,175180.0
6500.5077339058535,175563.0
6500.687196787914,173538.0
6500.866659669976,175996.0
6501.046122552038,179304.0
6501.225585434099,180179.0
6501.405048316161,179351.0
6501.584511198223,180676.0
6501.763974080283,181310.0
6501.943436962345,181395.0
6502.122899844407,182098.0
6502.302362726468,181574.0
6502.48182560853,180903.0
6502.661288490592,181656.0
6502.840751372653,185386.0
6503.020214254714,185522.0
6503.199677136776,186160.0
6503.3791400188375,187664.0
6503.558602900899,185859.0
6503.738065782961,184824.0
6503.9175286650225,187358.0
6504.096991547083,187149.0
6504.276454429145,187332.0
6504.455917311207,191387.0
6504.635380193268,194261.0
6504.81484307533,194831.0
6504.994305957392,197138.0
6505.173768839453,197852.0
6505.353231721514,199700.0
6505.532694603576,204198.0
6505.712157485637,201604.0
6505.891620367699,199348.0
6506.071083249761,202268.0
6506.250546131822,204203.0
6506.430009013883,204312.0
6506.609471895945,204933.0
6506.7889347780065,207259.0
6506.968397660068,209504.0
6507.14786054213,209846.0
6507.3273234241915,210270.0
6507.506786306253,211176.0
6507.686249188314,209316.0
6507.865712070376,207346.0
6508.045174952437,209228.0
6508.224637834499,211058.0
6508.404100716561,207580.0
6508.583563598622,203282.0
6508.763026480683,204376.0
6508.942489362745,209720.0
6509.121952244806,215715.0
6509.301415126868,219124.0
6509.48087800893,220087.0
6509.660340890991,220284.0
6509.839803773052,221334.0
6510.019266655114,223303.0
6510.1987295371755,223817.0
6510.378192419237,225193.0
6510.557655301299,228046.0
6510.7371181833605,228098.0
6510.916581065422,228738.0
6511.096043947483,228035.0
6511.275506829545,229465.0
6511.454969711606,230578.0
6511.634432593668,230472.0
6511.81389547573,226935.0
6511.993358357791,221837.0
6512.172821239852,221126.0
6512.352284121914,226760.0
6512.531747003975,233909.0
6512.711209886037,237277.0
6512.890672768099,241115.0
6513.07013565016,241023.0
6513.249598532222,238672.0
6513.429061414283,239857.0
6513.6085242963445,241480.0
6513.787987178406,240329.0
6513.967450060468,238849.0
6514.1469129425295,238470.0
6514.326375824591,234911.0
6514.505838706652,221922.0
6514.685301588714,215445.0
6514.864764470775,218979.0
6515.044227352837,233146.0
6515.223690234899,244643.0
6515.40315311696,247300.0
6515.582615999022,242790.0
6515.762078881083,237613.0
6515.941541763144,239856.0
6516.121004645206,238036.0
6516.300467527268,220878.0
6516.479930409329,206063.0
6516.659393291391,204730.0
6516.838856173452,216916.0
6517.0183190555135,234069.0
6517.197781937575,243945.0
6517.377244819637,254071.0
6517.5567077016985,263883.0
6517.73617058376,258056.0
6517.915633465822,251656.0
6518.095096347883,251849.0
6518.274559229944,257582.0
6518.454022112006,264803.0
6518.633484994068,267817.0
6518.812947876129,265403.0
6518.992410758191,263538.0
6519.171873640252,257061.0
6519.351336522313,248872.0
6519.530799404375,251901.0
6519.710262286437,259126.0
6519.889725168498,270441.0
6520.06918805056,276213.0
6520.248650932622,276661.0
6520.428113814683,276424.0
6520.607576696744,277567.0
6520.787039578806,279517.0
6520.966502460868,280478.0
6521.145965342929,281469.0
6521.325428224991,283076.0
6521.504891107052,283075.0
6521.684353989113,283419.0
6521.863816871175,283546.0
6522.043279753237,280850.0
6522.222742635298,278737.0
6522.40220551736,281755.0
6522.581668399421,285886.0
6522.761131281482,289366.0
6522.940594163544,290786.0
6523.120057045606,288688.0
6523.2995199276675,285075.0
6523.478982809729,277765.0
6523.658445691791,270749.0
6523.837908573852,270282.0
6524.017371455913,274990.0
6524.196834337975,285948.0
6524.376297220037,296516.0
6524.555760102098,299093.0
6524.73522298416,299256.0
6524.914685866221,301824.0
6525.094148748282,302868.0
6525.273611630344,303579.0
6525.453074512406,304537.0
6525.632537394467,300966.0
6525.812000276529,304600.0
6525.991463158591,308072.0
6526.1709260406515,309886.0
6526.350388922713,309768.0
6526.529851804775,310425.0
6526.7093146868365,312059.0
6526.888777568898,312654.0
6527.06824045096,313726.0
6527.247703333021,314699.0
6527.427166215082,314459.0
6527.606629097144,312782.0
6527.786091979206,315639.0
6527.965554861267,319335.0
6528.145017743329,319708.0
6528.324480625391,321333.0
6528.503943507451,322617.0
6528.683406389513,322122.0
6528.862869271575,322888.0
6529.042332153636,325638.0
6529.221795035698,327005.0
6529.40125791776,325100.0
6529.5807207998205,327703.0
6529.760183681882,329133.0
6529.939646563944,329048.0
6530.1191094460055,329378.0
6530.298572328067,326339.0
6530.478035210129,327170.0
6530.6574980921905,327285.0
6530.836960974251,325600.0
6531.016423856313,328571.0
6531.195886738375,330627.0
6531.375349620436,335147.0
6531.554812502498,338303.0
6531.73427538456,337242.0
6531.91373826662,333616.0
6532.093201148682,319973.0
6532.272664030744,307739.0
6532.452126912805,308769.0
6532.631589794867,321320.0
6532.811052676929,335776.0
6532.99051555899,344198.0
6533.169978441051,345484.0
6533.349441323113,344225.0
6533.5289042051745,344211.0
6533.708367087236,339683.0
6533.887829969298,332745.0
6534.0672928513595,333367.0
6534.24675573342,337915.0
6534.426218615482,341344.0
6534.605681497544,345684.0
6534.785144379605,347968.0
6534.964607261667,350079.0
6535.144070143729,353613.0
6535.32353302579,353212.0
6535.502995907851,354276.0
6535.682458789913,355744.0
6535.861921671974,355324.0
6536.041384554036,358129.0
6536.220847436098,359656.0
6536.400310318159,354335.0
6536.57977320022,350941.0
6536.759236082282,351250.0
6536.9386989643435,352919.0
6537.118161846405,356784.0
6537.297624728467,360020.0
6537.4770876105285,361936.0
6537.656550492589,366166.0
6537.836013374651,368583.0
6538.015476256713,366503.0
6538.194939138774,371140.0
6538.374402020836,372059.0
6538.553864902898,370011.0
6538.733327784959,369583.0
6538.91279066702,370036.0
6539.092253549082,369305.0
6539.271716431143,368985.0
6539.451179313205,369849.0
6539.630642195267,371079.0
6539.810105077328,372926.0
6539.989567959389,373734.0
6540.169030841451,374575.0
6540.348493723513,370145.0
6540.527956605574,373279.0
6540.707419487636,375945.0
6540.886882369698,376705.0
6541.066345251759,380527.0
6541.24580813382,381265.0
6541.425271015882,378098.0
6541.604733897943,378815.0
6541.784196780005,379854.0
6541.963659662067,373693.0
6542.143122544128,365124.0
6542.322585426189,361146.0
6542.502048308251,365528.0
6542.681511190312,375042.0
6542.860974072374,380886.0
6543.040436954436,380430.0
6543.2198998364975,380044.0
6543.399362718559,379890.0
6543.57882560062,365337.0
6543.758288482682,342530.0
6543.937751364743,333505.0
6544.117214246805,344692.0
6544.296677128867,366857.0
6544.476140010928,379537.0
6544.655602892989,383699.0
6544.835065775051,386026.0
6545.014528657112,386150.0
6545.193991539174,385228.0
6545.373454421236,384723.0
6545.552917303297,382511.0
6545.732380185359,382082.0
6545.91184306742,385103.0
6546.0913059494815,385543.0
6546.270768831543,386656.0
6546.450231713605,390896.0
6546.6296945956665,391341.0
6546.809157477728,390977.0
6546.988620359789,387856.0
6547.168083241851,389383.0
6547.347546123912,381930.0
6547.527009005974,374604.0
6547.706471888036,370568.0
6547.885934770097,373339.0
6548.065397652159,380748.0
6548.24486053422,379410.0
6548.424323416281,365287.0
6548.603786298343,354406.0
6548.783249180405,357331.0
6548.962712062466,368960.0
6549.142174944528,381799.0
6549.321637826589,387174.0
6549.5011007086505,391345.0
6549.680563590712,392469.0
6549.860026472774,390526.0
6550.0394893548355,393045.0
6550.218952236897,392956.0
6550.398415118958,391247.0
6550.57787800102,391329.0
6550.757340883081,390104.0
6550.936803765143,391027.0
6551.116266647205,392168.0
6551.295729529266,390259.0
6551.475192411328,390486.0
6551.654655293389,388264.0
6551.83411817545,381077.0
6552.013581057512,378895.0
6552.193043939574,376078.0
6552.372506821635,358589.0
6552.551969703697,345149.0
6552.731432585758,346087.0
6552.9108954678195,360992.0
6553.090358349881,379050.0
6553.269821231943,385710.0
6553.4492841140045,379556.0
6553.628746996066,370700.0
6553.808209878128,367455.0
6553.987672760189,369683.0
6554.16713564225,376669.0
6554.346598524312,385093.0
6554.526061406374,383175.0
6554.705524288435,385390.0
6554.884987170497,384863.0
6555.064450052558,387392.0
6555.243912934619,385920.0
6555.423375816681,387358.0
6555.602838698743,388947.0
6555.782301580804,390600.0
6555.961764462866,395370.0
6556.141227344928,395364.0
6556.3206902269885,395987.0
6556.50015310905,404211.0
6556.679615991112,407514.0
6556.8590788731735,401906.0
6557.038541755235,397408.0
6557.218004637297,401768.0
6557.397467519358,413055.0
6557.576930401419,433633.0
6557.756393283481,453507.0
6557.935856165543,463599.0
6558.115319047604,474384.0
6558.294781929666,490338.0
6558.474244811728,516784.0
6558.653707693788,541956.0
6558.83317057585,566463.0
6559.012633457912,596205.0
6559.192096339973,622118.0
6559.371559222035,642716.0
6559.551022104097,670070.0
6559.7304849861575,705696.0
6559.909947868219,735136.0
6560.089410750281,758490.0
6560.268873632343,769412.0
6560.448336514404,779765.0
6560.627799396466,796804.0
6560.807262278528,809930.0
6560.986725160588,822747.0
6561.16618804265,821166.0
6561.345650924712,813066.0
6561.525113806773,807003.0
6561.704576688835,795550.0
6561.884039570897,774884.0
6562.063502452957,752522.0
6562.242965335019,736487.0
6562.422428217081,732352.0
6562.601891099142,739251.0
6562.781353981204,755690.0
6562.960816863266,784535.0
6563.140279745327,807060.0
6563.319742627388,814451.0
6563.49920550945,823546.0
6563.678668391512,834618.0
6563.858131273573,819892.0
6564.037594155635,785046.0
6564.217057037697,757227.0
6564.396519919757,764255.0
6564.575982801819,776708.0
6564.755445683881,761342.0
6564.934908565942,735589.0
6565.114371448004,710008.0
6565.293834330066,680957.0
6565.473297212126,656496.0
6565.652760094188,631911.0
6565.83222297625,607226.0
6566.0116858583115,583070.0
6566.191148740373,556735.0
6566.370611622435,534305.0
6566.5500745044965,515850.0
6566.729537386557,503334.0
6566.909000268619,488630.0
6567.088463150681,477985.0
6567.267926032742,465538.0
6567.447388914804,456996.0
6567.626851796866,449784.0
6567.806314678926,442685.0
6567.985777560988,438051.0
6568.16524044305,433208.0
6568.344703325111,426509.0
6568.524166207173,419358.0
6568.703629089235,411136.0
6568.883091971296,406908.0
6569.062554853357,413337.0
6569.242017735419,412973.0
6569.4214806174805,415358.0
6569.600943499542,415642.0
6569.780406381604,415757.0
6569.9598692636655,417603.0
6570.139332145726,421334.0
6570.318795027788,418468.0
6570.49825790985,416487.0
6570.677720791911,420185.0
6570.857183673973,422276.0
6571.036646556035,422634.0
6571.216109438096,426197.0
6571.395572320157,429633.0
6571.575035202219,427210.0
6571.75449808428,415870.0
6571.933960966342,402850.0
6572.113423848404,398060.0
6572.292886730465,404721.0
6572.472349612526,424743.0
6572.651812494588,436452.0
6572.8312753766495,439263.0
6573.010738258711,439037.0
6573.190201140773,443304.0
6573.3696640228345,441578.0
6573.549126904896,438807.0
6573.728589786957,446110.0
6573.908052669019,447969.0
6574.08751555108,446814.0
6574.266978433142,445398.0
6574.446441315204,442545.0
6574.625904197265,423992.0
6574.805367079326,401409.0
6574.984829961388,404849.0
6575.164292843449,431701.0
6575.343755725511,450596.0
6575.523218607573,453975.0
6575.702681489634,460115.0
6575.882144371695,465107.0
6576.061607253757,462787.0
6576.2410701358185,458741.0
6576.42053301788,462240.0
6576.599995899942,465671.0
6576.7794587820035,469727.0
6576.958921664065,465261.0
6577.138384546126,470243.0
6577.317847428188,471091.0
6577.497310310249,467742.0
6577.676773192311,470667.0
6577.856236074373,472840.0
6578.035698956434,472645.0
6578.215161838496,473345.0
6578.394624720557,474688.0
6578.574087602618,475639.0
6578.75355048468,475102.0
6578.933013366742,475450.0
6579.112476248803,477240.0
6579.291939130865,476385.0
6579.471402012926,475400.0
6579.6508648949875,477051.0
6579.830327777049,478004.0
6580.009790659111,482181.0
6580.189253541173,485858.0
6580.368716423234,482502.0
6580.548179305295,472989.0
6580.727642187357,466761.0
6580.907105069418,465631.0
6581.08656795148,472451.0
6581.266030833542,487156.0
6581.445493715603,491875.0
6581.624956597665,489466.0
6581.804419479726,491551.0
6581.983882361787,487947.0
6582.163345243849,486236.0
6582.342808125911,489012.0
6582.522271007972,488754.0
6582.701733890034,489709.0
6582.881196772095,489846.0
6583.060659654157,486982.0
6583.240122536218,483396.0
6583.41958541828,481315.0
6583.599048300342,484968.0
6583.778511182403,489761.0
6583.957974064465,494237.0
6584.137436946526,498379.0
6584.316899828587,495632.0
6584.496362710649,496252.0
6584.675825592711,497237.0
6584.855288474772,498475.0
6585.034751356834,499789.0
6585.214214238895,494917.0
6585.393677120956,488458.0
6585.573140003018,493050.0
6585.75260288508,495975.0
6585.9320657671415,496964.0
6586.111528649203,495678.0
6586.290991531265,485219.0
6586.470454413326,474698.0
6586.649917295387,473315.0
6586.829380177449,482664.0
6587.008843059511,496248.0
6587.188305941572,501282.0
6587.367768823634,504228.0
6587.547231705695,508856.0
6587.726694587756,507488.0
6587.906157469818,503495.0
6588.08562035188,503760.0
6588.265083233941,505405.0
6588.444546116003,504489.0
6588.624008998065,500667.0
6588.8034718801255,496360.0
6588.982934762187,501256.0
6589.162397644249,510974.0
6589.3418605263105,508350.0
6589.521323408372,503468.0
6589.700786290434,505288.0
6589.880249172495,512303.0
6590.059712054556,511327.0
6590.239174936618,507197.0
6590.41863781868,510340.0
6590.598100700741,510803.0
6590.777563582803,508482.0
6590.957026464865,508671.0
6591.136489346925,507432.0
6591.315952228987,505843.0
6591.495415111049,507246.0
6591.67487799311,506398.0
6591.854340875172,506005.0
6592.033803757234,509160.0
6592.2132666392945,510422.0
6592.392729521356,512021.0
6592.572192403418,513203.0
6592.7516552854795,509069.0
6592.931118167541,506087.0
6593.110581049603,504441.0
6593.290043931664,502477.0
6593.469506813725,505074.0
6593.648969695787,510874.0
6593.828432577849,512703.0
6594.00789545991,509025.0
6594.187358341972,505000.0
6594.366821224034,501886.0
6594.546284106094,503885.0
6594.725746988156,508979.0
6594.905209870218,513009.0
6595.084672752279,513152.0
6595.264135634341,512681.0
6595.443598516403,515134.0
6595.6230613984635,514498.0
6595.802524280525,515214.0
6595.981987162587,510329.0
6596.1614500446485,507175.0
6596.34091292671,507832.0
6596.520375808772,502806.0
6596.6998386908335,505642.0
6596.879301572894,513017.0
6597.058764454956,511705.0
6597.238227337018,510127.0
6597.417690219079,509879.0
6597.597153101141,506851.0
6597.776615983203,507210.0
6597.956078865263,512110.0
6598.135541747325,515200.0
6598.315004629387,511860.0
6598.494467511448,513496.0
6598.67393039351,513151.0
6598.853393275572,508898.0
6599.032856157633,503606.0
6599.212319039694,496479.0
6599.391781921756,492070.0
6599.5712448038175,498079.0
6599.750707685879,507614.0
6599.930170567941,513091.0
6600.109633450003,514329.0
6600.289096332063,514513.0
6600.468559214125,514319.0
6600.648022096187,512824.0
6600.827484978248,510074.0
6601.00694786031,508639.0
6601.186410742372,513518.0
6601.365873624433,516072.0
6601.545336506494,513844.0
6601.724799388556,509793.0
6601.904262270617,504055.0
6602.083725152679,499231.0
6602.263188034741,503294.0
6602.442650916802,512094.0
6602.622113798863,512388.0
6602.801576680925,508796.0
6602.981039562987,512767.0
6603.160502445048,512260.0
6603.33996532711,512562.0
6603.519428209172,511321.0
6603.698891091233,504075.0
6603.878353973294,505885.0
6604.057816855356,510414.0
6604.237279737417,511734.0
6604.416742619479,511746.0
6604.596205501541,511561.0
6604.775668383602,510919.0
6604.955131265663,506029.0
6605.134594147725,509703.0
6605.314057029786,509734.0
6605.493519911848,507353.0
6605.67298279391,505392.0
6605.8524456759715,504223.0
6606.031908558032,509487.0
6606.211371440094,510786.0
6606.390834322156,509390.0
6606.570297204217,513766.0
6606.749760086279,512463.0
6606.929222968341,512966.0
6607.108685850402,512653.0
6607.288148732463,511325.0
6607.467611614525,510391.0
6607.647074496586,512566.0
6607.826537378648,513102.0
6608.00600026071,511078.0
6608.185463142771,511754.0
6608.364926024832,512632.0
6608.544388906894,509903.0
6608.7238517889555,507627.0
6608.903314671017,506919.0
6609.082777553079,513494.0
6609.2622404351405,511791.0
6609.441703317202,505318.0
6609.621166199263,504592.0
6609.800629081325,506081.0
6609.980091963386,507268.0
6610.159554845448,509461.0
6610.33901772751,508240.0
6610.518480609571,504820.0
6610.697943491632,504000.0
6610.877406373694,503008.0
6611.056869255755,502004.0
6611.236332137817,505816.0
6611.415795019879,506199.0
6611.59525790194,501094.0
6611.774720784002,499152.0
6611.954183666063,497536.0
6612.1336465481245,498289.0
6612.313109430186,496069.0
6612.492572312248,494515.0
6612.6720351943095,496003.0
6612.851498076371,501635.0
6613.030960958432,503240.0
6613.210423840494,499134.0
6613.389886722555,498835.0
6613.569349604617,501562.0
6613.748812486679,499574.0
6613.92827536874,500017.0
6614.107738250802,501256.0
6614.287201132863,498160.0
6614.466664014924,497425.0
6614.646126896986,493255.0
6614.825589779048,496236.0
6615.005052661109,497639.0
6615.184515543171,494993.0
6615.363978425232,495548.0
6615.5434413072935,495833.0
6615.722904189355,494682.0
6615.902367071417,493737.0
6616.0818299534785,495343.0
6616.26129283554,495692.0
6616.440755717602,494571.0
6616.620218599663,495136.0
6616.799681481724,492280.0
6616.979144363786,492846.0
6617.158607245848,491832.0
6617.338070127909,494642.0
6617.517533009971,495255.0
6617.696995892032,495312.0
6617.876458774093,492954.0
6618.055921656155,488832.0
6618.235384538217,488757.0
6618.414847420278,490534.0
6618.59431030234,489710.0
6618.773773184401,493550.0
6618.9532360664625,494374.0
6619.132698948524,493239.0
6619.312161830586,488846.0
6619.4916247126475,487337.0
6619.671087594709,494740.0
6619.850550476771,495010.0
6620.030013358832,489051.0
6620.209476240893,485631.0
6620.388939122955,485435.0
6620.568402005017,484404.0
6620.747864887078,483025.0
6620.92732776914,485062.0
6621.106790651202,486677.0
6621.286253533262,481543.0
6621.465716415324,481079.0
6621.645179297386,484050.0
6621.824642179447,479964.0
6622.004105061509,481475.0
6622.183567943571,480055.0
6622.3630308256315,482921.0
6622.542493707693,482360.0
6622.721956589755,482427.0
6622.901419471817,481436.0
6623.080882353878,482817.0
6623.26034523594,479107.0
6623.439808118001,481805.0
6623.619271000062,480512.0
6623.798733882124,477375.0
6623.978196764186,480013.0
6624.157659646247,479662.0
6624.337122528309,481195.0
6624.516585410371,480537.0
6624.696048292431,480720.0
6624.875511174493,479602.0
6625.054974056555,476835.0
6625.234436938616,476277.0
6625.413899820678,480876.0
6625.59336270274,476438.0
6625.772825584801,476782.0
6625.952288466862,475087.0
6626.131751348924,471963.0
6626.311214230986,473973.0
6626.490677113047,474258.0
6626.670139995109,473605.0
6626.849602877171,473490.0
6627.029065759231,473536.0
6627.208528641293,476970.0
6627.387991523355,475916.0
6627.567454405416,474406.0
6627.746917287478,475648.0
6627.92638016954,471927.0
6628.1058430516005,469940.0
6628.285305933662,468827.0
6628.464768815724,469916.0
6628.6442316977855,469625.0
6628.823694579847,472060.0
6629.003157461909,471684.0
6629.1826203439705,468805.0
6629.362083226031,470978.0
6629.541546108093,474564.0
6629.721008990155,473075.0
6629.900471872216,470803.0
6630.079934754278,471196.0
6630.25939763634,471030.0
6630.4388605184,468883.0
6630.618323400462,466854.0
6630.797786282524,468399.0
6630.977249164585,468636.0
6631.156712046647,468424.0
6631.336174928709,469283.0
6631.5156378107695,464795.0
6631.695100692831,462398.0
6631.874563574893,461769.0
6632.0540264569545,460176.0
6632.233489339016,459798.0
6632.412952221078,461116.0
6632.5924151031395,461454.0
6632.7718779852,459866.0
6632.951340867262,462355.0
6633.130803749324,460244.0
6633.310266631385,455077.0
6633.489729513447,459387.0
6633.669192395509,458765.0
6633.84865527757,461038.0
6634.028118159631,459264.0
6634.207581041693,458461.0
6634.387043923754,457610.0
6634.566506805816,458979.0
6634.745969687878,455466.0
6634.925432569939,456647.0
6635.104895452,456408.0
6635.284358334062,458651.0
6635.4638212161235,457063.0
6635.643284098185,453868.0
6635.822746980247,453766.0
6636.0022098623085,454685.0
6636.181672744369,448663.0
6636.361135626431,448907.0
6636.540598508493,453591.0
6636.720061390554,454326.0
6636.899524272616,452187.0
6637.078987154678,450060.0
6637.258450036739,447386.0
6637.4379129188,449415.0
6637.617375800862,449460.0
6637.796838682923,446843.0
6637.976301564985,446999.0
6638.155764447047,447570.0
6638.335227329108,446512.0
6638.514690211169,442297.0
6638.694153093231,447904.0
6638.8736159752925,447177.0
6639.053078857354,444647.0
6639.232541739416,445192.0
6639.4120046214775,445285.0
6639.591467503539,444944.0
6639.7709303856,441741.0
6639.950393267662,438341.0
6640.129856149723,439630.0
6640.309319031785,443230.0
6640.488781913847,445021.0
6640.668244795908,441095.0
6640.847707677969,437732.0
6641.027170560031,436853.0
6641.206633442092,437247.0
6641.386096324154,438730.0
6641.565559206216,439419.0
6641.745022088277,439385.0
6641.924484970339,434460.0
6642.1039478524,426596.0
6642.2834107344615,428531.0
6642.462873616523,431900.0
6642.642336498585,432542.0
6642.821799380647,432457.0
6643.001262262708,428656.0
6643.180725144769,432419.0
6643.360188026831,431893.0
6643.539650908892,428686.0
6643.719113790954,427376.0
6643.898576673016,425482.0
6644.078039555077,425306.0
6644.257502437138,427536.0
6644.4369653192,429891.0
6644.616428201261,427192.0
6644.795891083323,427362.0
6644.975353965385,426624.0
6645.154816847446,423627.0
6645.334279729508,420854.0
6645.513742611569,422406.0
6645.693205493631,422152.0
6645.872668375692,423064.0
6646.052131257754,423331.0
6646.231594139816,422582.0
6646.411057021877,421480.0
6646.590519903939,421742.0
6646.769982786,419847.0
6646.949445668061,420960.0
6647.128908550123,418179.0
6647.308371432185,415990.0
6647.487834314246,416926.0
6647.667297196308,418893.0
6647.846760078369,413953.0
6648.0262229604305,411941.0
6648.205685842492,413847.0
6648.385148724554,414187.0
6648.5646116066155,414350.0
6648.744074488677,415138.0
6648.923537370738,410648.0
6649.1030002528,407103.0
6649.282463134861,413031.0
6649.461926016923,411170.0
6649.641388898985,407665.0
6649.820851781046,408195.0
6650.000314663108,410510.0
6650.179777545169,411862.0
6650.35924042723,408662.0
6650.538703309292,408181.0
6650.718166191354,407371.0
6650.897629073415,407077.0
6651.077091955477,406824.0
6651.256554837538,406289.0
6651.4360177195995,401854.0
6651.615480601661,401912.0
6651.794943483723,401814.0
6651.9744063657845,398896.0
6652.153869247846,401266.0
6652.333332129908,404336.0
6652.512795011969,405260.0
6652.69225789403,403137.0
6652.871720776092,402456.0
6653.051183658154,399850.0
6653.230646540215,398627.0
6653.410109422277,399960.0
6653.589572304338,399771.0
6653.769035186399,399796.0
6653.948498068461,395427.0
6654.127960950523,396219.0
6654.307423832584,396013.0
6654.486886714646,399211.0
6654.666349596708,396048.0
6654.8458124787685,395668.0
6655.02527536083,395620.0
6655.204738242892,398279.0
6655.3842011249535,391675.0
6655.563664007015,392909.0
6655.743126889077,388841.0
6655.922589771138,389078.0
6656.102052653199,388723.0
6656.281515535261,387258.0
6656.460978417323,385649.0
6656.640441299384,385912.0
6656.819904181446,386829.0
6656.999367063507,387261.0
6657.178829945568,387480.0
6657.35829282763,386196.0
6657.537755709692,383091.0
6657.717218591753,381173.0
6657.896681473815,383458.0
6658.076144355877,383070.0
6658.2556072379375,380788.0
6658.435070119999,380989.0
6658.614533002061,381968.0
6658.7939958841225,380496.0
6658.973458766184,380807.0
6659.152921648246,380660.0
6659.3323845303075,377144.0
6659.511847412368,376295.0
6659.69131029443,376390.0
6659.870773176492,374845.0
6660.050236058553,377422.0
6660.229698940615,375040.0
6660.409161822677,371710.0
6660.588624704737,375152.0
6660.768087586799,372358.0
6660.947550468861,372269.0
6661.127013350922,376485.0
6661.306476232984,371336.0
6661.485939115046,366595.0
6661.6654019971065,364204.0
6661.844864879168,363486.0
6662.02432776123,367894.0
6662.2037906432915,369118.0
6662.383253525353,364732.0
6662.562716407415,364176.0
6662.742179289477,364162.0
6662.921642171537,364794.0
6663.101105053599,361828.0
6663.280567935661,359855.0
6663.460030817722,363562.0
6663.639493699784,361507.0
6663.818956581846,358948.0
6663.998419463906,361830.0
6664.177882345968,361152.0
6664.35734522803,355588.0
6664.536808110091,357566.0
6664.716270992153,356964.0
6664.895733874215,355791.0
6665.0751967562765,353965.0
6665.254659638337,354585.0
6665.434122520399,353882.0
6665.613585402461,352587.0
6665.793048284522,351749.0
6665.972511166584,352978.0
6666.151974048646,350305.0
6666.331436930706,350987.0
6666.510899812768,351521.0
6666.69036269483,351176.0
6666.869825576891,348422.0
6667.049288458953,347550.0
6667.228751341015,349848.0
6667.408214223076,346393.0
6667.587677105137,342385.0
6667.767139987199,342350.0
6667.9466028692605,343858.0
6668.126065751322,345794.0
6668.305528633384,342989.0
6668.4849915154455,338528.0
6668.664454397506,336824.0
6668.843917279568,336645.0
6669.02338016163,336181.0
6669.202843043691,335787.0
6669.382305925753,337523.0
6669.561768807815,336820.0
6669.741231689876,335952.0
6669.920694571937,334325.0
6670.100157453999,332284.0
6670.27962033606,329981.0
6670.459083218122,331510.0
6670.638546100184,332355.0
6670.818008982245,332887.0
6670.997471864306,330212.0
6671.176934746368,330882.0
6671.3563976284295,326705.0
6671.535860510491,325162.0
6671.715323392553,326242.0
6671.8947862746145,327528.0
6672.074249156676,325926.0
6672.253712038737,322821.0
6672.433174920799,322863.0
6672.61263780286,326105.0
6672.792100684922,323907.0
6672.971563566984,318180.0
6673.151026449045,319572.0
6673.330489331106,318123.0
6673.509952213168,316074.0
6673.689415095229,317708.0
6673.868877977291,319165.0
6674.048340859353,316602.0
6674.227803741414,313677.0
6674.407266623475,311767.0
6674.586729505537,313081.0
6674.7661923875985,311675.0
6674.94565526966,313481.0
6675.125118151722,311778.0
6675.3045810337835,310170.0
6675.484043915845,309369.0
6675.663506797906,308216.0
6675.842969679968,306366.0
6676.022432562029,307462.0
6676.201895444091,304171.0
6676.381358326153,303809.0
6676.560821208214,301187.0
6676.740284090275,300766.0
6676.919746972337,301854.0
6677.099209854398,298964.0
6677.27867273646,300408.0
6677.458135618522,299857.0
6677.637598500583,297945.0
6677.817061382645,294362.0
6677.996524264706,295328.0
6678.1759871467675,296094.0
6678.355450028829,294530.0
6678.534912910891,294307.0
6678.7143757929525,292691.0
6678.893838675014,291883.0
6679.073301557075,292657.0
6679.252764439137,292034.0
6679.432227321198,292818.0
6679.61169020326,291504.0
6679.791153085322,289235.0
6679.970615967383,287923.0
6680.150078849445,285325.0
6680.329541731506,286454.0
6680.509004613567,288186.0
6680.688467495629,283589.0
6680.867930377691,286254.0
6681.047393259752,284893.0
6681.226856141814,285712.0
6681.406319023875,287050.0
6681.5857819059365,281049.0
6681.765244787998,283446.0
6681.94470767006,282726.0
6682.1241705521215,280953.0
6682.303633434183,279209.0
6682.483096316245,280595.0
6682.662559198306,281356.0
6682.842022080367,279448.0
6683.021484962429,278125.0
6683.200947844491,276755.0
6683.380410726552,277369.0
6683.559873608614,276945.0
6683.739336490675,276237.0
6683.918799372736,276057.0
6684.098262254798,273380.0
6684.27772513686,272230.0
6684.457188018921,271291.0
6684.636650900983,271512.0
6684.816113783045,270353.0
6684.995576665106,267948.0
6685.175039547167,267710.0
6685.354502429229,269657.0
6685.533965311291,268531.0
6685.713428193352,267672.0
6685.892891075414,267087.0
6686.072353957475,268238.0
6686.251816839536,265671.0
6686.431279721598,262928.0
6686.61074260366,261442.0
6686.790205485721,262035.0
6686.969668367783,263834.0
6687.149131249844,262794.0
6687.328594131905,258870.0
6687.508057013967,256107.0
6687.687519896029,257476.0
6687.8669827780905,255913.0
6688.046445660152,256612.0
6688.225908542214,256394.0
6688.405371424275,253392.0
6688.584834306336,255055.0
6688.764297188398,256249.0
6688.94376007046,253252.0
6689.123222952521,251290.0
6689.302685834583,250302.0
6689.482148716645,247742.0
6689.661611598705,245255.0
6689.841074480767,246093.0
6690.020537362829,244899.0
6690.20000024489,244122.0
6690.379463126952,244093.0
6690.558926009014,241600.0
6690.7383888910745,241947.0
6690.917851773136,242045.0
6691.097314655198,240225.0
6691.2767775372595,239372.0
6691.456240419321,240647.0
6691.635703301383,240107.0
6691.815166183444,239038.0
6691.994629065505,238028.0
6692.174091947567,236626.0
6692.353554829629,235893.0
6692.53301771169,235175.0
6692.712480593752,235211.0
6692.891943475814,234824.0
6693.071406357874,233512.0
6693.250869239936,229676.0
6693.430332121998,229159.0
6693.609795004059,230440.0
6693.789257886121,228840.0
6693.968720768183,226868.0
6694.1481836502435,226423.0
6694.327646532305,226758.0
6694.507109414367,227498.0
6694.6865722964285,224757.0
6694.86603517849,223014.0
6695.045498060552,221188.0
6695.2249609426135,222445.0
6695.404423824674,223297.0
6695.583886706736,222821.0
6695.763349588798,219970.0
6695.942812470859,217165.0
6696.122275352921,219060.0
6696.301738234983,217791.0
6696.481201117043,217912.0
6696.660663999105,218546.0
6696.840126881167,214121.0
6697.019589763228,214117.0
6697.19905264529,211985.0
6697.378515527352,213412.0
6697.557978409413,211592.0
6697.737441291474,209349.0
6697.916904173536,210702.0
6698.0963670555975,209489.0
6698.275829937659,207730.0
6698.455292819721,212065.0
6698.6347557017825,207930.0
6698.814218583843,206207.0
6698.993681465905,204359.0
6699.173144347967,204312.0
6699.352607230028,204598.0
6699.53207011209,203145.0
6699.711532994152,200199.0
6699.890995876212,199192.0
6700.070458758274,199653.0
6700.249921640336,200290.0
6700.429384522397,198618.0
6700.608847404459,197775.0
6700.788310286521,197384.0
6700.967773168582,196809.0
6701.147236050643,196057.0
6701.326698932705,196610.0
6701.5061618147665,194795.0
6701.685624696828,191852.0
6701.86508757889,192701.0
6702.0445504609515,190934.0
6702.224013343013,190441.0
6702.403476225074,189283.0
6702.582939107136,188319.0
6702.762401989197,187501.0
6702.941864871259,188199.0
6703.121327753321,186926.0
6703.300790635382,184746.0
6703.480253517443,184862.0
6703.659716399505,181710.0
6703.839179281566,181961.0
6704.018642163628,182436.0
6704.19810504569,179458.0
6704.377567927751,179157.0
6704.557030809812,179247.0
6704.736493691874,179065.0
6704.915956573936,178753.0
6705.095419455997,176224.0
6705.274882338059,176140.0
6705.454345220121,174941.0
6705.633808102182,173921.0
6705.813270984243,174990.0
6705.992733866305,173143.0
6706.172196748366,170880.0
6706.351659630428,172717.0
6706.53112251249,171037.0
6706.710585394551,171043.0
6706.890048276612,168737.0
6707.069511158674,166683.0
6707.248974040735,165369.0
6707.428436922797,165099.0
6707.607899804859,165195.0
6707.7873626869205,163998.0
6707.966825568982,165313.0
6708.146288451043,164828.0
6708.325751333105,161905.0
6708.505214215166,160689.0
6708.684677097228,161063.0
6708.86413997929,159889.0
6709.043602861351,158100.0
6709.223065743412,157271.0
6709.402528625474,157092.0
6709.581991507535,157558.0
6709.761454389597,156897.0
6709.940917271659,156509.0
6710.12038015372,153035.0
6710.299843035782,153630.0
6710.479305917843,152407.0
6710.6587687999045,151619.0
6710.838231681966,151366.0
6711.017694564028,149803.0
6711.1971574460895,148155.0
6711.376620328151,146636.0
6711.556083210212,147160.0
6711.735546092274,147077.0
6711.915008974335,146759.0
6712.094471856397,147150.0
6712.273934738459,144757.0
6712.45339762052,141102.0
6712.632860502581,142022.0
6712.812323384643,141501.0
6712.991786266704,141144.0
6713.171249148766,140671.0
6713.350712030828,139097.0
6713.530174912889,140063.0
6713.709637794951,138708.0
6713.889100677012,137487.0
6714.0685635590735,137126.0
6714.248026441135,136425.0
6714.427489323197,134662.0
6714.6069522052585,135697.0
6714.78641508732,134618.0
6714.965877969382,133040.0
6715.145340851443,129965.0
6715.324803733504,131666.0
6715.504266615566,131357.0
6715.683729497628,129310.0
6715.863192379689,127099.0
6716.042655261751,129205.0
6716.222118143812,129506.0
6716.401581025873,127558.0
6716.581043907935,126648.0
6716.760506789997,126259.0
6716.939969672058,126025.0
6717.11943255412,124615.0
6717.298895436181,124634.0
6717.4783583182425,120912.0
6717.657821200304,120001.0
6717.837284082366,120754.0
6718.0167469644275,120773.0
6718.196209846489,121364.0
6718.375672728551,118577.0
6718.555135610612,117837.0
6718.734598492673,117439.0
6718.914061374735,117138.0
6719.093524256797,115225.0
6719.272987138858,114956.0
6719.45245002092,114960.0
6719.631912902981,113489.0
6719.811375785042,113928.0
6719.990838667104,113435.0
6720.170301549166,112420.0
6720.349764431227,111127.0
6720.529227313289,110100.0
6720.708690195351,108125.0
6720.8881530774115,107947.0
6721.067615959473,108112.0
6721.247078841535,108520.0
6721.4265417235965,107022.0
6721.606004605658,107799.0
6721.78546748772,105792.0
6721.964930369781,104123.0
6722.144393251842,103912.0
6722.323856133904,102189.0
6722.503319015966,101818.0
6722.682781898027,103136.0
6722.862244780089,103205.0
6723.041707662151,101324.0
6723.221170544211,100189.0
6723.400633426273,100510.0
6723.580096308335,99500.2
6723.759559190396,97464.9
6723.939022072458,97078.3
6724.11848495452,97030.6
6724.2979478365805,96075.1
6724.477410718642,95286.5
6724.656873600704,95385.9
6724.836336482766,95571.6
6725.015799364827,94361.4
6725.195262246889,93339.5
6725.374725128951,91909.5
6725.554188011011,92029.9
6725.733650893073,91078.5
6725.913113775135,90849.3
6726.092576657196,90895.1
6726.272039539258,91626.0
6726.45150242132,90783.0
6726.63096530338,88225.2
6726.810428185442,87504.6
6726.989891067504,87541.3
6727.169353949565,85910.4
6727.348816831627,86188.2
6727.528279713689,86428.8
6727.7077425957505,86218.4
6727.887205477811,85475.7
6728.066668359873,83679.9
6728.246131241935,83598.3
6728.425594123996,83295.9
6728.605057006058,82211.3
6728.78451988812,81727.1
6728.96398277018,81880.2
6729.143445652242,81987.0
6729.322908534304,80658.9
6729.502371416365,79972.8
6729.681834298427,79237.0
6729.861297180489,78345.0
6730.040760062549,78328.6
6730.220222944611,77092.5
6730.399685826673,75200.8
6730.5791487087345,76371.2
6730.758611590796,74603.2
6730.938074472858,75252.0
6731.1175373549195,75129.4
6731.29700023698,74293.9
6731.476463119042,73710.5
6731.655926001104,73033.7
6731.835388883165,73476.6
6732.014851765227,73138.9
6732.194314647289,71725.0
6732.373777529349,71686.0
6732.553240411411,70167.8
6732.732703293473,70747.1
6732.912166175534,68596.6
6733.091629057596,68549.0
6733.271091939658,67969.9
6733.450554821719,68392.9
6733.63001770378,62360.8
