7605.9980235417,7923.28
7606.209012342354,9272.82
7606.420001143009,7862.4
7606.630989943664,6070.31
7606.841978744318,5595.14
7607.052967544973,6620.45
7607.263956345628,8982.67
7607.474945146282,10419.1
7607.685933946937,8876.81
7607.896922747592,7062.54
7608.107911548247,8130.7
7608.3189003489015,11625.2
7608.529889149556,15221.4
7608.740877950211,16520.0
7608.9518667508655,13380.8
7609.16285555152,8292.28
7609.373844352175,6418.66
7609.58483315283,8162.24
7609.795821953484,10864.7
7610.006810754139,11049.0
7610.217799554794,9378.36
7610.428788355448,8907.91
7610.639777156103,12131.5
7610.850765956758,19077.8
7611.061754757413,26300.4
7611.272743558067,29493.7
7611.483732358722,27374.3
7611.694721159377,21030.5
7611.905709960031,13798.9
7612.116698760686,10744.4
7612.327687561341,12302.9
7612.538676361995,15740.7
7612.74966516265,16490.5
7612.960653963305,14372.4
7613.171642763959,14056.1
7613.382631564614,18283.6
7613.593620365269,29301.6
7613.8046091659235,41136.7
7614.015597966578,47949.7
7614.226586767233,48690.5
7614.4375755678875,42815.2
7614.648564368543,32584.1
7614.859553169197,23511.9
7615.070541969852,19793.2
7615.281530770507,22135.3
7615.492519571161,27228.3
7615.703508371816,30799.9
7615.914497172471,30951.8
7616.125485973125,30783.2
7616.33647477378,38421.5
7616.547463574435,51304.7
7616.758452375089,62467.1
7616.969441175744,71296.1
7617.180429976399,75943.7
7617.391418777053,77775.2
7617.602407577709,77675.7
7617.813396378363,76362.3
7618.024385179017,77986.9
7618.235373979673,80291.5
7618.446362780327,81482.6
7618.657351580981,82702.1
7618.868340381637,82499.8
7619.079329182291,80019.2
7619.290317982945,76927.2
7619.501306783601,75566.0
7619.712295584255,75279.2
7619.9232843849095,71455.3
7620.134273185565,65213.8
7620.345261986219,56274.4
7620.556250786874,43474.3
7620.767239587529,31189.3
7620.978228388183,25948.4
7621.1892171888385,31517.5
7621.400205989493,42768.8
7621.611194790147,55642.4
7621.8221835908025,65665.6
7622.033172391457,69656.5
7622.244161192111,67709.3
7622.455149992767,60836.2
7622.666138793421,49227.1
7622.877127594075,35318.9
7623.088116394731,24799.5
7623.299105195385,20101.2
7623.510093996039,22366.2
7623.721082796695,25405.5
7623.932071597349,27000.1
7624.143060398004,23380.9
7624.354049198659,18862.3
7624.565037999313,21478.1
7624.776026799968,30527.9
7624.987015600623,44031.1
7625.198004401277,55130.1
7625.408993201932,63787.8
7625.619982002587,67480.6
7625.830970803241,66937.7
7626.041959603896,62241.1
7626.252948404551,53100.1
7626.463937205205,40902.1
7626.6749260058605,28055.4
7626.885914806515,18763.2
7627.09690360717,16676.6
7627.3078924078245,18619.6
7627.518881208479,19973.2
7627.729870009134,19251.0
7627.940858809789,15779.4
7628.151847610443,16162.9
7628.362836411098,22753.1
7628.573825211753,33747.1
7628.784814012407,48715.1
7628.995802813062,59344.7
7629.206791613717,67786.5
7629.417780414371,72665.5
7629.628769215026,72692.5
7629.839758015681,68065.0
7630.050746816335,60765.0
7630.26173561699,49983.1
7630.472724417645,36487.9
7630.6837132183,25083.4
7630.894702018954,18205.9
7631.105690819609,17039.7
7631.316679620264,18135.9
7631.527668420918,18909.7
7631.738657221573,18265.0
7631.949646022228,16837.5
7632.1606348228825,18856.6
7632.371623623537,28087.7
7632.582612424192,42060.6
7632.7936012248465,55814.9
7633.004590025501,67562.1
7633.215578826156,75027.3
7633.4265676268105,80335.9
7633.637556427466,82599.5
7633.84854522812,77389.3
7634.059534028775,70894.5
7634.27052282943,63572.5
7634.481511630084,52019.3
7634.692500430739,39112.7
7634.903489231394,27351.9
7635.114478032048,19409.8
7635.325466832703,17351.7
7635.536455633358,18586.3
7635.747444434012,19812.6
7635.958433234667,19846.2
7636.169422035322,20133.5
7636.380410835976,24711.9
7636.591399636631,36007.5
7636.802388437286,51686.4
7637.01337723794,66572.9
7637.224366038596,76856.0
7637.43535483925,84359.5
7637.646343639904,87286.4
7637.85733244056,89661.7
7638.068321241214,88651.1
7638.2793100418685,84866.4
7638.490298842524,79016.8
7638.701287643178,69813.3
7638.9122764438325,56844.8
7639.123265244488,41503.5
7639.334254045142,30678.2
7639.545242845797,23367.2
7639.756231646452,22332.9
7639.967220447106,23473.4
7640.1782092477615,23667.0
7640.389198048416,23037.0
7640.60018684907,25435.8
7640.811175649726,33813.8
7641.02216445038,47723.6
7641.233153251034,64938.3
7641.44414205169,80266.5
7641.655130852344,92035.4
7641.866119652998,98030.8
7642.077108453654,98566.2
7642.288097254308,101243.0
7642.499086054962,101356.0
7642.710074855618,99004.2
7642.921063656272,97364.0
7643.132052456927,89821.5
7643.343041257582,76381.1
7643.554030058236,64468.8
7643.765018858891,50137.9
7643.976007659546,36585.3
7644.1869964602,29619.9
7644.397985260855,28934.5
7644.60897406151,31640.2
7644.819962862164,32798.2
7645.0309516628195,31737.4
7645.241940463474,34671.1
7645.452929264128,46084.8
7645.6639180647835,63635.6
7645.874906865438,82226.2
7646.085895666092,98703.7
7646.2968844667475,107099.0
7646.507873267402,112075.0
7646.718862068057,114550.0
7646.929850868712,115534.0
7647.140839669366,115597.0
7647.351828470021,113865.0
7647.562817270676,112629.0
7647.77380607133,110895.0
7647.984794871985,102710.0
7648.19578367264,90974.1
7648.406772473294,74930.7
7648.617761273949,60002.9
7648.828750074604,48565.7
7649.039738875258,43819.7
7649.250727675913,43875.0
7649.461716476568,44538.8
7649.672705277223,45263.3
7649.883694077877,46857.4
7650.094682878532,51248.6
7650.305671679187,60886.5
7650.516660479841,78299.1
7650.727649280496,95228.4
7650.938638081151,109540.0
7651.1496268818055,119099.0
7651.36061568246,124648.0
7651.571604483115,126422.0
7651.7825932837695,126447.0
7651.993582084424,127472.0
7652.204570885079,127040.0
7652.415559685734,126106.0
7652.626548486388,126815.0
7652.837537287043,124055.0
7653.048526087698,116456.0
7653.259514888353,104081.0
7653.470503689007,89195.2
7653.681492489662,75797.6
7653.892481290317,64844.2
7654.103470090971,59352.6
7654.314458891626,59894.2
7654.525447692281,60336.6
7654.736436492935,60719.4
7654.94742529359,61122.7
7655.158414094245,66158.0
7655.369402894899,77081.5
7655.580391695554,95867.1
7655.791380496209,113475.0
7656.002369296863,124257.0
7656.213358097519,129679.0
7656.424346898173,132767.0
7656.6353356988275,135416.0
7656.846324499483,137487.0
7657.057313300137,139342.0
7657.2683021007915,140390.0
7657.479290901447,142438.0
7657.690279702101,140938.0
7657.901268502756,138389.0
7658.112257303411,136578.0
7658.323246104065,132283.0
7658.53423490472,121254.0
7658.745223705375,107066.0
7658.956212506029,93701.6
7659.167201306684,83295.0
7659.378190107339,81286.5
7659.589178907993,80157.6
7659.800167708649,79175.0
7660.011156509303,79744.5
7660.222145309957,81462.1
7660.433134110613,86893.2
7660.644122911267,95556.4
7660.855111711921,109216.0
7661.066100512577,124715.0
7661.277089313231,136471.0
7661.488078113885,144047.0
7661.699066914541,147629.0
7661.910055715195,149740.0
7662.1210445158495,150345.0
7662.332033316505,147816.0
7662.543022117159,149610.0
7662.754010917814,150072.0
7662.964999718469,150274.0
7663.175988519123,150260.0
7663.386977319778,149680.0
7663.597966120433,149756.0
7663.808954921087,146182.0
7664.0199437217425,137672.0
7664.230932522397,128254.0
7664.441921323051,115327.0
7664.6529101237065,107507.0
7664.863898924361,102665.0
7665.074887725015,99598.9
7665.285876525671,97882.7
7665.496865326325,97989.1
7665.70785412698,99907.1
7665.918842927635,105051.0
7666.129831728289,112246.0
7666.340820528944,122576.0
7666.551809329599,137807.0
7666.762798130253,148978.0
7666.973786930908,152726.0
7667.184775731563,155053.0
7667.395764532217,156569.0
7667.606753332872,159186.0
7667.817742133527,160798.0
7668.028730934181,159981.0
7668.239719734836,157215.0
7668.450708535491,157299.0
7668.661697336145,158900.0
7668.8726861368,158418.0
7669.083674937455,157655.0
7669.29466373811,157596.0
7669.5056525387645,157528.0
7669.716641339419,150307.0
7669.927630140074,140374.0
7670.1386189407285,131875.0
7670.349607741383,124376.0
7670.560596542038,119638.0
7670.771585342693,118067.0
7670.982574143347,118546.0
7671.193562944002,119123.0
7671.404551744657,121293.0
7671.615540545311,124492.0
7671.826529345966,127057.0
7672.037518146621,135343.0
7672.248506947276,147634.0
7672.45949574793,158905.0
7672.670484548585,161558.0
7672.88147334924,162937.0
7673.092462149894,164196.0
7673.303450950549,164893.0
7673.514439751204,164257.0
7673.725428551858,165174.0
7673.936417352513,166472.0
7674.147406153168,165818.0
7674.358394953822,164727.0
7674.569383754477,164811.0
7674.780372555132,166902.0
7674.9913613557865,167068.0
7675.202350156442,169420.0
7675.413338957096,165322.0
7675.6243277577505,162826.0
7675.835316558406,154815.0
7676.04630535906,146405.0
7676.257294159715,141065.0
7676.46828296037,138306.0
7676.679271761024,136436.0
7676.890260561679,133976.0
7677.101249362334,132997.0
7677.312238162988,135238.0
7677.523226963643,139618.0
7677.734215764298,144123.0
7677.945204564952,148401.0
7678.156193365607,154573.0
7678.367182166262,162715.0
7678.578170966916,168541.0
7678.789159767572,169114.0
7679.000148568226,168101.0
7679.21113736888,169229.0
7679.422126169536,170836.0
7679.63311497019,171673.0
7679.844103770844,171510.0
7680.0550925715,171706.0
7680.266081372154,173513.0
7680.477070172808,173114.0
7680.688058973464,172693.0
7680.899047774118,172076.0
7681.1100365747725,172637.0
7681.321025375428,172139.0
7681.532014176082,172576.0
7681.7430029767365,170260.0
7681.953991777392,165642.0
7682.164980578046,162993.0
7682.3759693787015,160963.0
7682.586958179356,156544.0
7682.79794698001,151787.0
7683.0089357806655,150519.0
7683.21992458132,150718.0
7683.430913381974,149343.0
7683.64190218263,152078.0
7683.852890983284,155470.0
7684.063879783938,159707.0
7684.274868584594,160102.0
7684.485857385248,164197.0
7684.696846185902,171811.0
7684.907834986558,174621.0
7685.118823787212,175110.0
7685.329812587867,175750.0
7685.540801388522,175416.0
7685.751790189176,175743.0
7685.962778989831,176252.0
7686.173767790486,175395.0
7686.38475659114,173895.0
7686.595745391795,172183.0
7686.80673419245,174047.0
7687.017722993104,174607.0
7687.228711793759,178359.0
7687.439700594414,178624.0
7687.650689395068,177779.0
7687.8616781957235,176761.0
7688.072666996378,175383.0
7688.283655797033,173710.0
7688.4946445976875,169476.0
7688.705633398342,164961.0
7688.916622198997,164159.0
7689.127610999652,163722.0
7689.338599800306,161416.0
7689.549588600961,161101.0
7689.760577401616,162318.0
7689.97156620227,164443.0
7690.182555002925,165412.0
7690.39354380358,163094.0
7690.604532604234,166101.0
7690.815521404889,172541.0
7691.026510205544,175636.0
7691.237499006198,176030.0
7691.448487806853,176937.0
7691.659476607508,178757.0
7691.870465408163,179011.0
7692.081454208817,178662.0
7692.292443009472,177777.0
7692.503431810127,177882.0
7692.714420610781,179909.0
7692.925409411436,178635.0
7693.136398212091,178218.0
7693.3473870127455,178457.0
7693.5583758134,180747.0
7693.769364614055,181050.0
7693.9803534147095,179834.0
7694.191342215364,180429.0
7694.402331016019,182092.0
7694.6133198166735,182910.0
7694.824308617329,181102.0
7695.035297417983,177673.0
7695.246286218638,176662.0
7695.457275019293,175715.0
7695.668263819947,173567.0
7695.879252620602,173675.0
7696.090241421257,174747.0
7696.301230221911,173643.0
7696.512219022566,172182.0
7696.723207823221,173909.0
7696.934196623875,175502.0
7697.14518542453,178756.0
7697.356174225185,179006.0
7697.567163025839,178167.0
7697.778151826495,178910.0
7697.989140627149,183321.0
7698.200129427803,186445.0
7698.411118228459,183846.0
7698.622107029113,182906.0
7698.833095829767,183815.0
7699.044084630423,182094.0
7699.255073431077,181593.0
7699.4660622317315,182298.0
7699.677051032387,181304.0
7699.888039833041,180954.0
7700.0990286336955,181944.0
7700.310017434351,184303.0
7700.521006235005,183915.0
7700.73199503566,182683.0
7700.942983836315,183670.0
7701.153972636969,183780.0
7701.3649614376245,184979.0
7701.575950238279,183430.0
7701.786939038933,182274.0
7701.997927839589,183180.0
7702.208916640243,183631.0
7702.419905440897,181602.0
7702.630894241553,182501.0
7702.841883042207,184179.0
7703.052871842861,182357.0
7703.263860643517,180263.0
7703.474849444171,179647.0
7703.685838244825,179323.0
7703.896827045481,180353.0
7704.107815846135,183084.0
7704.318804646789,182496.0
7704.529793447445,180848.0
7704.740782248099,183960.0
7704.951771048754,184615.0
7705.162759849409,185798.0
7705.373748650063,184400.0
7705.584737450718,182702.0
7705.795726251373,183620.0
7706.006715052027,186837.0
7706.2177038526825,185712.0
7706.428692653337,184566.0
7706.639681453991,184305.0
7706.8506702546465,185351.0
7707.061659055301,184580.0
7707.272647855955,184742.0
7707.4836366566105,186339.0
7707.694625457265,186855.0
7707.90561425792,187443.0
7708.116603058575,185375.0
7708.327591859229,185433.0
7708.538580659884,184230.0
7708.749569460539,185211.0
7708.960558261193,185644.0
7709.171547061848,187702.0
7709.382535862503,188580.0
7709.593524663157,185386.0
7709.804513463812,186979.0
7710.015502264467,185995.0
7710.226491065121,185908.0
7710.437479865776,184099.0
7710.648468666431,183168.0
7710.859457467086,186446.0
7711.07044626774,186013.0
7711.281435068395,183196.0
7711.49242386905,183004.0
7711.703412669704,184525.0
7711.914401470359,186974.0
7712.125390271014,186963.0
7712.3363790716685,185754.0
7712.547367872323,187595.0
7712.758356672978,187885.0
7712.9693454736325,186415.0
7713.180334274287,186623.0
7713.391323074942,186968.0
7713.602311875597,186424.0
7713.813300676251,185351.0
7714.024289476906,183833.0
7714.235278277561,186090.0
7714.446267078216,184853.0
7714.65725587887,187510.0
7714.868244679525,188712.0
7715.07923348018,187834.0
7715.290222280834,188428.0
7715.501211081489,186011.0
7715.712199882144,184248.0
7715.923188682798,184359.0
7716.134177483453,184624.0
7716.345166284108,185025.0
7716.556155084762,186023.0
7716.767143885417,185049.0
7716.978132686072,183471.0
7717.189121486726,184516.0
7717.400110287382,184725.0
7717.611099088036,185334.0
7717.8220878886905,185936.0
7718.033076689346,183873.0
7718.24406549,184875.0
7718.4550542906545,185676.0
7718.66604309131,186222.0
7718.877031891964,184290.0
7719.088020692619,183277.0
7719.299009493274,182927.0
7719.509998293928,182893.0
7719.720987094583,183988.0
7719.931975895238,185133.0
7720.142964695892,186618.0
7720.353953496548,184956.0
7720.564942297202,182301.0
7720.775931097856,182779.0
7720.986919898512,182334.0
7721.197908699166,183146.0
7721.40889749982,183083.0
7721.619886300476,183175.0
7721.83087510113,183198.0
7722.041863901784,182515.0
7722.25285270244,182070.0
7722.463841503094,182013.0
7722.674830303748,182392.0
7722.885819104404,182696.0
7723.096807905058,182253.0
7723.3077967057125,183074.0
7723.518785506368,185084.0
7723.729774307022,186309.0
7723.940763107677,186174.0
7724.151751908332,181242.0
7724.362740708986,178489.0
7724.573729509641,179230.0
7724.784718310296,181100.0
7724.99570711095,183582.0
7725.2066959116055,184150.0
7725.41768471226,184380.0
7725.628673512914,181094.0
7725.8396623135695,179219.0
7726.050651114224,180275.0
7726.261639914878,180461.0
7726.472628715534,181280.0
7726.683617516188,183073.0
7726.894606316843,181708.0
7727.105595117498,182887.0
7727.316583918152,181960.0
7727.527572718807,180807.0
7727.738561519462,182656.0
7727.949550320116,182089.0
7728.160539120771,182638.0
7728.371527921426,183180.0
7728.58251672208,179927.0
7728.793505522735,177383.0
7729.00449432339,178857.0
7729.215483124044,180401.0
7729.426471924699,179120.0
7729.637460725354,178023.0
7729.848449526008,178412.0
7730.059438326663,179409.0
7730.270427127318,182063.0
7730.481415927973,183442.0
7730.6924047286275,181621.0
7730.903393529282,180445.0
7731.114382329937,180023.0
7731.3253711305915,180605.0
7731.536359931246,181167.0
7731.747348731901,178894.0
7731.958337532556,179501.0
7732.16932633321,181109.0
7732.380315133865,181766.0
7732.59130393452,179943.0
7732.802292735174,180370.0
7733.013281535829,180643.0
7733.224270336484,180506.0
7733.435259137139,180681.0
7733.646247937793,179720.0
7733.857236738448,179789.0
7734.068225539103,180266.0
7734.279214339757,179950.0
7734.490203140412,179957.0
7734.701191941067,177632.0
7734.912180741721,178517.0
7735.123169542376,181367.0
7735.334158343031,180955.0
7735.545147143685,181328.0
7735.75613594434,181527.0
7735.967124744995,181616.0
7736.1781135456495,177652.0
7736.389102346304,175666.0
7736.600091146959,179087.0
7736.8110799476135,180532.0
7737.022068748269,178273.0
7737.233057548923,177860.0
7737.444046349578,178741.0
7737.655035150233,178729.0
7737.866023950887,178060.0
7738.077012751542,177248.0
7738.288001552197,176958.0
7738.498990352851,179197.0
7738.709979153506,180190.0
7738.920967954161,176966.0
7739.131956754815,175037.0
7739.34294555547,175514.0
7739.553934356125,176736.0
7739.764923156779,178511.0
7739.975911957435,178074.0
7740.186900758089,177076.0
7740.397889558743,176332.0
7740.608878359399,175781.0
7740.819867160053,176887.0
7741.030855960707,177367.0
7741.241844761363,175706.0
7741.452833562017,174544.0
7741.663822362671,176779.0
7741.874811163327,176017.0
7742.085799963981,176539.0
7742.2967887646355,176910.0
7742.507777565291,176369.0
7742.718766365945,176251.0
7742.9297551666,175989.0
7743.140743967255,174499.0
7743.351732767909,174946.0
7743.5627215685645,173668.0
7743.773710369219,174991.0
7743.984699169873,174937.0
7744.1956879705285,176111.0
7744.406676771183,175615.0
7744.617665571837,174016.0
7744.828654372493,173116.0
7745.039643173147,175587.0
7745.250631973801,175629.0
7745.461620774457,175330.0
7745.672609575111,177328.0
7745.883598375765,176663.0
7746.094587176421,173518.0
7746.305575977075,171529.0
7746.51656477773,169801.0
7746.727553578385,169799.0
7746.938542379039,170257.0
7747.149531179694,170572.0
7747.360519980349,170085.0
7747.571508781003,172778.0
7747.782497581658,171386.0
7747.993486382313,173506.0
7748.204475182967,175148.0
7748.415463983622,172482.0
7748.626452784277,173193.0
7748.837441584931,170043.0
7749.0484303855865,169376.0
7749.259419186241,170506.0
7749.470407986895,170729.0
7749.6813967875505,171334.0
7749.892385588205,170204.0
7750.10337438886,173792.0
7750.314363189515,173557.0
7750.525351990169,173763.0
7750.736340790824,172562.0
7750.947329591479,170188.0
7751.158318392133,170842.0
7751.369307192788,170571.0
7751.580295993443,168915.0
7751.791284794097,168020.0
7752.002273594752,169336.0
7752.213262395407,171116.0
7752.424251196061,173191.0
7752.635239996716,172385.0
7752.846228797371,171051.0
7753.057217598026,169489.0
7753.26820639868,168313.0
7753.479195199335,168708.0
7753.69018399999,169301.0
7753.901172800644,171383.0
7754.112161601299,169061.0
7754.323150401954,169770.0
7754.5341392026085,169128.0
7754.745128003263,165981.0
7754.956116803918,169383.0
7755.1671056045725,168308.0
7755.378094405227,166422.0
7755.589083205882,167136.0
7755.8000720065365,168337.0
7756.011060807192,165989.0
7756.222049607846,166997.0
7756.433038408501,164810.0
7756.644027209156,164831.0
7756.85501600981,166592.0
7757.066004810465,166422.0
7757.27699361112,166140.0
7757.487982411774,167113.0
7757.698971212429,168069.0
7757.909960013084,167762.0
7758.120948813738,164149.0
7758.331937614393,163398.0
7758.542926415048,162752.0
7758.753915215702,164898.0
7758.964904016357,164051.0
7759.175892817012,164500.0
7759.386881617666,164536.0
7759.597870418322,163312.0
7759.808859218976,167552.0
7760.01984801963,167270.0
7760.230836820286,165347.0
7760.44182562094,166192.0
7760.6528144215945,164814.0
7760.86380322225,165761.0
7761.074792022904,164802.0
7761.2857808235585,163804.0
7761.496769624214,166347.0
7761.707758424868,164216.0
7761.918747225523,163381.0
7762.129736026178,162508.0
7762.340724826832,162597.0
7762.5517136274875,162977.0
7762.762702428142,162140.0
7762.973691228796,160342.0
7763.184680029452,160339.0
7763.395668830106,160739.0
7763.60665763076,163820.0
7763.817646431416,162577.0
7764.02863523207,163285.0
7764.239624032724,163386.0
7764.45061283338,161501.0
7764.661601634034,162131.0
7764.872590434688,162459.0
7765.083579235344,160453.0
7765.294568035998,158377.0
7765.505556836653,161291.0
7765.716545637308,164056.0
7765.927534437962,162129.0
7766.138523238617,161053.0
7766.349512039272,161117.0
7766.560500839926,158463.0
7766.771489640581,159527.0
7766.982478441236,159240.0
7767.19346724189,157143.0
7767.4044560425455,157254.0
7767.6154448432,159513.0
7767.826433643854,160511.0
7768.0374224445095,159745.0
7768.248411245164,158992.0
7768.459400045818,159093.0
7768.6703888464735,158809.0
7768.881377647128,158991.0
7769.092366447783,159186.0
7769.303355248438,160351.0
7769.514344049092,160622.0
7769.725332849747,159019.0
7769.936321650402,157423.0
7770.147310451056,158459.0
7770.358299251711,159328.0
7770.569288052366,159591.0
7770.78027685302,157768.0
7770.991265653675,154640.0
7771.20225445433,156204.0
7771.413243254984,157054.0
7771.624232055639,157444.0
7771.835220856294,155818.0
7772.046209656948,154966.0
7772.257198457603,154863.0
7772.468187258258,153969.0
7772.679176058913,154152.0
7772.890164859567,152229.0
7773.101153660222,152367.0
7773.312142460877,152137.0
7773.5231312615315,150955.0
7773.734120062186,150931.0
7773.945108862841,151974.0
7774.1560976634955,152915.0
7774.36708646415,151155.0
7774.578075264805,150980.0
7774.78906406546,149643.0
7775.000052866115,147609.0
7775.211041666769,148368.0
7775.422030467424,149332.0
7775.633019268079,151137.0
7775.844008068733,152491.0
7776.054996869388,151716.0
7776.265985670043,153355.0
7776.476974470697,152860.0
7776.687963271352,150172.0
7776.898952072007,149345.0
7777.109940872661,150558.0
7777.320929673316,150095.0
7777.531918473971,150660.0
7777.742907274625,150444.0
7777.95389607528,150691.0
7778.164884875935,152549.0
7778.375873676589,151210.0
7778.586862477245,151184.0
7778.797851277899,150973.0
7779.0088400785535,150395.0
7779.219828879209,152373.0
7779.430817679863,154022.0
7779.6418064805175,152240.0
7779.852795281173,150624.0
7780.063784081827,150569.0
7780.274772882482,150804.0
7780.485761683137,148235.0
7780.696750483791,149080.0
7780.907739284446,148071.0
7781.118728085101,148962.0
7781.329716885755,148323.0
7781.54070568641,145200.0
7781.751694487065,145276.0
7781.962683287719,147315.0
7782.173672088375,146500.0
7782.384660889029,145742.0
7782.595649689683,145540.0
7782.806638490339,146576.0
7783.017627290993,143936.0
7783.228616091647,142252.0
7783.439604892303,143757.0
7783.650593692957,146047.0
7783.861582493611,144851.0
7784.072571294267,144480.0
7784.283560094921,144458.0
7784.4945488955755,145065.0
7784.705537696231,144485.0
7784.916526496885,143718.0
7785.12751529754,142868.0
7785.338504098195,143684.0
7785.549492898849,144265.0
7785.760481699504,140391.0
7785.971470500159,139266.0
7786.182459300813,141758.0
7786.3934481014685,142249.0
7786.604436902123,143556.0
7786.815425702777,143299.0
7787.0264145034325,142775.0
7787.237403304087,142831.0
7787.448392104741,140305.0
7787.659380905397,138934.0
7787.870369706051,139350.0
7788.081358506706,139221.0
7788.292347307361,140728.0
7788.503336108015,142268.0
7788.71432490867,140613.0
7788.925313709325,139576.0
7789.136302509979,140092.0
7789.347291310634,139830.0
7789.558280111289,138570.0
7789.769268911943,139862.0
7789.980257712598,141223.0
7790.191246513253,139122.0
7790.402235313907,137938.0
7790.613224114562,136417.0
7790.824212915217,136997.0
7791.035201715871,136914.0
7791.246190516526,136719.0
7791.457179317181,136743.0
7791.668168117836,137625.0
7791.8791569184905,135621.0
7792.090145719145,134509.0
7792.3011345198,136130.0
7792.5121233204545,135885.0
7792.723112121109,135677.0
7792.934100921764,135320.0
7793.145089722419,136734.0
7793.356078523073,135417.0
7793.567067323728,135726.0
7793.778056124383,135610.0
7793.989044925037,133503.0
7794.200033725692,133954.0
7794.411022526347,134331.0
7794.622011327002,134675.0
7794.833000127656,133556.0
7795.043988928311,133472.0
7795.254977728966,134244.0
7795.46596652962,132472.0
7795.676955330275,131382.0
7795.88794413093,132769.0
7796.098932931584,132765.0
7796.309921732239,132883.0
7796.520910532894,132938.0
7796.731899333548,131347.0
7796.942888134203,131130.0
7797.153876934858,131707.0
7797.3648657355125,131607.0
7797.575854536168,131081.0
7797.786843336822,129407.0
7797.9978321374765,129952.0
7798.208820938132,130953.0
7798.419809738786,130813.0
7798.630798539441,130040.0
7798.841787340096,130498.0
7799.05277614075,131677.0
7799.263764941405,131361.0
7799.47475374206,129051.0
7799.685742542714,128261.0
7799.896731343369,126898.0
7800.107720144024,129724.0
7800.318708944678,128896.0
7800.529697745333,126129.0
7800.740686545988,127161.0
7800.951675346642,127762.0
7801.162664147298,128817.0
7801.373652947952,126906.0
7801.584641748606,125663.0
7801.795630549262,126963.0
7802.006619349916,127289.0
7802.21760815057,125565.0
7802.428596951226,124520.0
7802.63958575188,124837.0
7802.850574552534,125362.0
7803.06156335319,125804.0
7803.272552153844,125444.0
7803.4835409544985,124409.0
7803.694529755154,125181.0
7803.905518555808,123894.0
7804.1165073564625,124338.0
7804.327496157118,124408.0
7804.538484957772,123107.0
7804.7494737584275,122670.0
7804.960462559082,120509.0
7805.171451359736,121525.0
7805.3824401603915,122519.0
7805.593428961046,123164.0
7805.8044177617,120622.0
7806.015406562356,117522.0
7806.22639536301,118980.0
7806.437384163664,120750.0
7806.64837296432,120467.0
7806.859361764974,121628.0
7807.070350565628,121827.0
7807.281339366284,119908.0
7807.492328166938,118065.0
7807.703316967593,119191.0
7807.914305768248,119370.0
7808.125294568902,120203.0
7808.336283369557,118423.0
7808.547272170212,117668.0
7808.758260970866,118055.0
7808.969249771521,118559.0
7809.180238572176,117680.0
7809.39122737283,118469.0
7809.602216173485,118141.0
7809.81320497414,116360.0
7810.024193774794,116539.0
7810.2351825754495,118150.0
7810.446171376104,117228.0
7810.657160176759,116401.0
7810.8681489774135,115568.0
7811.079137778068,116249.0
7811.290126578723,115804.0
7811.501115379378,115191.0
7811.712104180032,115327.0
7811.923092980687,116594.0
7812.134081781342,116440.0
7812.345070581996,115772.0
7812.556059382651,116301.0
7812.767048183306,114906.0
7812.97803698396,114645.0
7813.189025784615,114621.0
7813.40001458527,112921.0
7813.611003385924,111187.0
7813.821992186579,111415.0
7814.032980987234,112522.0
7814.243969787889,113006.0
7814.454958588543,111961.0
7814.665947389198,110937.0
7814.876936189853,112362.0
7815.087924990507,110408.0
7815.298913791162,109993.0
7815.509902591817,109946.0
7815.7208913924715,110944.0
7815.931880193126,111177.0
7816.142868993781,109609.0
7816.3538577944355,107733.0
7816.56484659509,107935.0
7816.775835395745,109179.0
7816.9868241963995,109908.0
7817.197812997055,111350.0
7817.408801797709,109542.0
7817.619790598364,109048.0
7817.830779399019,108574.0
7818.041768199673,107294.0
7818.252757000328,107498.0
7818.463745800983,105638.0
7818.674734601637,105819.0
7818.885723402292,105854.0
7819.096712202947,106355.0
7819.307701003601,104806.0
7819.518689804256,105250.0
7819.729678604911,105187.0
7819.940667405565,105729.0
7820.151656206221,105098.0
7820.362645006875,106228.0
7820.573633807529,104680.0
7820.784622608185,105687.0
7820.995611408839,105722.0
7821.206600209493,105483.0
7821.417589010149,103964.0
7821.628577810803,102791.0
7821.8395666114575,103713.0
7822.050555412113,102388.0
7822.261544212767,102161.0
7822.4725330134215,103299.0
7822.683521814077,103333.0
7822.894510614731,100820.0
7823.105499415386,99539.6
7823.316488216041,99505.7
7823.527477016695,99506.3
7823.7384658173505,101999.0
7823.949454618005,100383.0
7824.160443418659,101475.0
7824.371432219315,101923.0
7824.582421019969,100614.0
7824.793409820623,98403.5
7825.004398621279,98907.0
7825.215387421933,97887.0
7825.426376222587,99023.8
7825.637365023243,99078.9
7825.848353823897,99207.6
7826.059342624551,99706.6
7826.270331425207,96465.6
7826.481320225861,96695.9
7826.692309026515,97720.4
7826.903297827171,98570.9
7827.114286627825,97023.0
7827.32527542848,95547.3
7827.536264229135,94896.4
7827.747253029789,95130.3
7827.958241830444,95503.3
7828.169230631099,95255.0
7828.380219431753,94152.2
7828.5912082324085,94244.0
7828.802197033063,94691.4
7829.013185833717,94465.5
7829.2241746343725,94976.7
7829.435163435027,95231.9
7829.646152235681,94421.3
7829.8571410363365,94740.3
7830.068129836991,92901.6
7830.279118637646,91534.3
7830.490107438301,91232.2
7830.701096238955,92392.3
7830.91208503961,93691.7
7831.123073840265,94417.6
7831.334062640919,93020.9
7831.545051441574,91428.3
7831.756040242229,91845.7
7831.967029042883,90706.7
7832.178017843538,90004.5
7832.389006644193,89097.1
7832.599995444847,89080.1
7832.810984245502,89567.7
7833.021973046157,89575.1
7833.232961846812,88566.5
7833.443950647466,90104.5
7833.654939448121,91399.1
7833.865928248776,90728.5
7834.07691704943,89266.7
7834.287905850085,87755.9
7834.49889465074,88544.5
7834.7098834513945,89012.3
7834.920872252049,87162.9
7835.131861052704,87474.8
7835.3428498533585,86265.3
7835.553838654013,87825.4
7835.764827454668,87116.4
7835.975816255323,85595.9
7836.186805055977,84990.0
7836.397793856632,85032.1
7836.608782657287,84396.7
7836.819771457942,84300.3
7837.030760258596,85213.3
7837.241749059251,85465.9
7837.452737859906,84734.8
7837.66372666056,83141.2
7837.874715461215,83159.2
7838.08570426187,85087.9
7838.296693062524,85648.8
7838.507681863179,84524.4
7838.718670663834,85213.6
7838.929659464488,82838.0
7839.140648265143,80883.1
7839.351637065798,81532.6
7839.562625866452,81958.3
7839.773614667108,81089.1
7839.984603467762,81771.1
7840.1955922684165,83430.3
7840.406581069072,82539.6
7840.617569869726,80725.6
7840.8285586703805,79729.3
7841.039547471036,80439.5
7841.25053627169,80155.8
7841.461525072345,81337.6
7841.672513873,81485.9
7841.883502673654,78885.2
7842.094491474309,78002.3
7842.305480274964,77442.6
7842.516469075618,78683.1
7842.727457876274,78855.4
7842.938446676928,76958.4
7843.149435477582,79295.3
7843.360424278238,80062.6
7843.571413078892,77800.8
7843.782401879546,75314.2
7843.993390680202,76057.0
7844.204379480856,75908.4
7844.41536828151,74923.0
7844.626357082166,74886.4
7844.83734588282,76860.4
7845.048334683474,75514.1
7845.25932348413,75174.9
7845.470312284784,75760.8
7845.6813010854385,74476.2
7845.892289886094,73654.0
7846.103278686748,74635.9
7846.314267487403,72805.6
7846.525256288058,73836.4
7846.736245088712,73303.1
7846.947233889367,71469.5
7847.158222690022,72064.4
7847.369211490676,71268.9
7847.5802002913315,73274.8
7847.791189091986,72308.4
7848.00217789264,71065.4
7848.2131666932955,72441.2
7848.42415549395,71095.8
7848.635144294604,71845.6
7848.84613309526,70652.6
7849.057121895914,70556.8
7849.268110696568,68794.1
7849.479099497224,68692.5
7849.690088297878,70290.9
7849.901077098533,71826.1
7850.112065899188,69810.7
7850.323054699842,68302.9
7850.534043500497,69396.3
7850.745032301152,69809.8
7850.956021101806,68292.2
7851.167009902461,67986.9
7851.377998703116,68256.8
7851.58898750377,67972.4
7851.799976304425,68422.2
7852.01096510508,67701.4
7852.221953905734,66163.7
7852.432942706389,68055.5
7852.643931507044,65852.7
7852.854920307699,64891.2
7853.0659091083535,65678.0
7853.276897909008,65422.8
7853.487886709663,64403.2
7853.6988755103175,66200.3
7853.909864310972,64770.6
7854.120853111627,66071.8
7854.331841912282,63946.2
7854.542830712936,63690.8
7854.753819513591,62404.9
7854.964808314246,61816.2
7855.1757971149,63598.2
7855.386785915555,65043.9
7855.59777471621,64022.7
7855.808763516865,63281.6
7856.019752317519,62923.7
7856.230741118174,62231.3
7856.441729918829,61292.6
7856.652718719483,60766.8
7856.863707520138,60873.5
7857.074696320793,61039.1
7857.285685121447,60908.8
7857.496673922102,61144.9
7857.707662722757,60221.5
7857.918651523411,60587.7
7858.129640324066,60012.5
7858.340629124721,60899.7
7858.5516179253755,61581.6
7858.76260672603,62439.1
7858.973595526685,61119.1
7859.1845843273395,59602.7
7859.395573127995,59383.3
7859.606561928649,59149.7
7859.817550729304,57381.6
7860.028539529959,57592.3
7860.239528330613,57602.7
7860.450517131268,57614.7
7860.661505931923,56785.5
7860.872494732577,57898.6
7861.083483533232,56057.0
7861.294472333887,55622.3
7861.505461134541,56032.4
7861.716449935196,55479.9
7861.927438735851,54982.1
7862.138427536505,55020.2
7862.34941633716,54584.7
7862.560405137815,54277.9
7862.771393938469,54498.6
7862.982382739125,55523.0
7863.193371539779,53444.0
7863.404360340433,54020.1
7863.615349141089,52860.0
7863.826337941743,53918.9
7864.037326742397,53657.1
7864.248315543053,54790.0
7864.459304343707,53063.0
7864.6702931443615,53194.4
7864.881281945017,53820.5
7865.092270745671,52268.6
7865.303259546326,51726.1
7865.514248346981,51171.4
7865.725237147635,51552.4
7865.9362259482905,50972.7
7866.147214748945,50787.4
7866.358203549599,50452.7
7866.5691923502545,51324.9
7866.780181150909,50570.2
7866.991169951563,50035.9
7867.202158752219,50612.3
7867.413147552873,50687.7
7867.624136353527,48949.3
7867.835125154183,49220.4
7868.046113954837,48585.4
7868.257102755491,48566.0
7868.468091556147,47508.4
7868.679080356801,47593.4
7868.890069157456,47304.6
7869.101057958111,47431.1
7869.312046758765,47896.2
7869.52303555942,46378.3
7869.734024360075,46816.2
7869.945013160729,47215.5
7870.156001961384,45891.9
7870.366990762039,45672.6
7870.577979562693,44745.7
7870.788968363348,44845.8
7870.999957164003,45738.9
7871.210945964657,44715.8
7871.4219347653125,45589.4
7871.632923565967,45130.7
7871.843912366621,44428.9
7872.0549011672765,43718.0
7872.265889967931,43132.5
7872.476878768586,43726.3
7872.687867569241,44235.6
7872.898856369895,42781.1
7873.10984517055,42772.4
7873.320833971205,43594.1
7873.531822771859,44018.2
7873.742811572514,43021.4
7873.953800373169,41956.8
7874.164789173823,43761.1
7874.375777974478,41707.2
7874.586766775133,41827.1
7874.797755575788,41980.5
7875.008744376442,40300.0
7875.219733177097,39618.0
7875.430721977752,40471.9
7875.641710778406,41826.3
7875.852699579061,42505.4
7876.063688379716,41785.9
7876.27467718037,41879.9
7876.485665981025,40297.8
7876.69665478168,40011.2
7876.9076435823345,38220.0
7877.118632382989,38059.6
7877.329621183644,38406.9
7877.5406099842985,38161.9
7877.751598784953,38412.1
7877.962587585608,37877.0
7878.1735763862625,38187.0
7878.384565186918,37974.9
7878.595553987572,38402.4
7878.806542788227,36913.0
7879.017531588882,35841.9
7879.228520389536,37053.2
7879.439509190191,36055.3
7879.650497990846,35885.5
7879.8614867915,35852.2
7880.072475592155,36725.0
7880.28346439281,35648.5
7880.494453193464,35652.4
7880.705441994119,34587.2
7880.916430794774,34388.8
7881.127419595428,34350.4
7881.338408396083,34830.1
7881.549397196738,34298.9
7881.760385997392,35501.3
7881.971374798048,34987.5
7882.182363598702,33986.8
7882.393352399356,34201.2
7882.604341200012,34542.4
7882.815330000666,32887.7
7883.0263188013205,32919.2
7883.237307601976,32789.3
7883.44829640263,33858.0
7883.6592852032845,33790.4
7883.87027400394,32814.9
7884.081262804594,32928.2
7884.292251605249,34624.2
7884.503240405904,34814.7
7884.714229206558,33530.6
7884.925218007213,32102.4
7885.136206807868,32639.3
7885.347195608522,32507.9
7885.558184409178,32363.4
7885.769173209832,31267.8
7885.980162010486,31119.1
7886.191150811142,30756.4
7886.402139611796,31190.2
7886.61312841245,30722.5
7886.824117213106,31451.3
7887.03510601376,30217.1
7887.246094814414,30415.7
7887.45708361507,30460.4
7887.668072415724,30263.1
7887.879061216379,30147.1
7888.090050017034,29454.0
7888.301038817688,27992.7
7888.512027618343,29503.6
7888.723016418998,29042.8
7888.934005219652,29981.7
7889.144994020307,28407.7
7889.355982820962,27692.3
7889.566971621616,28223.0
7889.7779604222715,28625.6
7889.988949222926,28380.9
7890.19993802358,28550.8
7890.4109268242355,29254.0
7890.62191562489,26286.5
7890.832904425544,26583.2
7891.0438932261995,26533.2
7891.254882026854,26257.7
7891.465870827509,25867.7
7891.676859628164,26242.4
7891.887848428818,26358.5
7892.098837229473,27290.8
7892.309826030128,26547.0
7892.520814830782,26157.5
7892.731803631437,24420.2
7892.942792432092,24714.0
7893.153781232746,24026.2
7893.364770033401,23301.4
7893.575758834056,24014.8
7893.78674763471,24829.7
7893.997736435365,23831.6
7894.20872523602,24134.1
7894.419714036674,23741.3
7894.630702837329,23532.9
7894.841691637984,22665.0
7895.052680438639,22874.7
7895.263669239293,22248.4
7895.474658039948,22757.4
7895.685646840603,21610.5
