6488.1238846275,150460.0
6488.303268387057,151259.0
6488.482652146615,155536.0
6488.662035906172,156675.0
6488.841419665729,156420.0
6489.020803425286,156194.0
6489.200187184843,155476.0
6489.3795709444,156851.0
6489.558954703958,158749.0
6489.738338463515,159988.0
6489.917722223072,161147.0
6490.09710598263,161612.0
6490.276489742187,161464.0
6490.4558735017445,159742.0
6490.635257261301,157555.0
6490.814641020858,156840.0
6490.994024780416,157839.0
6491.173408539973,163689.0
6491.35279229953,168588.0
6491.532176059088,172234.0
6491.711559818645,171208.0
6491.890943578202,170935.0
6492.070327337759,174476.0
6492.249711097316,176027.0
6492.429094856873,174431.0
6492.608478616431,172321.0
6492.787862375988,170670.0
6492.967246135545,168398.0
6493.146629895103,169487.0
6493.32601365466,174426.0
6493.5053974142165,178923.0
6493.684781173774,181437.0
6493.864164933331,182382.0
6494.043548692889,180993.0
6494.222932452446,182675.0
6494.402316212003,185351.0
6494.581699971561,184680.0
6494.761083731118,185097.0
6494.940467490675,187869.0
6495.119851250232,190146.0
6495.299235009789,190607.0
6495.478618769346,188045.0
6495.658002528904,184498.0
6495.837386288461,183240.0
6496.016770048018,185261.0
6496.196153807576,191082.0
6496.375537567133,194166.0
6496.5549213266895,195844.0
6496.734305086247,198519.0
6496.913688845804,197623.0
6497.093072605361,197191.0
6497.272456364919,196440.0
6497.451840124476,200479.0
6497.631223884033,200641.0
6497.810607643591,200087.0
6497.9899914031475,203370.0
6498.169375162705,206682.0
6498.348758922262,206980.0
6498.528142681819,206587.0
6498.707526441377,208501.0
6498.886910200934,210741.0
6499.066293960491,211332.0
6499.245677720049,211695.0
6499.425061479606,211879.0
6499.6044452391625,211295.0
6499.78382899872,212107.0
6499.963212758277,215633.0
6500.142596517834,217501.0
6500.321980277392,216824.0
6500.501364036949,218615.0
6500.680747796506,220668.0
6500.860131556064,220407.0
6501.0395153156205,222148.0
6501.218899075177,223767.0
6501.398282834735,224435.0
6501.577666594292,227302.0
6501.757050353849,224985.0
6501.936434113407,224097.0
6502.115817872964,225663.0
6502.295201632522,228568.0
6502.474585392079,231048.0
6502.6539691516355,232118.0
6502.833352911193,232276.0
6503.01273667075,232085.0
6503.192120430307,231696.0
6503.371504189865,232156.0
6503.550887949422,234688.0
6503.730271708979,238471.0
6503.909655468537,240192.0
6504.0890392280935,239348.0
6504.26842298765,238499.0
6504.447806747208,239528.0
6504.627190506765,240800.0
6504.806574266322,241448.0
6504.98595802588,245175.0
6505.165341785437,249110.0
6505.344725544994,246289.0
6505.5241093045515,244697.0
6505.703493064108,247974.0
6505.882876823666,249756.0
6506.062260583223,250257.0
6506.24164434278,253181.0
6506.421028102338,254278.0
6506.600411861895,252155.0
6506.779795621452,252968.0
6506.95917938101,258139.0
6507.1385631405665,261954.0
6507.317946900123,261092.0
6507.497330659681,261424.0
6507.676714419238,261483.0
6507.856098178795,260576.0
6508.035481938353,264659.0
6508.21486569791,266036.0
6508.394249457467,261156.0
6508.5736332170245,257136.0
6508.753016976581,259970.0
6508.932400736138,267490.0
6509.111784495696,271124.0
6509.291168255253,272291.0
6509.47055201481,274534.0
6509.649935774368,276163.0
6509.829319533925,277410.0
6510.0087032934825,273573.0
6510.188087053039,272954.0
6510.367470812596,276258.0
6510.546854572154,279650.0
6510.726238331711,284906.0
6510.905622091268,285984.0
6511.085005850826,284379.0
6511.264389610383,287700.0
6511.44377336994,290070.0
6511.6231571294975,289566.0
6511.802540889054,287972.0
6511.981924648611,284566.0
6512.161308408169,284783.0
6512.340692167726,288571.0
6512.520075927283,293395.0
6512.699459686841,296070.0
6512.878843446398,296182.0
6513.058227205955,297601.0
6513.237610965512,299110.0
6513.416994725069,297506.0
6513.596378484626,299553.0
6513.775762244184,300410.0
6513.955146003741,304454.0
6514.134529763299,303905.0
6514.313913522856,297969.0
6514.493297282413,292699.0
6514.6726810419705,289439.0
6514.852064801527,291916.0
6515.031448561084,301483.0
6515.210832320642,311992.0
6515.390216080199,313261.0
6515.569599839756,307405.0
6515.748983599314,307743.0
6515.928367358871,309484.0
6516.107751118428,309852.0
6516.287134877985,305300.0
6516.466518637542,293359.0
6516.645902397099,287978.0
6516.825286156657,293421.0
6517.004669916214,309849.0
6517.184053675771,321044.0
6517.363437435329,322946.0
6517.542821194886,326012.0
6517.722204954443,326066.0
6517.901588714,323227.0
6518.080972473557,326128.0
6518.260356233115,332885.0
6518.439739992672,337239.0
6518.619123752229,338605.0
6518.798507511787,340875.0
6518.977891271344,337807.0
6519.157275030901,333758.0
6519.336658790458,330262.0
6519.516042550015,330353.0
6519.695426309572,334545.0
6519.87481006913,341769.0
6520.054193828687,346036.0
6520.233577588244,343636.0
6520.412961347802,349256.0
6520.592345107359,352212.0
6520.7717288669155,350278.0
6520.951112626473,348716.0
6521.13049638603,353589.0
6521.309880145587,358411.0
6521.489263905145,358132.0
6521.668647664702,355764.0
6521.84803142426,354311.0
6522.027415183817,353640.0
6522.2067989433735,353249.0
6522.386182702931,357545.0
6522.565566462488,360328.0
6522.744950222045,362496.0
6522.924333981603,364663.0
6523.10371774116,365960.0
6523.283101500717,364303.0
6523.462485260275,360295.0
6523.641869019832,355887.0
6523.8212527793885,354964.0
6524.000636538946,360705.0
6524.180020298503,364337.0
6524.35940405806,372110.0
6524.538787817618,375422.0
6524.718171577175,375757.0
6524.897555336732,376192.0
6525.07693909629,373553.0
6525.2563228558465,375942.0
6525.435706615404,380385.0
6525.615090374961,379141.0
6525.794474134518,382671.0
6525.973857894076,381547.0
6526.153241653633,381099.0
6526.33262541319,383946.0
6526.512009172748,387765.0
6526.691392932305,387940.0
6526.8707766918615,386854.0
6527.050160451419,387226.0
6527.229544210976,389238.0
6527.408927970533,390351.0
6527.588311730091,390769.0
6527.767695489648,395083.0
6527.947079249205,396272.0
6528.126463008763,395841.0
6528.3058467683195,400698.0
6528.485230527876,401876.0
6528.664614287434,400010.0
6528.843998046991,400557.0
6529.023381806548,403039.0
6529.202765566106,404862.0
6529.382149325663,405863.0
6529.561533085221,407782.0
6529.7409168447775,409748.0
6529.920300604334,408886.0
6530.099684363892,413333.0
6530.279068123449,414986.0
6530.458451883006,412476.0
6530.637835642564,413266.0
6530.817219402121,419259.0
6530.996603161678,422479.0
6531.175986921236,421927.0
6531.3553706807925,423370.0
6531.534754440349,424889.0
6531.714138199907,424307.0
6531.893521959464,422860.0
6532.072905719021,416950.0
6532.252289478579,410245.0
6532.431673238136,410352.0
6532.611056997693,418412.0
6532.7904407572505,426480.0
6532.969824516807,433781.0
6533.149208276364,435057.0
6533.328592035922,432809.0
6533.507975795479,434047.0
6533.687359555037,428353.0
6533.866743314594,423956.0
6534.046127074151,425687.0
6534.2255108337085,430164.0
6534.404894593265,433493.0
6534.584278352822,435131.0
6534.76366211238,438661.0
6534.943045871937,442620.0
6535.122429631494,442231.0
6535.301813391052,442445.0
6535.481197150609,443650.0
6535.660580910166,441194.0
6535.8399646697235,442884.0
6536.01934842928,443367.0
6536.198732188837,445024.0
6536.378115948395,449180.0
6536.557499707952,448594.0
6536.736883467509,443718.0
6536.916267227067,442156.0
6537.095650986624,450048.0
6537.275034746181,456171.0
6537.454418505738,453443.0
6537.633802265295,451380.0
6537.813186024853,454171.0
6537.99256978441,460173.0
6538.171953543967,460844.0
6538.351337303525,459034.0
6538.530721063082,459160.0
6538.710104822639,460194.0
6538.8894885821965,462554.0
6539.068872341753,462961.0
6539.24825610131,464436.0
6539.427639860868,466208.0
6539.607023620425,463130.0
6539.786407379982,461239.0
6539.96579113954,464562.0
6540.145174899097,464700.0
6540.324558658654,462607.0
6540.503942418211,465837.0
6540.683326177768,468603.0
6540.862709937325,466871.0
6541.042093696883,466446.0
6541.22147745644,470242.0
6541.400861215998,474590.0
6541.580244975555,474737.0
6541.759628735112,471409.0
6541.939012494669,466840.0
6542.118396254226,462049.0
6542.297780013783,463277.0
6542.477163773341,470417.0
6542.656547532898,471936.0
6542.835931292455,473044.0
6543.015315052013,475320.0
6543.19469881157,477717.0
6543.374082571127,477345.0
6543.553466330684,467614.0
6543.732850090241,454293.0
6543.912233849798,449341.0
6544.091617609356,454593.0
6544.271001368913,465436.0
6544.45038512847,476729.0
6544.629768888028,482440.0
6544.809152647585,481370.0
6544.9885364071415,483517.0
6545.167920166699,480904.0
6545.347303926256,480302.0
6545.526687685814,481497.0
6545.706071445371,481669.0
6545.885455204928,481969.0
6546.064838964486,481034.0
6546.244222724043,479128.0
6546.4236064835995,479913.0
6546.602990243157,484186.0
6546.782374002714,487032.0
6546.961757762271,484938.0
6547.141141521829,486064.0
6547.320525281386,485657.0
6547.499909040943,480699.0
6547.679292800501,476088.0
6547.858676560058,468728.0
6548.0380603196145,476162.0
6548.217444079172,485404.0
6548.396827838729,477175.0
6548.576211598286,466536.0
6548.755595357844,466935.0
6548.934979117401,475088.0
6549.114362876959,485903.0
6549.293746636516,487233.0
6549.4731303960725,487564.0
6549.65251415563,494013.0
6549.831897915187,492129.0
6550.011281674744,488871.0
6550.190665434302,490434.0
6550.370049193859,490490.0
6550.549432953416,489819.0
6550.728816712974,487727.0
6550.908200472531,486871.0
6551.0875842320875,489086.0
6551.266967991645,486306.0
6551.446351751202,482526.0
6551.625735510759,488987.0
6551.805119270317,490904.0
6551.984503029874,484291.0
6552.163886789431,479763.0
6552.343270548989,470610.0
6552.5226543085455,461752.0
6552.702038068102,459452.0
6552.88142182766,469410.0
6553.060805587217,478698.0
6553.240189346775,479206.0
6553.419573106332,478336.0
6553.598956865889,477674.0
6553.778340625447,475562.0
6553.9577243850035,475692.0
6554.13710814456,478116.0
6554.316491904118,481215.0
6554.495875663675,481941.0
6554.675259423232,480864.0
6554.85464318279,481634.0
6555.034026942347,482579.0
6555.213410701904,477351.0
6555.392794461462,476210.0
6555.5721782210185,477827.0
6555.751561980575,478711.0
6555.930945740133,479185.0
6556.11032949969,481995.0
6556.289713259247,487617.0
6556.469097018805,490825.0
6556.648480778362,491100.0
6556.827864537919,492043.0
6557.0072482974765,492115.0
6557.186632057033,490706.0
6557.366015816591,495513.0
6557.545399576148,506467.0
6557.724783335705,520959.0
6557.904167095263,526073.0
6558.08355085482,529590.0
6558.262934614377,542010.0
6558.4423183739345,559679.0
6558.621702133491,577950.0
6558.801085893048,597344.0
6558.980469652606,620480.0
6559.159853412163,644228.0
6559.33923717172,666042.0
6559.518620931278,695019.0
6559.698004690835,729951.0
6559.877388450392,763488.0
6560.0567722099495,790052.0
6560.236155969506,828750.0
6560.415539729063,859184.0
6560.594923488621,886650.0
6560.774307248178,916794.0
6560.953691007735,949611.0
6561.133074767293,983163.0
6561.31245852685,1.01291e+06
6561.4918422864075,1.02963e+06
6561.671226045964,1.03556e+06
6561.850609805521,1.03848e+06
6562.029993565079,1.02807e+06
6562.209377324636,1.00252e+06
6562.388761084193,979604.0
6562.568144843751,961727.0
6562.747528603308,943084.0
6562.926912362865,930502.0
6563.1062961224225,918180.0
6563.285679881979,912414.0
6563.465063641536,930244.0
6563.644447401094,957346.0
6563.823831160651,977520.0
6564.003214920208,987001.0
6564.182598679766,999080.0
6564.361982439323,1.01772e+06
6564.54136619888,1.03627e+06
6564.720749958437,1.04607e+06
6564.900133717994,1.03859e+06
6565.079517477552,1.01642e+06
6565.258901237109,984741.0
6565.438284996666,957654.0
6565.617668756224,925538.0
6565.797052515781,895920.0
6565.976436275338,859127.0
6566.155820034895,825881.0
6566.335203794452,793612.0
6566.514587554009,757683.0
6566.693971313567,728428.0
6566.873355073124,704222.0
6567.052738832681,676783.0
6567.232122592239,654567.0
6567.411506351796,631652.0
6567.590890111353,610883.0
6567.77027387091,600832.0
6567.949657630467,584993.0
6568.129041390024,568951.0
6568.308425149582,561517.0
6568.487808909139,553874.0
6568.667192668696,545160.0
6568.846576428254,534328.0
6569.025960187811,529449.0
6569.205343947368,528435.0
6569.384727706925,527780.0
6569.564111466482,526771.0
6569.74349522604,520308.0
6569.922878985597,517088.0
6570.102262745154,521955.0
6570.281646504712,523909.0
6570.461030264269,521682.0
6570.6404140238255,518058.0
6570.819797783383,519592.0
6570.99918154294,524878.0
6571.178565302497,523924.0
6571.357949062055,526368.0
6571.537332821612,531129.0
6571.716716581169,525072.0
6571.896100340727,514651.0
6572.075484100284,510746.0
6572.2548678598405,512562.0
6572.434251619398,525871.0
6572.613635378955,533303.0
6572.793019138513,535723.0
6572.97240289807,535226.0
6573.151786657627,534338.0
6573.331170417185,541923.0
6573.510554176742,548257.0
6573.6899379362985,548779.0
6573.869321695856,545256.0
6574.048705455413,546192.0
6574.22808921497,550789.0
6574.407472974528,548552.0
6574.586856734085,539133.0
6574.766240493642,526796.0
6574.9456242532,526499.0
6575.125008012757,538726.0
6575.3043917723135,556405.0
6575.483775531871,559550.0
6575.663159291428,565690.0
6575.842543050985,571113.0
6576.021926810543,569770.0
6576.2013105701,568137.0
6576.380694329657,566083.0
6576.560078089215,572999.0
6576.7394618487715,585042.0
6576.918845608329,578024.0
6577.098229367886,569510.0
6577.277613127443,569668.0
6577.456996887001,573000.0
6577.636380646558,580383.0
6577.815764406115,580086.0
6577.995148165673,576023.0
6578.1745319252295,582994.0
6578.353915684786,588349.0
6578.533299444344,585568.0
6578.712683203901,584446.0
6578.892066963458,588428.0
6579.071450723016,588871.0
6579.250834482573,590466.0
6579.43021824213,589709.0
6579.609602001688,594129.0
6579.7889857612445,592658.0
6579.968369520801,588801.0
6580.147753280359,590802.0
6580.327137039916,595561.0
6580.506520799474,591435.0
6580.685904559031,587487.0
6580.865288318588,587523.0
6581.044672078146,589723.0
6581.2240558377025,595490.0
6581.403439597259,603963.0
6581.582823356817,606022.0
6581.762207116374,600601.0
6581.941590875931,595804.0
6582.120974635489,598566.0
6582.300358395046,603655.0
6582.479742154603,598952.0
6582.6591259141605,601353.0
6582.838509673717,609160.0
6583.017893433274,603694.0
6583.197277192832,600763.0
6583.376660952389,597912.0
6583.556044711946,596853.0
6583.735428471504,602465.0
6583.914812231061,607460.0
6584.094195990618,607404.0
6584.2735797501755,605993.0
6584.452963509732,608814.0
6584.63234726929,610056.0
6584.811731028847,615299.0
6584.991114788404,617394.0
6585.170498547962,615710.0
6585.349882307519,609976.0
6585.529266067076,608321.0
6585.7086498266335,609432.0
6585.88803358619,606877.0
6586.067417345747,607890.0
6586.246801105305,609074.0
6586.426184864862,606175.0
6586.605568624419,601897.0
6586.784952383977,601850.0
6586.964336143534,613498.0
6587.143719903091,618049.0
6587.3231036626485,620179.0
6587.502487422205,621397.0
6587.681871181762,619836.0
6587.86125494132,616260.0
6588.040638700877,619884.0
6588.220022460434,616837.0
6588.399406219992,619602.0
6588.578789979549,622938.0
6588.7581737391065,619694.0
6588.937557498663,623110.0
6589.11694125822,623472.0
6589.296325017778,618547.0
6589.475708777335,624647.0
6589.655092536892,627552.0
6589.83447629645,619176.0
6590.013860056007,622721.0
6590.193243815564,632588.0
6590.372627575121,633450.0
6590.552011334678,628881.0
6590.731395094235,624419.0
6590.910778853793,622974.0
6591.09016261335,625724.0
6591.269546372907,628637.0
6591.448930132465,630135.0
6591.628313892022,630746.0
6591.807697651579,626411.0
6591.987081411136,624942.0
6592.166465170693,627127.0
6592.34584893025,631486.0
6592.525232689808,631683.0
6592.704616449365,628429.0
6592.884000208923,624257.0
6593.06338396848,622892.0
6593.242767728037,624987.0
6593.422151487594,627739.0
6593.601535247151,622526.0
6593.780919006708,621888.0
6593.960302766266,623694.0
6594.139686525823,620129.0
6594.31907028538,616932.0
6594.498454044938,621330.0
6594.677837804495,630072.0
6594.8572215640515,631354.0
6595.036605323609,629494.0
6595.215989083166,629871.0
6595.395372842723,631355.0
6595.574756602281,631703.0
6595.754140361838,628635.0
6595.933524121395,628577.0
6596.112907880953,627629.0
6596.29229164051,628375.0
6596.471675400067,627924.0
6596.651059159624,623926.0
6596.830442919181,623679.0
6597.009826678739,625172.0
6597.189210438296,628874.0
6597.368594197853,630762.0
6597.547977957411,629575.0
6597.727361716968,627547.0
6597.9067454765245,630141.0
6598.086129236082,631763.0
6598.265512995639,634183.0
6598.444896755196,627764.0
6598.624280514754,629345.0
6598.803664274311,632954.0
6598.983048033868,634319.0
6599.162431793426,626987.0
6599.341815552983,618538.0
6599.5211993125395,620830.0
6599.700583072097,626736.0
6599.879966831654,630103.0
6600.059350591211,630942.0
6600.238734350769,634102.0
6600.418118110326,633825.0
6600.597501869884,633224.0
6600.776885629441,632994.0
6600.9562693889975,629896.0
6601.135653148555,630254.0
6601.315036908112,631657.0
6601.494420667669,633063.0
6601.673804427227,634694.0
6601.853188186784,632948.0
6602.032571946341,626853.0
6602.211955705899,627361.0
6602.3913394654555,633116.0
6602.570723225012,632016.0
6602.75010698457,625893.0
6602.929490744127,624226.0
6603.108874503684,628726.0
6603.288258263242,634293.0
6603.467642022799,634810.0
6603.647025782356,634508.0
6603.826409541914,632560.0
6604.0057933014705,627953.0
6604.185177061028,628148.0
6604.364560820585,629347.0
6604.543944580142,628693.0
6604.7233283397,626912.0
6604.902712099257,625009.0
6605.082095858814,627854.0
6605.261479618372,629646.0
6605.4408633779285,625170.0
6605.620247137485,624664.0
6605.799630897043,626967.0
6605.9790146566,629600.0
6606.158398416157,626163.0
6606.337782175715,622206.0
6606.517165935272,625179.0
6606.696549694829,629049.0
6606.8759334543865,626664.0
6607.055317213943,623398.0
6607.2347009735,629784.0
6607.414084733058,631803.0
6607.593468492615,629835.0
6607.772852252172,630401.0
6607.95223601173,626264.0
6608.131619771287,625470.0
6608.311003530845,627783.0
6608.4903872904015,628099.0
6608.669771049958,626176.0
6608.849154809516,621169.0
6609.028538569073,623380.0
6609.20792232863,627396.0
6609.387306088188,625416.0
6609.566689847745,620027.0
6609.746073607302,623700.0
6609.9254573668595,625342.0
6610.104841126416,623098.0
6610.284224885973,622908.0
6610.463608645531,623569.0
6610.642992405088,620291.0
6610.822376164645,623956.0
6611.001759924203,623418.0
6611.18114368376,621085.0
6611.360527443317,618426.0
6611.5399112028745,616457.0
6611.719294962431,616755.0
6611.898678721989,621416.0
6612.078062481546,617955.0
6612.257446241103,620179.0
6612.436830000661,617190.0
6612.616213760218,613471.0
6612.795597519775,616992.0
6612.9749812793325,615796.0
6613.154365038889,613245.0
6613.333748798446,616563.0
6613.513132558004,619637.0
6613.692516317561,616049.0
6613.871900077118,611257.0
6614.051283836676,612825.0
6614.230667596233,615102.0
6614.41005135579,616612.0
6614.589435115347,612304.0
6614.768818874904,611505.0
6614.948202634461,616203.0
6615.127586394019,613616.0
6615.306970153576,607618.0
6615.486353913133,610455.0
6615.665737672691,616643.0
6615.845121432248,616083.0
6616.0245051918055,614384.0
6616.203888951362,609290.0
6616.383272710919,606067.0
6616.562656470477,610769.0
6616.742040230034,610569.0
6616.921423989591,610059.0
6617.100807749149,608675.0
6617.280191508706,605752.0
6617.459575268263,604908.0
6617.63895902782,604506.0
6617.818342787377,607912.0
6617.997726546934,608234.0
6618.177110306492,604189.0
6618.356494066049,606473.0
6618.535877825606,609185.0
6618.715261585164,604568.0
6618.894645344721,601548.0
6619.0740291042775,601266.0
6619.253412863835,599874.0
6619.432796623392,599884.0
6619.612180382949,603854.0
6619.791564142507,606613.0
6619.970947902064,605310.0
6620.150331661622,601687.0
6620.329715421179,601415.0
6620.509099180736,600678.0
6620.688482940293,600492.0
6620.86786669985,597845.0
6621.047250459407,593285.0
6621.226634218965,594917.0
6621.406017978522,597952.0
6621.585401738079,592954.0
6621.764785497637,592137.0
6621.944169257194,594811.0
6622.1235530167505,593572.0
6622.302936776308,591405.0
6622.482320535865,591359.0
6622.661704295422,589158.0
6622.84108805498,590860.0
6623.020471814537,595627.0
6623.199855574094,593211.0
6623.379239333652,587166.0
6623.558623093209,586813.0
6623.7380068527655,596933.0
6623.917390612323,594066.0
6624.09677437188,590404.0
6624.276158131438,591538.0
6624.455541890995,587801.0
6624.634925650552,588225.0
6624.81430941011,589296.0
6624.993693169667,591660.0
6625.1730769292235,588940.0
6625.352460688781,589250.0
6625.531844448338,596050.0
6625.711228207895,588365.0
6625.890611967453,578481.0
6626.06999572701,583128.0
6626.249379486567,588863.0
6626.428763246125,586215.0
6626.6081470056815,584118.0
6626.787530765238,588508.0
6626.966914524796,586682.0
6627.146298284353,585428.0
6627.32568204391,585885.0
6627.505065803468,581800.0
6627.684449563025,579537.0
6627.863833322583,581258.0
6628.04321708214,583986.0
6628.2226008416965,583780.0
6628.401984601254,581330.0
6628.581368360811,584302.0
6628.760752120368,581293.0
6628.940135879926,572937.0
6629.119519639483,574565.0
6629.29890339904,580622.0
6629.478287158598,580602.0
6629.6576709181545,579520.0
6629.837054677711,578261.0
6630.016438437269,577120.0
6630.195822196826,574842.0
6630.375205956383,571935.0
6630.554589715941,576143.0
6630.733973475498,577188.0
6630.913357235055,570975.0
6631.0927409946125,568550.0
6631.272124754169,572863.0
6631.451508513726,574895.0
6631.630892273284,570762.0
6631.810276032841,564748.0
6631.989659792399,564765.0
6632.169043551956,566879.0
6632.348427311513,567732.0
6632.527811071071,569837.0
6632.7071948306275,568372.0
6632.886578590184,563680.0
6633.065962349742,557024.0
6633.245346109299,560793.0
6633.424729868856,566007.0
6633.604113628414,564082.0
6633.783497387971,566068.0
6633.962881147528,562874.0
6634.1422649070855,561616.0
6634.321648666642,561041.0
6634.501032426199,557553.0
6634.680416185757,557534.0
6634.859799945314,557263.0
6635.039183704871,555161.0
6635.218567464429,556422.0
6635.397951223986,555380.0
6635.577334983544,561180.0
6635.7567187431005,558397.0
6635.936102502657,552665.0
6636.115486262215,553588.0
6636.294870021772,555671.0
6636.474253781329,552178.0
6636.653637540887,555141.0
6636.833021300444,554082.0
6637.012405060001,556254.0
6637.1917888195585,558384.0
6637.371172579115,548993.0
6637.550556338672,547551.0
6637.72994009823,553085.0
6637.909323857787,549181.0
6638.088707617344,548955.0
6638.268091376902,548255.0
6638.447475136459,548823.0
6638.626858896016,543329.0
6638.806242655573,546383.0
6638.98562641513,549304.0
6639.165010174687,548843.0
6639.344393934245,547079.0
6639.523777693802,544831.0
6639.70316145336,544443.0
6639.882545212917,545252.0
6640.061928972474,543054.0
6640.2413127320315,539375.0
6640.420696491588,542067.0
6640.600080251145,544853.0
6640.779464010703,537633.0
6640.95884777026,543037.0
6641.138231529817,546424.0
6641.317615289375,539146.0
6641.496999048932,538366.0
6641.676382808489,534462.0
6641.855766568046,536683.0
6642.035150327603,539415.0
6642.21453408716,534203.0
6642.393917846718,531214.0
6642.573301606275,534209.0
6642.752685365832,531283.0
6642.93206912539,534702.0
6643.111452884947,533610.0
6643.290836644504,531558.0
6643.470220404061,529126.0
6643.649604163618,526682.0
6643.828987923176,526533.0
6644.008371682733,530743.0
6644.18775544229,535574.0
6644.367139201848,530640.0
6644.546522961405,523828.0
6644.725906720962,526947.0
6644.905290480519,529281.0
6645.084674240076,526208.0
6645.264057999633,523052.0
6645.443441759191,524791.0
6645.622825518748,526654.0
6645.802209278305,528052.0
6645.981593037863,520281.0
6646.16097679742,521930.0
6646.3403605569765,523407.0
6646.519744316534,520831.0
6646.699128076091,525087.0
6646.878511835648,523865.0
6647.057895595206,518187.0
6647.237279354763,518282.0
6647.41666311432,515408.0
6647.596046873878,512330.0
6647.775430633435,518727.0
6647.954814392992,521667.0
6648.134198152549,515015.0
6648.313581912106,513528.0
6648.492965671664,514566.0
6648.672349431221,513157.0
6648.851733190778,512438.0
6649.031116950336,517356.0
6649.210500709893,507008.0
6649.3898844694495,505252.0
6649.569268229007,507316.0
6649.748651988564,504593.0
6649.928035748121,506104.0
6650.107419507679,506688.0
6650.286803267236,502672.0
6650.466187026793,498326.0
6650.645570786351,500713.0
6650.8249545459075,503118.0
6651.004338305464,501263.0
6651.183722065022,501474.0
6651.363105824579,498652.0
6651.542489584137,497803.0
6651.721873343694,497923.0
6651.901257103251,497616.0
6652.080640862809,497732.0
6652.260024622366,496808.0
6652.4394083819225,497412.0
6652.61879214148,495671.0
6652.798175901037,495080.0
6652.977559660594,495633.0
6653.156943420152,493974.0
6653.336327179709,495931.0
6653.515710939266,494078.0
6653.695094698824,487790.0
6653.8744784583805,486174.0
6654.053862217937,491271.0
6654.233245977495,489533.0
6654.412629737052,486267.0
6654.592013496609,484311.0
6654.771397256167,487732.0
6654.950781015724,489883.0
6655.130164775281,480362.0
6655.3095485348385,482514.0
6655.488932294395,484895.0
6655.668316053953,485461.0
6655.84769981351,483223.0
6656.027083573067,476792.0
6656.206467332625,476862.0
6656.385851092182,479244.0
6656.565234851739,485590.0
6656.744618611297,478586.0
6656.9240023708535,474139.0
6657.10338613041,474934.0
6657.282769889968,476002.0
6657.462153649525,476442.0
6657.641537409082,473588.0
6657.82092116864,471465.0
6658.000304928197,474051.0
6658.179688687754,473806.0
6658.3590724473115,470820.0
6658.538456206868,468277.0
6658.717839966425,468284.0
6658.897223725983,470474.0
6659.07660748554,466351.0
6659.255991245098,465120.0
6659.435375004655,466259.0
6659.614758764212,465715.0
6659.79414252377,463724.0
6659.9735262833265,459690.0
6660.152910042883,462126.0
6660.332293802441,462389.0
6660.511677561998,459938.0
6660.691061321555,460519.0
6660.870445081113,458889.0
6661.04982884067,459057.0
6661.229212600227,461259.0
6661.4085963597845,453283.0
6661.587980119341,450240.0
6661.767363878898,452359.0
6661.946747638456,453154.0
6662.126131398013,453814.0
6662.30551515757,454120.0
6662.484898917128,451282.0
6662.664282676685,452192.0
6662.843666436242,451471.0
6663.023050195799,446291.0
6663.202433955356,446206.0
6663.381817714914,448264.0
6663.561201474471,443942.0
6663.740585234028,441781.0
6663.919968993586,444220.0
6664.099352753143,442622.0
6664.2787365127,439227.0
6664.4581202722575,438736.0
6664.637504031814,442628.0
6664.816887791371,445130.0
6664.996271550929,441724.0
6665.175655310486,438423.0
6665.355039070043,438707.0
6665.534422829601,435216.0
6665.713806589158,435804.0
6665.893190348715,437594.0
6666.072574108272,435156.0
6666.251957867829,434057.0
6666.431341627386,435008.0
6666.610725386944,432625.0
6666.790109146501,429605.0
6666.969492906059,428848.0
6667.148876665616,429532.0
6667.328260425173,430319.0
6667.50764418473,428638.0
6667.687027944287,428838.0
6667.866411703844,424732.0
6668.045795463402,422002.0
6668.225179222959,420974.0
6668.404562982516,418583.0
6668.583946742074,420488.0
6668.763330501631,422681.0
6668.942714261188,417420.0
6669.122098020745,417731.0
6669.301481780302,417783.0
6669.480865539859,417002.0
6669.660249299417,416352.0
6669.839633058974,415373.0
6670.019016818531,416568.0
6670.198400578089,414378.0
6670.377784337646,411066.0
6670.5571680972025,411683.0
6670.73655185676,409892.0
6670.915935616317,408901.0
6671.095319375874,409200.0
6671.274703135432,408559.0
6671.454086894989,407830.0
6671.633470654547,405807.0
6671.812854414104,409516.0
6671.992238173661,407548.0
6672.171621933218,408553.0
6672.351005692775,406313.0
6672.530389452332,397617.0
6672.70977321189,398914.0
6672.889156971447,399337.0
6673.068540731004,399943.0
6673.247924490562,396478.0
6673.427308250119,392865.0
6673.6066920096755,395699.0
6673.786075769233,397690.0
6673.96545952879,397011.0
6674.144843288347,394890.0
6674.324227047905,390015.0
6674.503610807462,388699.0
6674.682994567019,385695.0
6674.862378326577,385901.0
6675.0417620861335,391197.0
6675.221145845691,387768.0
6675.400529605248,383349.0
6675.579913364805,380330.0
6675.759297124363,378877.0
6675.93868088392,381283.0
6676.118064643477,380237.0
6676.297448403035,379435.0
6676.476832162592,378937.0
6676.6562159221485,375649.0
6676.835599681706,371171.0
6677.014983441263,369977.0
6677.19436720082,371000.0
6677.373750960378,369675.0
6677.553134719935,371351.0
6677.732518479492,373287.0
6677.91190223905,367961.0
6678.0912859986065,365803.0
6678.270669758163,367616.0
6678.450053517721,366044.0
6678.629437277278,363599.0
6678.808821036835,363403.0
6678.988204796393,363995.0
6679.16758855595,362177.0
6679.346972315508,356454.0
6679.5263560750645,357935.0
6679.705739834621,361215.0
6679.885123594179,358979.0
6680.064507353736,356474.0
6680.243891113293,357425.0
6680.423274872851,359279.0
6680.602658632408,355347.0
6680.782042391965,352430.0
6680.961426151523,354263.0
6681.1408099110795,355847.0
6681.320193670636,353449.0
6681.499577430194,349420.0
6681.678961189751,348589.0
6681.858344949308,348945.0
6682.037728708866,349886.0
6682.217112468423,348791.0
6682.39649622798,350044.0
6682.5758799875375,345810.0
6682.755263747094,342128.0
6682.934647506652,343352.0
6683.114031266209,348540.0
6683.293415025766,344819.0
6683.472798785324,339995.0
6683.652182544881,338980.0
6683.831566304438,340061.0
6684.010950063996,338891.0
6684.1903338235525,339740.0
6684.369717583109,338291.0
6684.549101342667,339208.0
6684.728485102224,336257.0
6684.907868861781,334172.0
6685.087252621339,337337.0
6685.266636380896,336437.0
6685.446020140453,330017.0
6685.6254039000105,328632.0
6685.804787659567,326797.0
6685.984171419124,328154.0
6686.163555178682,328113.0
6686.342938938239,327955.0
6686.522322697796,327198.0
6686.701706457354,323623.0
6686.881090216911,324186.0
6687.0604739764685,325495.0
6687.239857736025,323735.0
6687.419241495582,319872.0
6687.59862525514,320045.0
6687.778009014697,317416.0
6687.957392774254,320183.0
6688.136776533812,317062.0
6688.316160293369,313423.0
6688.495544052926,313539.0
6688.6749278124835,313862.0
6688.85431157204,311842.0
6689.033695331597,313277.0
6689.213079091155,311798.0
6689.392462850712,306589.0
6689.571846610269,311187.0
6689.751230369827,311462.0
6689.930614129384,307990.0
6690.109997888941,303324.0
6690.289381648498,301026.0
6690.468765408055,302092.0
6690.648149167613,302187.0
6690.82753292717,300313.0
6691.006916686727,298841.0
6691.186300446285,297786.0
6691.365684205842,296313.0
6691.545067965399,296320.0
6691.724451724956,294733.0
6691.903835484513,295134.0
6692.08321924407,295679.0
6692.262603003628,297474.0
6692.441986763185,292736.0
6692.621370522742,289331.0
6692.8007542823,289688.0
6692.980138041857,289210.0
6693.159521801414,287609.0
6693.338905560971,288838.0
6693.518289320528,288616.0
6693.697673080085,286633.0
6693.877056839643,283486.0
6694.0564405992,281857.0
6694.235824358757,282051.0
6694.415208118315,282596.0
6694.594591877872,280700.0
6694.773975637429,278407.0
6694.953359396986,278181.0
6695.132743156543,276128.0
6695.312126916101,277762.0
6695.491510675658,272982.0
6695.670894435215,272845.0
6695.850278194773,274503.0
6696.02966195433,275083.0
6696.209045713887,269722.0
6696.388429473444,268262.0
6696.567813233001,268801.0
6696.747196992558,266934.0
6696.926580752116,265592.0
6697.105964511673,262595.0
6697.28534827123,264669.0
6697.464732030788,267020.0
6697.644115790345,264611.0
6697.8234995499015,262430.0
6698.002883309459,262185.0
6698.182267069016,262418.0
6698.361650828574,261638.0
6698.541034588131,259670.0
6698.720418347688,256581.0
6698.899802107246,255884.0
6699.079185866803,254814.0
6699.2585696263595,251770.0
6699.437953385917,251951.0
6699.617337145474,249568.0
6699.796720905031,246566.0
6699.976104664589,248045.0
6700.155488424146,249511.0
6700.334872183703,250062.0
6700.514255943261,249933.0
6700.693639702818,247095.0
6700.8730234623745,244192.0
6701.052407221932,241140.0
6701.231790981489,241766.0
6701.411174741046,243018.0
6701.590558500604,240934.0
6701.769942260161,236091.0
6701.949326019718,235880.0
6702.128709779276,236551.0
6702.3080935388325,238827.0
6702.487477298389,238376.0
6702.666861057947,235374.0
6702.846244817504,235922.0
6703.025628577062,234455.0
6703.205012336619,234541.0
6703.384396096176,229567.0
6703.563779855734,228903.0
6703.7431636152905,227991.0
6703.922547374847,226802.0
6704.101931134405,225446.0
6704.281314893962,225054.0
6704.460698653519,222459.0
6704.640082413077,222702.0
6704.819466172634,221097.0
6704.998849932191,218871.0
6705.178233691749,219024.0
6705.3576174513055,218650.0
6705.537001210862,219794.0
6705.71638497042,218368.0
6705.895768729977,217006.0
6706.075152489534,214538.0
6706.254536249092,215877.0
6706.433920008649,213866.0
6706.613303768207,212393.0
6706.7926875277635,211327.0
6706.97207128732,209533.0
6707.151455046878,208058.0
6707.330838806435,210055.0
6707.510222565992,209342.0
6707.68960632555,207128.0
6707.868990085107,203635.0
6708.048373844664,201930.0
6708.227757604222,201886.0
6708.4071413637785,200789.0
6708.586525123335,200229.0
6708.765908882893,198921.0
6708.94529264245,197043.0
6709.124676402007,199191.0
6709.304060161565,197844.0
6709.483443921122,197191.0
6709.662827680679,195620.0
6709.8422114402365,191971.0
6710.021595199793,189554.0
6710.20097895935,190237.0
6710.380362718908,190882.0
6710.559746478465,191670.0
6710.739130238023,189829.0
6710.91851399758,186479.0
6711.097897757137,186111.0
6711.2772815166945,184294.0
6711.456665276251,184923.0
6711.636049035808,185912.0
6711.815432795366,184033.0
6711.994816554923,183602.0
6712.17420031448,180434.0
6712.353584074038,179872.0
6712.532967833595,178692.0
6712.712351593152,177696.0
6712.8917353527095,178386.0
6713.071119112266,176519.0
6713.250502871823,176473.0
6713.429886631381,175571.0
6713.609270390938,176105.0
6713.788654150495,176002.0
6713.968037910053,172667.0
6714.14742166961,171728.0
6714.3268054291675,171012.0
6714.506189188724,167304.0
6714.685572948281,168521.0
6714.864956707839,167175.0
6715.044340467396,167281.0
6715.223724226953,163997.0
6715.403107986511,162919.0
6715.582491746068,164240.0
6715.761875505625,163752.0
6715.941259265182,160961.0
6716.120643024739,160133.0
6716.300026784296,160901.0
6716.479410543854,158719.0
6716.658794303411,157336.0
6716.838178062968,155210.0
6717.017561822526,155799.0
6717.196945582083,154730.0
6717.37632934164,153443.0
6717.555713101197,151301.0
6717.735096860754,153116.0
6717.914480620311,152382.0
6718.093864379869,151121.0
6718.273248139426,150829.0
6718.452631898984,149103.0
6718.632015658541,145869.0
6718.811399418098,145073.0
6718.990783177655,145881.0
6719.170166937212,146486.0
6719.349550696769,145410.0
6719.528934456327,143707.0
6719.708318215884,142076.0
6719.887701975441,139970.0
6720.067085734999,141303.0
6720.246469494556,137705.0
6720.425853254113,136715.0
6720.60523701367,135794.0
6720.784620773227,136155.0
6720.964004532784,137106.0
6721.143388292342,134565.0
6721.322772051899,134746.0
6721.502155811456,132958.0
6721.681539571014,132112.0
6721.860923330571,130777.0
6722.040307090128,129828.0
6722.219690849685,127936.0
6722.399074609242,127651.0
6722.5784583688,127891.0
6722.757842128357,128742.0
6722.937225887914,126905.0
6723.116609647472,125478.0
6723.295993407029,126140.0
6723.4753771665855,124474.0
6723.654760926143,124856.0
6723.8341446857,122248.0
6724.013528445257,120580.0
6724.192912204815,121131.0
6724.372295964372,119839.0
6724.551679723929,118772.0
6724.731063483487,119195.0
6724.910447243044,119861.0
6725.0898310026005,118208.0
6725.269214762158,116473.0
6725.448598521715,115784.0
6725.627982281272,114153.0
6725.80736604083,113438.0
6725.986749800387,113181.0
6726.166133559944,112751.0
6726.345517319502,110398.0
6726.5249010790585,112610.0
6726.704284838616,112039.0
6726.883668598173,109965.0
6727.06305235773,107654.0
6727.242436117288,107242.0
6727.421819876845,109979.0
6727.601203636402,109256.0
6727.78058739596,105719.0
6727.9599711555165,105152.0
6728.139354915073,104507.0
6728.318738674631,102748.0
6728.498122434188,101326.0
6728.677506193745,101247.0
6728.856889953303,102375.0
6729.03627371286,102158.0
6729.215657472417,102000.0
6729.395041231975,100354.0
6729.5744249915315,98618.3
6729.753808751089,98423.4
6729.933192510646,97385.7
6730.112576270203,96150.4
6730.291960029761,96658.5
6730.471343789318,96334.5
6730.650727548875,95377.8
6730.830111308433,93857.0
6731.0094950679895,94294.4
6731.188878827546,93245.8
6731.368262587104,91399.3
6731.547646346661,91176.4
6731.727030106218,92553.8
6731.906413865776,92214.5
6732.085797625333,88490.1
6732.26518138489,88564.1
6732.444565144448,88709.0
6732.6239489040045,87739.5
6732.803332663561,86037.6
6732.982716423119,86627.7
6733.162100182676,86124.5
6733.341483942233,84948.8
6733.520867701791,83695.7
6733.700251461348,82911.5
6733.879635220905,83948.4
6734.0590189804625,83789.1
6734.238402740019,82356.9
6734.417786499577,72798.8
