7601.8243808979,2341.73
7602.035700933404,2513.01
7602.247020968908,3371.03
7602.458341004412,6654.36
7602.669661039917,10446.2
7602.880981075421,12082.8
7603.092301110925,9982.85
7603.30362114643,5452.46
7603.514941181934,3397.67
7603.726261217438,4999.64
7603.937581252942,5650.2
7604.148901288447,5422.05
7604.360221323951,4502.54
7604.571541359455,6769.18
7604.78286139496,10380.0
7604.994181430464,11610.2
7605.205501465968,9890.01
7605.416821501472,5372.01
7605.628141536977,5080.73
7605.839461572481,8202.65
7606.050781607986,10050.4
7606.2621016434905,8264.49
7606.473421678995,5040.62
7606.684741714499,3884.17
7606.896061750003,6299.25
7607.107381785508,9799.59
7607.318701821012,10114.4
7607.530021856516,8056.44
7607.7413418920205,6565.04
7607.952661927525,6820.58
7608.163981963029,11078.5
7608.375301998533,15964.8
7608.586622034038,17050.9
7608.797942069542,12789.1
7609.009262105046,6549.81
7609.2205821405505,5055.84
7609.431902176055,6527.36
7609.643222211559,10362.9
7609.854542247063,12616.7
7610.065862282568,10854.4
7610.277182318072,8102.58
7610.488502353576,8806.7
7610.6998223890805,14790.7
7610.911142424585,22913.5
7611.122462460089,26779.1
7611.333782495593,25290.7
7611.545102531098,21037.9
7611.756422566602,12285.2
7611.967742602106,7421.47
7612.1790626376105,9112.79
7612.390382673115,14527.2
7612.601702708619,17397.8
7612.813022744123,14529.8
7613.024342779628,12285.8
7613.235662815132,13680.1
7613.446982850636,22704.9
7613.6583028861405,32035.1
7613.869622921645,40164.6
7614.08094295715,42693.7
7614.292262992654,40800.7
7614.503583028159,34317.7
7614.714903063663,22454.9
7614.926223099167,15173.1
7615.137543134671,17734.7
7615.348863170176,25474.7
7615.56018320568,29574.6
7615.771503241184,27022.1
7615.982823276689,23198.4
7616.194143312193,27205.2
7616.405463347697,38452.5
7616.616783383201,49400.8
7616.828103418706,56695.8
7617.03942345421,60200.3
7617.250743489714,62441.6
7617.462063525219,63086.4
7617.673383560723,63859.7
7617.884703596227,64992.9
7618.096023631731,65047.0
7618.307343667236,64875.8
7618.51866370274,65063.4
7618.729983738244,64751.5
7618.941303773749,64357.2
7619.152623809253,64146.4
7619.363943844757,65023.1
7619.575263880261,63497.1
7619.786583915766,61600.1
7619.99790395127,60011.0
7620.209223986774,54407.3
7620.420544022279,42966.4
7620.631864057783,29373.2
7620.843184093287,20328.7
7621.054504128791,21690.5
7621.265824164296,31418.9
7621.4771441998,43871.5
7621.688464235304,53201.8
7621.899784270809,57211.2
7622.111104306313,58276.5
7622.322424341818,57489.9
7622.533744377322,50899.7
7622.745064412827,37313.6
7622.956384448331,23261.7
7623.167704483835,15015.0
7623.3790245193395,15903.4
7623.590344554844,22928.8
7623.801664590348,26647.7
7624.012984625852,24472.3
7624.224304661357,17699.6
7624.435624696861,12890.0
7624.646944732365,18031.5
7624.8582647678695,30674.7
7625.069584803374,42667.8
7625.280904838878,52795.0
7625.492224874382,57364.0
7625.703544909887,59771.2
7625.914864945391,58651.6
7626.126184980895,52467.6
7626.3375050163995,43788.3
7626.548825051904,31801.1
7626.760145087408,18492.6
7626.971465122912,11398.6
7627.182785158417,12899.2
7627.394105193921,19353.8
7627.605425229425,21151.1
7627.8167452649295,17046.7
7628.028065300434,11069.7
7628.239385335938,12475.4
7628.450705371442,21366.1
7628.662025406947,33367.4
7628.873345442451,45559.9
7629.084665477955,54339.4
7629.2959855134595,58904.4
7629.507305548964,62225.6
7629.718625584468,62882.2
7629.929945619972,58285.6
7630.141265655477,49556.4
7630.352585690982,40860.8
7630.563905726486,28225.6
7630.77522576199,15932.0
7630.986545797495,11823.5
7631.197865832999,15056.2
7631.409185868503,20156.4
7631.620505904008,19637.4
7631.831825939512,14281.8
7632.043145975016,10926.4
7632.25446601052,15149.1
7632.465786046025,26712.8
7632.677106081529,41119.8
7632.888426117033,53198.3
7633.099746152538,61506.6
7633.311066188042,66833.0
7633.522386223546,69140.0
7633.73370625905,67995.7
7633.945026294555,63696.8
7634.156346330059,60922.8
7634.367666365563,55198.5
7634.578986401068,43121.6
7634.790306436572,27932.3
7635.001626472076,16071.0
7635.21294650758,13069.5
7635.424266543085,17195.6
7635.635586578589,21075.6
7635.846906614093,19683.7
7636.058226649598,14065.3
7636.269546685102,13488.9
7636.480866720606,20396.1
7636.6921867561105,33025.9
7636.903506791615,49149.1
7637.114826827119,60427.7
7637.326146862623,67778.9
7637.537466898128,74083.6
7637.748786933632,76929.0
7637.960106969136,77495.2
7638.1714270046405,76881.7
7638.382747040145,72783.1
7638.59406707565,69783.2
7638.805387111154,61026.7
7639.0167071466585,46453.5
7639.228027182163,30611.7
7639.439347217667,19320.5
7639.650667253171,17062.6
7639.861987288676,22409.8
7640.07330732418,27007.5
7640.284627359684,23817.0
7640.4959473951885,17109.2
7640.707267430693,18309.1
7640.918587466197,30474.0
7641.129907501701,45239.0
7641.341227537206,60828.1
7641.55254757271,72085.1
7641.763867608214,78240.1
7641.9751876437185,82769.2
7642.186507679223,84427.8
7642.397827714727,83379.5
7642.609147750231,83159.8
7642.820467785736,82738.9
7643.03178782124,81801.7
7643.243107856744,76378.1
7643.4544278922485,65219.4
7643.665747927753,49966.3
7643.877067963257,33428.0
7644.088387998761,23156.1
7644.299708034266,23462.0
7644.51102806977,30189.4
7644.722348105274,32962.4
7644.9336681407785,27279.7
7645.144988176283,22438.5
7645.356308211787,27266.0
7645.567628247291,41832.0
7645.778948282796,59055.7
7645.9902683183,74479.5
7646.201588353804,83263.4
7646.4129083893085,87994.0
7646.624228424814,91586.8
7646.835548460318,93048.5
7647.046868495822,92038.5
7647.258188531327,92522.4
7647.469508566831,95871.8
7647.680828602335,95802.0
7647.8921486378395,91860.0
7648.103468673344,87192.5
7648.314788708848,73663.6
7648.526108744352,57465.8
7648.737428779857,41699.8
7648.948748815361,33316.8
7649.160068850865,34437.1
7649.3713888863695,39649.4
7649.582708921874,42276.9
7649.794028957378,38194.5
7650.005348992882,32637.4
7650.216669028387,36964.6
7650.427989063891,53821.4
7650.639309099395,71744.4
7650.8506291348995,86325.5
7651.061949170404,95941.9
7651.273269205908,100636.0
7651.484589241412,101462.0
7651.695909276917,102289.0
7651.907229312421,103262.0
7652.118549347925,104380.0
7652.3298693834295,106814.0
7652.541189418934,106693.0
7652.752509454438,105294.0
7652.963829489942,102573.0
7653.175149525447,94956.2
7653.386469560951,85496.3
7653.597789596455,72905.5
7653.8091096319595,55117.9
7654.020429667464,44165.0
7654.231749702968,47482.4
7654.443069738472,54785.6
7654.6543897739775,54593.3
7654.865709809482,48158.2
7655.077029844986,44832.8
7655.28834988049,52194.4
7655.499669915995,68682.0
7655.710989951499,86212.6
7655.922309987003,97861.6
7656.1336300225075,105913.0
7656.344950058012,110026.0
7656.556270093516,111848.0
7656.76759012902,112826.0
7656.978910164525,113848.0
7657.190230200029,113737.0
7657.401550235533,111377.0
7657.6128702710375,111220.0
7657.824190306542,113711.0
7658.035510342046,113236.0
7658.24683037755,111907.0
7658.458150413055,107086.0
7658.669470448559,98806.4
7658.880790484063,83990.5
7659.0921105195675,67194.4
7659.303430555072,58693.8
7659.514750590576,62045.7
7659.72607062608,70304.6
7659.937390661585,72097.1
7660.148710697089,65180.3
7660.360030732593,60524.4
7660.571350768098,66438.3
7660.782670803602,81918.9
7660.993990839106,98071.9
7661.20531087461,110133.0
7661.416630910115,116374.0
7661.627950945619,117765.0
7661.839270981123,117743.0
7662.050591016628,119741.0
7662.261911052132,120399.0
7662.473231087636,121869.0
7662.68455112314,124141.0
7662.895871158646,122515.0
7663.10719119415,122418.0
7663.318511229654,120450.0
7663.5298312651585,119467.0
7663.741151300663,120927.0
7663.952471336167,117558.0
7664.163791371671,111121.0
7664.375111407176,97067.6
7664.58643144268,83018.7
7664.797751478184,77910.2
7665.0090715136885,81304.0
7665.220391549193,86875.4
7665.431711584697,86962.7
7665.643031620201,81596.7
7665.854351655706,77960.7
7666.06567169121,81149.9
7666.276991726714,94985.2
7666.4883117622185,109890.0
7666.699631797723,121695.0
7666.910951833227,123582.0
7667.122271868731,125481.0
7667.333591904236,127645.0
7667.54491193974,127807.0
7667.756231975244,128997.0
7667.9675520107485,128811.0
7668.178872046253,126375.0
7668.390192081757,127111.0
7668.601512117261,128831.0
7668.812832152766,127860.0
7669.02415218827,129398.0
7669.235472223774,129715.0
7669.4467922592785,129936.0
7669.658112294783,129224.0
7669.869432330287,121765.0
7670.080752365791,110969.0
7670.292072401296,98981.5
7670.5033924368,92411.4
7670.714712472304,94575.0
7670.9260325078085,98705.6
7671.137352543314,99403.4
7671.348672578818,95367.6
7671.559992614322,91597.3
7671.7713126498265,97671.8
7671.982632685331,108139.0
7672.193952720835,117618.0
7672.405272756339,124560.0
7672.616592791844,129653.0
7672.827912827348,130122.0
7673.039232862852,129476.0
7673.250552898357,129713.0
7673.461872933861,131756.0
7673.673192969365,133501.0
7673.884513004869,133270.0
7674.095833040374,133515.0
7674.307153075878,135058.0
7674.518473111382,135468.0
7674.729793146887,133448.0
7674.941113182391,130693.0
7675.152433217895,130977.0
7675.363753253399,130173.0
7675.575073288904,130847.0
7675.786393324408,129829.0
7675.997713359912,121485.0
7676.209033395417,112497.0
7676.420353430921,106429.0
7676.631673466425,106754.0
7676.842993501929,111363.0
7677.054313537434,113326.0
7677.265633572938,110394.0
7677.476953608442,106642.0
7677.688273643947,108400.0
7677.899593679451,116369.0
7678.110913714955,125067.0
7678.322233750459,132566.0
7678.533553785964,136838.0
7678.744873821468,134903.0
7678.956193856972,134955.0
7679.1675138924775,136548.0
7679.378833927982,135510.0
7679.590153963486,135282.0
7679.80147399899,136022.0
7680.012794034495,136694.0
7680.224114069999,138804.0
7680.435434105503,139071.0
7680.6467541410075,136234.0
7680.858074176512,135128.0
7681.069394212016,137323.0
7681.28071424752,138887.0
7681.492034283025,137528.0
7681.703354318529,140600.0
7681.914674354033,135619.0
7682.1259943895375,131793.0
7682.337314425042,123825.0
7682.548634460546,117851.0
7682.75995449605,118208.0
7682.971274531555,121658.0
7683.182594567059,123409.0
7683.393914602563,123166.0
7683.6052346380675,121726.0
7683.816554673572,119886.0
7684.027874709076,122618.0
7684.23919474458,130331.0
7684.450514780085,136376.0
7684.661834815589,137628.0
7684.873154851093,135382.0
7685.0844748865975,137910.0
7685.295794922102,137837.0
7685.507114957606,138895.0
7685.71843499311,141092.0
7685.929755028615,137356.0
7686.141075064119,137169.0
7686.352395099623,138492.0
7686.5637151351275,136832.0
7686.775035170632,139958.0
7686.986355206136,142287.0
7687.197675241641,141984.0
7687.408995277146,140959.0
7687.62031531265,138621.0
7687.831635348154,140008.0
7688.042955383658,140231.0
7688.254275419163,137496.0
7688.465595454667,136628.0
7688.676915490171,133336.0
7688.888235525676,129486.0
7689.09955556118,129506.0
7689.310875596684,131213.0
7689.522195632188,129572.0
7689.733515667693,129134.0
7689.944835703197,128141.0
7690.156155738701,129995.0
7690.367475774206,131356.0
7690.57879580971,134656.0
7690.790115845214,138029.0
7691.001435880718,139335.0
7691.212755916223,141472.0
7691.424075951727,142216.0
7691.635395987231,141229.0
7691.846716022736,140038.0
7692.05803605824,140796.0
7692.269356093744,143359.0
7692.480676129248,142939.0
7692.691996164753,142782.0
7692.903316200257,143140.0
7693.114636235761,143438.0
7693.325956271266,142545.0
7693.53727630677,141370.0
7693.748596342274,140196.0
7693.959916377778,141686.0
7694.171236413283,143813.0
7694.382556448787,145740.0
7694.593876484291,146152.0
7694.805196519796,145077.0
7695.0165165553,142902.0
7695.227836590804,140585.0
7695.439156626309,141180.0
7695.650476661814,140534.0
7695.861796697318,137597.0
7696.073116732822,139913.0
7696.2844367683265,140360.0
7696.495756803831,138908.0
7696.707076839335,137172.0
7696.918396874839,138579.0
7697.129716910344,139876.0
7697.341036945848,141907.0
7697.552356981352,145076.0
7697.7636770168565,144505.0
7697.974997052361,146028.0
7698.186317087865,146263.0
7698.397637123369,144489.0
7698.608957158874,144218.0
7698.820277194378,147601.0
7699.031597229882,149418.0
7699.2429172653865,145091.0
7699.454237300891,142688.0
7699.665557336395,145202.0
7699.876877371899,146323.0
7700.088197407404,145971.0
7700.299517442908,146193.0
7700.510837478412,147604.0
7700.7221575139165,148707.0
7700.933477549421,147253.0
7701.144797584925,145632.0
7701.356117620429,145696.0
7701.567437655934,145494.0
7701.778757691438,148415.0
7701.990077726942,145886.0
7702.2013977624465,144133.0
7702.412717797951,142983.0
7702.624037833455,144415.0
7702.835357868959,143815.0
7703.046677904464,143879.0
7703.257997939968,143523.0
7703.469317975472,141671.0
7703.680638010977,142797.0
7703.891958046482,143398.0
7704.103278081986,144142.0
7704.31459811749,145371.0
7704.525918152995,145823.0
7704.737238188499,146348.0
7704.948558224003,145325.0
7705.159878259507,145378.0
7705.371198295012,148375.0
7705.582518330516,147120.0
7705.79383836602,147054.0
7706.005158401525,147276.0
7706.216478437029,146835.0
7706.427798472533,146563.0
7706.639118508037,148771.0
7706.850438543542,149586.0
7707.061758579046,148215.0
7707.27307861455,150455.0
7707.484398650055,150716.0
7707.695718685559,150374.0
7707.907038721063,150067.0
7708.118358756567,147936.0
7708.329678792072,147693.0
7708.540998827576,150051.0
7708.75231886308,150388.0
7708.963638898585,147637.0
7709.174958934089,147823.0
7709.386278969593,148797.0
7709.597599005097,149630.0
7709.808919040602,150299.0
7710.020239076106,148736.0
7710.23155911161,148557.0
7710.442879147115,146396.0
7710.654199182619,145753.0
7710.865519218123,147426.0
7711.076839253627,147458.0
7711.288159289132,147428.0
7711.499479324637,148849.0
7711.710799360141,148299.0
7711.9221193956455,149966.0
7712.13343943115,149816.0
7712.344759466654,149562.0
7712.556079502158,148219.0
7712.767399537663,147677.0
7712.978719573167,149409.0
7713.190039608671,148114.0
7713.4013596441755,147628.0
7713.61267967968,150152.0
7713.823999715184,149002.0
7714.035319750688,147732.0
7714.246639786193,148912.0
7714.457959821697,147662.0
7714.669279857201,149132.0
7714.8805998927055,151602.0
7715.09191992821,148651.0
7715.303239963714,147844.0
7715.514559999218,148698.0
7715.725880034723,149069.0
7715.937200070227,150078.0
7716.148520105731,150481.0
7716.3598401412355,150540.0
7716.57116017674,148732.0
7716.782480212244,146592.0
7716.993800247748,148489.0
7717.205120283253,145657.0
7717.416440318757,145086.0
7717.627760354261,148183.0
7717.8390803897655,148847.0
7718.05040042527,147073.0
7718.261720460774,147536.0
7718.473040496278,147116.0
7718.684360531783,146802.0
7718.895680567287,148164.0
7719.107000602791,147607.0
7719.3183206382955,147940.0
7719.5296406738,147402.0
7719.740960709305,143951.0
7719.952280744809,144786.0
7720.163600780314,147750.0
7720.374920815818,147712.0
7720.586240851322,147041.0
7720.797560886826,146294.0
7721.008880922331,144916.0
7721.220200957835,144340.0
7721.431520993339,144848.0
7721.642841028844,146178.0
7721.854161064348,146393.0
7722.065481099852,146346.0
7722.276801135356,145611.0
7722.488121170861,144378.0
7722.699441206365,147168.0
7722.910761241869,148609.0
7723.122081277374,150186.0
7723.333401312878,148503.0
7723.544721348382,144729.0
7723.756041383886,144067.0
7723.967361419391,144475.0
7724.178681454895,145764.0
7724.390001490399,145233.0
7724.601321525904,145592.0
7724.812641561408,142417.0
7725.023961596912,142797.0
7725.235281632416,146027.0
7725.446601667921,147420.0
7725.657921703425,149491.0
7725.869241738929,147050.0
7726.080561774434,143713.0
7726.291881809938,144070.0
7726.503201845442,144009.0
7726.714521880946,143599.0
7726.925841916451,145578.0
7727.137161951955,148617.0
7727.348481987459,146903.0
7727.559802022964,144317.0
7727.771122058468,146424.0
7727.982442093973,147562.0
7728.193762129477,145177.0
7728.405082164982,144373.0
7728.616402200486,145407.0
7728.82772223599,143813.0
7729.0390422714945,144101.0
7729.250362306999,143290.0
7729.461682342503,141788.0
7729.673002378007,144018.0
7729.884322413512,145551.0
7730.095642449016,145187.0
7730.30696248452,144130.0
7730.5182825200245,143280.0
7730.729602555529,143489.0
7730.940922591033,143759.0
7731.152242626537,141214.0
7731.363562662042,143321.0
7731.574882697546,142932.0
7731.78620273305,141066.0
7731.9975227685545,143366.0
7732.208842804059,143750.0
7732.420162839563,141751.0
7732.631482875067,142340.0
7732.842802910572,143632.0
7733.054122946076,144951.0
7733.26544298158,144923.0
7733.4767630170845,143743.0
7733.688083052589,142064.0
7733.899403088093,141696.0
7734.110723123597,143007.0
7734.322043159102,142899.0
7734.533363194606,141287.0
7734.74468323011,141835.0
7734.9560032656145,143302.0
7735.167323301119,143644.0
7735.378643336623,143586.0
7735.589963372127,142365.0
7735.801283407633,142101.0
7736.012603443136,142618.0
7736.223923478641,142938.0
7736.435243514145,143554.0
7736.64656354965,142883.0
7736.857883585154,142551.0
7737.069203620658,143281.0
7737.280523656163,142340.0
7737.491843691667,141311.0
7737.703163727171,141290.0
7737.914483762675,138902.0
7738.12580379818,140084.0
7738.337123833684,142151.0
7738.548443869188,141226.0
7738.759763904693,138630.0
7738.971083940197,138127.0
7739.182403975701,140730.0
7739.393724011205,141787.0
7739.60504404671,139284.0
7739.816364082214,137226.0
7740.027684117718,138761.0
7740.239004153223,140486.0
7740.450324188727,138893.0
7740.661644224231,138220.0
7740.872964259735,137948.0
7741.08428429524,140754.0
7741.295604330744,141016.0
7741.506924366248,141514.0
7741.718244401753,140051.0
7741.929564437257,140413.0
7742.140884472761,141113.0
7742.3522045082655,141330.0
7742.56352454377,140486.0
7742.774844579274,141240.0
7742.986164614778,139244.0
7743.197484650283,138532.0
7743.408804685787,137475.0
7743.620124721291,138025.0
7743.8314447567955,140381.0
7744.042764792301,136287.0
7744.254084827805,136566.0
7744.465404863309,139316.0
7744.6767248988135,138095.0
7744.888044934318,140688.0
7745.099364969822,139951.0
7745.310685005326,138579.0
7745.522005040831,140042.0
7745.733325076335,137831.0
7745.944645111839,135925.0
7746.1559651473435,136420.0
7746.367285182848,134946.0
7746.578605218352,136979.0
7746.789925253856,137928.0
7747.001245289361,139419.0
7747.212565324865,138019.0
7747.423885360369,136171.0
7747.6352053958735,136620.0
7747.846525431378,136446.0
7748.057845466882,135333.0
7748.269165502386,136524.0
7748.480485537891,137941.0
7748.691805573395,138341.0
7748.903125608899,136341.0
7749.1144456444035,137501.0
7749.325765679908,136180.0
7749.537085715412,134749.0
7749.748405750916,136571.0
7749.959725786421,135793.0
7750.171045821925,133637.0
7750.382365857429,134986.0
7750.5936858929335,136295.0
7750.805005928438,136048.0
7751.016325963942,136374.0
7751.227645999446,136482.0
7751.438966034951,135494.0
7751.650286070455,133865.0
7751.861606105959,135080.0
7752.0729261414635,137284.0
7752.284246176969,136613.0
7752.495566212473,134621.0
7752.706886247977,135534.0
7752.918206283482,135679.0
7753.129526318986,135862.0
7753.34084635449,134124.0
7753.552166389994,131692.0
7753.763486425499,132552.0
7753.974806461003,134058.0
7754.186126496507,133521.0
7754.397446532012,134464.0
7754.608766567516,134666.0
7754.82008660302,133306.0
7755.0314066385245,132057.0
7755.242726674029,132226.0
7755.454046709533,132797.0
7755.665366745037,132345.0
7755.876686780542,132026.0
7756.088006816046,131389.0
7756.29932685155,131631.0
7756.5106468870545,132117.0
7756.721966922559,131071.0
7756.933286958063,130164.0
7757.144606993567,132233.0
7757.355927029072,132410.0
7757.567247064576,130680.0
7757.77856710008,130169.0
7757.9898871355845,131043.0
7758.201207171089,132642.0
7758.412527206593,132861.0
7758.623847242097,130795.0
7758.835167277602,129405.0
7759.046487313106,129428.0
7759.25780734861,129359.0
7759.4691273841145,130086.0
7759.680447419619,130881.0
7759.891767455123,131474.0
7760.103087490627,130693.0
7760.314407526132,127951.0
7760.525727561637,129107.0
7760.737047597141,127018.0
7760.948367632645,127090.0
7761.15968766815,130665.0
7761.371007703654,129476.0
7761.582327739158,128339.0
7761.7936477746625,127477.0
7762.004967810167,124633.0
7762.216287845671,127634.0
7762.427607881175,130787.0
7762.63892791668,129272.0
7762.850247952184,125929.0
7763.061567987688,127293.0
7763.2728880231925,127237.0
7763.484208058697,127128.0
7763.695528094201,127900.0
7763.906848129705,125201.0
7764.11816816521,122878.0
7764.329488200714,125588.0
7764.540808236218,125768.0
7764.7521282717225,127100.0
7764.963448307227,130005.0
7765.174768342731,129033.0
7765.386088378235,125494.0
7765.59740841374,127140.0
7765.808728449244,126986.0
7766.020048484748,125514.0
7766.2313685202525,126593.0
7766.442688555757,125973.0
7766.654008591261,127017.0
7766.865328626765,126968.0
7767.07664866227,129068.0
7767.287968697774,128989.0
7767.499288733278,125523.0
7767.710608768783,123933.0
7767.921928804287,125458.0
7768.133248839791,125359.0
7768.344568875296,125846.0
7768.5558889108,128307.0
7768.767208946305,127750.0
7768.978528981809,128780.0
7769.1898490173135,127711.0
7769.401169052818,125333.0
7769.612489088322,124615.0
7769.823809123826,123791.0
7770.035129159331,124467.0
7770.246449194835,125048.0
7770.457769230339,126540.0
7770.6690892658435,123816.0
7770.880409301348,124227.0
7771.091729336852,125201.0
7771.303049372356,122734.0
7771.514369407861,123100.0
7771.725689443365,122152.0
7771.937009478869,121043.0
7772.1483295143735,120184.0
7772.359649549878,122220.0
7772.570969585382,122328.0
7772.782289620886,116971.0
7772.993609656391,117335.0
7773.204929691895,120601.0
7773.416249727399,121087.0
7773.6275697629035,121754.0
7773.838889798408,118668.0
7774.050209833912,117536.0
7774.261529869416,117242.0
7774.472849904921,117001.0
7774.684169940425,117371.0
7774.895489975929,117478.0
7775.1068100114335,117343.0
7775.318130046938,116740.0
7775.529450082442,116959.0
7775.740770117946,118140.0
7775.952090153451,118235.0
7776.163410188955,119644.0
7776.374730224459,118990.0
7776.586050259964,117473.0
7776.797370295469,117852.0
7777.008690330973,118505.0
7777.220010366477,118951.0
7777.4313304019815,118678.0
7777.642650437486,116034.0
7777.85397047299,119537.0
7778.065290508494,120734.0
7778.276610543999,119628.0
7778.487930579503,120312.0
7778.699250615007,120711.0
7778.9105706505115,116796.0
7779.121890686016,114586.0
7779.33321072152,113692.0
7779.544530757024,115388.0
7779.755850792529,118379.0
7779.967170828033,119237.0
7780.178490863537,118090.0
7780.389810899042,115488.0
7780.601130934546,115211.0
7780.81245097005,113898.0
7781.023771005554,116116.0
7781.235091041059,117136.0
7781.446411076563,117178.0
7781.657731112067,117804.0
7781.869051147572,116087.0
7782.080371183076,113450.0
7782.29169121858,112957.0
7782.503011254084,112215.0
7782.714331289589,112132.0
7782.925651325093,112794.0
7783.136971360597,113349.0
7783.348291396102,111951.0
7783.559611431606,113624.0
7783.77093146711,116337.0
7783.982251502614,114468.0
7784.193571538119,113829.0
7784.404891573623,113705.0
7784.616211609127,110648.0
7784.8275316446325,111631.0
7785.038851680137,114667.0
7785.250171715641,112691.0
7785.461491751145,110526.0
7785.67281178665,109981.0
7785.884131822154,111186.0
7786.095451857658,109883.0
7786.3067718931625,112196.0
7786.518091928667,111318.0
7786.729411964171,111365.0
7786.940731999675,109807.0
7787.15205203518,109483.0
7787.363372070684,109995.0
7787.574692106188,108702.0
7787.7860121416925,107606.0
7787.997332177197,109274.0
7788.208652212701,110121.0
7788.419972248205,107252.0
7788.63129228371,107077.0
7788.842612319214,108706.0
7789.053932354718,109410.0
7789.2652523902225,110164.0
7789.476572425727,110613.0
7789.687892461231,109257.0
7789.899212496735,107121.0
7790.11053253224,106911.0
7790.321852567744,106943.0
7790.533172603248,105215.0
7790.7444926387525,107294.0
7790.955812674257,109541.0
7791.167132709761,108827.0
7791.378452745265,108762.0
7791.58977278077,110122.0
7791.801092816274,108478.0
7792.012412851778,106521.0
7792.2237328872825,105796.0
7792.435052922787,106939.0
7792.646372958291,106419.0
7792.857692993795,105221.0
7793.069013029301,105754.0
7793.280333064805,106168.0
7793.491653100309,105215.0
7793.702973135813,106653.0
7793.914293171318,107702.0
7794.125613206822,106287.0
7794.336933242326,103650.0
7794.548253277831,104142.0
7794.759573313335,105886.0
7794.970893348839,105536.0
7795.182213384343,102909.0
7795.393533419848,102707.0
7795.604853455352,103084.0
7795.816173490856,103420.0
7796.027493526361,103421.0
7796.238813561865,102999.0
7796.450133597369,103209.0
7796.661453632873,100803.0
7796.872773668378,100039.0
7797.084093703882,101662.0
7797.295413739386,100742.0
7797.506733774891,101460.0
7797.718053810395,101613.0
7797.929373845899,102181.0
7798.140693881403,102406.0
7798.352013916908,102092.0
7798.563333952412,101508.0
7798.774653987916,100936.0
7798.985974023421,100084.0
7799.197294058925,102293.0
7799.408614094429,99898.9
7799.619934129933,99650.7
7799.831254165438,99788.0
7800.042574200942,100075.0
7800.253894236446,100240.0
7800.465214271951,101673.0
7800.676534307455,100503.0
7800.88785434296,98779.3
7801.099174378464,98677.7
7801.310494413969,98282.8
7801.521814449473,96985.3
7801.733134484977,98408.5
7801.9444545204815,100230.0
7802.155774555986,98952.0
7802.36709459149,97355.1
7802.578414626994,96771.1
7802.789734662499,98003.1
7803.001054698003,98353.9
7803.212374733507,98116.0
7803.4236947690115,99196.7
7803.635014804516,97879.8
7803.84633484002,96846.2
7804.057654875524,97011.6
7804.268974911029,97044.9
7804.480294946533,95295.4
7804.691614982037,95888.4
7804.9029350175415,96478.4
7805.114255053046,95227.5
7805.32557508855,93496.2
7805.536895124054,93921.8
7805.748215159559,95640.7
7805.959535195063,94329.9
7806.170855230567,92716.8
7806.3821752660715,92102.6
7806.593495301576,93925.0
7806.80481533708,95441.9
7807.016135372584,92211.8
7807.227455408089,94190.0
7807.438775443593,95101.8
7807.650095479097,93716.0
7807.8614155146015,92665.0
7808.072735550106,92664.9
7808.28405558561,91813.5
7808.495375621114,92650.1
7808.706695656619,90966.0
7808.918015692123,91905.4
7809.129335727628,92385.0
7809.340655763132,92158.1
7809.551975798637,91853.2
7809.763295834141,91619.6
7809.974615869645,91269.8
7810.18593590515,89735.4
7810.397255940654,89157.9
7810.608575976158,89623.7
7810.819896011662,91671.6
7811.031216047167,91353.5
7811.242536082671,91227.6
7811.453856118175,90338.6
7811.66517615368,90464.2
7811.876496189184,88487.7
7812.087816224688,89392.7
7812.299136260192,91403.8
7812.510456295697,88903.8
7812.721776331201,86827.2
7812.933096366705,89652.3
7813.14441640221,90013.9
7813.355736437714,89104.1
7813.567056473218,88445.9
7813.778376508722,87038.9
7813.989696544227,86689.9
7814.201016579731,86057.6
7814.412336615235,88159.7
7814.62365665074,88189.3
7814.834976686244,87820.8
7815.046296721748,86898.9
7815.257616757252,87006.6
7815.468936792757,87835.8
7815.680256828261,86905.7
7815.891576863765,86965.4
7816.10289689927,87165.4
7816.314216934774,85624.5
7816.525536970278,84915.9
7816.736857005782,85894.6
7816.948177041287,84238.6
7817.159497076791,84831.1
7817.370817112296,84381.7
7817.5821371478005,83575.5
7817.793457183305,84157.5
7818.004777218809,85890.6
7818.216097254313,87153.7
7818.427417289818,84784.7
7818.638737325322,82711.1
7818.850057360826,83794.2
7819.0613773963305,84185.2
7819.272697431835,82508.9
7819.484017467339,79832.8
7819.695337502843,80572.4
7819.906657538348,82106.7
7820.117977573852,81932.5
7820.329297609356,80482.8
7820.5406176448605,81638.7
7820.751937680365,80571.2
7820.963257715869,82221.1
7821.174577751373,82986.4
7821.385897786878,80401.1
7821.597217822382,79433.3
7821.808537857886,81112.1
7822.0198578933905,82201.3
7822.231177928895,81715.0
7822.442497964399,79392.8
7822.653817999903,78994.9
7822.865138035408,79177.6
7823.076458070912,79733.1
7823.287778106416,77787.5
7823.4990981419205,77704.0
7823.710418177425,79985.2
7823.921738212929,79307.5
7824.133058248433,79155.1
7824.344378283938,78989.2
7824.555698319442,79040.4
7824.767018354946,77843.6
7824.9783383904505,78083.8
7825.189658425955,79277.4
7825.400978461459,78311.6
7825.612298496964,75971.6
7825.823618532469,76969.6
7826.034938567973,78975.6
7826.246258603477,77604.2
7826.457578638981,77518.0
7826.668898674486,78236.5
7826.88021870999,76626.3
7827.091538745494,74607.8
7827.302858780999,74862.3
7827.514178816503,76918.9
7827.725498852007,76205.2
7827.936818887511,75212.8
7828.148138923016,76195.9
7828.35945895852,75948.3
7828.570778994024,74183.9
7828.782099029529,74356.5
7828.993419065033,73385.9
7829.204739100537,75354.7
7829.416059136041,74945.3
7829.627379171546,74162.1
7829.83869920705,73029.2
7830.050019242554,72605.7
7830.261339278059,73008.3
7830.472659313563,74765.9
7830.683979349067,74079.0
7830.895299384571,71399.3
7831.106619420076,70998.7
7831.31793945558,71910.4
7831.529259491084,71629.6
7831.740579526589,71627.6
7831.951899562093,70421.0
7832.163219597597,70866.3
7832.374539633101,71274.8
7832.585859668606,71452.4
7832.79717970411,71346.8
7833.008499739614,71342.7
7833.219819775119,70089.9
7833.431139810624,69864.2
7833.642459846128,70528.7
7833.853779881632,70831.6
7834.065099917137,68568.3
7834.276419952641,69257.4
7834.487739988145,69913.5
7834.6990600236495,67651.2
7834.910380059154,67831.9
7835.121700094658,69896.2
7835.333020130162,69379.2
7835.544340165667,69122.0
7835.755660201171,67828.9
7835.966980236675,65783.6
7836.1783002721795,66529.8
7836.389620307684,67179.5
7836.600940343188,67543.8
7836.812260378692,68690.5
7837.023580414197,66354.2
7837.234900449701,65139.4
7837.446220485205,65037.4
7837.6575405207095,66381.0
7837.868860556214,65935.2
7838.080180591718,66483.9
7838.291500627222,65238.8
7838.502820662727,64206.1
7838.714140698231,64915.5
7838.925460733735,64486.6
7839.1367807692395,64608.8
7839.348100804744,63781.9
7839.559420840248,65056.2
7839.770740875752,64893.5
7839.982060911257,64524.9
7840.193380946761,62516.8
7840.404700982265,61728.8
7840.6160210177695,63315.7
7840.827341053274,63794.1
7841.038661088778,63590.7
7841.249981124282,63555.2
7841.461301159787,62473.5
7841.672621195292,61584.7
7841.883941230796,61887.7
7842.0952612663,62199.3
7842.306581301805,62164.2
7842.517901337309,60808.2
7842.729221372813,60124.5
7842.940541408318,59608.0
7843.151861443822,60924.6
7843.363181479326,60888.3
7843.57450151483,60759.4
7843.785821550335,60041.5
7843.997141585839,60333.3
7844.208461621343,60549.8
7844.419781656848,59282.3
7844.631101692352,57836.6
7844.842421727856,58585.3
7845.05374176336,58735.0
7845.265061798865,59765.4
7845.476381834369,59527.6
7845.687701869873,58172.5
7845.899021905378,57023.7
7846.110341940882,57721.5
7846.321661976386,56785.8
7846.53298201189,58196.8
7846.744302047395,57803.0
7846.955622082899,56228.5
7847.166942118403,58138.2
7847.378262153908,59014.5
7847.589582189412,56733.1
7847.800902224916,56536.6
7848.0122222604205,58216.6
7848.223542295925,56672.4
7848.434862331429,54941.8
7848.646182366933,55870.7
7848.857502402438,55346.3
7849.068822437942,55832.6
7849.280142473446,56779.2
7849.4914625089505,56514.1
7849.702782544455,54869.8
7849.91410257996,54435.0
7850.125422615464,54906.6
7850.3367426509685,54506.7
7850.548062686473,53927.3
7850.759382721977,53165.3
7850.970702757481,52909.5
7851.182022792986,52623.4
7851.39334282849,53484.4
7851.604662863994,53041.7
7851.8159828994985,53087.7
7852.027302935003,53664.4
7852.238622970507,54423.2
7852.449943006011,54009.6
7852.661263041516,53220.8
7852.87258307702,52461.4
7853.083903112524,52145.4
7853.2952231480285,53171.0
7853.506543183533,51915.3
7853.717863219037,51141.7
7853.929183254541,51623.8
7854.140503290046,51662.2
7854.35182332555,50182.0
7854.563143361054,51093.8
7854.7744633965585,49921.5
7854.985783432063,51447.0
7855.197103467567,50712.1
7855.408423503071,49705.2
7855.619743538576,50823.2
7855.83106357408,51337.4
7856.042383609584,49532.7
7856.2537036450885,49861.0
7856.465023680593,48667.1
7856.676343716097,47829.1
7856.887663751601,47702.8
7857.098983787106,48486.6
7857.31030382261,49821.0
7857.521623858114,49748.1
7857.732943893619,49641.4
7857.944263929123,49516.5
7858.155583964628,47644.4
7858.366904000132,46930.5
7858.578224035637,47999.9
7858.789544071141,47054.2
7859.000864106645,48748.4
7859.212184142149,48579.1
7859.423504177654,47032.7
7859.634824213158,47137.8
7859.846144248662,46058.0
7860.057464284167,46238.3
7860.268784319671,45886.8
7860.480104355175,46297.3
7860.6914243906795,46793.5
7860.902744426184,44695.9
7861.114064461688,45088.0
7861.325384497192,46164.1
7861.536704532697,44285.7
7861.748024568201,43889.4
7861.959344603705,46443.7
7862.1706646392095,46257.3
7862.381984674714,43656.4
7862.593304710218,43915.9
7862.804624745722,43628.4
7863.015944781227,44111.6
7863.227264816731,42623.6
7863.438584852235,43158.9
7863.6499048877395,43635.2
7863.861224923244,43457.6
7864.072544958748,44144.4
7864.283864994252,41137.4
7864.495185029757,39747.7
7864.706505065261,44217.6
7864.917825100765,44195.5
7865.1291451362695,42516.6
7865.340465171774,41284.8
7865.551785207278,41602.2
7865.763105242782,40852.4
7865.9744252782875,40803.0
7866.185745313791,42643.3
7866.397065349296,42218.9
7866.6083853848,40162.8
7866.819705420305,40454.7
7867.031025455809,40395.5
7867.242345491313,40526.2
7867.4536655268175,40915.1
7867.664985562322,40998.2
7867.876305597826,40136.2
7868.08762563333,39717.7
7868.298945668835,39677.8
7868.510265704339,39117.8
7868.721585739843,39516.4
7868.9329057753475,38974.0
7869.144225810852,37326.6
7869.355545846356,37699.2
7869.56686588186,38762.1
7869.778185917365,38684.7
7869.989505952869,35725.2
7870.200825988373,37043.5
7870.4121460238775,36946.0
7870.623466059382,37151.1
7870.834786094886,36211.6
7871.04610613039,36813.0
7871.257426165895,37684.7
7871.468746201399,37476.7
7871.680066236903,37778.3
7871.8913862724075,35027.5
7872.102706307912,35810.2
7872.314026343416,35503.2
7872.52534637892,34602.2
7872.736666414425,34318.8
7872.947986449929,35984.9
7873.159306485433,35553.9
7873.370626520938,35312.3
7873.581946556442,35166.4
7873.793266591946,34389.1
7874.00458662745,34886.7
7874.215906662956,33580.9
7874.42722669846,34596.5
7874.638546733964,35096.1
7874.8498667694685,33156.2
7875.061186804973,33223.4
7875.272506840477,33756.9
7875.483826875981,32324.4
7875.695146911486,32352.0
7875.90646694699,33169.3
7876.117786982494,33104.9
7876.3291070179985,31415.2
7876.540427053503,31044.6
7876.751747089007,32286.3
7876.963067124511,31017.3
7877.174387160016,31541.8
7877.38570719552,32172.2
7877.597027231024,32291.4
7877.8083472665285,32182.0
7878.019667302033,30168.7
7878.230987337537,30475.1
7878.442307373041,29953.8
7878.653627408546,30821.0
7878.86494744405,30236.7
7879.076267479554,30676.4
7879.2875875150585,30463.4
7879.498907550563,30416.4
7879.710227586067,28723.0
7879.921547621571,28101.8
7880.132867657076,28809.3
7880.34418769258,29374.1
7880.555507728084,28924.3
7880.7668277635885,27941.7
7880.978147799093,28807.9
7881.189467834597,28880.7
7881.400787870101,29199.4
7881.612107905606,28485.6
7881.82342794111,27257.3
7882.034747976615,27773.9
7882.2460680121185,26464.8
7882.457388047624,27776.6
7882.668708083128,28393.2
7882.880028118632,27664.5
7883.0913481541365,28742.8
7883.302668189641,29200.8
7883.513988225145,28935.4
7883.725308260649,28205.2
7883.936628296154,27052.9
7884.147948331658,26217.1
7884.359268367162,26129.2
7884.5705884026665,27581.6
7884.781908438171,26163.6
7884.993228473675,25903.4
7885.204548509179,26743.7
7885.415868544684,24581.7
7885.627188580188,24813.2
7885.838508615692,26471.1
7886.049828651197,25933.4
7886.261148686701,24549.8
7886.472468722205,23968.5
7886.683788757709,23415.9
7886.895108793214,22837.2
7887.106428828718,23867.1
7887.317748864222,22908.3
7887.529068899727,21685.8
7887.740388935231,21944.4
7887.951708970735,23648.1
7888.163029006239,23362.4
7888.374349041744,23522.3
7888.585669077248,24285.1
7888.796989112752,23391.7
7889.008309148257,23252.1
7889.219629183761,22835.2
7889.430949219265,22069.9
7889.642269254769,22843.7
7889.853589290274,24184.7
7890.064909325778,22773.9
7890.276229361283,21610.8
7890.487549396787,22109.8
7890.698869432292,21421.5
7890.910189467796,20170.3
7891.1215095033,20670.3
7891.332829538805,20300.7
7891.544149574309,21618.9
7891.755469609813,20790.2
7891.9667896453175,18017.7
