7606.1724505398,5308.73
7606.383762878348,5582.54
7606.5950752168965,5075.44
7606.806387555444,3654.08
7607.017699893992,2840.76
7607.229012232541,4737.41
7607.440324571089,7280.75
7607.651636909638,7577.88
7607.862949248186,6764.51
7608.074261586734,4812.67
7608.285573925283,6288.43
7608.496886263831,10229.6
7608.708198602379,13117.3
7608.9195109409275,14024.4
7609.130823279475,11386.9
7609.342135618024,7075.56
7609.553447956572,5557.3
7609.76476029512,5207.99
7609.976072633669,7549.67
7610.187384972217,9584.23
7610.398697310765,8104.59
7610.610009649314,7399.62
7610.821321987862,11607.2
7611.0326343264105,18732.6
7611.2439466649585,24858.8
7611.455259003506,28186.5
7611.666571342055,26549.2
7611.877883680603,18301.5
7612.089196019151,11226.7
7612.3005083577,8404.08
7612.511820696248,11253.4
7612.723133034797,14879.0
7612.934445373345,15181.9
7613.145757711893,14055.9
7613.3570700504415,13551.2
7613.568382388989,20301.7
7613.779694727537,31269.3
7613.991007066086,43215.2
7614.202319404634,50037.7
7614.413631743183,51411.4
7614.624944081731,46027.0
7614.836256420279,33937.1
7615.047568758828,22827.7
7615.258881097376,18245.1
7615.470193435924,22463.0
7615.6815057744725,29002.2
7615.89281811302,32716.3
7616.104130451569,30406.5
7616.315442790117,30929.3
7616.526755128665,41805.8
7616.738067467214,58444.0
7616.949379805762,73520.0
7617.16069214431,83087.3
7617.372004482859,89337.0
7617.583316821407,92675.5
7617.794629159955,92332.3
7618.0059414985035,92416.8
7618.217253837051,92951.2
7618.4285661756,93894.1
7618.639878514148,95305.6
7618.851190852696,94018.7
7619.062503191245,93683.5
7619.273815529793,93429.8
7619.485127868341,91189.8
7619.69644020689,90096.9
7619.907752545438,86123.3
7620.1190648839865,80364.2
7620.3303772225345,73929.4
7620.541689561082,61789.3
7620.753001899631,45157.3
7620.964314238179,30604.3
7621.175626576727,26856.4
7621.386938915276,32902.8
7621.598251253824,48665.2
7621.809563592373,64340.3
7622.020875930921,74291.4
7622.232188269469,78678.8
7622.4435006080175,76936.4
7622.6548129465655,69689.2
7622.866125285113,54542.8
7623.077437623662,36117.6
7623.28874996221,22568.1
7623.500062300759,16705.5
7623.711374639307,21599.2
7623.922686977855,26506.2
7624.133999316404,24169.6
7624.345311654952,19822.4
7624.5566239935,15788.9
7624.7679363320485,19045.0
7624.9792486705965,30570.8
7625.190561009145,47529.6
7625.401873347693,61495.3
7625.613185686241,69659.6
7625.82449802479,74547.0
7626.035810363338,76778.4
7626.247122701886,71429.4
7626.458435040435,56625.0
7626.669747378983,40899.8
7626.881059717532,26851.1
7627.0923720560795,16593.4
7627.303684394627,12766.5
7627.514996733176,15144.4
7627.726309071724,17012.8
7627.937621410272,15512.9
7628.148933748821,13594.1
7628.360246087369,13249.7
7628.571558425917,19396.0
7628.782870764466,35701.9
7628.994183103014,50206.9
7629.205495441563,64582.2
7629.4168077801105,74412.1
7629.628120118658,80074.8
7629.839432457207,81781.7
7630.050744795755,76675.3
7630.262057134303,66353.2
7630.473369472852,52998.2
7630.6846818114,37069.9
7630.895994149949,20868.5
7631.107306488497,13564.2
7631.318618827045,13621.5
7631.529931165594,15706.9
7631.7412435041415,16632.6
7631.952555842689,14496.1
7632.163868181238,11996.2
7632.375180519786,15384.3
7632.586492858335,25830.4
7632.797805196883,41992.0
7633.009117535431,59493.4
7633.22042987398,73935.0
7633.431742212528,83065.7
7633.643054551076,88562.0
7633.8543668896245,90961.0
7634.0656792281725,86842.6
7634.276991566721,78003.9
7634.488303905269,69246.6
7634.699616243817,54128.1
7634.910928582366,39418.8
7635.122240920914,25064.0
7635.333553259462,16357.9
7635.544865598011,14949.4
7635.756177936559,16003.5
7635.967490275108,16990.5
7636.1788026136555,16973.3
7636.3901149522035,16287.1
7636.601427290752,21870.4
7636.8127396293,35329.6
7637.024051967848,53254.7
7637.235364306397,70194.5
7637.446676644945,84232.2
7637.657988983494,95506.3
7637.869301322042,101225.0
7638.08061366059,101729.0
7638.291925999139,100758.0
7638.5032383376865,96506.1
7638.7145506762345,87363.6
7638.925863014783,76138.5
7639.137175353331,62042.2
7639.348487691879,42240.4
7639.559800030428,26303.7
7639.771112368976,19428.5
7639.982424707525,19072.6
7640.193737046073,21496.7
7640.405049384621,21882.9
7640.61636172317,19558.1
7640.8276740617175,21786.5
7641.0389864002655,30600.4
7641.250298738814,48882.1
7641.461611077362,69170.8
7641.672923415911,89469.5
7641.884235754459,103542.0
7642.095548093007,111509.0
7642.306860431556,117056.0
7642.518172770104,117616.0
7642.729485108652,115496.0
7642.940797447201,114401.0
7643.1521097857485,111174.0
7643.363422124297,104470.0
7643.574734462845,89447.0
7643.786046801393,69293.8
7643.997359139942,49517.6
7644.20867147849,33714.5
7644.419983817038,25957.0
7644.631296155587,26761.9
7644.842608494135,29672.3
7645.053920832684,29598.9
7645.265233171232,27697.7
7645.4765455097795,30708.5
7645.687857848328,45176.2
7645.899170186876,66615.0
7646.110482525424,88649.3
7646.321794863973,105900.0
7646.533107202521,119113.0
7646.74441954107,129403.0
7646.955731879618,133525.0
7647.167044218166,134436.0
7647.378356556715,133153.0
7647.589668895263,129556.0
7647.8009812338105,129860.0
7648.012293572359,128793.0
7648.223605910907,120918.0
7648.434918249456,102837.0
7648.646230588004,80966.0
7648.857542926552,61723.5
7649.068855265101,45678.7
7649.280167603649,38114.6
7649.491479942197,37835.1
7649.702792280746,42279.5
7649.9141046192935,44096.2
7650.1254169578415,43420.6
7650.33672929639,46533.4
7650.548041634938,60527.4
7650.759353973487,85124.7
7650.970666312035,109693.0
7651.181978650583,126811.0
7651.393290989132,138276.0
7651.60460332768,145721.0
7651.815915666228,151059.0
7652.027228004777,149848.0
7652.2385403433245,151850.0
7652.449852681873,153393.0
7652.661165020421,151861.0
7652.872477358969,149409.0
7653.083789697518,145231.0
7653.295102036066,135585.0
7653.506414374614,118682.0
7653.717726713163,97834.4
7653.929039051711,79110.5
7654.14035139026,65112.3
7654.351663728808,58281.3
7654.5629760673555,59308.2
7654.774288405904,62357.1
7654.985600744452,63298.5
7655.196913083,61596.6
7655.408225421549,66167.9
7655.619537760097,83714.4
7655.830850098646,108422.0
7656.042162437194,130304.0
7656.253474775742,144349.0
7656.464787114291,154734.0
7656.676099452839,159785.0
7656.8874117913865,163500.0
7657.098724129935,167406.0
7657.310036468483,167747.0
7657.521348807032,166553.0
7657.73266114558,168072.0
7657.943973484128,169208.0
7658.155285822677,167337.0
7658.366598161225,163869.0
7658.577910499773,154761.0
7658.789222838322,140117.0
7659.00053517687,123159.0
7659.211847515418,106268.0
7659.423159853966,91057.4
7659.634472192514,82437.5
7659.845784531063,83372.6
7660.057096869611,85800.1
7660.268409208159,86266.6
7660.479721546708,86945.3
7660.691033885256,90544.3
7660.902346223804,105138.0
7661.113658562353,128405.0
7661.324970900901,149046.0
7661.536283239449,165573.0
7661.747595577997,173443.0
7661.958907916545,176182.0
7662.170220255094,180116.0
7662.381532593642,180906.0
7662.59284493219,179631.0
7662.804157270739,181649.0
7663.015469609287,183475.0
7663.226781947836,182711.0
7663.438094286384,183175.0
7663.6494066249315,182408.0
7663.86071896348,178565.0
7664.072031302028,173925.0
7664.283343640576,160476.0
7664.494655979125,142493.0
7664.705968317673,127172.0
7664.917280656222,117460.0
7665.12859299477,112271.0
7665.339905333318,112017.0
7665.551217671867,112004.0
7665.762530010415,109546.0
7665.9738423489625,111625.0
7666.185154687511,114927.0
7666.396467026059,129286.0
7666.607779364608,147558.0
7666.819091703156,165377.0
7667.030404041704,179603.0
7667.241716380253,188811.0
7667.453028718801,190924.0
7667.664341057349,192726.0
7667.875653395898,196407.0
7668.086965734446,196847.0
7668.298278072994,195723.0
7668.509590411542,196165.0
7668.72090275009,196840.0
7668.932215088639,194857.0
7669.143527427187,193848.0
7669.354839765735,194959.0
7669.566152104284,194093.0
7669.777464442832,191074.0
7669.98877678138,184068.0
7670.200089119929,169102.0
7670.411401458477,152634.0
7670.622713797025,143490.0
7670.834026135573,138009.0
7671.045338474121,135228.0
7671.25665081267,138449.0
7671.467963151218,137098.0
7671.679275489766,138777.0
7671.890587828315,140812.0
7672.101900166863,148371.0
7672.313212505412,163363.0
7672.52452484396,180235.0
7672.735837182508,191576.0
7672.947149521056,197339.0
7673.158461859604,199845.0
7673.369774198152,200541.0
7673.581086536701,199553.0
7673.792398875249,198497.0
7674.003711213798,200990.0
7674.215023552346,201939.0
7674.426335890894,201845.0
7674.637648229443,203345.0
7674.848960567991,202772.0
7675.060272906539,203515.0
7675.271585245087,203927.0
7675.482897583635,204972.0
7675.694209922184,201416.0
7675.905522260732,193363.0
7676.11683459928,183802.0
7676.328146937829,173638.0
7676.539459276377,166573.0
7676.750771614925,161509.0
7676.962083953474,159011.0
7677.173396292022,160156.0
7677.3847086305705,160391.0
7677.596020969118,162957.0
7677.807333307666,163214.0
7678.018645646215,167849.0
7678.229957984763,179197.0
7678.441270323311,190374.0
7678.65258266186,200088.0
7678.863895000408,207686.0
7679.075207338957,211571.0
7679.286519677505,211469.0
7679.497832016053,209403.0
7679.709144354601,209655.0
7679.920456693149,209337.0
7680.131769031697,209162.0
7680.343081370246,210188.0
7680.554393708794,209982.0
7680.765706047343,208139.0
7680.977018385891,208490.0
7681.188330724439,210363.0
7681.399643062988,214650.0
7681.610955401536,214244.0
7681.822267740084,210062.0
7682.033580078632,207004.0
7682.24489241718,203311.0
7682.456204755728,196182.0
7682.667517094277,186843.0
7682.878829432825,183175.0
7683.090141771374,180990.0
7683.301454109922,180197.0
7683.51276644847,178036.0
7683.724078787019,178880.0
7683.935391125567,180740.0
7684.146703464115,185209.0
7684.358015802663,192965.0
7684.569328141211,200947.0
7684.78064047976,206458.0
7684.991952818308,210636.0
7685.203265156856,213181.0
7685.414577495405,213989.0
7685.625889833953,214236.0
7685.837202172501,214009.0
7686.04851451105,215489.0
7686.259826849598,214330.0
7686.4711391881465,214143.0
7686.682451526694,215826.0
7686.893763865242,218012.0
7687.105076203791,218039.0
7687.316388542339,218670.0
7687.527700880887,217107.0
7687.739013219436,217817.0
7687.950325557984,218800.0
7688.161637896533,215867.0
7688.372950235081,212027.0
7688.584262573629,208799.0
7688.7955749121775,204269.0
7689.006887250725,199378.0
7689.218199589273,198051.0
7689.429511927822,198535.0
7689.64082426637,194453.0
7689.852136604919,194365.0
7690.063448943467,197552.0
7690.274761282015,197889.0
7690.486073620564,199182.0
7690.697385959112,201362.0
7690.90869829766,206194.0
7691.1200106362085,214090.0
7691.331322974756,217630.0
7691.542635313304,218328.0
7691.753947651853,220042.0
7691.965259990401,222444.0
7692.17657232895,223441.0
7692.387884667498,220055.0
7692.599197006046,218571.0
7692.810509344595,220918.0
7693.021821683143,220876.0
7693.233134021691,222932.0
7693.444446360239,223865.0
7693.655758698787,224085.0
7693.867071037336,223082.0
7694.078383375884,221319.0
7694.289695714432,222692.0
7694.501008052981,227107.0
7694.712320391529,226085.0
7694.923632730077,226179.0
7695.134945068626,224368.0
7695.346257407174,219160.0
7695.5575697457225,217505.0
7695.76888208427,216172.0
7695.980194422818,214243.0
7696.191506761367,214689.0
7696.402819099915,214147.0
7696.614131438463,210054.0
7696.825443777012,210823.0
7697.03675611556,212669.0
7697.248068454109,214570.0
7697.459380792657,216839.0
7697.670693131205,220167.0
7697.8820054697535,222286.0
7698.093317808301,223661.0
7698.304630146849,225335.0
7698.515942485398,224067.0
7698.727254823946,224279.0
7698.938567162495,226340.0
7699.149879501043,227245.0
7699.361191839591,227193.0
7699.57250417814,226430.0
7699.783816516688,226296.0
7699.995128855236,226577.0
7700.2064411937845,228895.0
7700.417753532332,232141.0
7700.629065870881,227644.0
7700.840378209429,227240.0
7701.051690547977,228584.0
7701.263002886526,228657.0
7701.474315225074,231104.0
7701.685627563622,230599.0
7701.896939902171,227256.0
7702.108252240719,225989.0
7702.3195645792675,225285.0
7702.5308769178155,222759.0
7702.742189256363,221206.0
7702.953501594912,221039.0
7703.16481393346,221142.0
7703.376126272008,221389.0
7703.587438610557,221567.0
7703.798750949105,223136.0
7704.010063287653,224667.0
7704.221375626202,224704.0
7704.43268796475,226068.0
7704.6440003032985,225684.0
7704.8553126418465,226420.0
7705.066624980394,228020.0
7705.277937318943,227336.0
7705.489249657491,228904.0
7705.700561996039,228845.0
7705.911874334588,229132.0
7706.123186673136,231145.0
7706.334499011685,230543.0
7706.545811350233,229691.0
7706.757123688781,228348.0
7706.9684360273295,229345.0
7707.1797483658775,230521.0
7707.391060704425,231163.0
7707.602373042974,232218.0
7707.813685381522,232801.0
7708.024997720071,232829.0
7708.236310058619,230269.0
7708.447622397167,228804.0
7708.658934735716,232553.0
7708.870247074264,233229.0
7709.081559412812,232095.0
7709.2928717513605,234343.0
7709.504184089908,231797.0
7709.715496428457,229108.0
7709.926808767005,229124.0
7710.138121105553,232076.0
7710.349433444102,232537.0
7710.56074578265,227584.0
7710.772058121198,228517.0
7710.983370459747,227748.0
7711.194682798295,225609.0
7711.405995136844,226797.0
7711.6173074753915,229877.0
7711.828619813939,233011.0
7712.039932152488,231019.0
7712.251244491036,229588.0
7712.462556829584,230296.0
7712.673869168133,231384.0
7712.885181506681,232824.0
7713.096493845229,230935.0
7713.307806183778,230620.0
7713.519118522326,232868.0
7713.730430860875,232031.0
7713.9417431994225,232056.0
7714.15305553797,232312.0
7714.364367876519,232397.0
7714.575680215067,233725.0
7714.786992553615,233808.0
7714.998304892164,234080.0
7715.209617230712,234231.0
7715.420929569261,234909.0
7715.632241907809,236460.0
7715.843554246357,233535.0
7716.0548665849055,232416.0
7716.2661789234535,233796.0
7716.477491262001,233692.0
7716.68880360055,230698.0
7716.900115939098,231004.0
7717.111428277647,230584.0
7717.322740616195,229630.0
7717.534052954743,232284.0
7717.745365293292,232212.0
7717.95667763184,229319.0
7718.167989970388,231194.0
7718.3793023089365,232845.0
7718.5906146474845,231372.0
7718.801926986033,230633.0
7719.013239324581,230202.0
7719.224551663129,231032.0
7719.435864001678,230226.0
7719.647176340226,228513.0
7719.858488678774,227735.0
7720.069801017323,226803.0
7720.281113355871,226509.0
7720.49242569442,226229.0
7720.7037380329675,224648.0
7720.9150503715155,223616.0
7721.126362710064,226138.0
7721.337675048612,227852.0
7721.54898738716,227954.0
7721.760299725709,226185.0
7721.971612064257,225540.0
7722.182924402806,226361.0
7722.394236741354,227520.0
7722.605549079902,226655.0
7722.816861418451,229231.0
7723.0281737569985,229000.0
7723.239486095546,229650.0
7723.450798434095,227775.0
7723.662110772643,227354.0
7723.873423111192,228155.0
7724.08473544974,227004.0
7724.296047788288,224907.0
7724.507360126837,226696.0
7724.718672465385,226054.0
7724.929984803933,224507.0
7725.141297142482,228065.0
7725.3526094810295,228058.0
7725.563921819577,225993.0
7725.775234158126,226521.0
7725.986546496674,227763.0
7726.197858835223,227382.0
7726.409171173771,227282.0
7726.620483512319,225589.0
7726.831795850868,225406.0
7727.043108189416,225904.0
7727.254420527964,227686.0
7727.465732866513,226066.0
7727.6770452050605,226988.0
7727.888357543609,226724.0
7728.099669882157,224578.0
7728.310982220705,223250.0
7728.522294559254,222216.0
7728.733606897802,226088.0
7728.94491923635,227960.0
7729.156231574899,227049.0
7729.367543913447,229589.0
7729.578856251996,225801.0
7729.7901685905435,224418.0
7730.0014809290915,222789.0
7730.21279326764,223006.0
7730.424105606188,222467.0
7730.635417944736,226885.0
7730.846730283285,228384.0
7731.058042621833,226837.0
7731.269354960382,225164.0
7731.48066729893,224146.0
7731.691979637478,224466.0
7731.903291976027,225492.0
7732.1146043145745,223548.0
7732.3259166531225,222744.0
7732.537228991671,223664.0
7732.748541330219,225859.0
7732.959853668768,226740.0
7733.171166007316,226308.0
7733.382478345864,224761.0
7733.593790684413,224886.0
7733.805103022961,225318.0
7734.016415361509,222045.0
7734.227727700058,223424.0
7734.4390400386055,225026.0
7734.6503523771535,222746.0
7734.861664715702,220939.0
7735.07297705425,220354.0
7735.284289392799,221162.0
7735.495601731347,222135.0
7735.706914069895,223548.0
7735.918226408444,225607.0
7736.129538746992,224726.0
7736.34085108554,225661.0
7736.552163424089,224438.0
7736.7634757626365,223178.0
7736.974788101185,223288.0
7737.186100439733,222415.0
7737.397412778281,222747.0
7737.60872511683,224505.0
7737.820037455378,219906.0
7738.031349793926,222363.0
7738.242662132475,223771.0
7738.453974471023,222669.0
7738.665286809572,221722.0
7738.87659914812,221328.0
7739.0879114866675,222510.0
7739.299223825216,223063.0
7739.510536163764,223539.0
7739.721848502312,222133.0
7739.933160840861,222147.0
7740.144473179409,223431.0
7740.355785517958,221902.0
7740.567097856506,221174.0
7740.778410195054,221678.0
7740.989722533603,221260.0
7741.201034872151,219994.0
7741.4123472106985,220526.0
7741.623659549247,218626.0
7741.834971887795,212715.0
7742.046284226344,214135.0
7742.257596564892,220785.0
7742.46890890344,220848.0
7742.680221241989,219100.0
7742.891533580537,218246.0
7743.102845919085,219310.0
7743.314158257634,219812.0
7743.525470596182,219361.0
7743.73678293473,217931.0
7743.948095273278,218198.0
7744.159407611826,215859.0
7744.370719950375,218272.0
7744.582032288923,218240.0
7744.793344627471,216395.0
7745.00465696602,215782.0
7745.215969304568,217260.0
7745.427281643117,215182.0
7745.638593981665,214955.0
7745.8499063202125,216076.0
7746.061218658761,217277.0
7746.272530997309,214992.0
7746.483843335857,213986.0
7746.695155674406,214019.0
7746.906468012954,215813.0
7747.117780351502,217428.0
7747.329092690051,216514.0
7747.540405028599,215300.0
7747.751717367148,216278.0
7747.963029705696,218846.0
7748.1743420442435,217405.0
7748.385654382792,215058.0
7748.59696672134,214670.0
7748.808279059888,213034.0
7749.019591398437,212864.0
7749.230903736985,215307.0
7749.442216075534,215661.0
7749.653528414082,212413.0
7749.86484075263,211356.0
7750.076153091179,212275.0
7750.287465429727,213395.0
7750.4987777682745,212560.0
7750.710090106823,210261.0
7750.921402445371,210450.0
7751.13271478392,210301.0
7751.344027122468,210825.0
7751.555339461016,211368.0
7751.766651799565,212507.0
7751.977964138113,212420.0
7752.189276476661,210824.0
7752.40058881521,212043.0
7752.611901153758,213141.0
7752.823213492306,213221.0
7753.034525830854,211479.0
7753.245838169402,209743.0
7753.457150507951,212854.0
7753.668462846499,212138.0
7753.879775185047,209126.0
7754.091087523596,211349.0
7754.302399862144,211394.0
7754.513712200693,209923.0
7754.725024539241,209908.0
7754.936336877789,210188.0
7755.147649216337,211301.0
7755.358961554885,209660.0
7755.570273893433,206544.0
7755.781586231982,208835.0
7755.99289857053,208927.0
7756.204210909078,207280.0
7756.415523247627,207497.0
7756.626835586175,206971.0
7756.838147924724,208415.0
7757.049460263272,209130.0
7757.26077260182,207568.0
7757.472084940368,207995.0
7757.683397278916,207936.0
7757.894709617464,206645.0
7758.106021956013,206974.0
7758.317334294561,206000.0
7758.52864663311,204824.0
7758.739958971658,207023.0
7758.951271310206,207025.0
7759.162583648755,204928.0
7759.373895987303,205131.0
7759.5852083258505,201714.0
7759.796520664399,202063.0
7760.007833002947,205989.0
7760.219145341496,204464.0
7760.430457680044,203898.0
7760.641770018592,201977.0
7760.853082357141,201858.0
7761.064394695689,203619.0
7761.275707034237,203469.0
7761.487019372786,201388.0
7761.698331711334,200412.0
7761.909644049882,202472.0
7762.12095638843,202681.0
7762.332268726978,202290.0
7762.543581065527,203141.0
7762.754893404075,202483.0
7762.966205742623,200880.0
7763.177518081172,203466.0
7763.38883041972,202484.0
7763.600142758269,200986.0
7763.811455096817,198848.0
7764.022767435365,197354.0
7764.234079773913,197707.0
7764.445392112461,197918.0
7764.656704451009,198608.0
7764.868016789558,199363.0
7765.079329128106,199749.0
7765.290641466654,200689.0
7765.501953805203,201524.0
7765.713266143751,200488.0
7765.9245784823,199375.0
7766.135890820848,197738.0
7766.347203159396,198759.0
7766.558515497944,195834.0
7766.769827836492,196306.0
7766.981140175041,197903.0
7767.192452513589,200651.0
7767.403764852137,199350.0
7767.615077190686,196634.0
7767.826389529234,199676.0
7768.037701867782,199914.0
7768.249014206331,198740.0
7768.460326544879,198811.0
7768.671638883427,200113.0
7768.882951221975,200913.0
7769.094263560523,197893.0
7769.305575899072,196270.0
7769.51688823762,197141.0
7769.728200576168,196319.0
7769.939512914717,198075.0
7770.150825253265,197333.0
7770.362137591813,198439.0
7770.573449930362,197190.0
7770.78476226891,198033.0
7770.9960746074585,195400.0
7771.207386946006,193876.0
7771.418699284554,194326.0
7771.630011623103,192317.0
7771.841323961651,190646.0
7772.052636300199,191296.0
7772.263948638748,194413.0
7772.475260977296,194741.0
7772.686573315845,192087.0
7772.897885654393,189412.0
7773.109197992941,190062.0
7773.3205103314895,189688.0
7773.531822670037,188804.0
7773.743135008585,186856.0
7773.954447347134,186235.0
7774.165759685682,185372.0
7774.377072024231,185094.0
7774.588384362779,184313.0
7774.799696701327,185916.0
7775.011009039876,187901.0
7775.222321378424,185415.0
7775.433633716972,184380.0
7775.64494605552,185716.0
7775.856258394068,187147.0
7776.067570732617,187437.0
7776.278883071165,185662.0
7776.490195409713,184245.0
7776.701507748262,184692.0
7776.91282008681,182950.0
7777.124132425358,182288.0
7777.335444763907,184763.0
7777.546757102455,186472.0
7777.758069441003,189425.0
7777.969381779551,188765.0
7778.180694118099,188119.0
7778.392006456648,189924.0
7778.603318795196,191148.0
7778.814631133744,189412.0
7779.025943472293,188542.0
7779.237255810841,189485.0
7779.448568149389,186577.0
7779.659880487938,187808.0
7779.871192826486,185498.0
7780.0825051650345,186242.0
7780.293817503582,186099.0
7780.50512984213,186116.0
7780.716442180679,186587.0
7780.927754519227,185652.0
7781.139066857775,185391.0
7781.350379196324,183046.0
7781.561691534872,182242.0
7781.773003873421,180899.0
7781.984316211969,183915.0
7782.195628550517,182639.0
7782.4069408890655,182207.0
7782.618253227613,180939.0
7782.829565566161,180871.0
7783.04087790471,180223.0
7783.252190243258,179763.0
7783.463502581807,178166.0
7783.674814920355,176450.0
7783.886127258903,177851.0
7784.097439597452,179303.0
7784.308751936,177171.0
7784.520064274548,177093.0
7784.7313766130965,176726.0
7784.942688951644,178945.0
7785.154001290193,179865.0
7785.365313628741,180120.0
7785.576625967289,178697.0
7785.787938305838,176914.0
7785.999250644386,176374.0
7786.210562982934,174672.0
7786.421875321483,175372.0
7786.633187660031,175028.0
7786.844499998579,173915.0
7787.0558123371275,173430.0
7787.267124675675,175169.0
7787.478437014224,174492.0
7787.689749352772,174703.0
7787.90106169132,172440.0
7788.112374029869,172698.0
7788.323686368417,171580.0
7788.534998706966,172446.0
7788.746311045514,172111.0
7788.957623384062,169368.0
7789.1689357226105,170038.0
7789.380248061158,171257.0
7789.591560399706,171505.0
7789.802872738255,170257.0
7790.014185076803,170304.0
7790.225497415351,171287.0
7790.4368097539,170796.0
7790.648122092448,171687.0
7790.859434430997,173319.0
7791.070746769545,171166.0
7791.282059108093,170114.0
7791.4933714466415,171161.0
7791.704683785189,170637.0
7791.915996123737,168581.0
7792.127308462286,167905.0
7792.338620800834,169273.0
7792.549933139383,168758.0
7792.761245477931,168757.0
7792.972557816479,169469.0
7793.183870155028,165346.0
7793.395182493576,164972.0
7793.606494832124,166588.0
7793.8178071706725,164314.0
7794.02911950922,164596.0
7794.240431847769,164375.0
7794.451744186317,164610.0
7794.663056524865,165910.0
7794.874368863414,165183.0
7795.085681201962,166378.0
7795.29699354051,165668.0
7795.508305879059,164299.0
7795.719618217607,163077.0
7795.9309305561555,165323.0
7796.1422428947035,165178.0
7796.353555233251,162789.0
7796.5648675718,163506.0
7796.776179910348,163514.0
7796.987492248896,162767.0
7797.198804587445,164048.0
7797.410116925993,162415.0
7797.621429264542,161091.0
7797.83274160309,162959.0
7798.044053941638,162474.0
7798.2553662801865,162171.0
7798.4666786187345,164177.0
7798.677990957282,162582.0
7798.889303295831,160734.0
7799.100615634379,164591.0
7799.311927972927,165423.0
7799.523240311476,164524.0
7799.734552650024,161256.0
7799.945864988573,161034.0
7800.157177327121,158841.0
7800.368489665669,158319.0
7800.5798020042175,159033.0
7800.7911143427655,158284.0
7801.002426681313,158273.0
7801.213739019862,160083.0
7801.42505135841,160254.0
7801.636363696959,159988.0
7801.847676035507,158090.0
7802.058988374055,156899.0
7802.270300712604,156572.0
7802.481613051152,158168.0
7802.6929253897,156537.0
7802.9042377282485,157530.0
7803.1155500667965,158163.0
7803.326862405345,158024.0
7803.538174743893,155960.0
7803.749487082441,153046.0
7803.96079942099,152681.0
7804.172111759538,153205.0
7804.383424098086,154520.0
7804.594736436635,153354.0
7804.806048775183,153380.0
7805.017361113732,151533.0
7805.2286734522795,151597.0
7805.439985790827,150066.0
7805.651298129376,150358.0
7805.862610467924,150096.0
7806.073922806472,150316.0
7806.285235145021,151155.0
7806.496547483569,148714.0
7806.707859822118,148981.0
7806.919172160666,149719.0
7807.130484499214,148203.0
7807.341796837763,148644.0
7807.5531091763105,149588.0
7807.764421514858,148427.0
7807.975733853407,147908.0
7808.187046191955,146017.0
7808.398358530503,145147.0
7808.609670869052,146758.0
7808.8209832076,145643.0
7809.032295546149,147588.0
7809.243607884697,145175.0
7809.454920223245,144238.0
7809.666232561794,144269.0
7809.8775449003415,145386.0
7810.08885723889,144342.0
7810.300169577438,142528.0
7810.511481915986,141837.0
7810.722794254535,141162.0
7810.934106593083,141150.0
7811.145418931631,141642.0
7811.35673127018,143588.0
7811.568043608728,142082.0
7811.779355947276,142749.0
7811.9906682858245,142842.0
7812.2019806243725,141208.0
7812.413292962921,141318.0
7812.624605301469,141101.0
7812.835917640017,141249.0
7813.047229978566,140782.0
7813.258542317114,140692.0
7813.469854655662,140940.0
7813.681166994211,138763.0
7813.892479332759,136071.0
7814.103791671308,138867.0
7814.3151040098555,138594.0
7814.5264163484035,137573.0
7814.737728686952,138878.0
7814.9490410255,138037.0
7815.160353364048,138190.0
7815.371665702597,137780.0
7815.582978041145,135665.0
7815.794290379694,135555.0
7816.005602718242,137005.0
7816.21691505679,133399.0
7816.428227395339,134787.0
7816.6395397338865,132895.0
7816.8508520724345,134373.0
7817.062164410983,134373.0
7817.273476749531,135645.0
7817.48478908808,133061.0
7817.696101426628,132436.0
7817.907413765176,133503.0
7818.118726103725,132020.0
7818.330038442273,130634.0
7818.541350780821,131466.0
7818.75266311937,133011.0
7818.9639754579175,130793.0
7819.175287796466,129922.0
7819.386600135014,129517.0
7819.597912473562,130332.0
7819.809224812111,130323.0
7820.020537150659,130584.0
7820.231849489207,129844.0
7820.443161827756,128347.0
7820.654474166304,127883.0
7820.865786504852,129933.0
7821.077098843401,131080.0
7821.2884111819485,130127.0
7821.499723520497,128034.0
7821.711035859045,126332.0
7821.922348197593,125928.0
7822.133660536142,125360.0
7822.34497287469,124287.0
7822.556285213238,123005.0
7822.767597551787,123902.0
7822.978909890335,124146.0
7823.190222228884,122658.0
7823.401534567432,124787.0
7823.6128469059795,125521.0
7823.824159244528,125876.0
7824.035471583076,126070.0
7824.246783921624,124805.0
7824.458096260173,123493.0
7824.669408598721,124179.0
7824.88072093727,124692.0
7825.092033275818,123782.0
7825.303345614366,121677.0
7825.514657952915,120707.0
7825.7259702914625,120395.0
7825.9372826300105,120421.0
7826.148594968559,121897.0
7826.359907307107,120617.0
7826.571219645656,119833.0
7826.782531984204,118480.0
7826.993844322752,118106.0
7827.205156661301,118581.0
7827.416468999849,118332.0
7827.627781338397,120313.0
7827.839093676946,118868.0
7828.0504060154935,119078.0
7828.261718354042,122631.0
7828.47303069259,118222.0
7828.684343031138,114948.0
7828.895655369687,115809.0
7829.106967708235,117021.0
7829.318280046783,114727.0
7829.529592385332,112738.0
7829.74090472388,114241.0
7829.952217062428,114772.0
7830.163529400977,113632.0
7830.3748417395245,115327.0
7830.586154078073,114566.0
7830.797466416621,114171.0
7831.008778755169,113087.0
7831.220091093718,112404.0
7831.431403432266,109876.0
7831.642715770815,111689.0
7831.854028109363,112818.0
7832.065340447911,111981.0
7832.27665278646,110833.0
7832.487965125008,110537.0
7832.6992774635555,110599.0
7832.910589802104,108218.0
7833.121902140652,110340.0
7833.3332144792,111361.0
7833.544526817749,109679.0
7833.755839156297,111352.0
7833.967151494846,108511.0
7834.178463833394,109358.0
7834.389776171942,111169.0
7834.601088510491,110707.0
7834.812400849039,107436.0
7835.0237131875865,106812.0
7835.235025526135,107259.0
7835.446337864683,106324.0
7835.657650203232,107949.0
7835.86896254178,106406.0
7836.080274880328,105947.0
7836.291587218877,106039.0
7836.502899557425,106193.0
7836.714211895973,106705.0
7836.925524234522,106428.0
7837.13683657307,104432.0
7837.348148911618,106018.0
7837.559461250166,106324.0
7837.770773588714,104435.0
7837.982085927263,103356.0
7838.193398265811,102970.0
7838.404710604359,102993.0
7838.616022942908,102732.0
7838.827335281456,102032.0
7839.038647620005,102762.0
7839.249959958553,102047.0
7839.461272297101,99419.8
7839.672584635649,98963.4
7839.883896974197,103032.0
7840.095209312745,101951.0
7840.306521651294,100254.0
7840.517833989842,97337.6
7840.729146328391,97547.5
7840.940458666939,98009.2
7841.151771005487,95958.4
7841.363083344036,99010.6
7841.574395682584,98323.7
7841.7857080211315,96967.8
7841.99702035968,96660.5
7842.208332698228,96916.6
7842.419645036776,97192.3
7842.630957375325,97163.2
7842.842269713873,94295.4
7843.053582052422,95940.4
7843.26489439097,96050.9
7843.476206729518,95313.0
7843.687519068067,96412.3
7843.898831406615,97711.2
7844.1101437451625,95514.1
7844.321456083711,94333.2
7844.532768422259,93588.0
7844.744080760808,91789.0
7844.955393099356,90990.1
7845.166705437904,92635.5
7845.378017776453,93121.3
7845.589330115001,90590.4
7845.800642453549,90173.1
7846.011954792098,91368.6
7846.223267130646,90463.1
7846.434579469194,89826.7
7846.645891807742,91104.2
7846.85720414629,89758.2
7847.068516484839,87292.6
7847.279828823387,88587.0
7847.491141161935,89184.0
7847.702453500484,90555.0
7847.913765839032,90578.3
7848.125078177581,89337.6
7848.336390516129,89666.7
7848.547702854677,89260.8
7848.759015193225,87897.6
7848.970327531773,87815.9
7849.181639870321,88135.1
7849.39295220887,87586.0
7849.604264547418,86608.3
7849.815576885967,85399.2
7850.026889224515,84278.2
7850.238201563063,85719.4
7850.449513901612,83912.9
7850.66082624016,84406.8
7850.872138578708,84712.7
7851.083450917256,83995.0
7851.294763255804,81761.2
7851.506075594352,81240.0
7851.717387932901,82440.5
7851.928700271449,82785.1
7852.140012609998,84096.3
7852.351324948546,83134.5
7852.562637287094,84300.0
7852.773949625643,82307.2
7852.985261964191,80145.4
7853.1965743027395,79833.8
7853.407886641287,81114.5
7853.619198979835,80025.4
7853.830511318384,78167.9
7854.041823656932,81099.3
7854.25313599548,81556.7
7854.464448334029,79691.7
7854.675760672577,78171.0
7854.887073011125,78420.0
7855.098385349674,77652.8
7855.309697688222,77520.6
7855.52101002677,76753.4
7855.732322365318,76136.0
7855.943634703866,75798.6
7856.154947042415,77339.2
7856.366259380963,79579.7
7856.577571719511,76887.6
7856.78888405806,75607.8
7857.000196396608,76428.9
7857.211508735157,75891.0
7857.422821073705,76322.2
7857.634133412253,77353.9
7857.845445750801,76453.8
7858.056758089349,75076.4
7858.268070427897,74298.3
7858.479382766446,73335.6
7858.690695104994,74075.3
7858.902007443543,72834.1
7859.113319782091,72371.1
7859.324632120639,71418.1
7859.535944459188,72509.3
7859.747256797736,71826.8
7859.958569136284,69636.6
7860.169881474832,71774.0
7860.38119381338,71825.6
7860.592506151929,72411.5
7860.803818490477,73648.3
7861.015130829025,71588.1
7861.226443167574,71643.7
7861.437755506122,70992.7
7861.64906784467,68153.3
7861.860380183219,70217.7
7862.071692521767,70337.7
7862.2830048603155,68097.8
7862.494317198863,69193.8
7862.705629537411,72449.3
7862.91694187596,69763.3
7863.128254214508,66862.7
7863.339566553056,66788.8
7863.550878891605,68006.1
7863.762191230153,65376.9
7863.973503568701,65379.3
7864.18481590725,67504.6
7864.396128245798,65629.9
7864.6074405843465,62598.1
7864.818752922894,64029.8
7865.030065261442,64962.9
7865.241377599991,64169.5
7865.452689938539,64196.3
7865.664002277087,63990.4
7865.875314615636,64013.8
7866.086626954184,63309.4
7866.297939292733,62794.6
7866.509251631281,62459.7
7866.720563969829,61392.2
7866.9318763083775,61128.0
7867.143188646925,62283.1
7867.354500985473,57891.3
7867.565813324022,57634.4
7867.77712566257,58549.5
7867.988438001119,60455.9
7868.199750339667,60775.9
7868.411062678215,62890.5
7868.622375016764,61252.8
7868.833687355312,59556.3
7869.04499969386,61160.9
7869.2563120324085,61331.2
7869.467624370956,60567.4
7869.678936709505,58267.1
7869.890249048053,59327.3
7870.101561386601,59934.7
7870.31287372515,58115.5
7870.524186063698,59216.5
7870.735498402246,58873.5
7870.946810740795,56843.1
7871.158123079343,57914.5
7871.3694354178915,55499.0
7871.580747756439,53850.6
7871.792060094987,55833.6
7872.003372433536,56571.4
7872.214684772084,56043.8
7872.425997110632,56295.4
7872.637309449181,56177.8
7872.848621787729,55923.4
7873.059934126277,54338.7
7873.271246464826,53946.2
7873.482558803374,54547.2
7873.6938711419225,53953.6
7873.90518348047,52124.6
7874.116495819018,52303.5
7874.327808157567,53803.4
7874.539120496115,53227.2
7874.750432834664,52372.7
7874.961745173212,52460.4
7875.17305751176,53220.5
7875.384369850309,52239.9
7875.595682188857,53129.9
7875.806994527405,51198.0
7876.0183068659535,49309.4
7876.229619204501,49197.0
7876.440931543049,50669.9
7876.652243881598,50543.4
7876.863556220146,49509.5
7877.074868558695,49308.3
7877.286180897243,48370.6
7877.497493235791,47370.9
7877.70880557434,46119.8
7877.920117912888,45388.2
7878.131430251436,45660.7
7878.3427425899845,44677.4
7878.554054928532,46221.3
7878.765367267081,49481.6
7878.976679605629,47976.8
7879.187991944177,47134.6
7879.399304282726,47747.5
7879.610616621274,47747.8
7879.821928959822,49007.2
7880.033241298371,46557.8
7880.244553636919,45270.1
7880.4558659754675,46538.4
7880.6671783140155,45590.3
7880.878490652563,45395.2
7881.089802991112,46411.2
7881.30111532966,46183.0
7881.512427668208,43005.1
7881.723740006757,45170.3
7881.935052345305,43862.6
7882.146364683853,41718.9
7882.357677022402,42093.5
7882.56898936095,41248.4
7882.7803016994985,44602.0
7882.9916140380465,43217.6
7883.202926376594,43312.3
7883.414238715143,42247.9
7883.625551053691,41398.5
7883.83686339224,41427.7
7884.048175730788,42678.7
7884.259488069336,42038.9
7884.470800407885,42777.2
7884.682112746433,43088.1
7884.893425084981,41366.6
7885.1047374235295,40719.7
7885.3160497620775,43142.0
7885.527362100625,41007.6
7885.738674439174,40761.6
7885.949986777722,40265.7
7886.161299116271,39479.8
7886.372611454819,41643.3
7886.583923793367,40928.4
7886.795236131916,39090.2
7887.006548470464,37119.9
7887.217860809012,38621.3
7887.4291731475605,37150.0
7887.640485486108,38407.2
7887.851797824657,39865.9
7888.063110163205,39040.5
7888.274422501753,39061.7
7888.485734840302,36545.7
7888.69704717885,36210.3
7888.908359517398,33110.2
7889.119671855947,37188.4
7889.330984194495,37043.1
7889.542296533044,36903.7
7889.7536088715915,37777.3
7889.964921210139,36883.1
7890.176233548688,34828.4
7890.387545887236,36104.7
7890.598858225784,34122.5
7890.810170564333,34619.5
7891.021482902881,34262.1
7891.23279524143,34077.4
7891.444107579978,33794.6
7891.655419918526,34686.1
7891.866732257075,34479.9
7892.0780445956225,35289.9
7892.28935693417,35089.6
7892.500669272719,32325.5
7892.711981611267,33080.1
7892.923293949816,32666.3
7893.134606288364,32263.9
7893.345918626912,30188.5
7893.557230965461,31023.7
7893.768543304009,29368.6
7893.979855642557,30550.6
7894.1911679811055,29195.4
7894.4024803196535,30256.4
7894.613792658201,30500.2
7894.82510499675,30473.3
7895.036417335298,32223.6
7895.247729673847,29327.6
7895.459042012395,26625.5
7895.670354350943,27405.3
7895.881666689492,29023.8
7896.09297902804,29315.0
7896.304291366589,27816.4
