7605.7693023265,4938.43
7605.9790516054645,5702.14
7606.18880088443,7028.17
7606.398550163394,5850.11
7606.60829944236,4124.96
7606.818048721324,4407.56
7607.027798000288,5574.64
7607.237547279254,6744.24
7607.447296558218,7996.46
7607.657045837183,6555.58
7607.866795116148,4296.06
7608.076544395112,5073.46
7608.286293674078,8927.54
7608.496042953042,12098.0
7608.705792232007,10913.7
7608.915541510972,7026.94
7609.125290789936,5026.04
7609.335040068901,4480.98
7609.544789347866,5939.79
7609.754538626831,7340.02
7609.964287905796,7347.47
7610.17403718476,6153.97
7610.383786463725,5855.1
7610.59353574269,7607.57
7610.803285021655,11368.1
7611.013034300619,16849.0
7611.222783579584,18079.7
7611.432532858549,17060.8
7611.642282137514,13432.6
7611.852031416479,9036.65
7612.061780695443,6532.31
7612.271529974408,7460.73
7612.481279253373,10643.8
7612.691028532337,11492.7
7612.900777811302,9496.0
7613.110527090267,8858.24
7613.320276369232,10404.4
7613.530025648197,17385.0
7613.739774927161,25021.1
7613.949524206126,28809.9
7614.159273485091,29799.3
7614.369022764055,27806.4
7614.578772043021,23256.6
7614.788521321985,15042.2
7614.99827060095,10728.4
7615.208019879915,12046.0
7615.417769158879,17284.5
7615.627518437845,20957.7
7615.837267716809,19484.7
7616.047016995773,17686.3
7616.256766274739,21296.0
7616.466515553703,29050.8
7616.6762648326685,36964.4
7616.886014111633,42600.4
7617.095763390597,44825.8
7617.305512669563,45955.6
7617.515261948527,45921.7
7617.725011227492,45356.3
7617.934760506457,47590.3
7618.144509785421,47977.7
7618.3542590643865,47072.4
7618.564008343351,47250.0
7618.773757622316,47236.1
7618.983506901281,47045.5
7619.193256180245,47049.9
7619.40300545921,46965.8
7619.612754738175,46093.7
7619.82250401714,43677.2
7620.0322532961045,41634.1
7620.242002575069,38631.1
7620.451751854034,30893.3
7620.661501132999,21542.6
7620.871250411964,15374.0
7621.080999690928,15478.3
7621.290748969893,22460.8
7621.500498248858,31841.2
7621.7102475278225,37687.2
7621.919996806788,40735.2
7622.129746085752,42043.5
7622.339495364717,40851.3
7622.549244643682,35341.0
7622.758993922646,27337.2
7622.968743201612,18747.9
7623.178492480576,12191.3
7623.3882417595405,12395.4
7623.597991038506,15829.9
7623.80774031747,18845.9
7624.017489596436,16681.7
7624.2272388754,12620.3
7624.436988154364,10107.3
7624.64673743333,12797.4
7624.856486712294,21386.8
7625.0662359912585,29903.2
7625.275985270224,35296.0
7625.485734549188,40306.0
7625.695483828154,41459.8
7625.905233107118,41616.0
7626.114982386082,38163.3
7626.324731665048,30925.1
7626.534480944012,22337.3
7626.744230222977,14537.4
7626.953979501942,10212.3
7627.163728780906,9527.42
7627.373478059872,12234.6
7627.583227338836,13333.8
7627.792976617801,12499.6
7628.002725896766,10364.0
7628.21247517573,10165.2
7628.422224454695,14653.7
7628.63197373366,22728.2
7628.841723012625,31327.9
7629.05147229159,37471.2
7629.261221570554,41753.1
7629.470970849519,43101.5
7629.680720128484,42986.6
7629.890469407449,41948.8
7630.100218686413,38000.4
7630.309967965378,31016.8
7630.519717244343,22466.2
7630.729466523308,13853.0
7630.939215802273,9329.78
7631.148965081237,8981.29
7631.358714360202,11603.9
7631.568463639167,12887.8
7631.778212918131,11469.7
7631.987962197097,9675.63
7632.197711476061,10741.7
7632.407460755026,16874.5
7632.617210033991,26468.2
7632.826959312955,34696.7
7633.036708591921,41370.3
7633.246457870885,46776.9
7633.456207149849,48096.6
7633.665956428815,48330.9
7633.875705707779,47960.4
7634.0854549867445,45245.3
7634.295204265709,40593.9
7634.504953544673,33428.2
7634.714702823639,24147.0
7634.924452102603,15553.8
7635.134201381568,10960.7
7635.343950660533,11120.9
7635.553699939497,13028.3
7635.7634492184625,13818.9
7635.973198497427,12488.3
7636.182947776392,10871.8
7636.392697055357,13031.3
7636.602446334321,20459.0
7636.812195613286,30898.0
7637.021944892251,40432.0
7637.231694171215,47392.5
7637.4414434501805,51979.2
7637.651192729145,54362.9
7637.86094200811,54417.1
7638.070691287075,53631.4
7638.280440566039,53268.2
7638.490189845004,51038.8
7638.699939123969,45528.5
7638.909688402934,36599.7
7639.1194376818985,27070.6
7639.329186960863,18326.1
7639.538936239828,13231.4
7639.748685518793,13681.9
7639.958434797758,16629.8
7640.168184076722,17179.8
7640.377933355687,14782.8
7640.587682634652,13824.2
7640.7974319136165,17770.4
7641.007181192582,25619.8
7641.216930471546,36786.7
7641.426679750511,46331.2
7641.636429029476,52922.6
7641.84617830844,57113.4
7642.055927587406,58984.1
7642.26567686637,60567.7
7642.4754261453345,61198.1
7642.6851754243,60851.2
7642.894924703264,61100.5
7643.1046739822295,59152.1
7643.314423261194,52736.2
7643.524172540158,44236.3
7643.733921819124,33956.4
7643.943671098088,23238.9
7644.153420377053,17706.5
7644.363169656018,18578.1
7644.572918934982,21346.6
7644.7826682139475,21524.4
7644.992417492912,19673.0
7645.202166771877,18654.5
7645.411916050842,22849.0
7645.621665329806,32248.0
7645.831414608771,44666.7
7646.041163887736,54869.8
7646.250913166701,60364.5
7646.460662445666,66253.8
7646.67041172463,67723.8
7646.880161003595,68138.9
7647.08991028256,66450.6
7647.299659561525,67713.7
7647.509408840489,69851.7
7647.719158119454,70087.5
7647.928907398419,67334.6
7648.138656677384,61221.8
7648.348405956349,53034.9
7648.558155235313,41982.6
7648.767904514278,31457.2
7648.977653793243,25896.6
7649.187403072207,25644.5
7649.397152351172,28376.8
7649.606901630137,29213.3
7649.816650909102,28378.8
7650.026400188067,27807.3
7650.236149467031,30345.9
7650.445898745996,40058.0
7650.655648024961,52661.8
7650.865397303925,62870.7
7651.075146582891,69051.0
7651.284895861855,71519.3
7651.49464514082,73428.6
7651.704394419785,74995.9
7651.914143698749,75925.2
7652.123892977715,76747.1
7652.333642256679,76349.8
7652.543391535643,74572.0
7652.753140814609,73583.0
7652.962890093573,72210.5
7653.1726393725385,69163.6
7653.382388651503,63478.2
7653.592137930467,54302.6
7653.801887209433,43112.4
7654.011636488397,36513.2
7654.221385767362,36084.6
7654.431135046327,38182.0
7654.640884325291,39024.7
7654.8506336042565,36438.0
7655.060382883221,36987.2
7655.270132162186,40011.8
7655.479881441151,48279.1
7655.689630720115,59580.1
7655.89937999908,70027.3
7656.109129278045,77577.8
7656.31887855701,80659.6
7656.5286278359745,80796.4
7656.738377114939,81728.2
7656.948126393904,82679.9
7657.157875672869,81739.3
7657.367624951834,82275.7
7657.577374230798,83053.4
7657.787123509763,84606.7
7657.996872788728,83532.9
7658.2066220676925,81110.5
7658.416371346658,78134.1
7658.626120625622,72440.6
7658.835869904587,64088.8
7659.045619183552,55564.8
7659.255368462516,49191.7
7659.465117741482,46387.4
7659.674867020446,47847.0
7659.8846162994105,50400.3
7660.094365578376,48878.8
7660.30411485734,47371.0
7660.5138641363055,49001.7
7660.72361341527,56171.6
7660.933362694234,66864.0
7661.1431119732,75964.0
7661.352861252164,82176.0
7661.5626105311285,85892.3
7661.772359810094,88178.2
7661.982109089058,86580.1
7662.1918583680235,87622.9
7662.401607646988,88757.8
7662.611356925952,90307.1
7662.821106204918,88951.4
7663.030855483882,89861.2
7663.240604762847,92667.3
7663.450354041812,90706.5
7663.660103320776,88176.6
7663.8698525997415,87054.4
7664.079601878706,82722.6
7664.289351157671,74040.4
7664.499100436636,67063.0
7664.7088497156,61304.6
7664.918598994565,58523.7
7665.12834827353,59198.4
7665.338097552495,60387.4
7665.5478468314595,60497.1
7665.757596110424,59724.3
7665.967345389389,61104.1
7666.177094668354,67350.3
7666.386843947319,74296.0
7666.596593226283,83222.3
7666.806342505248,90563.4
7667.016091784213,91602.6
7667.2258410631775,91826.5
7667.435590342143,91615.1
7667.645339621107,91734.3
7667.855088900072,92688.4
7668.064838179037,93326.9
7668.274587458001,94288.6
7668.484336736967,94661.9
7668.694086015931,93688.0
7668.9038352948955,94868.4
7669.113584573861,94026.0
7669.323333852825,93761.7
7669.533083131791,92720.0
7669.742832410755,90647.7
7669.952581689719,86725.3
7670.162330968685,80530.4
7670.372080247649,74984.0
7670.5818295266145,72226.0
7670.791578805579,71359.7
7671.001328084543,71730.1
7671.211077363509,72642.8
7671.420826642473,72433.3
7671.630575921438,72812.9
7671.840325200403,74808.7
7672.050074479367,79903.5
7672.2598237583325,87973.6
7672.469573037297,93423.6
7672.679322316262,94740.5
7672.889071595227,95513.5
7673.098820874191,96320.4
7673.308570153156,97583.9
7673.518319432121,98775.7
7673.728068711085,97195.5
7673.9378179900505,99318.8
7674.147567269015,101191.0
7674.35731654798,98657.7
7674.567065826945,97472.9
7674.776815105909,97871.6
7674.986564384874,97926.1
7675.196313663839,98781.8
7675.406062942804,99044.6
7675.6158122217685,96595.6
7675.825561500733,92316.0
7676.035310779698,87974.6
7676.245060058663,85043.9
7676.454809337628,83969.8
7676.664558616592,83601.5
7676.874307895557,83364.7
7677.084057174522,81697.1
7677.2938064534865,80973.3
7677.503555732452,80621.4
7677.713305011416,83056.1
7677.923054290381,87042.9
7678.132803569346,92848.7
7678.34255284831,98126.7
7678.552302127276,100171.0
7678.76205140624,101858.0
7678.9718006852045,102016.0
7679.18154996417,100822.0
7679.391299243134,101421.0
7679.6010485220995,102479.0
7679.810797801064,102190.0
7680.020547080028,102835.0
7680.230296358994,102801.0
7680.440045637958,103320.0
7680.649794916923,103936.0
7680.859544195888,102152.0
7681.069293474852,100800.0
7681.2790427538175,102018.0
7681.488792032782,102697.0
7681.698541311747,101915.0
7681.908290590712,100259.0
7682.118039869676,97877.5
7682.327789148641,94254.2
7682.537538427606,91907.4
7682.747287706571,90563.0
7682.9570369855355,91472.2
7683.1667862645,92416.0
7683.376535543465,91475.7
7683.58628482243,91374.2
7683.796034101395,91604.1
7684.005783380359,93123.3
7684.215532659324,96924.3
7684.425281938289,99876.1
7684.6350312172535,102238.0
7684.844780496219,102567.0
7685.054529775183,103464.0
7685.264279054148,103853.0
7685.474028333113,101447.0
7685.683777612077,102815.0
7685.893526891042,106446.0
7686.103276170007,106473.0
7686.3130254489715,103957.0
7686.522774727937,103762.0
7686.732524006901,104649.0
7686.942273285866,104789.0
7687.152022564831,104410.0
7687.361771843795,103888.0
7687.571521122761,105518.0
7687.781270401725,105862.0
7687.9910196806895,103249.0
7688.200768959655,103046.0
7688.410518238619,102563.0
7688.620267517585,102042.0
7688.830016796549,100354.0
7689.039766075513,98383.2
7689.249515354479,98163.0
7689.459264633443,97600.0
7689.669013912408,96044.1
7689.878763191373,95295.8
7690.088512470337,96981.4
7690.298261749303,99816.3
7690.508011028267,100747.0
7690.717760307232,101846.0
7690.927509586197,105010.0
7691.137258865161,106391.0
7691.347008144126,106693.0
7691.556757423091,106149.0
7691.766506702056,106673.0
7691.976255981021,105844.0
7692.186005259985,105667.0
7692.39575453895,105604.0
7692.605503817915,106622.0
7692.81525309688,106970.0
7693.025002375844,106062.0
7693.234751654809,106896.0
7693.444500933774,107964.0
7693.654250212739,107972.0
7693.863999491704,109307.0
7694.073748770668,108551.0
7694.283498049633,106257.0
7694.493247328598,107051.0
7694.702996607562,107049.0
7694.912745886528,108060.0
7695.122495165492,106839.0
7695.332244444457,105653.0
7695.541993723422,104630.0
7695.751743002386,104877.0
7695.961492281352,105491.0
7696.171241560316,103823.0
7696.3809908392805,103228.0
7696.590740118246,105677.0
7696.80048939721,106265.0
7697.0102386761755,105582.0
7697.21998795514,106164.0
7697.429737234104,105704.0
7697.63948651307,107554.0
7697.849235792034,109047.0
7698.0589850709985,109067.0
7698.268734349964,108841.0
7698.478483628928,109152.0
7698.6882329078935,109280.0
7698.897982186858,109752.0
7699.107731465822,108150.0
7699.317480744788,107041.0
7699.527230023752,107937.0
7699.736979302717,110368.0
7699.946728581682,111294.0
7700.156477860646,110457.0
7700.3662271396115,111063.0
7700.575976418576,112336.0
7700.785725697541,112280.0
7700.995474976506,111210.0
7701.20522425547,110070.0
7701.414973534435,110215.0
7701.6247228134,108477.0
7701.834472092365,108932.0
7702.0442213713295,108869.0
7702.253970650294,107072.0
7702.463719929259,105538.0
7702.673469208224,106883.0
7702.883218487189,108192.0
7703.092967766153,109521.0
7703.302717045118,109791.0
7703.512466324083,108939.0
7703.7222156030475,107192.0
7703.931964882013,107575.0
7704.141714160977,108193.0
7704.351463439942,107855.0
7704.561212718907,108526.0
7704.770961997871,107211.0
7704.980711276837,108007.0
7705.190460555801,110022.0
7705.4002098347655,111320.0
7705.609959113731,112196.0
7705.819708392695,110890.0
7706.029457671661,110306.0
7706.239206950625,109209.0
7706.448956229589,109151.0
7706.658705508555,109805.0
7706.868454787519,109954.0
7707.078204066484,110449.0
7707.287953345449,111104.0
7707.497702624413,112310.0
7707.707451903379,111851.0
7707.917201182343,110914.0
7708.126950461308,111431.0
7708.336699740273,111139.0
7708.546449019237,109412.0
7708.756198298202,109861.0
7708.965947577167,113044.0
7709.175696856132,113699.0
7709.385446135097,112556.0
7709.595195414061,110606.0
7709.804944693026,109518.0
7710.014693971991,109758.0
7710.224443250956,112016.0
7710.43419252992,110552.0
7710.643941808885,110434.0
7710.85369108785,112079.0
7711.063440366815,112669.0
7711.273189645779,110679.0
7711.482938924744,109566.0
7711.692688203709,109811.0
7711.902437482674,110203.0
7712.112186761638,110510.0
7712.321936040603,110129.0
7712.531685319568,111316.0
7712.741434598533,112217.0
7712.951183877498,111915.0
7713.160933156462,111754.0
7713.370682435427,109786.0
7713.580431714392,110844.0
7713.790180993356,112399.0
7713.999930272322,111154.0
7714.209679551286,111892.0
7714.419428830251,111588.0
7714.629178109216,109517.0
7714.83892738818,111847.0
7715.048676667146,111251.0
7715.25842594611,110696.0
7715.468175225074,111117.0
7715.67792450404,112383.0
7715.887673783004,112872.0
7716.0974230619695,111065.0
7716.307172340934,109948.0
7716.516921619898,109071.0
7716.726670898864,110445.0
7716.936420177828,112621.0
7717.146169456793,113265.0
7717.355918735758,111962.0
7717.565668014722,111378.0
7717.7754172936875,110591.0
7717.985166572652,108997.0
7718.194915851617,109812.0
7718.404665130582,110301.0
7718.614414409546,109651.0
7718.824163688511,107831.0
7719.033912967476,108342.0
7719.243662246441,109344.0
7719.4534115254055,108491.0
7719.66316080437,109467.0
7719.872910083335,110928.0
7720.0826593623,108547.0
7720.292408641265,109100.0
7720.502157920229,110542.0
7720.711907199194,109827.0
7720.921656478159,109104.0
7721.1314057571235,109009.0
7721.341155036089,110115.0
7721.550904315053,108833.0
7721.760653594018,109675.0
7721.970402872983,108912.0
7722.180152151947,108627.0
7722.389901430912,109109.0
7722.599650709877,108807.0
7722.8093999888415,108101.0
7723.019149267807,108085.0
7723.228898546771,108766.0
7723.438647825736,109261.0
7723.648397104701,109045.0
7723.858146383665,109260.0
7724.067895662631,111541.0
7724.277644941595,111475.0
7724.4873942205595,109577.0
7724.697143499525,109658.0
7724.906892778489,108924.0
7725.116642057455,107786.0
7725.326391336419,108240.0
7725.536140615383,109869.0
7725.745889894349,110216.0
7725.955639173313,108558.0
7726.165388452278,107345.0
7726.375137731243,107047.0
7726.584887010207,108024.0
7726.794636289173,109417.0
7727.004385568137,110352.0
7727.214134847102,107540.0
7727.423884126067,105829.0
7727.633633405031,108515.0
7727.843382683996,109109.0
7728.053131962961,108439.0
7728.262881241926,108350.0
7728.472630520891,109326.0
7728.682379799855,109413.0
7728.89212907882,107440.0
7729.101878357785,108248.0
7729.31162763675,108227.0
7729.521376915714,107670.0
7729.731126194679,107354.0
7729.940875473644,106727.0
7730.150624752609,107244.0
7730.360374031574,108138.0
7730.570123310538,109192.0
7730.779872589503,108616.0
7730.989621868468,107842.0
7731.199371147432,107482.0
7731.409120426398,108834.0
7731.618869705362,108313.0
7731.828618984327,106886.0
7732.038368263292,108112.0
7732.248117542256,108987.0
7732.457866821222,107632.0
7732.667616100186,106952.0
7732.87736537915,107108.0
7733.087114658116,106344.0
7733.29686393708,107057.0
7733.5066132160455,105521.0
7733.71636249501,105735.0
7733.926111773974,107609.0
7734.13586105294,106730.0
7734.345610331904,106746.0
7734.555359610869,106760.0
7734.765108889834,108022.0
7734.974858168798,106104.0
7735.1846074477635,107267.0
7735.394356726728,107478.0
7735.604106005692,106549.0
7735.813855284658,107343.0
7736.023604563622,108000.0
7736.233353842587,106295.0
7736.443103121552,105137.0
7736.652852400516,106779.0
7736.8626016794815,106184.0
7737.072350958446,105583.0
7737.282100237411,105748.0
7737.491849516376,106901.0
7737.70159879534,105715.0
7737.911348074305,103994.0
7738.12109735327,105702.0
7738.330846632235,106849.0
7738.5405959111995,106223.0
7738.750345190164,106193.0
7738.960094469129,106853.0
7739.169843748094,105544.0
7739.379593027059,104567.0
7739.589342306023,104629.0
7739.799091584988,103895.0
7740.008840863953,104624.0
7740.2185901429175,104646.0
7740.428339421883,104910.0
7740.638088700847,104382.0
7740.847837979812,105288.0
7741.057587258777,106828.0
7741.267336537741,105865.0
7741.477085816707,104030.0
7741.686835095671,104421.0
7741.8965843746355,106291.0
7742.106333653601,104679.0
7742.316082932565,102334.0
7742.5258322115305,103835.0
7742.735581490495,105212.0
7742.945330769459,103680.0
7743.155080048425,103750.0
7743.364829327389,104415.0
7743.574578606354,103572.0
7743.784327885319,104545.0
7743.994077164283,105380.0
7744.2038264432485,102982.0
7744.413575722213,103359.0
7744.623325001178,102776.0
7744.833074280143,103215.0
7745.042823559107,104128.0
7745.252572838072,103466.0
7745.462322117037,102939.0
7745.672071396002,102530.0
7745.881820674967,101930.0
7746.091569953931,102797.0
7746.301319232896,103491.0
7746.511068511861,101095.0
7746.720817790825,101904.0
7746.93056706979,101973.0
7747.140316348755,105406.0
7747.35006562772,104539.0
7747.559814906685,100473.0
7747.769564185649,102240.0
7747.979313464614,103098.0
7748.189062743579,102611.0
7748.398812022544,102653.0
7748.608561301508,103543.0
7748.818310580473,101433.0
7749.028059859438,101374.0
7749.237809138403,102362.0
7749.447558417368,102343.0
7749.657307696332,100936.0
7749.867056975297,99942.5
7750.076806254262,101094.0
7750.286555533226,101198.0
7750.496304812192,101652.0
7750.706054091156,101205.0
7750.915803370121,99710.4
7751.125552649086,100080.0
7751.33530192805,102195.0
7751.545051207016,103823.0
7751.75480048598,102537.0
7751.964549764944,102369.0
7752.17429904391,100967.0
7752.384048322874,99221.1
7752.5937976018395,99892.8
7752.803546880804,100387.0
7753.013296159768,99985.3
7753.223045438734,100934.0
7753.432794717698,100878.0
7753.642543996663,99110.1
7753.852293275628,98996.2
7754.062042554592,99161.1
7754.2717918335575,98160.8
7754.481541112522,99890.1
7754.691290391487,100601.0
7754.901039670452,99159.6
7755.110788949416,97992.5
7755.320538228381,98044.6
7755.530287507346,100425.0
7755.740036786311,100219.0
7755.9497860652755,98688.6
7756.15953534424,99148.3
7756.369284623205,100052.0
7756.57903390217,99293.1
7756.788783181135,98617.7
7756.998532460099,98716.7
7757.208281739064,99073.8
7757.418031018029,98340.1
7757.6277802969935,97454.8
7757.837529575959,100359.0
7758.047278854923,101331.0
7758.257028133888,99681.4
7758.466777412853,98972.3
7758.676526691817,97734.3
7758.886275970783,98563.6
7759.096025249747,99071.8
7759.3057745287115,97696.4
7759.515523807677,96595.6
7759.725273086641,96170.8
7759.935022365606,96941.0
7760.144771644571,97810.4
7760.354520923535,98120.5
7760.564270202501,98172.8
7760.774019481465,98066.6
7760.9837687604295,97243.3
7761.193518039395,95677.3
7761.403267318359,94658.1
7761.6130165973245,95872.2
7761.822765876289,96481.0
7762.032515155253,95588.9
7762.242264434219,95797.9
7762.452013713183,95378.0
7762.661762992148,96537.2
7762.871512271113,96898.8
7763.081261550077,95141.7
7763.2910108290425,95437.5
7763.500760108007,96007.6
7763.710509386972,95618.6
7763.920258665937,95187.4
7764.130007944901,94571.3
7764.339757223866,95166.6
7764.549506502831,95287.5
7764.759255781796,94709.9
7764.9690050607605,95057.5
7765.178754339725,93535.8
7765.38850361869,94918.0
7765.598252897655,95786.6
7765.80800217662,94492.7
7766.017751455584,94214.2
7766.227500734549,93803.1
7766.437250013514,94853.0
7766.6469992924785,95166.3
7766.856748571444,96547.7
7767.066497850408,95559.5
7767.276247129373,96107.4
7767.485996408338,94889.1
7767.695745687302,93558.4
7767.905494966268,92774.4
7768.115244245232,92489.0
7768.3249935241965,92605.1
7768.534742803162,94352.4
7768.744492082126,94452.9
7768.954241361092,95043.2
7769.163990640056,96661.3
7769.37373991902,93473.4
7769.583489197986,91013.9
7769.79323847695,91344.0
7770.0029877559155,93034.9
7770.21273703488,93791.7
7770.422486313844,93309.8
7770.63223559281,93937.7
7770.841984871774,94643.2
7771.051734150738,94920.1
7771.261483429704,94026.5
7771.471232708668,92038.4
7771.6809819876335,91582.8
7771.890731266598,90545.6
7772.100480545563,89696.5
7772.310229824528,90075.9
7772.519979103492,90650.3
7772.729728382457,90392.9
7772.939477661422,90419.2
7773.149226940386,91422.2
7773.3589762193515,90364.2
7773.568725498316,91165.1
7773.778474777281,89381.6
7773.988224056246,89627.1
7774.19797333521,89541.7
7774.407722614175,89191.3
7774.61747189314,88921.0
7774.827221172105,89207.3
7775.0369704510695,90509.9
7775.246719730034,89309.7
7775.456469008999,89153.2
7775.666218287964,90403.7
7775.875967566929,89884.9
7776.085716845893,90253.5
7776.295466124858,90253.9
7776.505215403823,90007.6
7776.7149646827875,88721.1
7776.924713961753,89073.9
7777.134463240717,89218.6
7777.344212519682,88230.0
7777.553961798647,89047.9
7777.763711077611,88825.4
7777.973460356577,89383.9
7778.183209635541,89573.2
7778.3929589145055,91103.4
7778.602708193471,90976.8
7778.812457472435,88810.6
7779.0222067514005,89410.9
7779.231956030365,90251.3
7779.441705309329,90529.7
7779.651454588295,89946.1
7779.861203867259,89162.7
7780.070953146224,87566.8
7780.280702425189,86190.5
7780.490451704153,85731.5
7780.7002009831185,88045.0
7780.909950262083,90143.8
7781.119699541048,90068.0
7781.329448820013,87734.6
7781.539198098977,86181.8
7781.748947377942,85436.7
7781.958696656907,85800.4
7782.168445935872,88301.6
7782.3781952148365,88443.3
7782.587944493801,87006.4
7782.797693772766,88334.8
7783.007443051731,86841.6
7783.217192330696,83279.8
7783.42694160966,83317.9
7783.636690888625,85336.7
7783.84644016759,84829.6
7784.0561894465545,85453.4
7784.265938725519,86639.7
7784.475688004484,85910.7
7784.685437283449,86184.7
7784.895186562414,85962.8
7785.104935841378,85671.7
7785.314685120343,84197.4
7785.524434399308,82930.3
7785.7341836782725,82929.0
7785.943932957238,82985.9
7786.153682236202,83936.5
7786.363431515167,83990.4
7786.573180794132,84881.5
7786.782930073096,84364.7
7786.992679352062,83986.1
7787.202428631026,83183.6
7787.4121779099905,82044.6
7787.621927188956,83250.1
7787.83167646792,84245.6
7788.041425746886,83976.5
7788.25117502585,82829.1
7788.460924304814,81770.7
7788.67067358378,81571.8
7788.880422862744,83492.0
7789.090172141709,82550.4
7789.299921420674,82916.7
7789.509670699638,81669.9
7789.719419978604,81780.5
7789.929169257568,82761.8
7790.138918536533,82144.5
7790.348667815498,82474.7
7790.558417094462,82138.7
7790.768166373427,79932.7
7790.977915652392,80440.4
7791.187664931357,81583.0
7791.397414210322,81341.2
7791.607163489286,82047.4
7791.816912768251,81896.6
7792.026662047216,82199.2
7792.236411326181,81371.6
7792.446160605145,81507.6
7792.65590988411,80867.8
7792.865659163075,81322.3
7793.07540844204,81082.5
7793.285157721005,79130.5
7793.494906999969,80311.8
7793.704656278934,81053.3
7793.914405557899,80160.7
7794.124154836863,79884.5
7794.333904115829,80762.7
7794.543653394793,81309.9
7794.753402673758,79492.3
7794.963151952723,80448.7
7795.172901231687,78558.2
7795.382650510652,78046.6
7795.592399789617,77367.9
7795.8021490685815,77858.7
7796.011898347547,78957.5
7796.221647626511,78079.9
7796.4313969054765,78447.9
7796.641146184441,78830.9
7796.850895463405,78417.9
7797.060644742371,77337.9
7797.270394021335,77144.4
7797.4801433002995,77883.5
7797.689892579265,77601.9
7797.899641858229,76455.6
7798.1093911371945,77877.4
7798.319140416159,78476.9
7798.528889695123,77621.6
7798.738638974089,75869.9
7798.948388253053,76113.9
7799.158137532018,77421.7
7799.367886810983,77971.3
7799.577636089947,77390.1
7799.7873853689125,76549.8
7799.997134647877,76293.6
7800.206883926842,76153.5
7800.416633205807,76903.3
7800.626382484771,75781.0
7800.836131763736,74238.2
7801.045881042701,74868.1
7801.255630321666,74682.5
7801.4653796006305,74016.6
7801.675128879595,73900.9
7801.88487815856,73894.1
7802.094627437525,72743.0
7802.30437671649,75703.6
7802.514125995454,75437.6
7802.723875274419,74661.8
7802.933624553384,74232.9
7803.1433738323485,72209.0
7803.353123111314,74148.9
7803.562872390278,74813.4
7803.772621669243,73906.3
7803.982370948208,73647.4
7804.192120227172,72482.5
7804.401869506138,72290.5
7804.611618785102,71398.7
7804.8213680640665,72140.9
7805.031117343032,71410.0
7805.240866621996,71083.9
7805.450615900962,72849.0
7805.660365179926,72272.0
7805.87011445889,71100.4
7806.079863737856,72239.1
7806.28961301682,71561.0
7806.499362295785,71039.7
7806.70911157475,71271.0
7806.918860853714,70723.5
7807.12861013268,72301.7
7807.338359411644,72720.6
7807.548108690609,72194.6
7807.757857969574,72280.4
7807.967607248538,71125.8
7808.177356527503,69948.8
7808.387105806468,71284.9
7808.596855085432,70310.8
7808.806604364398,68709.3
7809.016353643362,70199.4
7809.226102922327,70505.9
7809.435852201292,69248.8
7809.645601480256,69340.3
7809.855350759221,69412.3
7810.065100038186,69735.9
7810.274849317151,70525.0
7810.484598596116,69962.5
7810.69434787508,70838.1
7810.904097154045,68471.3
7811.11384643301,67256.0
7811.323595711975,68193.1
7811.533344990939,68091.6
7811.743094269904,68760.3
7811.952843548869,68232.6
7812.162592827834,68209.5
7812.372342106799,68160.4
7812.582091385763,66245.2
7812.791840664728,65958.4
7813.001589943693,66821.5
7813.211339222657,66773.6
7813.421088501623,65758.6
7813.630837780587,66500.3
7813.840587059552,66505.5
7814.050336338517,66122.2
7814.260085617481,66951.1
7814.469834896447,66238.3
7814.679584175411,64884.7
7814.889333454375,66378.7
7815.099082733341,66790.9
7815.308832012305,64951.2
7815.5185812912705,64873.4
7815.728330570235,64308.2
7815.938079849199,64335.1
7816.147829128165,64846.6
7816.357578407129,64492.8
7816.567327686094,63786.9
7816.777076965059,62749.9
7816.986826244023,63231.3
7817.1965755229885,65350.0
7817.406324801953,64533.0
7817.616074080918,63006.9
7817.825823359883,63587.1
7818.035572638847,64426.2
7818.245321917812,63888.5
7818.455071196777,63771.1
7818.664820475742,63496.4
7818.8745697547065,63915.8
7819.084319033671,63004.2
7819.294068312636,63798.5
7819.503817591601,63938.6
7819.713566870565,63941.8
7819.92331614953,62963.0
7820.133065428495,61621.7
7820.34281470746,61080.4
7820.5525639864245,60986.2
7820.76231326539,60883.2
7820.972062544354,61524.3
7821.181811823319,63216.9
7821.391561102284,61523.1
7821.601310381248,60854.6
7821.811059660213,60230.8
7822.020808939178,60627.9
7822.2305582181425,60823.3
7822.440307497108,61981.5
7822.650056776072,62033.6
7822.859806055037,61495.5
7823.069555334002,61693.5
7823.279304612966,62426.9
7823.489053891932,61368.2
7823.698803170896,59714.7
7823.9085524498605,60428.2
7824.118301728826,60152.7
7824.32805100779,59259.6
7824.537800286756,60059.9
7824.74754956572,59236.6
7824.957298844684,60025.6
7825.16704812365,60387.4
7825.376797402614,59995.4
7825.586546681579,58933.4
7825.796295960544,58425.3
7826.006045239508,57995.1
7826.215794518474,58611.7
7826.425543797438,58505.1
7826.635293076403,58642.6
7826.845042355368,58540.2
7827.054791634332,58642.2
7827.264540913297,57553.8
7827.474290192262,57753.8
7827.684039471227,57295.3
7827.893788750192,57993.6
7828.103538029156,57639.4
7828.313287308121,57808.0
7828.523036587086,57237.5
7828.732785866051,56537.4
7828.942535145015,56850.5
7829.15228442398,57430.2
7829.362033702945,55540.3
7829.57178298191,55978.4
7829.781532260875,55088.8
7829.991281539839,55696.6
7830.201030818804,56433.0
7830.410780097769,57095.8
7830.620529376733,56424.2
7830.830278655699,54909.1
7831.040027934663,53841.8
7831.249777213628,54234.7
7831.459526492593,55050.6
7831.669275771557,55280.2
7831.879025050523,54332.9
7832.088774329487,54260.5
7832.298523608451,54273.9
7832.508272887417,53724.5
7832.718022166381,53830.8
7832.927771445346,54293.1
7833.137520724311,54670.4
7833.347270003275,54182.4
7833.557019282241,52450.8
7833.766768561205,51579.3
7833.976517840169,53214.0
7834.186267119135,53555.2
7834.396016398099,52842.7
7834.6057656770645,52952.6
7834.815514956029,52218.7
7835.025264234993,51026.6
7835.235013513959,51119.2
7835.444762792923,51958.4
7835.654512071888,52170.3
7835.864261350853,51752.9
7836.074010629817,52058.2
7836.2837599087825,51347.1
7836.493509187747,51767.5
7836.703258466712,52222.3
7836.913007745677,51974.3
7837.122757024641,51163.7
7837.332506303606,50411.1
7837.542255582571,50728.0
7837.752004861536,50601.7
7837.9617541405005,50689.6
7838.171503419465,49455.8
7838.38125269843,50633.6
7838.591001977395,49849.7
7838.80075125636,49582.7
7839.010500535324,49633.3
7839.220249814289,51141.9
7839.429999093254,49260.8
7839.6397483722185,49757.9
7839.849497651184,49349.6
7840.059246930148,48390.9
7840.268996209113,48403.6
7840.478745488078,48547.6
7840.688494767042,48162.8
7840.898244046008,47791.2
7841.107993324972,47783.0
7841.3177426039365,47483.5
7841.527491882902,46820.4
7841.737241161866,47916.6
7841.9469904408315,48572.0
7842.156739719796,48225.9
7842.36648899876,47651.0
7842.576238277726,47769.8
7842.78598755669,48071.1
7842.995736835655,47878.9
7843.20548611462,46494.6
7843.415235393584,44657.1
7843.6249846725495,46890.3
7843.834733951514,45962.1
7844.044483230478,46475.6
7844.254232509444,46534.5
7844.463981788408,45562.4
7844.673731067373,45744.1
7844.883480346338,45695.9
7845.093229625303,45272.6
7845.302978904268,45186.2
7845.512728183232,45708.7
7845.722477462197,46085.5
7845.932226741162,44991.1
7846.141976020126,44712.1
7846.351725299091,44781.3
7846.561474578056,43961.0
7846.771223857021,44360.3
7846.980973135986,43947.0
7847.19072241495,43079.8
7847.400471693915,43112.7
7847.61022097288,43440.3
7847.819970251845,43171.2
7848.029719530809,42604.2
7848.239468809774,44502.4
7848.449218088739,43519.1
7848.658967367704,43435.3
7848.868716646669,41296.6
7849.078465925633,41900.3
7849.288215204598,43124.7
7849.497964483563,42135.3
7849.707713762527,40464.7
7849.917463041493,43090.8
7850.127212320457,41939.3
7850.336961599422,42811.0
7850.546710878387,41370.5
7850.756460157351,42080.1
7850.966209436317,42616.1
7851.175958715281,40985.1
7851.385707994245,40108.7
7851.595457273211,38611.1
7851.805206552175,39728.7
7852.0149558311405,40641.0
7852.224705110105,40404.5
7852.434454389069,40619.5
7852.644203668035,41350.9
7852.853952946999,40765.3
7853.063702225964,39523.9
7853.273451504929,39572.6
7853.483200783893,40210.2
7853.6929500628585,39704.2
7853.902699341823,38567.7
7854.112448620788,39449.0
7854.322197899753,38912.1
7854.531947178717,40402.1
7854.741696457682,40132.2
7854.951445736647,38443.8
7855.161195015612,38824.4
7855.3709442945765,38018.6
7855.580693573541,38176.9
7855.790442852506,38652.6
7856.000192131471,38024.5
7856.209941410436,38707.8
7856.4196906894,38662.4
7856.629439968365,38854.8
7856.83918924733,39118.5
7857.0489385262945,37807.2
7857.258687805259,37909.3
7857.468437084224,38088.2
7857.678186363189,37429.5
7857.887935642154,36918.5
7858.097684921118,36617.6
7858.307434200083,36669.6
7858.517183479048,37455.3
7858.7269327580125,35806.3
7858.936682036978,36914.6
7859.146431315942,36884.2
7859.356180594907,36363.1
7859.565929873872,35377.9
7859.775679152836,35183.5
7859.985428431802,36008.6
7860.195177710766,34884.0
7860.4049269897305,35258.5
7860.614676268696,36459.3
7860.82442554766,34978.4
7861.0341748266255,35152.8
7861.24392410559,34725.4
7861.453673384554,35012.2
7861.66342266352,34687.9
7861.873171942484,35496.5
7862.082921221449,35085.0
7862.292670500414,34651.9
7862.502419779378,35158.6
7862.7121690583435,34217.4
7862.921918337308,34313.9
7863.131667616273,34752.9
7863.341416895238,33492.4
7863.551166174202,33608.2
7863.760915453167,33814.7
7863.970664732132,33070.1
7864.180414011097,33330.3
7864.3901632900615,32714.3
7864.599912569026,32517.3
7864.809661847991,33144.1
7865.019411126956,32680.3
7865.229160405921,33484.8
7865.438909684885,32476.2
7865.64865896385,31825.4
7865.858408242815,31472.6
7866.0681575217795,30521.8
7866.277906800745,31108.7
7866.487656079709,30493.9
7866.697405358674,31388.0
7866.907154637639,31019.6
7867.116903916603,31347.9
7867.326653195569,31439.8
7867.536402474533,32254.8
7867.7461517534975,31011.3
7867.955901032463,30805.5
7868.165650311427,31707.6
7868.375399590392,31190.5
7868.585148869357,30331.1
7868.794898148321,29314.0
7869.004647427287,28531.1
7869.214396706251,28883.5
7869.4241459852165,29291.1
7869.633895264181,29459.3
7869.843644543145,28875.8
7870.053393822111,30624.0
7870.263143101075,29437.1
7870.472892380039,28266.4
7870.682641659005,28095.4
7870.892390937969,29377.8
7871.1021402169345,27984.4
7871.311889495899,29258.6
7871.521638774863,28550.1
7871.731388053829,28470.6
7871.941137332793,27383.9
7872.150886611758,27922.1
7872.360635890723,28401.7
7872.570385169687,27675.5
7872.7801344486525,28352.8
7872.989883727617,27713.6
7873.199633006582,27442.9
7873.409382285547,27712.1
7873.619131564511,27078.5
7873.828880843476,27045.0
7874.038630122441,26795.8
7874.248379401406,25973.4
7874.4581286803705,25988.9
7874.667877959335,25970.1
7874.8776272383,26515.6
7875.087376517265,26560.5
7875.29712579623,26849.5
7875.506875075194,25698.7
7875.716624354159,26734.6
7875.926373633124,26579.2
7876.1361229120885,26549.8
7876.345872191054,26193.4
7876.555621470018,25004.9
7876.765370748983,23827.7
7876.975120027948,24136.8
7877.184869306912,25059.2
7877.394618585878,24696.0
7877.604367864842,24388.2
7877.8141171438065,25371.9
7878.023866422772,25671.2
7878.233615701736,25192.9
7878.4433649807015,25079.3
7878.653114259666,24488.6
7878.86286353863,24246.8
7879.072612817596,24459.5
7879.28236209656,25338.7
7879.492111375525,23652.0
7879.70186065449,23084.8
7879.911609933454,22994.5
7880.1213592124195,24264.0
7880.331108491384,23473.5
7880.540857770349,22885.4
7880.750607049314,22688.8
7880.960356328278,22858.3
7881.170105607243,22880.6
7881.379854886208,22312.5
7881.589604165172,23259.9
7881.7993534441375,22590.9
7882.009102723102,22669.7
7882.218852002067,22729.2
7882.428601281032,22092.4
7882.638350559997,23113.1
7882.848099838961,21885.0
7883.057849117926,21657.1
7883.267598396891,20640.4
7883.4773476758555,21218.5
7883.68709695482,20478.7
7883.896846233785,21254.1
7884.10659551275,20891.7
7884.316344791715,21754.6
7884.526094070679,21575.1
7884.735843349644,21837.9
7884.945592628609,21049.1
7885.1553419075735,20159.2
7885.365091186539,20794.1
7885.574840465503,20624.3
7885.784589744468,20624.3
7885.994339023433,19874.9
7886.204088302397,19604.3
7886.413837581363,19873.0
7886.623586860327,19377.0
7886.8333361392915,19026.9
7887.043085418257,19409.7
7887.252834697221,19309.1
7887.462583976187,19749.3
7887.672333255151,18840.9
7887.882082534115,19741.0
7888.091831813081,19664.5
7888.301581092045,19728.5
7888.51133037101,18996.1
7888.721079649975,18836.5
7888.930828928939,18490.3
7889.140578207905,19330.5
7889.350327486869,19895.6
7889.560076765834,18437.0
7889.769826044799,19185.5
7889.979575323763,18298.4
7890.189324602728,18195.3
7890.399073881693,18120.5
7890.608823160658,18557.6
7890.818572439623,17940.6
7891.028321718587,16155.5
7891.238070997552,16361.0
7891.447820276517,17836.1
7891.657569555482,17489.0
7891.867318834446,16409.9
7892.077068113411,16283.4
7892.286817392376,16579.8
7892.496566671341,17722.2
7892.706315950305,16239.0
7892.91606522927,16295.6
7893.125814508235,14546.8
7893.3355637872,15289.9
7893.545313066164,14482.5
7893.75506234513,14894.5
