6487.5533209925,10990.4
6487.732827355944,11086.4
6487.912333719389,11297.1
6488.091840082833,11031.1
6488.271346446278,10839.7
6488.450852809722,11426.5
6488.630359173167,11910.5
6488.809865536611,11488.2
6488.989371900056,11203.3
6489.1688782635,11354.4
6489.348384626945,11054.6
6489.52789099039,11653.6
6489.7073973538345,12029.5
6489.886903717279,12251.4
6490.0664100807235,12355.7
6490.245916444168,12128.0
6490.425422807612,11888.6
6490.604929171057,11003.8
6490.784435534501,10773.7
6490.963941897946,11013.3
6491.14344826139,11595.3
6491.322954624835,12325.1
6491.502460988279,12806.1
6491.681967351724,12907.2
6491.861473715168,12925.3
6492.040980078613,12957.7
6492.220486442057,12773.5
6492.399992805502,12822.7
6492.579499168946,12808.1
6492.759005532391,12120.9
6492.938511895835,11713.0
6493.11801825928,11957.5
6493.297524622724,12594.6
6493.477030986169,13248.7
6493.656537349614,13325.8
6493.836043713059,13546.2
6494.015550076503,13573.5
6494.195056439948,13991.2
6494.374562803392,14073.9
6494.554069166837,13787.4
6494.733575530281,13777.2
6494.913081893726,14098.2
6495.09258825717,14133.2
6495.272094620615,13825.8
6495.451600984059,13996.1
6495.6311073475035,13272.6
6495.810613710948,12754.7
6495.9901200743925,12939.5
6496.169626437837,13284.3
6496.3491328012815,13971.0
6496.528639164726,14755.4
6496.7081455281705,14955.9
6496.887651891615,15059.5
6497.067158255059,14814.5
6497.246664618504,14942.8
6497.426170981949,14465.5
6497.605677345394,14351.8
6497.785183708838,14827.1
6497.964690072283,15481.2
6498.144196435727,15838.3
6498.323702799172,15671.5
6498.503209162616,15716.9
6498.682715526061,15483.0
6498.862221889505,15703.2
6499.04172825295,15848.9
6499.221234616394,15884.7
6499.400740979839,15942.5
6499.580247343283,16347.7
6499.759753706728,16638.7
6499.939260070172,16225.5
6500.118766433617,16095.9
6500.298272797061,16268.9
6500.477779160506,16761.6
6500.65728552395,16702.6
6500.836791887395,16627.5
6501.016298250839,16608.6
6501.195804614284,16486.0
6501.375310977728,16435.2
6501.5548173411735,16537.8
6501.734323704618,16697.7
6501.913830068062,16652.5
6502.093336431507,16960.1
6502.272842794951,17072.8
6502.452349158396,17058.0
6502.63185552184,17255.5
6502.811361885285,17140.6
6502.990868248729,16755.5
6503.170374612174,16786.1
6503.349880975618,17045.6
6503.529387339063,17201.2
6503.708893702507,17123.6
6503.888400065952,17747.0
6504.067906429396,17669.9
6504.247412792841,17169.2
6504.426919156285,17294.5
6504.60642551973,18055.8
6504.785931883174,18435.2
6504.965438246619,18136.6
6505.144944610063,18248.2
6505.324450973509,18313.1
6505.503957336953,18749.6
6505.683463700398,18885.0
6505.862970063842,18574.5
6506.042476427287,18479.0
6506.221982790731,18746.7
6506.401489154176,19102.1
6506.58099551762,19332.2
6506.760501881065,19344.0
6506.940008244509,19528.6
6507.1195146079535,19486.9
6507.299020971398,19059.1
6507.4785273348425,19309.6
6507.658033698287,19144.8
6507.8375400617315,19211.7
6508.017046425176,19726.2
6508.1965527886205,19586.8
6508.376059152065,19060.4
6508.555565515509,18576.3
6508.735071878954,19074.8
6508.914578242398,19336.6
6509.094084605843,20035.0
6509.273590969287,20504.3
6509.453097332733,20272.9
6509.632603696177,20262.5
6509.812110059622,20811.8
6509.991616423066,21085.0
6510.171122786511,20886.2
6510.350629149955,21006.3
6510.5301355134,21177.3
6510.709641876844,20587.1
6510.889148240289,20908.7
6511.068654603733,21618.4
6511.248160967178,21713.4
6511.427667330622,21831.8
6511.607173694067,21937.5
6511.786680057511,21249.9
6511.966186420956,20554.6
6512.1456927844,20517.9
6512.325199147845,20855.4
6512.504705511289,21464.5
6512.684211874734,22289.6
6512.863718238178,22303.4
6513.043224601623,22237.7
6513.222730965067,22326.0
6513.4022373285125,22362.2
6513.581743691957,22373.7
6513.761250055401,21894.5
6513.940756418846,22245.5
6514.12026278229,22031.3
6514.299769145735,21768.7
6514.479275509179,20757.6
6514.658781872624,20001.9
6514.838288236068,20435.6
6515.017794599513,21402.9
6515.197300962957,22304.9
6515.376807326402,22926.2
6515.556313689846,22805.4
6515.735820053291,22265.8
6515.915326416735,22066.6
6516.09483278018,22227.6
6516.274339143624,21219.4
6516.453845507069,19770.9
6516.633351870513,18742.1
6516.812858233958,19728.4
6516.992364597402,21703.7
6517.171870960847,22368.4
6517.351377324292,23348.6
6517.530883687737,24256.2
6517.710390051181,23981.6
6517.889896414626,23767.4
6518.06940277807,23635.0
6518.248909141515,23804.1
6518.428415504959,24483.7
6518.6079218684035,24896.1
6518.787428231848,24721.4
6518.9669345952925,24245.6
6519.146440958737,23354.5
6519.3259473221815,22748.8
6519.505453685626,23372.9
6519.6849600490705,23850.3
6519.864466412515,25053.5
6520.043972775959,25400.6
6520.223479139404,25443.8
6520.402985502848,25890.8
6520.582491866293,26165.5
6520.761998229737,26158.9
6520.941504593182,26226.7
6521.121010956627,26540.1
6521.300517320072,26948.9
6521.480023683516,26889.5
6521.659530046961,26453.3
6521.839036410405,25994.1
6522.01854277385,26145.0
6522.198049137294,26075.6
6522.377555500739,26225.1
6522.557061864183,26690.6
6522.736568227628,26514.5
6522.916074591072,26466.9
6523.095580954517,26532.3
6523.275087317961,25805.9
6523.454593681406,26603.9
6523.63410004485,25333.1
6523.813606408295,24733.3
6523.993112771739,25352.4
6524.172619135184,26767.8
6524.352125498628,28114.3
6524.531631862073,28293.1
6524.711138225517,27884.1
6524.890644588962,27720.6
6525.070150952406,28024.5
6525.249657315851,28162.8
6525.429163679296,28081.8
6525.60867004274,28232.9
6525.788176406185,28116.9
6525.967682769629,28043.5
6526.147189133074,28610.4
6526.326695496518,29002.1
6526.506201859963,28873.1
6526.685708223407,29039.5
6526.865214586852,29195.9
6527.044720950296,29137.8
6527.224227313741,29593.7
6527.403733677185,29120.3
6527.58324004063,29653.7
6527.762746404074,30107.4
6527.942252767519,29776.7
6528.121759130963,29505.7
6528.301265494408,29373.8
6528.480771857852,29543.2
6528.660278221297,30161.5
6528.839784584741,30235.4
6529.019290948187,29984.0
6529.198797311631,30167.2
6529.378303675076,30058.8
6529.55781003852,30357.4
6529.737316401965,30410.8
6529.916822765409,30068.4
6530.0963291288535,30490.8
6530.275835492298,30348.9
6530.4553418557425,29927.0
6530.634848219187,30155.9
6530.8143545826315,30288.7
6530.993860946076,31067.7
6531.1733673095205,30324.4
6531.352873672965,30975.8
6531.532380036409,31311.2
6531.711886399854,31245.9
6531.891392763298,30908.8
6532.070899126743,29389.6
6532.250405490187,28147.2
6532.429911853632,28086.0
6532.609418217076,29243.7
6532.788924580521,30774.7
6532.968430943965,30935.9
6533.147937307411,31532.4
6533.327443670855,32079.2
6533.5069500343,32152.2
6533.686456397744,31224.6
6533.865962761189,30708.3
6534.045469124633,30542.8
6534.224975488078,30202.5
6534.404481851522,30810.7
6534.583988214967,31421.3
6534.763494578411,31189.0
6534.943000941856,31483.0
6535.1225073053,32067.0
6535.302013668745,32924.6
6535.481520032189,32772.9
6535.661026395634,32794.8
6535.840532759078,32913.7
6536.020039122523,33049.4
6536.199545485967,33019.9
6536.379051849412,32752.7
6536.558558212856,32420.2
6536.7380645763005,32019.7
6536.917570939746,31874.1
6537.09707730319,32427.4
6537.276583666635,33061.3
6537.456090030079,33138.6
6537.635596393524,33599.2
6537.815102756968,34086.1
6537.994609120413,34050.8
6538.174115483857,33921.1
6538.353621847302,33628.7
6538.533128210746,33572.7
6538.712634574191,34188.7
6538.892140937635,34320.8
6539.07164730108,34020.2
6539.251153664524,34114.9
6539.430660027969,33858.3
6539.610166391413,34042.0
6539.789672754858,34372.3
6539.969179118302,34537.0
6540.148685481747,34148.3
6540.328191845191,33899.0
6540.507698208636,34526.3
6540.68720457208,34080.9
6540.866710935525,33986.3
6541.04621729897,34417.1
6541.225723662415,34119.4
6541.405230025859,34055.6
6541.5847363893035,34579.7
6541.764242752748,34804.0
6541.9437491161925,33904.2
6542.123255479637,32936.4
6542.3027618430815,33266.5
6542.482268206526,33306.8
6542.6617745699705,34015.0
6542.841280933415,34402.0
6543.020787296859,34654.2
6543.200293660304,34415.8
6543.379800023748,34633.9
6543.559306387193,33442.5
6543.738812750637,30647.3
6543.918319114082,30101.4
6544.097825477526,30540.1
6544.277331840971,33508.8
6544.456838204415,34599.5
6544.63634456786,35376.9
6544.815850931304,35422.3
6544.99535729475,34616.2
6545.174863658194,34671.0
6545.354370021639,35300.0
6545.533876385083,35224.5
6545.713382748528,35045.9
6545.892889111972,34963.5
6546.072395475417,35221.5
6546.251901838861,35964.3
6546.431408202306,35325.4
6546.61091456575,34793.4
6546.790420929195,35450.7
6546.969927292639,35717.6
6547.149433656084,34938.4
6547.328940019528,34739.8
6547.508446382973,33596.2
6547.687952746417,33244.4
6547.867459109862,33733.2
6548.046965473306,34449.1
6548.2264718367505,34000.7
6548.405978200195,32332.0
6548.5854845636395,31820.2
6548.764990927084,32437.7
6548.944497290529,33892.7
6549.124003653974,35053.9
6549.303510017418,34680.3
6549.483016380863,35241.5
6549.662522744307,35719.0
6549.842029107752,35531.1
6550.021535471196,35428.1
6550.201041834641,36092.5
6550.380548198085,35869.3
6550.56005456153,35149.9
6550.739560924974,35383.7
6550.919067288419,35417.1
6551.098573651863,34892.1
6551.278080015308,35065.4
6551.457586378752,35309.0
6551.637092742197,35169.7
6551.816599105641,34700.6
6551.996105469086,35068.3
6552.17561183253,34461.9
6552.355118195975,32469.1
6552.534624559419,30898.4
6552.714130922865,30466.7
6552.893637286309,32761.2
6553.073143649754,34287.9
6553.252650013198,33834.4
6553.4321563766425,34273.5
6553.611662740087,34362.4
6553.7911691035315,33442.7
6553.970675466976,33687.3
6554.1501818304205,34181.7
6554.329688193865,34238.8
6554.5091945573095,34983.5
6554.688700920754,35032.2
6554.868207284198,34847.3
6555.047713647643,34942.9
6555.227220011087,34756.6
6555.406726374532,34896.4
6555.586232737976,35317.8
6555.765739101421,35695.1
6555.945245464865,35430.8
6556.12475182831,35477.4
6556.304258191754,36109.7
6556.483764555199,36082.1
6556.663270918643,36856.0
6556.842777282089,36435.1
6557.022283645533,35041.1
6557.201790008978,35577.5
6557.381296372422,37090.1
6557.560802735867,39286.6
6557.740309099311,40417.5
6557.919815462756,40620.2
6558.0993218262,41346.1
6558.278828189645,42883.2
6558.458334553089,44901.5
6558.637840916534,48439.1
6558.817347279978,50909.6
6558.996853643423,52129.9
6559.176360006867,54988.6
6559.355866370312,57489.8
6559.535372733756,60966.0
6559.7148790972005,62519.9
6559.894385460645,64536.1
6560.0738918240895,66140.8
6560.253398187534,67675.5
6560.4329045509785,68558.8
6560.612410914424,70710.7
6560.791917277868,72287.1
6560.971423641313,72433.0
6561.150930004757,72913.9
6561.330436368202,73710.4
6561.509942731646,73840.4
6561.689449095091,72861.0
6561.868955458535,70228.5
6562.04846182198,67255.7
6562.227968185424,65872.2
6562.407474548869,65154.6
6562.586980912313,65908.8
6562.766487275758,68065.9
6562.945993639202,69530.1
6563.125500002647,71344.8
6563.305006366091,71746.0
6563.484512729536,71972.7
6563.66401909298,73131.5
6563.843525456425,72362.2
6564.023031819869,69234.4
6564.202538183314,67021.3
6564.382044546758,68529.4
6564.561550910203,70136.1
6564.741057273648,68549.2
6564.9205636370925,66474.9
6565.100070000537,64817.8
6565.2795763639815,62123.5
6565.459082727426,59146.3
6565.6385890908705,57567.0
6565.818095454315,54728.3
6565.9976018177595,52798.9
6566.177108181204,50350.2
6566.356614544648,48411.5
6566.536120908093,46737.2
6566.715627271537,45061.8
6566.895133634982,44877.3
6567.074639998426,43454.2
6567.254146361871,41979.1
6567.433652725315,41409.9
6567.61315908876,40621.5
6567.792665452204,40022.4
6567.972171815649,39562.8
6568.151678179093,38989.6
6568.331184542538,38454.6
6568.510690905983,37576.5
6568.690197269428,36636.9
6568.869703632872,36665.7
6569.049209996317,37623.4
6569.228716359761,38248.8
6569.408222723206,36813.0
6569.58772908665,36816.3
6569.767235450095,37499.6
6569.946741813539,37737.5
6570.126248176984,38011.0
6570.305754540428,37654.0
6570.485260903873,37388.8
6570.664767267317,36781.0
6570.844273630762,36916.4
6571.023779994206,37893.0
6571.2032863576505,38104.8
6571.382792721095,38539.6
6571.5622990845395,38471.0
6571.741805447984,36601.8
6571.9213118114285,35259.5
6572.100818174873,35392.4
6572.2803245383175,36226.1
6572.459830901762,38090.7
6572.639337265207,39373.3
6572.818843628652,39436.3
6572.998349992096,39729.9
6573.177856355541,39958.6
6573.357362718985,38946.7
6573.53686908243,39236.7
6573.716375445874,39632.4
6573.895881809319,39702.8
6574.075388172763,39682.7
6574.254894536208,39952.9
6574.434400899652,39172.3
6574.613907263097,36782.0
6574.793413626541,34822.9
6574.972919989986,35092.7
6575.15242635343,38054.3
6575.331932716875,40260.1
6575.511439080319,40438.3
6575.690945443764,40836.3
6575.870451807208,40647.0
6576.049958170653,41067.1
6576.229464534097,40187.2
6576.4089708975425,40766.3
6576.588477260987,40939.8
6576.7679836244315,41430.6
6576.947489987876,42169.6
6577.1269963513205,42046.4
6577.306502714765,41148.4
6577.4860090782095,41599.5
6577.665515441654,42991.1
6577.845021805098,42666.9
6578.024528168543,42350.9
6578.204034531987,42359.4
6578.383540895432,42525.0
6578.563047258876,43095.4
6578.742553622321,42569.0
6578.922059985765,42465.0
6579.10156634921,42521.2
6579.281072712654,41990.7
6579.460579076099,42232.5
6579.640085439543,42904.3
6579.819591802988,42857.3
6579.999098166432,42404.2
6580.178604529877,42800.6
6580.358110893321,42537.5
6580.537617256767,42174.9
6580.717123620211,41507.0
6580.896629983656,42065.0
6581.0761363471,41838.2
6581.255642710545,42942.7
6581.435149073989,43601.8
6581.614655437434,43493.4
6581.794161800878,43550.4
6581.973668164323,43514.1
6582.153174527767,43876.2
6582.332680891212,43079.8
6582.512187254656,43003.2
6582.6916936181005,44248.7
6582.871199981545,43667.6
6583.0507063449895,43528.7
6583.230212708434,43658.3
6583.4097190718785,42765.6
6583.589225435323,42421.1
6583.7687317987675,43646.8
6583.948238162212,44052.7
6584.127744525656,43895.9
6584.307250889102,43790.9
6584.486757252546,44114.4
6584.666263615991,44189.2
6584.845769979435,43626.2
6585.02527634288,44417.3
6585.204782706324,44257.0
6585.384289069769,44004.5
6585.563795433213,43139.2
6585.743301796658,44023.4
6585.922808160102,44536.2
6586.102314523547,44141.9
6586.281820886991,43401.9
6586.461327250436,41694.4
6586.64083361388,41547.6
6586.820339977325,42287.5
6586.999846340769,43349.7
6587.179352704214,44694.2
6587.358859067658,44856.2
6587.538365431103,45051.9
6587.717871794547,45069.7
6587.897378157992,45279.6
6588.076884521436,44820.4
6588.256390884881,44027.2
6588.435897248326,43345.8
6588.6154036117705,44357.3
6588.794909975215,45148.6
6588.9744163386595,44029.4
6589.153922702104,44695.2
6589.333429065548,45543.3
6589.512935428993,44955.8
6589.692441792437,44916.1
6589.871948155882,45323.3
6590.051454519326,44679.7
6590.230960882771,44625.0
6590.410467246215,44901.7
6590.58997360966,44169.2
6590.769479973104,44487.4
6590.948986336549,44453.1
6591.128492699993,45079.8
6591.307999063438,45769.2
6591.487505426882,45171.0
6591.667011790327,45676.9
6591.846518153771,45711.6
6592.026024517216,44791.1
6592.20553088066,44830.5
6592.385037244106,45184.4
6592.56454360755,45533.4
6592.744049970995,45240.2
6592.923556334439,45177.3
6593.103062697884,45785.6
6593.282569061328,45362.9
6593.462075424773,45264.5
6593.641581788217,45815.1
6593.821088151662,45225.9
6594.000594515106,45459.7
6594.180100878551,44911.8
6594.359607241995,44628.4
6594.5391136054395,44499.1
6594.718619968884,45075.1
6594.8981263323285,46043.7
6595.077632695773,46239.4
6595.2571390592175,46302.5
6595.436645422662,45738.3
6595.6161517861065,45343.9
6595.795658149551,45087.9
6595.975164512995,45381.6
6596.15467087644,46110.8
6596.334177239885,45207.1
6596.51368360333,44790.3
6596.693189966774,44664.3
6596.872696330219,45257.5
6597.052202693663,46176.9
6597.231709057108,45325.5
6597.411215420552,45225.9
6597.590721783997,46012.6
6597.770228147441,45742.1
6597.949734510886,44956.8
6598.12924087433,45392.0
6598.308747237775,45870.2
6598.488253601219,45101.5
6598.667759964664,44632.0
6598.847266328108,45026.4
6599.026772691553,45159.6
6599.206279054997,43869.4
6599.385785418442,43319.9
6599.565291781886,44273.3
6599.744798145331,44689.4
6599.924304508775,44885.2
6600.10381087222,44426.4
6600.283317235665,44380.6
6600.4628235991095,44847.9
6600.642329962554,45043.0
6600.821836325998,46188.2
6601.001342689443,44723.5
6601.180849052887,44840.5
6601.360355416332,45503.2
6601.539861779776,44685.3
6601.719368143221,44906.2
6601.898874506665,44699.9
6602.07838087011,44232.9
6602.257887233554,44078.5
6602.437393596999,44386.0
6602.616899960443,44782.3
6602.796406323888,44878.1
6602.975912687332,44951.4
6603.155419050777,45236.9
6603.334925414221,45624.9
6603.514431777666,44855.8
6603.69393814111,44882.5
6603.873444504555,45985.5
6604.052950867999,45522.0
6604.232457231445,44726.2
6604.411963594889,44923.0
6604.591469958334,44977.6
6604.770976321778,44920.5
6604.950482685223,44482.6
6605.129989048667,43474.0
6605.309495412112,43442.1
6605.489001775556,44258.3
6605.668508139001,44416.5
6605.848014502445,44228.5
6606.0275208658895,44697.8
6606.207027229334,45117.9
6606.3865335927785,45178.4
6606.566039956223,45178.3
6606.7455463196675,44991.6
6606.925052683112,45450.4
6607.1045590465565,45020.7
6607.284065410001,44396.1
6607.463571773445,45239.9
6607.64307813689,45279.9
6607.822584500334,44963.8
6608.002090863779,44752.6
6608.181597227224,45096.5
6608.361103590669,45576.4
6608.540609954113,44767.0
6608.720116317558,44037.7
6608.899622681002,44457.4
6609.079129044447,45452.6
6609.258635407891,44609.0
6609.438141771336,44907.9
6609.61764813478,45228.6
6609.797154498225,45217.8
6609.976660861669,45343.3
6610.156167225114,44659.4
6610.335673588558,43559.4
6610.515179952003,44105.7
6610.694686315447,44192.9
6610.874192678892,44573.2
6611.053699042336,45031.3
6611.233205405781,44058.9
6611.412711769225,44338.3
6611.59221813267,44478.0
6611.771724496114,44947.8
6611.951230859559,44300.4
6612.130737223004,44429.5
6612.310243586448,44246.5
6612.489749949893,43029.2
6612.669256313337,43649.7
6612.848762676782,43927.1
6613.028269040226,44757.3
6613.207775403671,44087.4
6613.387281767115,43848.3
6613.56678813056,44134.6
6613.746294494004,44929.4
6613.925800857449,44567.0
6614.105307220893,44110.5
6614.284813584338,43783.1
6614.464319947782,43978.2
6614.643826311227,44539.0
6614.823332674671,43724.2
6615.002839038116,43986.2
6615.18234540156,44622.3
6615.361851765005,44737.7
6615.541358128449,44274.7
6615.720864491894,43352.5
6615.900370855339,43556.7
6616.079877218784,44146.4
6616.259383582228,44640.5
6616.438889945673,43572.5
6616.618396309117,43387.1
6616.797902672562,43548.0
6616.977409036006,43522.1
6617.156915399451,43433.0
6617.336421762895,44411.1
6617.5159281263395,44784.5
6617.695434489784,44411.9
6617.8749408532285,43812.8
6618.054447216673,42808.9
6618.2339535801175,43300.3
6618.413459943562,43725.4
6618.5929663070065,43691.3
6618.772472670451,43557.2
6618.951979033895,43097.3
6619.13148539734,42747.6
6619.310991760784,43838.4
6619.490498124229,43810.7
6619.670004487673,43376.7
6619.849510851118,42660.0
6620.029017214563,42687.7
6620.208523578008,43105.4
6620.388029941452,43396.0
6620.567536304897,43640.8
6620.747042668341,43260.3
6620.926549031786,42318.5
6621.10605539523,42940.7
6621.285561758675,42458.2
6621.465068122119,42396.6
6621.644574485564,41790.0
6621.824080849008,42663.3
6622.003587212453,42884.3
6622.183093575897,43405.5
6622.362599939342,43459.1
6622.542106302786,43073.4
6622.721612666231,42714.5
6622.901119029675,41756.9
6623.08062539312,41985.0
6623.260131756564,42710.4
6623.439638120009,42629.6
6623.619144483453,42615.4
6623.798650846898,42265.3
6623.978157210343,42373.3
6624.157663573787,41583.3
6624.337169937232,41978.9
6624.516676300676,42576.2
6624.696182664121,42246.4
6624.875689027565,42117.4
6625.05519539101,42613.4
6625.234701754454,42449.8
6625.414208117899,42252.1
6625.593714481343,41538.4
6625.773220844788,41825.3
6625.952727208232,42247.8
6626.132233571677,41943.5
6626.311739935121,41150.2
6626.491246298566,41267.4
6626.67075266201,41994.9
6626.850259025455,41305.3
6627.029765388899,41841.2
6627.209271752344,41465.7
6627.388778115788,41493.7
6627.568284479233,41264.0
6627.747790842677,41624.6
6627.927297206123,41751.0
6628.106803569567,41452.6
6628.286309933012,40491.5
6628.465816296456,41652.2
6628.645322659901,42150.2
6628.824829023345,41493.7
6629.0043353867895,40978.6
6629.183841750234,41279.9
6629.3633481136785,41088.1
6629.542854477123,41745.3
6629.7223608405675,42470.0
6629.901867204012,41515.9
6630.0813735674565,40807.6
6630.260879930901,40799.2
6630.440386294345,41622.2
6630.61989265779,41398.6
6630.799399021234,40570.0
6630.978905384679,41382.6
6631.158411748123,41712.9
6631.337918111568,41324.6
6631.517424475012,41473.3
6631.696930838458,40990.2
6631.876437201902,40893.9
6632.055943565347,41071.6
6632.235449928791,40506.6
6632.414956292236,40554.6
6632.59446265568,40687.3
6632.773969019125,40640.3
6632.953475382569,41011.5
6633.132981746014,40753.5
6633.312488109458,40230.9
6633.491994472903,40784.6
6633.671500836347,41033.6
6633.851007199792,40423.7
6634.030513563236,40532.2
6634.210019926681,40656.0
6634.389526290125,40064.5
6634.56903265357,40234.8
6634.748539017014,40303.0
6634.928045380459,40147.2
6635.107551743903,40307.6
6635.287058107348,40501.8
6635.466564470792,40609.7
6635.6460708342365,40165.5
6635.825577197682,39613.7
6636.005083561126,39913.3
6636.184589924571,39791.1
6636.364096288015,39413.3
6636.54360265146,40432.9
6636.723109014904,40122.2
6636.902615378349,39896.6
6637.082121741793,39323.1
6637.261628105238,38922.4
6637.441134468682,39354.8
6637.620640832127,39084.1
6637.800147195571,39427.7
6637.979653559016,39496.3
6638.15915992246,39587.0
6638.338666285905,39229.8
6638.518172649349,39035.9
6638.697679012794,38570.7
6638.877185376238,39249.4
6639.056691739683,38725.5
6639.236198103127,38186.9
6639.415704466572,38281.1
6639.595210830017,38941.2
6639.774717193462,38366.5
6639.954223556906,38664.0
6640.133729920351,38984.5
6640.313236283795,38622.8
6640.4927426472395,38749.3
6640.672249010684,38809.6
6640.8517553741285,38516.1
6641.031261737573,38083.0
6641.2107681010175,37211.4
6641.390274464462,38249.4
6641.5697808279065,38734.9
6641.749287191351,38390.6
6641.928793554795,38382.8
6642.10829991824,38151.1
6642.287806281684,38069.3
6642.467312645129,38401.8
6642.646819008573,37366.5
6642.826325372018,37329.5
6643.005831735462,38001.0
6643.185338098907,38105.6
6643.364844462351,37538.7
6643.544350825796,38274.7
6643.723857189241,38243.4
6643.903363552686,37883.0
6644.08286991613,37026.8
6644.262376279575,36676.0
6644.441882643019,37654.2
6644.621389006464,37885.8
6644.800895369908,38029.6
6644.980401733353,37687.1
6645.159908096797,36868.5
6645.339414460242,37365.7
6645.518920823686,37754.7
6645.698427187131,37579.1
6645.877933550575,37174.0
6646.05743991402,36974.5
6646.236946277464,36438.9
6646.416452640909,37118.6
6646.595959004353,37442.5
6646.775465367798,36482.1
6646.954971731242,37435.9
6647.1344780946865,37350.0
6647.313984458131,36936.3
6647.493490821576,36724.0
6647.672997185021,36562.7
6647.852503548465,37346.1
6648.03200991191,36635.8
6648.211516275354,37159.3
6648.391022638799,36535.1
6648.570529002243,36229.8
6648.750035365688,36431.3
6648.929541729132,36782.6
6649.109048092577,36130.7
6649.288554456021,36069.4
6649.468060819466,35874.4
6649.64756718291,36247.3
6649.827073546355,36205.9
6650.006579909799,35634.9
6650.186086273244,36416.6
6650.365592636688,36610.3
6650.545099000133,36317.6
6650.724605363577,35543.1
6650.904111727022,35275.3
6651.083618090466,35927.1
6651.263124453911,35916.1
6651.442630817355,36027.7
6651.622137180801,35927.1
6651.801643544245,35201.6
6651.9811499076895,35587.7
6652.160656271134,35536.9
6652.3401626345785,35780.9
6652.519668998023,35024.0
6652.6991753614675,34823.2
6652.878681724912,33734.2
6653.0581880883565,35106.1
6653.237694451801,35054.1
6653.417200815245,34847.3
6653.59670717869,34788.4
6653.776213542134,34774.6
6653.955719905579,34935.1
6654.135226269023,34711.2
6654.314732632468,34692.6
6654.494238995912,34697.8
6654.673745359357,34485.1
6654.853251722801,34535.1
6655.032758086246,34752.1
6655.21226444969,34759.1
6655.391770813136,34429.3
6655.57127717658,34242.8
6655.750783540025,34044.3
6655.930289903469,34151.7
6656.109796266914,34472.4
6656.289302630358,34510.9
6656.468808993803,33280.0
6656.648315357247,33988.4
6656.827821720692,34295.3
6657.007328084136,33766.6
6657.186834447581,33964.2
6657.366340811025,33513.2
6657.54584717447,33758.8
6657.725353537914,34089.8
6657.904859901359,34067.9
6658.084366264803,33658.2
6658.263872628248,33497.1
6658.443378991692,33550.9
6658.6228853551365,33254.6
6658.802391718581,33437.5
6658.9818980820255,33881.8
6659.16140444547,33650.0
6659.3409108089145,33298.0
6659.52041717236,33386.1
6659.699923535804,32041.8
6659.879429899249,32823.8
6660.058936262693,32919.1
6660.238442626138,33371.9
6660.417948989582,33399.4
6660.597455353027,32612.8
6660.776961716471,33055.1
6660.956468079916,33270.3
6661.13597444336,32394.5
6661.315480806805,33008.2
6661.494987170249,32114.6
6661.674493533694,31722.6
6661.853999897138,31658.6
6662.033506260583,32408.2
6662.213012624027,32293.7
6662.392518987472,31991.8
6662.572025350916,32295.3
6662.751531714361,31998.6
6662.931038077805,31821.2
6663.11054444125,32145.3
6663.290050804695,31733.3
6663.4695571681395,31925.6
6663.649063531584,31692.9
6663.8285698950285,31668.5
6664.008076258473,31852.9
6664.1875826219175,31587.8
6664.367088985362,31987.8
6664.5465953488065,31181.7
6664.726101712251,31231.9
6664.905608075695,31160.0
6665.08511443914,31061.2
6665.264620802584,31151.1
6665.444127166029,30660.6
6665.623633529473,30415.2
6665.803139892918,30743.4
6665.982646256362,30715.6
6666.162152619807,31184.6
6666.341658983251,31360.0
6666.521165346696,31064.5
6666.70067171014,30563.2
6666.880178073585,30625.6
6667.059684437029,30642.2
6667.239190800474,30575.2
6667.418697163919,30036.3
6667.598203527364,30680.6
6667.777709890808,30287.7
6667.957216254253,30163.3
6668.136722617697,29791.5
6668.316228981142,30307.0
6668.495735344586,30464.1
6668.675241708031,30688.5
6668.854748071475,30096.1
6669.03425443492,29273.7
6669.213760798364,29478.9
6669.393267161809,30355.2
6669.572773525253,30034.2
6669.752279888698,29745.1
6669.931786252142,28871.1
6670.1112926155865,29112.7
6670.290798979031,29798.5
6670.4703053424755,29832.4
6670.64981170592,28938.0
6670.8293180693645,29034.9
6671.008824432809,28747.8
6671.188330796254,28773.3
6671.367837159699,28931.8
6671.547343523143,28745.1
6671.726849886588,28400.9
6671.906356250032,28600.0
6672.085862613477,28436.2
6672.265368976921,28422.7
6672.444875340366,28464.2
6672.62438170381,28565.3
6672.803888067255,27316.1
6672.983394430699,28183.8
6673.162900794144,28448.8
6673.342407157588,28105.7
6673.521913521033,28375.7
6673.701419884477,28004.0
6673.880926247922,27674.1
6674.060432611366,28304.5
6674.239938974811,28447.2
6674.419445338255,28096.9
6674.5989517017,27582.1
6674.778458065144,27308.7
6674.957964428589,27221.3
6675.137470792033,27756.0
6675.3169771554785,27507.5
6675.496483518923,26801.7
6675.6759898823675,27448.6
6675.855496245812,27117.5
6676.0350026092565,26928.1
6676.214508972701,26586.1
6676.3940153361455,26663.3
6676.57352169959,27129.7
6676.753028063034,26936.2
6676.932534426479,26516.9
6677.112040789923,26226.5
6677.291547153368,26518.6
6677.471053516812,25554.8
6677.650559880257,25993.8
6677.830066243701,26047.3
6678.009572607146,25599.1
6678.18907897059,25689.9
6678.368585334035,26533.5
6678.548091697479,26166.3
6678.727598060924,25897.1
6678.907104424368,25815.1
6679.086610787814,26139.4
6679.266117151258,26074.4
6679.445623514703,25927.2
6679.625129878147,25627.4
6679.804636241592,25872.8
6679.984142605036,25927.6
6680.163648968481,25689.8
6680.343155331925,25533.7
6680.52266169537,25279.9
6680.702168058814,25320.9
6680.881674422259,25269.9
6681.061180785703,24882.9
6681.240687149148,24600.0
6681.420193512592,25333.5
6681.5996998760365,25067.6
6681.779206239481,24966.7
6681.9587126029255,24794.7
6682.13821896637,24919.9
6682.3177253298145,24407.8
6682.497231693259,24323.9
6682.6767380567035,24160.6
6682.856244420148,25239.1
6683.035750783592,25144.4
6683.215257147038,24664.3
6683.394763510482,24596.4
6683.574269873927,24268.0
6683.753776237371,24547.5
6683.933282600816,24535.5
6684.11278896426,24370.5
6684.292295327705,24313.1
6684.471801691149,24444.0
6684.651308054594,24014.3
6684.830814418038,24121.3
6685.010320781483,24046.0
6685.189827144927,23707.2
6685.369333508372,23833.7
6685.548839871816,23484.8
6685.728346235261,23044.5
6685.907852598705,23295.3
6686.08735896215,22423.1
6686.266865325594,22681.2
6686.446371689039,23541.9
6686.625878052483,23455.3
6686.805384415928,23234.5
6686.984890779373,23325.4
6687.1643971428175,23309.5
6687.343903506262,22602.6
6687.5234098697065,22369.2
6687.702916233151,22608.6
6687.8824225965955,22916.5
6688.06192896004,22396.6
6688.241435323484,22364.0
6688.420941686929,22728.8
6688.600448050373,22455.9
6688.779954413818,22229.9
6688.959460777262,22124.8
6689.138967140707,22100.6
6689.318473504151,21625.1
6689.497979867596,21791.2
6689.67748623104,21842.9
6689.856992594485,21893.9
6690.036498957929,21284.8
6690.216005321374,22029.0
6690.395511684818,21708.7
6690.575018048263,21402.0
6690.754524411707,21508.0
6690.934030775152,21397.1
6691.113537138597,21062.7
6691.293043502042,20695.7
6691.472549865486,20296.3
6691.652056228931,20814.2
6691.831562592375,20709.3
6692.01106895582,20693.1
6692.190575319264,21260.3
6692.370081682709,20747.9
6692.549588046153,20890.7
6692.729094409598,20975.0
6692.908600773042,20681.6
6693.0881071364865,20690.0
6693.267613499931,20987.5
6693.4471198633755,20906.5
6693.62662622682,20160.8
6693.8061325902645,19938.8
6693.985638953709,20051.9
6694.1651453171535,20359.1
6694.344651680598,19994.8
6694.524158044042,20124.3
6694.703664407487,20070.0
6694.883170770931,19365.5
6695.062677134377,19353.9
6695.242183497821,19170.4
6695.421689861266,19240.5
6695.60119622471,19732.6
6695.780702588155,19427.1
6695.960208951599,18411.5
6696.139715315044,18784.6
6696.319221678488,19146.1
6696.498728041933,19355.6
6696.678234405377,19407.3
6696.857740768822,19071.5
6697.037247132266,18505.6
6697.216753495711,18932.5
6697.396259859155,18805.5
6697.5757662226,19065.2
6697.755272586044,19149.8
6697.934778949489,18926.5
6698.114285312933,18334.0
6698.293791676378,18242.6
6698.473298039822,17524.2
6698.652804403267,18102.7
6698.832310766711,17738.1
6699.0118171301565,17663.5
6699.191323493601,18036.3
6699.3708298570455,17790.7
6699.55033622049,17973.5
6699.729842583934,17700.1
6699.909348947379,17340.7
6700.088855310823,17959.7
6700.268361674268,17616.1
6700.447868037712,17742.4
6700.627374401157,17709.7
6700.806880764601,17042.9
6700.986387128046,16981.2
6701.16589349149,17678.6
6701.345399854935,17511.4
6701.524906218379,17076.2
6701.704412581824,16673.5
6701.883918945268,16889.9
6702.063425308713,16742.4
6702.242931672157,16321.5
6702.422438035602,17111.5
6702.601944399046,16722.9
6702.781450762491,16389.2
6702.960957125936,16184.1
6703.140463489381,15928.0
6703.319969852825,15862.4
6703.49947621627,16067.0
6703.678982579714,15896.7
6703.858488943159,16365.7
6704.037995306603,16321.8
6704.217501670048,16207.2
6704.397008033492,16007.5
6704.576514396937,16098.8
6704.756020760381,16105.1
6704.9355271238255,15820.0
6705.11503348727,15745.8
6705.2945398507145,15371.5
6705.474046214159,15524.5
6705.6535525776035,15118.9
6705.833058941048,15405.5
6706.012565304492,15630.9
6706.192071667937,15219.7
6706.371578031381,14825.6
6706.551084394826,14873.6
6706.73059075827,14926.3
6706.910097121716,14986.8
6707.08960348516,14934.7
6707.269109848605,14673.5
6707.448616212049,14664.0
6707.628122575494,14269.9
6707.807628938938,14407.6
6707.987135302383,14402.2
6708.166641665827,14931.3
6708.346148029272,14635.4
6708.525654392716,14380.1
6708.705160756161,14228.4
6708.884667119605,13956.5
6709.06417348305,14087.4
6709.243679846494,13972.0
6709.423186209939,13844.8
6709.602692573383,14217.9
6709.782198936828,13916.5
6709.961705300272,13642.1
6710.141211663717,13846.4
6710.320718027161,13817.7
6710.500224390606,13227.0
6710.67973075405,13379.0
6710.8592371174955,13367.4
6711.03874348094,13225.2
6711.218249844384,13510.4
6711.397756207829,13686.9
6711.577262571273,13073.7
6711.756768934718,13054.9
6711.936275298162,12975.3
6712.115781661607,12671.0
6712.295288025051,12462.1
6712.474794388496,12268.5
6712.65430075194,12761.2
6712.833807115385,12499.2
6713.013313478829,12433.3
6713.192819842274,12647.0
6713.372326205718,12342.4
6713.551832569163,12484.7
6713.731338932607,12769.0
6713.910845296052,12212.5
6714.090351659496,11991.1
6714.269858022941,12153.9
6714.449364386385,11783.0
6714.62887074983,11618.4
6714.808377113275,11428.9
6714.98788347672,11729.2
6715.167389840164,11681.3
6715.346896203609,12019.2
6715.526402567053,11886.4
6715.705908930498,11786.4
6715.885415293942,11602.9
6716.064921657387,11022.9
6716.244428020831,11586.0
6716.4239343842755,11338.3
6716.60344074772,11129.2
6716.7829471111645,11219.0
6716.962453474609,11090.3
6717.1419598380535,11099.3
6717.321466201498,10910.8
6717.5009725649425,11185.9
6717.680478928387,10654.0
6717.859985291831,10337.4
6718.039491655276,10383.5
6718.21899801872,10140.0
6718.398504382165,10045.8
6718.578010745609,10304.8
6718.757517109055,10287.5
6718.937023472499,10374.4
6719.116529835944,10018.7
6719.296036199388,10190.5
6719.475542562833,10250.4
6719.655048926277,9982.72
6719.834555289722,10212.7
6720.014061653166,10097.0
6720.193568016611,9733.88
6720.373074380055,9880.05
6720.5525807435,10030.4
6720.732087106944,9758.69
6720.911593470389,9955.79
6721.091099833833,9433.0
6721.270606197278,9594.84
6721.450112560722,9684.04
6721.629618924167,10170.4
6721.809125287611,9337.62
6721.988631651056,9380.17
6722.1681380145,9252.52
6722.347644377945,8854.3
6722.527150741389,8763.06
6722.706657104834,9092.85
6722.886163468279,8950.54
6723.065669831723,8867.01
6723.245176195168,8830.53
6723.424682558612,8844.19
6723.604188922057,8259.29
6723.783695285501,8840.96
6723.963201648946,8572.2
6724.14270801239,8336.49
6724.322214375835,8281.01
6724.501720739279,8061.72
6724.681227102724,8375.71
6724.860733466168,8466.55
6725.040239829613,8311.55
6725.219746193057,8229.72
6725.399252556502,8129.11
6725.578758919946,8009.14
6725.758265283391,8318.58
6725.937771646835,8174.75
6726.11727801028,7726.95
6726.296784373724,7599.52
6726.476290737169,7743.79
6726.655797100614,7457.49
6726.835303464059,7656.49
6727.014809827503,7625.79
6727.194316190948,7582.44
6727.373822554392,7692.21
6727.553328917837,7111.08
6727.732835281281,7371.07
6727.9123416447255,7356.96
6728.09184800817,7200.41
6728.2713543716145,7290.57
6728.450860735059,7453.15
6728.6303670985035,7317.01
6728.809873461948,7216.29
6728.9893798253925,6999.51
6729.168886188837,6858.33
6729.348392552281,7368.8
6729.527898915726,7021.92
6729.70740527917,6812.0
6729.886911642615,6528.92
6730.066418006059,6761.75
6730.245924369504,6851.19
6730.425430732948,6939.77
6730.604937096394,6987.74
6730.784443459838,6668.75
6730.963949823283,6628.89
6731.143456186727,6578.88
6731.322962550172,6639.11
6731.502468913616,6488.55
6731.681975277061,6253.06
6731.861481640505,6291.28
6732.04098800395,6339.68
6732.220494367394,6371.02
6732.400000730839,6227.16
6732.579507094283,6256.57
6732.759013457728,6208.03
6732.938519821172,6334.68
6733.118026184617,5981.68
6733.297532548061,5977.33
6733.477038911506,6099.8
6733.65654527495,5995.98
6733.836051638395,6072.8
6734.015558001839,5320.83
