6485.8243220129,16758.3
6486.004195526556,17807.6
6486.184069040212,17675.7
6486.363942553869,17395.9
6486.543816067525,16869.1
6486.723689581181,16596.3
6486.903563094837,16537.1
6487.083436608494,16447.0
6487.26331012215,17866.2
6487.443183635806,17445.8
6487.6230571494625,18432.8
6487.802930663119,18118.3
6487.982804176775,17548.8
6488.162677690431,18080.0
6488.342551204088,18535.7
6488.522424717744,18589.6
6488.7022982314,18208.7
6488.882171745056,17843.3
6489.062045258713,18184.2
6489.241918772369,18631.3
6489.421792286025,18665.9
6489.6016657996815,19315.9
6489.781539313338,20814.1
6489.961412826994,21783.8
6490.14128634065,21534.7
6490.321159854307,20053.5
6490.501033367963,19083.2
6490.680906881619,17301.7
6490.8607803952755,16648.8
6491.040653908932,18349.6
6491.220527422587,20926.4
6491.400400936243,22416.2
6491.5802744499,22186.7
6491.760147963556,22217.5
6491.940021477212,22139.6
6492.1198949908685,22287.0
6492.299768504525,22913.5
6492.479642018181,22504.3
6492.659515531837,21130.2
6492.839389045494,19413.0
6493.01926255915,17881.7
6493.199136072806,19767.7
6493.379009586462,21662.0
6493.558883100119,22781.9
6493.738756613775,24276.8
6493.918630127431,24786.0
6494.0985036410875,23957.6
6494.278377154744,23566.7
6494.4582506684,23544.6
6494.638124182056,23042.2
6494.817997695713,23994.0
6494.997871209369,24017.1
6495.177744723025,23439.6
6495.357618236681,23122.2
6495.537491750338,22180.0
6495.717365263994,20212.3
6495.89723877765,18904.6
6496.077112291307,20136.4
6496.256985804963,23140.1
6496.436859318619,24439.2
6496.616732832275,24498.3
6496.796606345932,24434.1
6496.976479859588,24426.9
6497.156353373244,23860.9
6497.3362268869005,22841.3
6497.516100400557,22510.9
6497.695973914213,23051.7
6497.875847427869,23765.8
6498.055720941526,24869.1
6498.235594455182,25848.4
6498.415467968838,26474.3
6498.595341482494,26386.9
6498.775214996151,26270.6
6498.955088509807,26948.5
6499.134962023463,27213.0
6499.3148355371195,26608.7
6499.494709050776,27022.0
6499.674582564432,27229.4
6499.854456078088,26972.2
6500.034329591745,26961.0
6500.214203105401,26779.5
6500.394076619057,26803.4
6500.573950132713,27689.9
6500.75382364637,28357.7
6500.933697160026,29052.0
6501.113570673682,28505.5
6501.2934441873385,26974.7
6501.473317700995,27322.8
6501.653191214651,27404.4
6501.833064728306,27678.9
6502.012938241963,28514.1
6502.192811755619,28218.5
6502.372685269275,29366.5
6502.552558782932,28693.2
6502.732432296588,28071.7
6502.912305810244,28660.0
6503.0921793239,29372.9
6503.272052837557,29897.2
6503.451926351213,29302.2
6503.631799864869,28622.0
6503.8116733785255,29636.3
6503.991546892182,29505.3
6504.171420405838,28727.8
6504.351293919494,29534.4
6504.531167433151,29996.0
6504.711040946807,30869.9
6504.890914460463,32070.3
6505.070787974119,32028.1
6505.250661487776,32003.4
6505.430535001432,32991.1
6505.610408515088,32594.1
6505.7902820287445,32293.7
6505.970155542401,31929.0
6506.150029056057,31843.9
6506.329902569713,32880.9
6506.50977608337,33278.7
6506.689649597026,33140.1
6506.869523110682,33835.6
6507.049396624338,34091.0
6507.229270137995,33575.6
6507.409143651651,33912.7
6507.589017165307,33155.3
6507.7688906789635,33497.7
6507.94876419262,34380.0
6508.128637706276,33284.4
6508.308511219932,31583.5
6508.488384733589,30854.3
6508.668258247245,30324.1
6508.848131760901,31085.3
6509.0280052745575,33495.2
6509.207878788214,34387.8
6509.38775230187,35031.7
6509.567625815526,35625.9
6509.747499329183,35348.2
6509.927372842839,35256.2
6510.107246356495,35828.8
6510.287119870151,35805.0
6510.466993383808,35201.7
6510.646866897464,35167.6
6510.82674041112,35843.1
6511.0066139247765,36372.3
6511.186487438433,36563.1
6511.366360952089,36149.9
6511.546234465745,35375.0
6511.726107979402,34936.7
6511.905981493058,33925.3
6512.085855006714,31919.8
6512.2657285203695,31865.7
6512.445602034026,34514.1
6512.625475547682,36622.8
6512.805349061338,37693.0
6512.985222574995,37667.6
6513.165096088651,37848.8
6513.344969602307,38040.3
6513.524843115963,37414.1
6513.70471662962,37236.4
6513.884590143276,38287.8
6514.064463656932,38640.4
6514.244337170589,37421.2
6514.424210684245,34763.5
6514.604084197901,32325.3
6514.783957711557,31755.8
6514.963831225214,34328.5
6515.14370473887,38008.7
6515.323578252526,40674.6
6515.5034517661825,40793.9
6515.683325279839,37996.5
6515.863198793495,37404.3
6516.043072307151,37876.6
6516.222945820808,36339.7
6516.402819334464,31476.6
6516.58269284812,27908.4
6516.762566361776,29269.4
6516.942439875433,33775.6
6517.122313389089,38117.1
6517.302186902745,41256.7
6517.4820604164015,43546.8
6517.661933930058,44223.1
6517.841807443714,41615.7
6518.02168095737,40614.5
6518.201554471027,40991.9
6518.381427984683,42846.4
6518.561301498339,43658.1
6518.741175011995,42441.5
6518.921048525652,41150.0
6519.100922039308,39515.2
6519.280795552964,36655.6
6519.4606690666205,35082.8
6519.640542580277,37041.6
6519.820416093933,40655.8
6520.000289607589,43529.4
6520.180163121246,44664.4
6520.360036634902,44824.3
6520.539910148558,44429.2
6520.7197836622145,44402.0
6520.899657175871,45091.2
6521.079530689527,44978.0
6521.259404203183,44746.9
6521.43927771684,45310.7
6521.619151230496,45562.2
6521.799024744152,45218.4
6521.978898257808,45049.9
6522.158771771465,43664.3
6522.338645285121,44271.6
6522.518518798777,46632.7
6522.6983923124335,46842.9
6522.87826582609,46262.5
6523.058139339745,45953.7
6523.238012853401,45202.2
6523.417886367058,43587.5
6523.597759880714,41390.6
6523.77763339437,40390.9
6523.9575069080265,40830.1
6524.137380421683,43208.3
6524.317253935339,46166.6
6524.497127448995,48197.6
6524.677000962652,49388.8
6524.856874476308,49477.6
6525.036747989964,49550.4
6525.21662150362,49885.5
6525.396495017277,49359.4
6525.576368530933,49645.3
6525.756242044589,49555.2
6525.936115558246,49662.1
6526.115989071902,50204.5
6526.295862585558,50774.1
6526.475736099214,51623.7
6526.655609612871,51598.0
6526.835483126527,50521.6
6527.015356640183,51480.7
6527.1952301538395,51124.1
6527.375103667496,50957.2
6527.554977181152,50473.6
6527.734850694808,50736.4
6527.914724208465,51386.9
6528.094597722121,52351.2
6528.274471235777,52670.0
6528.454344749433,52300.8
6528.63421826309,52965.6
6528.814091776746,53278.2
6528.993965290402,52866.4
6529.1738388040585,52782.6
6529.353712317715,53499.5
6529.533585831371,53490.1
6529.713459345027,53855.3
6529.893332858684,54632.3
6530.07320637234,53611.7
6530.253079885996,52891.7
6530.432953399652,53741.9
6530.612826913309,53002.3
6530.792700426965,52305.6
6530.972573940621,54106.3
6531.1524474542775,55277.7
6531.332320967934,54416.1
6531.51219448159,54487.2
6531.692067995246,55681.5
6531.871941508903,55632.2
6532.051815022559,51885.5
6532.231688536215,47878.1
6532.4115620498715,46921.7
6532.591435563528,49144.9
6532.771309077184,54230.3
6532.95118259084,56807.1
6533.131056104497,57187.6
6533.310929618153,57883.1
6533.490803131808,56360.1
6533.6706766454645,54855.8
6533.850550159121,53087.2
6534.030423672777,50788.3
6534.210297186433,50898.7
6534.39017070009,54413.2
6534.570044213746,56567.8
6534.749917727402,55378.5
6534.929791241058,56112.8
6535.109664754715,57875.6
6535.289538268371,57318.8
6535.469411782027,58504.0
6535.6492852956835,59659.7
6535.82915880934,60304.4
6536.009032322996,59293.6
6536.188905836652,58678.6
6536.368779350309,58121.9
6536.548652863965,56845.0
6536.728526377621,56773.7
6536.908399891277,57835.6
6537.088273404934,59157.9
6537.26814691859,59946.1
6537.448020432246,60664.5
6537.6278939459025,61274.5
6537.807767459559,61493.7
6537.987640973215,62018.5
6538.167514486871,62996.3
6538.347388000528,63363.8
6538.527261514184,63579.6
6538.70713502784,63689.1
6538.8870085414965,63251.1
6539.066882055153,63616.4
6539.246755568809,63844.1
6539.426629082465,62478.6
6539.606502596122,63035.1
6539.786376109778,64685.9
6539.966249623434,64061.2
6540.14612313709,63523.8
6540.325996650747,63389.1
6540.505870164403,63158.4
6540.685743678059,64115.9
6540.8656171917155,64736.6
6541.045490705372,64365.0
6541.225364219028,65082.6
6541.405237732684,65553.4
6541.585111246341,65778.5
6541.764984759997,65876.0
6541.944858273653,64695.4
6542.124731787309,61899.4
6542.304605300966,60011.3
6542.484478814622,61156.6
6542.664352328278,63899.1
6542.8442258419345,65601.7
6543.024099355591,66974.3
6543.203972869247,67855.8
6543.383846382903,67092.4
6543.56371989656,63622.9
6543.743593410216,56406.7
6543.923466923872,52853.3
6544.103340437528,54935.6
6544.283213951184,64585.5
6544.46308746484,68919.5
6544.642960978496,68857.4
6544.822834492153,69436.0
6545.002708005809,70263.5
6545.182581519465,70296.3
6545.3624550331215,69988.5
6545.542328546778,69149.4
6545.722202060434,67469.7
6545.90207557409,67097.8
6546.081949087747,69643.0
6546.261822601403,72149.7
6546.441696115059,72736.8
6546.621569628715,73005.9
6546.801443142372,71552.5
6546.981316656028,71384.0
6547.161190169684,72817.0
6547.3410636833405,71669.7
6547.520937196997,67938.1
6547.700810710653,65460.1
6547.880684224309,66295.5
6548.060557737966,69827.0
6548.240431251622,71040.1
6548.420304765278,65751.6
6548.600178278934,60978.4
6548.780051792591,61872.0
6548.959925306247,68062.5
6549.139798819903,72816.6
6549.3196723335595,74853.3
6549.499545847216,75752.1
6549.679419360872,76854.2
6549.859292874528,76714.3
6550.039166388185,77272.5
6550.219039901841,77807.6
6550.398913415497,77615.5
6550.5787869291535,78796.6
6550.75866044281,79325.1
6550.938533956466,78806.6
6551.118407470122,80292.0
6551.298280983779,81645.4
6551.478154497435,80329.3
6551.658028011091,79380.3
6551.837901524747,79270.1
6552.017775038404,79855.1
6552.19764855206,77390.0
6552.377522065716,70644.9
6552.5573955793725,65373.5
6552.737269093029,66262.7
6552.917142606685,73460.6
6553.097016120341,81654.7
6553.276889633998,84959.5
6553.456763147654,83603.5
6553.63663666131,79865.5
6553.816510174966,80250.0
6553.996383688623,81994.9
6554.176257202279,86019.6
6554.356130715935,89458.5
6554.536004229591,89839.3
6554.715877743247,91014.4
6554.895751256903,91270.0
6555.075624770559,93115.3
6555.255498284216,94873.4
6555.435371797872,95532.7
6555.615245311528,98095.6
6555.7951188251845,100846.0
6555.974992338841,102492.0
6556.154865852497,104017.0
6556.334739366153,105650.0
6556.51461287981,108216.0
6556.694486393466,109366.0
6556.874359907122,106272.0
6557.0542334207785,102551.0
6557.234106934435,104133.0
6557.413980448091,112582.0
6557.593853961747,122453.0
6557.773727475404,126476.0
6557.95360098906,126356.0
6558.133474502716,130310.0
6558.313348016372,138161.0
6558.493221530029,146227.0
6558.673095043685,155006.0
6558.852968557341,165934.0
6559.0328420709975,180170.0
6559.212715584654,188659.0
6559.39258909831,200810.0
6559.572462611966,213755.0
6559.752336125623,230475.0
6559.932209639279,242926.0
6560.112083152935,258759.0
6560.291956666591,271007.0
6560.471830180248,290068.0
6560.651703693904,318625.0
6560.83157720756,351408.0
6561.0114507212165,385375.0
6561.191324234873,419830.0
6561.371197748529,464453.0
6561.551071262185,520843.0
6561.730944775842,579011.0
6561.910818289498,639045.0
6562.090691803154,695335.0
6562.2705653168105,753515.0
6562.450438830467,834569.0
6562.630312344123,930053.0
6562.810185857779,1.01833e+06
6562.990059371436,1.06255e+06
6563.169932885092,1.0195e+06
6563.349806398748,919960.0
6563.529679912404,808854.0
6563.709553426061,710577.0
6563.889426939717,616171.0
6564.069300453373,523459.0
6564.2491739670295,473796.0
6564.429047480686,480402.0
6564.608920994342,494720.0
6564.788794507998,480653.0
6564.968668021655,448640.0
6565.148541535311,413578.0
6565.328415048966,379978.0
6565.5082885626225,343297.0
6565.688162076279,308185.0
6565.868035589935,278146.0
6566.047909103591,254699.0
6566.227782617248,237880.0
6566.407656130904,218993.0
6566.58752964456,204377.0
6566.767403158216,194590.0
6566.947276671873,185068.0
6567.127150185529,176766.0
6567.307023699185,168477.0
6567.4868972128415,160249.0
6567.666770726498,153304.0
6567.846644240154,146346.0
6568.02651775381,141251.0
6568.206391267467,137236.0
6568.386264781123,130694.0
6568.566138294779,124666.0
6568.7460118084355,118056.0
6568.925885322092,113406.0
6569.105758835748,112444.0
6569.285632349404,114321.0
6569.465505863061,113789.0
6569.645379376717,112303.0
6569.825252890373,111227.0
6570.005126404029,109724.0
6570.184999917686,107247.0
6570.364873431342,104961.0
6570.544746944998,103114.0
6570.7246204586545,101138.0
6570.904493972311,100931.0
6571.084367485967,101414.0
6571.264240999623,100106.0
6571.44411451328,99646.4
6571.623988026936,97251.5
6571.803861540592,89393.9
6571.983735054248,83184.4
6572.163608567905,81373.6
6572.343482081561,86319.6
6572.523355595217,94095.8
6572.7032291088735,94995.8
6572.88310262253,94642.3
6573.062976136186,94820.8
6573.242849649842,92785.5
6573.422723163499,92094.6
6573.602596677155,92302.5
6573.782470190811,92610.6
6573.9623437044675,92205.0
6574.142217218124,91956.8
6574.32209073178,92349.1
6574.501964245436,85989.1
6574.681837759093,75854.1
6574.861711272749,71601.2
6575.041584786405,73694.5
6575.221458300061,84043.8
6575.401331813718,90470.8
6575.581205327374,90574.2
6575.761078841029,90321.3
6575.940952354686,90057.4
6576.120825868342,89237.7
6576.300699381998,89268.1
6576.480572895654,88297.7
6576.660446409311,87988.1
6576.840319922967,87778.1
6577.020193436623,87923.8
6577.2000669502795,88642.7
6577.379940463936,88610.1
6577.559813977592,87998.5
6577.739687491248,88258.4
6577.919561004905,89159.1
6578.099434518561,88295.2
6578.279308032217,86754.6
6578.459181545873,87300.9
6578.63905505953,87748.9
6578.818928573186,87501.0
6578.998802086842,86885.0
6579.1786756004985,86857.6
6579.358549114155,86647.9
6579.538422627811,88016.7
6579.718296141467,89699.9
6579.898169655124,87565.7
6580.07804316878,87928.6
6580.257916682436,86793.4
6580.4377901960925,85051.1
6580.617663709749,83790.6
6580.797537223405,81013.9
6580.977410737061,82399.8
6581.157284250718,86807.7
6581.337157764374,87082.7
6581.51703127803,87376.6
6581.696904791686,88034.6
6581.876778305343,85616.2
6582.056651818999,84758.2
6582.236525332655,86026.3
6582.4163988463115,85783.8
6582.596272359968,85608.5
6582.776145873624,86697.1
6582.95601938728,85240.0
6583.135892900937,82674.7
6583.315766414593,80798.7
6583.495639928249,80163.8
6583.675513441905,82323.5
6583.855386955562,84243.4
6584.035260469218,85025.1
6584.215133982874,85900.5
6584.3950074965305,87527.7
6584.574881010187,88226.5
6584.754754523843,88576.7
6584.934628037499,87570.8
6585.114501551156,85596.6
6585.294375064812,86348.7
6585.474248578468,87018.8
6585.654122092124,86137.4
6585.833995605781,87053.5
6586.013869119437,87322.4
6586.193742633093,85557.2
6586.37361614675,81913.6
6586.553489660405,78027.5
6586.733363174061,79059.9
6586.9132366877175,83431.8
6587.093110201374,85763.9
6587.27298371503,85609.3
6587.452857228686,86408.5
6587.632730742343,88345.0
6587.812604255999,88129.4
6587.992477769655,87000.1
6588.172351283311,86724.3
6588.352224796968,86830.5
6588.532098310624,85297.4
6588.71197182428,84599.6
6588.8918453379365,85585.4
6589.071718851593,85509.6
6589.251592365249,85071.0
6589.431465878905,84691.9
6589.611339392562,85504.4
6589.791212906218,85498.6
6589.971086419874,85217.1
6590.15095993353,84973.9
6590.330833447187,84024.5
6590.510706960843,84205.9
6590.690580474499,84944.3
6590.8704539881555,85354.3
6591.050327501812,84886.6
6591.230201015468,84242.3
6591.410074529124,84036.5
6591.589948042781,84760.9
6591.769821556437,85648.6
6591.949695070093,84762.0
6592.1295685837495,83238.1
6592.309442097406,84091.1
6592.489315611062,85531.7
6592.669189124718,83630.5
6592.849062638375,82784.0
6593.028936152031,83410.6
6593.208809665687,82315.6
6593.388683179343,83477.1
6593.568556693,84916.1
6593.748430206656,85156.0
6593.928303720312,83991.9
6594.1081772339685,82178.9
6594.288050747625,80242.5
6594.467924261281,80755.4
6594.647797774937,83005.4
6594.827671288594,83492.6
6595.00754480225,84115.1
6595.187418315906,85224.0
6595.367291829562,84018.1
6595.547165343219,84508.7
6595.727038856875,84458.1
6595.906912370531,84642.8
6596.0867858841875,84610.5
6596.266659397844,84392.5
6596.4465329115,85011.4
6596.626406425156,84561.8
6596.806279938813,84206.1
6596.986153452468,83600.1
6597.166026966124,84422.4
6597.3459004797805,85032.5
6597.525773993437,84298.5
6597.705647507093,84060.4
6597.885521020749,84785.9
6598.065394534406,85573.1
6598.245268048062,85112.2
6598.425141561718,84651.1
6598.6050150753745,85924.6
6598.784888589031,86504.4
6598.964762102687,83441.6
6599.144635616343,80188.2
6599.32450913,78930.6
6599.504382643656,79121.5
6599.684256157312,82541.5
6599.864129670968,85379.5
6600.044003184625,84741.7
6600.223876698281,85700.9
6600.403750211937,84501.5
6600.5836237255935,85643.2
6600.76349723925,85085.1
6600.943370752906,83741.1
6601.123244266562,83739.7
6601.303117780219,84126.6
6601.482991293875,86160.0
6601.662864807531,84884.8
6601.842738321187,80941.3
6602.022611834844,81342.2
6602.2024853485,81251.7
6602.382358862156,82550.4
6602.5622323758125,82512.6
6602.742105889469,82095.5
6602.921979403125,82746.7
6603.101852916781,84176.8
6603.281726430438,83996.3
6603.461599944094,83241.9
6603.64147345775,82642.5
6603.8213469714065,83121.9
6604.001220485063,83482.8
6604.181093998719,82816.2
6604.360967512375,83358.7
6604.540841026032,83493.2
6604.720714539688,83217.0
6604.900588053344,82353.0
6605.080461567,82014.2
6605.260335080657,81366.1
6605.440208594313,81510.9
6605.620082107969,82335.2
6605.7999556216255,82678.5
6605.979829135282,82723.4
6606.159702648938,83398.0
6606.339576162594,83055.8
6606.519449676251,83507.4
6606.699323189907,84089.2
6606.879196703563,84089.9
6607.059070217219,83835.0
6607.238943730876,82417.4
6607.418817244532,82654.1
6607.598690758187,83285.8
6607.778564271844,83028.5
6607.9584377855,82443.0
6608.138311299156,82928.6
6608.318184812812,82810.9
6608.498058326469,80871.6
6608.677931840125,81396.4
6608.857805353781,81977.1
6609.0376788674375,82186.1
6609.217552381094,82281.0
6609.39742589475,81243.2
6609.577299408406,81273.5
6609.757172922063,80558.3
6609.937046435719,81990.7
6610.116919949375,81866.6
6610.2967934630315,81581.1
6610.476666976688,82617.4
6610.656540490344,82429.5
6610.836414004,81295.4
6611.016287517657,80286.2
6611.196161031313,80818.0
6611.376034544969,81944.7
6611.555908058625,80802.5
6611.735781572282,81438.6
6611.915655085938,81616.6
6612.095528599594,80111.3
6612.2754021132505,79680.7
6612.455275626907,79573.4
6612.635149140563,79499.7
6612.815022654219,80386.3
6612.994896167876,81523.7
6613.174769681532,81496.8
6613.354643195188,79124.5
6613.534516708844,78080.1
6613.714390222501,78475.7
6613.894263736157,78434.4
6614.074137249813,78519.7
6614.2540107634695,79454.1
6614.433884277126,80738.1
6614.613757790782,81541.1
6614.793631304438,80214.4
6614.973504818095,80130.4
6615.153378331751,80293.6
6615.333251845407,80910.3
6615.513125359063,81137.8
6615.69299887272,80895.7
6615.872872386376,81557.3
6616.052745900032,81426.8
6616.232619413689,80200.0
6616.412492927345,79919.3
6616.592366441001,79749.2
6616.772239954657,81694.6
6616.952113468314,81724.3
6617.13198698197,80313.2
6617.311860495626,78743.6
6617.4917340092825,79711.2
6617.671607522939,80091.7
6617.851481036595,79195.4
6618.03135455025,80049.5
6618.211228063907,80947.5
6618.391101577563,80268.3
6618.570975091219,81050.3
6618.7508486048755,80226.0
6618.930722118532,78829.6
6619.110595632188,80535.2
6619.290469145844,80371.1
6619.470342659501,79648.8
6619.650216173157,80186.0
6619.830089686813,79554.6
6620.009963200469,79986.5
6620.189836714126,80429.4
6620.369710227782,79770.5
6620.549583741438,80989.7
6620.7294572550945,80846.4
6620.909330768751,78790.4
6621.089204282407,78910.9
6621.269077796063,77649.4
6621.44895130972,78868.4
6621.628824823376,79439.6
6621.808698337032,79339.8
6621.9885718506885,78395.8
6622.168445364345,78431.3
6622.348318878001,79122.7
6622.528192391657,78340.0
6622.708065905314,77730.8
6622.88793941897,76860.6
6623.067812932626,78230.4
6623.247686446282,78172.9
6623.427559959939,78619.2
6623.607433473595,78230.2
6623.787306987251,78690.8
6623.9671805009075,77363.0
6624.147054014564,77648.6
6624.32692752822,78445.0
6624.506801041876,78791.7
6624.686674555533,78934.8
6624.866548069189,78294.7
6625.046421582845,77692.8
6625.226295096501,77811.2
6625.406168610158,78875.4
6625.586042123814,77817.8
6625.76591563747,78286.9
6625.9457891511265,78124.9
6626.125662664783,76652.4
6626.305536178439,75704.0
6626.485409692095,76989.0
6626.665283205752,77187.3
6626.845156719408,77352.8
6627.025030233064,76114.5
6627.20490374672,76862.8
6627.384777260377,78302.4
6627.564650774033,75429.2
6627.744524287689,74348.2
6627.924397801346,76330.8
6628.104271315002,75444.2
6628.284144828658,76023.3
6628.464018342314,77807.2
6628.643891855971,76016.6
6628.823765369627,75468.6
6629.003638883282,75599.7
6629.183512396939,75579.5
6629.363385910595,75689.0
6629.543259424251,75662.1
6629.723132937907,76632.2
6629.903006451564,77598.7
6630.08287996522,76205.9
6630.262753478876,75527.0
6630.4426269925325,75687.0
6630.622500506189,76354.0
6630.802374019845,75687.1
6630.982247533501,74765.8
6631.162121047158,75637.0
6631.341994560814,76250.8
6631.52186807447,75181.3
6631.701741588126,74454.0
6631.881615101783,74097.8
6632.061488615439,75817.1
6632.241362129095,75882.8
6632.4212356427515,74991.2
6632.601109156408,75129.0
6632.780982670064,74075.6
6632.96085618372,73779.8
6633.140729697377,74690.8
6633.320603211033,73952.4
6633.500476724689,73736.9
6633.680350238345,74172.2
6633.860223752002,73747.6
6634.040097265658,74888.5
6634.219970779314,74768.2
6634.399844292971,74207.8
6634.579717806627,74656.6
6634.759591320283,74304.7
6634.939464833939,74041.3
6635.119338347596,72869.5
6635.299211861252,72070.4
6635.479085374908,73887.8
6635.6589588885645,73814.6
6635.838832402221,73569.9
6636.018705915877,72629.8
6636.198579429533,72545.4
6636.37845294319,73134.2
6636.558326456846,73508.0
6636.738199970502,72448.5
6636.918073484158,73404.1
6637.097946997815,73331.8
6637.277820511471,72454.1
6637.457694025127,72336.5
6637.6375675387835,72870.8
6637.81744105244,73131.8
6637.997314566096,73926.6
6638.177188079752,73583.0
6638.357061593409,72353.9
6638.536935107065,71075.3
6638.716808620721,72344.8
6638.896682134377,72515.9
6639.076555648034,71726.0
6639.256429161689,71548.2
6639.436302675345,72228.9
6639.616176189002,72291.2
6639.796049702658,72006.2
6639.975923216314,71901.5
6640.1557967299705,71307.7
6640.335670243627,70618.4
6640.515543757283,71646.9
6640.695417270939,71127.6
6640.875290784596,70694.0
6641.055164298252,70840.8
6641.235037811908,71102.5
6641.414911325564,70578.3
6641.594784839221,70230.5
6641.774658352877,69644.7
6641.954531866533,69458.3
6642.1344053801895,70329.4
6642.314278893846,69032.9
6642.494152407502,69221.2
6642.674025921158,69356.9
6642.853899434815,68588.5
6643.033772948471,69499.2
6643.213646462127,69790.4
6643.393519975783,69324.1
6643.57339348944,69182.8
6643.753267003096,69730.2
6643.933140516752,69117.3
6644.1130140304085,68076.1
6644.292887544065,69275.8
6644.472761057721,69610.4
6644.652634571377,69228.1
6644.832508085034,69822.5
6645.01238159869,69707.3
6645.192255112346,70076.2
6645.372128626002,68796.0
6645.552002139659,68878.2
6645.731875653315,69801.9
6645.911749166971,68889.3
6646.091622680628,68454.6
6646.271496194284,68624.8
6646.45136970794,68114.1
6646.631243221596,68199.0
6646.811116735253,67837.4
6646.990990248909,68474.5
6647.170863762565,67937.0
6647.3507372762215,67640.4
6647.530610789878,67752.8
6647.710484303534,67088.3
6647.89035781719,67655.1
6648.070231330847,68304.9
6648.250104844503,69762.6
6648.429978358159,68972.3
6648.609851871815,67961.0
6648.789725385472,66688.7
6648.969598899128,67196.4
6649.149472412784,66469.1
6649.3293459264405,66795.8
6649.509219440097,68074.0
6649.689092953753,67621.2
6649.868966467409,66957.4
6650.048839981065,66725.3
6650.228713494721,65501.0
6650.408587008377,65333.6
6650.5884605220335,65842.1
6650.76833403569,66842.1
6650.948207549346,67389.6
6651.128081063002,66344.1
6651.307954576659,66218.2
6651.487828090315,66797.6
6651.667701603971,66525.2
6651.8475751176275,65691.1
6652.027448631284,66000.9
6652.20732214494,67098.3
6652.387195658596,65821.2
6652.567069172253,65755.8
6652.746942685909,65331.2
6652.926816199565,64700.6
6653.106689713221,65398.4
6653.286563226878,64478.7
6653.466436740534,64613.1
6653.64631025419,65274.7
6653.8261837678465,65173.2
6654.006057281503,66350.0
6654.185930795159,64672.8
6654.365804308815,63676.3
6654.545677822472,63325.9
6654.725551336128,63454.6
6654.905424849784,63376.7
6655.08529836344,63906.1
6655.265171877097,64802.1
6655.445045390753,63850.8
6655.624918904409,63416.0
6655.8047924180655,63064.8
6655.984665931722,63522.6
6656.164539445378,64095.0
6656.344412959034,64446.6
6656.524286472691,64357.6
6656.704159986347,63603.3
6656.884033500003,63046.9
6657.063907013659,63029.9
6657.243780527316,62793.4
6657.423654040972,62954.3
6657.603527554628,63820.7
6657.783401068285,63144.5
6657.963274581941,62678.3
6658.143148095597,62798.8
6658.323021609253,62213.3
6658.50289512291,61965.0
6658.682768636566,61544.4
6658.862642150222,60843.2
6659.0425156638785,61838.2
6659.222389177535,61985.0
6659.402262691191,62244.4
6659.582136204847,61096.4
6659.762009718504,61484.3
6659.94188323216,62047.8
6660.121756745816,61124.6
6660.3016302594715,60439.8
6660.481503773128,60161.5
6660.661377286784,60579.1
6660.84125080044,61557.9
6661.021124314097,61628.6
6661.200997827753,60599.7
6661.380871341409,60134.2
6661.560744855065,59795.5
6661.740618368722,59411.1
6661.920491882378,60316.7
6662.100365396034,59914.0
6662.2802389096905,58707.3
6662.460112423347,59263.0
6662.639985937003,60347.6
6662.819859450659,60240.0
6662.999732964316,60203.7
6663.179606477972,60550.0
6663.359479991628,60305.7
6663.539353505284,58865.7
6663.719227018941,59157.4
6663.899100532597,60346.7
6664.078974046253,59415.4
6664.25884755991,58983.0
6664.438721073566,58634.5
6664.618594587222,58879.1
6664.798468100878,58055.6
6664.978341614535,57453.6
6665.158215128191,58770.2
6665.338088641847,58650.6
6665.5179621555035,57658.9
6665.69783566916,57384.3
6665.877709182816,57624.8
6666.057582696472,57506.1
6666.237456210129,57282.3
6666.417329723785,57783.0
6666.597203237441,59283.0
6666.777076751097,58152.3
6666.956950264754,57295.1
6667.13682377841,57189.1
6667.316697292066,56361.6
6667.4965708057225,57231.9
6667.676444319379,57084.3
6667.856317833035,56628.4
6668.036191346691,56590.2
6668.216064860348,56584.8
6668.395938374004,57269.7
6668.57581188766,55959.2
6668.755685401316,55803.0
6668.935558914973,56175.3
6669.115432428629,55893.0
6669.295305942285,55663.6
6669.4751794559415,55688.0
6669.655052969598,54271.5
6669.834926483254,54718.6
6670.01479999691,54884.4
6670.194673510567,54844.5
6670.374547024223,55398.5
6670.554420537879,55206.1
6670.7342940515355,54580.3
6670.914167565192,53592.7
6671.094041078848,55477.0
6671.273914592503,55133.8
6671.45378810616,53881.6
6671.633661619816,53178.7
6671.813535133472,54037.8
6671.9934086471285,53824.3
6672.173282160785,53508.8
6672.353155674441,54671.8
6672.533029188097,53666.5
6672.712902701754,52758.2
6672.89277621541,53286.8
6673.072649729066,53593.2
6673.252523242722,52965.8
6673.432396756379,52063.4
6673.612270270035,52534.3
6673.792143783691,52858.4
6673.9720172973475,53368.3
6674.151890811004,52225.9
6674.33176432466,52334.0
6674.511637838316,52292.0
6674.691511351973,51813.2
6674.871384865629,51393.4
6675.051258379285,51175.3
6675.231131892941,51602.5
6675.411005406598,51487.3
6675.590878920254,50601.4
6675.77075243391,52922.4
6675.950625947567,51921.9
6676.130499461223,49472.2
6676.310372974879,49325.4
6676.490246488535,49285.4
6676.670120002192,49255.2
6676.849993515848,48793.4
6677.029867029504,48620.2
6677.2097405431605,48814.9
6677.389614056817,48688.4
6677.569487570473,49430.0
6677.749361084129,48405.2
6677.929234597786,47116.7
6678.109108111442,47575.7
6678.288981625098,47711.8
6678.468855138754,48430.9
6678.648728652411,48058.2
6678.828602166067,47633.2
6679.008475679723,47600.4
6679.1883491933795,48369.6
6679.368222707036,48035.6
6679.548096220692,47707.8
6679.727969734348,48062.4
6679.907843248005,48201.5
6680.087716761661,49146.2
6680.267590275317,48325.7
6680.447463788973,48837.2
6680.62733730263,48199.9
6680.807210816286,48904.4
6680.987084329942,48840.0
6681.1669578435985,49392.6
6681.346831357255,48057.5
6681.52670487091,48595.4
6681.7065783845665,48362.7
6681.886451898223,47406.2
6682.066325411879,47625.1
6682.246198925535,46807.8
6682.426072439192,48153.9
6682.605945952848,46817.2
6682.785819466504,46038.0
6682.96569298016,46647.3
6683.145566493817,47517.9
6683.325440007473,46636.5
6683.505313521129,46121.6
6683.6851870347855,46187.6
6683.865060548442,44873.7
6684.044934062098,46112.2
6684.224807575754,45603.5
6684.404681089411,46033.7
6684.584554603067,46277.8
6684.764428116723,46211.9
6684.944301630379,45171.5
6685.124175144036,44399.2
6685.304048657692,45157.0
6685.483922171348,44165.5
6685.6637956850045,44387.9
6685.843669198661,45636.9
6686.023542712317,45172.4
6686.203416225973,44587.7
6686.38328973963,44122.5
6686.563163253286,44020.4
6686.743036766942,44372.6
6686.922910280598,44447.3
6687.102783794255,43950.4
6687.282657307911,44061.0
6687.462530821567,43450.9
6687.642404335224,42904.6
6687.82227784888,43095.5
6688.002151362536,43898.9
6688.182024876192,42802.8
6688.361898389849,43118.0
6688.541771903505,42541.8
6688.721645417161,42004.6
6688.9015189308175,42177.5
6689.081392444474,42429.2
6689.26126595813,42815.5
6689.441139471786,42562.9
6689.621012985443,41345.4
6689.800886499099,41744.6
6689.980760012755,41177.7
6690.160633526411,41304.3
6690.340507040068,41185.9
6690.520380553724,41119.1
6690.70025406738,40445.6
6690.8801275810365,40460.2
6691.060001094693,40289.3
6691.239874608349,40614.7
6691.419748122005,40424.5
6691.599621635662,40357.9
6691.779495149318,40399.5
6691.959368662974,40335.9
6692.13924217663,39821.8
6692.319115690287,40122.7
6692.498989203942,39856.5
6692.678862717598,39134.9
6692.858736231255,38918.0
6693.038609744911,39314.8
6693.218483258567,38470.9
6693.398356772223,38938.2
6693.57823028588,39605.3
6693.758103799536,38480.9
6693.937977313192,38738.0
6694.117850826849,38722.5
6694.297724340505,38273.4
6694.477597854161,38258.2
6694.657471367817,37611.2
6694.837344881474,37413.4
6695.01721839513,37998.4
6695.197091908786,38035.4
6695.3769654224425,36758.4
6695.556838936099,37225.7
6695.736712449755,36154.2
6695.916585963411,36734.7
6696.096459477068,36530.8
6696.276332990724,36752.5
6696.45620650438,36819.1
6696.636080018036,36413.8
6696.815953531693,35970.1
6696.995827045349,36507.7
6697.175700559005,36522.2
6697.3555740726615,35239.5
6697.535447586318,35124.5
6697.715321099974,34627.2
6697.89519461363,35413.5
6698.075068127287,34766.9
6698.254941640943,33965.8
6698.434815154599,34825.7
6698.614688668255,34138.2
6698.794562181912,34443.4
6698.974435695568,34335.7
6699.154309209224,34126.4
6699.3341827228805,33323.5
6699.514056236537,34074.5
6699.693929750193,34747.0
6699.873803263849,34144.9
6700.053676777506,33647.8
6700.233550291162,33454.6
6700.413423804818,32136.8
6700.5932973184745,32623.5
6700.773170832131,33403.7
6700.953044345787,33544.0
6701.132917859443,33107.3
6701.3127913731,32993.2
6701.492664886756,33563.8
6701.672538400412,32735.2
6701.852411914068,32874.5
6702.032285427725,33081.0
6702.212158941381,32069.6
6702.392032455037,31804.3
6702.5719059686935,32486.1
6702.751779482349,31400.6
6702.931652996005,31606.7
6703.111526509661,31919.5
6703.291400023318,32182.2
6703.471273536974,31542.6
6703.65114705063,30874.8
6703.8310205642865,30966.5
6704.010894077943,30666.1
6704.190767591599,30341.7
6704.370641105255,29819.7
6704.550514618912,29914.1
6704.730388132568,30463.3
6704.910261646224,29873.3
6705.09013515988,30292.5
6705.270008673537,30347.4
6705.449882187193,30646.4
6705.629755700849,29655.2
6705.809629214506,29125.9
6705.989502728162,29396.1
6706.169376241818,29610.4
6706.349249755474,29063.5
6706.529123269131,28576.9
6706.708996782787,29830.6
6706.888870296443,28614.6
6707.0687438100995,28736.6
6707.248617323756,28496.1
6707.428490837412,28458.3
6707.608364351068,28289.1
6707.788237864725,28152.6
6707.968111378381,28263.1
6708.147984892037,27528.7
6708.327858405693,27571.0
6708.50773191935,27557.9
6708.687605433006,27329.2
6708.867478946662,26534.1
6709.0473524603185,26248.4
6709.227225973975,25964.4
6709.407099487631,26329.4
6709.586973001287,26185.6
6709.766846514944,26567.2
6709.9467200286,26727.2
6710.126593542256,26454.7
6710.306467055912,26295.3
6710.486340569569,25648.2
6710.666214083225,26203.6
6710.846087596881,25710.9
6711.0259611105375,25540.5
6711.205834624194,25563.5
6711.38570813785,25262.1
6711.565581651506,24556.8
6711.745455165163,24505.8
6711.925328678819,24738.8
6712.105202192475,24675.4
6712.2850757061315,24793.4
6712.464949219788,24287.5
6712.644822733444,24642.4
6712.8246962471,24521.6
6713.004569760757,24010.9
6713.184443274413,24573.7
6713.364316788069,23498.6
6713.5441903017245,23061.6
6713.724063815381,23504.8
6713.903937329037,23255.8
6714.083810842693,23267.2
6714.26368435635,23010.1
6714.443557870006,23347.5
6714.623431383662,21936.1
6714.803304897318,22540.7
6714.983178410975,22871.9
6715.163051924631,22447.6
6715.342925438287,22778.6
6715.5227989519435,22190.3
6715.7026724656,21547.6
6715.882545979256,21904.6
6716.062419492912,21522.4
6716.242293006569,21104.2
6716.422166520225,21461.9
6716.602040033881,21705.3
6716.781913547537,21595.5
6716.961787061194,21399.2
6717.14166057485,20650.7
6717.321534088506,20643.8
6717.5014076021625,21438.8
6717.681281115819,21632.0
6717.861154629475,20775.0
6718.041028143131,20463.3
6718.220901656788,20726.4
6718.400775170444,19796.5
6718.5806486841,19621.8
6718.7605221977565,19893.4
6718.940395711413,20164.5
6719.120269225069,19848.8
6719.300142738725,19502.3
6719.480016252382,19283.5
6719.659889766038,19345.3
6719.839763279694,19555.9
6720.01963679335,19515.5
6720.199510307007,19304.3
6720.379383820663,18284.3
6720.559257334319,19078.1
6720.7391308479755,18225.8
6720.919004361632,18679.5
6721.098877875288,18355.8
6721.278751388944,18018.9
6721.458624902601,18619.9
6721.638498416257,18163.5
6721.818371929913,18412.4
6721.998245443569,17968.9
6722.178118957226,17323.0
6722.357992470882,17988.0
6722.537865984538,18579.7
6722.7177394981945,17575.7
6722.897613011851,17148.6
6723.077486525507,16758.8
6723.257360039163,16737.0
6723.43723355282,16818.7
6723.617107066476,16703.5
6723.796980580131,16414.5
6723.976854093788,16989.1
6724.156727607444,17176.8
6724.3366011211,16058.1
6724.516474634756,16282.1
6724.696348148413,16200.2
6724.876221662069,16509.2
6725.056095175725,15765.3
6725.2359686893815,15868.5
6725.415842203038,16440.3
6725.595715716694,15348.9
6725.77558923035,15370.3
6725.955462744007,15700.0
6726.135336257663,15145.2
6726.315209771319,14670.6
6726.495083284975,15315.3
6726.674956798632,15578.5
6726.854830312288,14702.6
6727.034703825944,14200.9
6727.2145773396005,15418.2
6727.394450853257,14714.3
6727.574324366913,14381.0
6727.754197880569,14781.8
6727.934071394226,14689.9
6728.113944907882,13626.5
6728.293818421538,14097.4
6728.473691935194,13982.4
6728.653565448851,14125.2
6728.833438962507,14198.8
6729.013312476163,13783.3
6729.1931859898195,13828.9
6729.373059503476,14217.8
6729.552933017132,13687.4
6729.732806530788,13113.8
6729.912680044445,12639.5
6730.092553558101,12759.6
6730.272427071757,13431.3
6730.4523005854135,13064.0
6730.63217409907,13548.0
6730.812047612726,13306.8
6730.991921126382,13466.2
6731.171794640039,12243.2
6731.351668153695,12242.6
6731.531541667351,12417.0
6731.711415181007,12132.8
6731.891288694664,11662.4
6732.07116220832,12873.2
6732.251035721976,12443.1
6732.4309092356325,11647.1
6732.610782749289,12180.2
6732.790656262945,10659.7
