6486.5822623108,123721.0
6486.762114423606,123908.0
6486.941966536414,126326.0
6487.121818649221,131030.0
6487.301670762028,134003.0
6487.481522874835,133645.0
6487.6613749876415,132646.0
6487.841227100449,132929.0
6488.021079213256,134591.0
6488.200931326062,138916.0
6488.38078343887,142330.0
6488.560635551677,143647.0
6488.740487664484,144782.0
6488.920339777291,142500.0
6489.100191890097,138244.0
6489.280044002905,139699.0
6489.459896115712,144725.0
6489.639748228518,149740.0
6489.819600341326,152075.0
6489.999452454133,150305.0
6490.17930456694,150893.0
6490.359156679747,146980.0
6490.539008792553,134907.0
6490.718860905361,126103.0
6490.898713018168,125971.0
6491.078565130974,139480.0
6491.258417243782,153067.0
6491.4382693565885,157672.0
6491.618121469396,158249.0
6491.797973582203,160890.0
6491.977825695009,163838.0
6492.157677807817,164484.0
6492.337529920624,163302.0
6492.51738203343,156302.0
6492.697234146238,145384.0
6492.8770862590445,135841.0
6493.056938371852,137255.0
6493.236790484659,147343.0
6493.416642597465,158044.0
6493.596494710273,166571.0
6493.77634682308,170608.0
6493.956198935886,168669.0
6494.136051048694,165719.0
6494.3159031615005,163974.0
6494.495755274308,165945.0
6494.675607387115,170688.0
6494.855459499921,174118.0
6495.035311612729,175236.0
6495.215163725536,175696.0
6495.395015838342,172319.0
6495.57486795115,160040.0
6495.7547200639565,148699.0
6495.934572176764,148019.0
6496.114424289571,159677.0
6496.294276402377,173728.0
6496.474128515185,182483.0
6496.653980627992,187019.0
6496.833832740799,188082.0
6497.013684853606,185976.0
6497.1935369664125,180176.0
6497.37338907922,174179.0
6497.553241192027,172308.0
6497.733093304833,175938.0
6497.912945417641,184175.0
6498.092797530448,190939.0
6498.272649643255,191607.0
6498.452501756062,192644.0
6498.632353868868,193879.0
6498.812205981676,196061.0
6498.992058094483,197149.0
6499.171910207289,197007.0
6499.351762320097,197294.0
6499.531614432904,199117.0
6499.711466545711,200487.0
6499.891318658518,199983.0
6500.071170771324,203086.0
6500.251022884132,205272.0
6500.430874996939,207097.0
6500.610727109745,210155.0
6500.790579222553,209995.0
6500.9704313353595,207830.0
6501.150283448167,207132.0
6501.330135560974,206296.0
6501.50998767378,206517.0
6501.689839786588,209068.0
6501.869691899395,212209.0
6502.049544012201,211286.0
6502.229396125009,211631.0
6502.4092482378155,211757.0
6502.589100350623,211148.0
6502.76895246343,214480.0
6502.948804576236,218287.0
6503.128656689044,216194.0
6503.308508801851,214233.0
6503.488360914657,215000.0
6503.668213027465,215187.0
6503.8480651402715,213836.0
6504.027917253079,212575.0
6504.207769365886,213091.0
6504.387621478692,217893.0
6504.5674735915,226033.0
6504.747325704307,230522.0
6504.927177817113,229699.0
6505.107029929921,231067.0
6505.2868820427275,233890.0
6505.466734155535,235552.0
6505.646586268342,234908.0
6505.826438381148,235072.0
6506.006290493956,238663.0
6506.186142606763,241967.0
6506.36599471957,242863.0
6506.545846832377,244526.0
6506.7256989451835,244405.0
6506.905551057991,243902.0
6507.085403170798,243017.0
6507.265255283604,243258.0
6507.445107396412,244579.0
6507.624959509219,245596.0
6507.804811622026,246617.0
6507.984663734833,246666.0
6508.164515847639,244958.0
6508.344367960447,234382.0
6508.524220073254,226514.0
6508.70407218606,229123.0
6508.883924298868,240876.0
6509.063776411675,251439.0
6509.243628524482,254929.0
6509.423480637289,257251.0
6509.603332750095,260604.0
6509.783184862903,262644.0
6509.96303697571,260937.0
6510.142889088516,261951.0
6510.322741201324,262020.0
6510.5025933141305,261463.0
6510.682445426938,263879.0
6510.862297539745,266897.0
6511.042149652551,266836.0
6511.222001765359,266151.0
6511.401853878166,268207.0
6511.581705990972,265837.0
6511.76155810378,253826.0
6511.9414102165865,243270.0
6512.121262329394,241624.0
6512.301114442201,250076.0
6512.480966555007,263660.0
6512.660818667815,274060.0
6512.840670780622,278006.0
6513.020522893428,278027.0
6513.200375006236,277273.0
6513.3802271190425,275996.0
6513.56007923185,276888.0
6513.739931344657,278516.0
6513.919783457463,278216.0
6514.099635570271,274897.0
6514.279487683078,263987.0
6514.459339795884,243436.0
6514.639191908692,227258.0
6514.8190440214985,233839.0
6514.998896134306,257434.0
6515.178748247113,281198.0
6515.358600359919,285831.0
6515.538452472727,278090.0
6515.718304585534,269117.0
6515.898156698341,268454.0
6516.078008811148,269011.0
6516.2578609239545,246159.0
6516.437713036762,210125.0
6516.617565149569,201164.0
6516.797417262375,217545.0
6516.977269375183,249139.0
6517.15712148799,268864.0
6517.336973600797,286081.0
6517.516825713604,300864.0
6517.69667782641,298767.0
6517.876529939218,289888.0
6518.056382052025,288172.0
6518.236234164831,292088.0
6518.416086277639,307594.0
6518.595938390446,310936.0
6518.775790503253,306204.0
6518.95564261606,296539.0
6519.135494728866,282404.0
6519.315346841674,268503.0
6519.495198954481,268361.0
6519.675051067287,288526.0
6519.854903180095,313810.0
6520.0347552929015,326799.0
6520.214607405709,327222.0
6520.394459518516,329907.0
6520.574311631322,330381.0
6520.75416374413,335058.0
6520.934015856937,337297.0
6521.113867969743,336247.0
6521.293720082551,335980.0
6521.4735721953575,335000.0
6521.653424308165,333917.0
6521.833276420972,331591.0
6522.013128533778,325988.0
6522.192980646586,329378.0
6522.372832759393,332661.0
6522.552684872199,338888.0
6522.732536985007,342645.0
6522.9123890978135,340659.0
6523.092241210621,335645.0
6523.272093323428,329425.0
6523.451945436234,318780.0
6523.631797549042,301385.0
6523.811649661849,295560.0
6523.991501774655,307754.0
6524.171353887463,334480.0
6524.3512060002695,353104.0
6524.531058113077,359855.0
6524.710910225884,360821.0
6524.89076233869,362685.0
6525.070614451498,363235.0
6525.250466564305,362492.0
6525.430318677112,366759.0
6525.610170789919,364173.0
6525.7900229027255,360268.0
6525.969875015533,366570.0
6526.14972712834,371052.0
6526.329579241146,374301.0
6526.509431353954,375925.0
6526.689283466761,376852.0
6526.869135579568,377865.0
6527.048987692375,378402.0
6527.228839805181,378418.0
6527.408691917989,376920.0
6527.588544030796,378404.0
6527.768396143602,378004.0
6527.94824825641,379370.0
6528.128100369217,382622.0
6528.307952482024,386306.0
6528.487804594831,388882.0
6528.667656707637,393783.0
6528.847508820445,394072.0
6529.027360933252,390882.0
6529.207213046058,393540.0
6529.387065158866,391770.0
6529.5669172716725,392905.0
6529.74676938448,391150.0
6529.926621497287,396203.0
6530.106473610093,394771.0
6530.286325722901,390353.0
6530.466177835708,387047.0
6530.646029948514,388142.0
6530.825882061322,393235.0
6531.0057341741285,397971.0
6531.185586286936,403545.0
6531.365438399743,407367.0
6531.545290512549,408136.0
6531.725142625357,409695.0
6531.904994738164,398003.0
6532.08484685097,368014.0
6532.264698963778,346914.0
6532.4445510765845,346696.0
6532.624403189392,372907.0
6532.804255302199,405370.0
6532.984107415005,415332.0
6533.163959527813,414127.0
6533.34381164062,417874.0
6533.523663753426,415694.0
6533.703515866234,403117.0
6533.8833679790405,383804.0
6534.063220091848,378627.0
6534.243072204655,390203.0
6534.422924317461,403715.0
6534.602776430269,410390.0
6534.782628543076,413139.0
6534.962480655883,417969.0
6535.14233276869,424625.0
6535.3221848814965,428689.0
6535.502036994304,432508.0
6535.681889107111,434730.0
6535.861741219917,432759.0
6536.041593332725,429728.0
6536.221445445532,432735.0
6536.401297558339,424439.0
6536.581149671146,415329.0
6536.761001783952,413741.0
6536.94085389676,422122.0
6537.120706009567,433096.0
6537.300558122373,438224.0
6537.480410235181,448448.0
6537.660262347988,448148.0
6537.840114460795,446903.0
6538.019966573602,453841.0
6538.199818686408,452239.0
6538.379670799216,452346.0
6538.559522912023,454815.0
6538.739375024829,454956.0
6538.919227137637,454916.0
6539.0990792504435,457450.0
6539.278931363251,458955.0
6539.458783476058,456831.0
6539.638635588864,456694.0
6539.818487701672,459777.0
6539.998339814479,464867.0
6540.178191927285,461379.0
6540.358044040093,457917.0
6540.5378961528995,457660.0
6540.717748265707,465706.0
6540.897600378514,470716.0
6541.07745249132,471186.0
6541.257304604128,474651.0
6541.437156716935,477525.0
6541.617008829741,475775.0
6541.796860942549,470325.0
6541.9767130553555,457224.0
6542.156565168163,437292.0
6542.33641728097,433582.0
6542.516269393776,449087.0
6542.696121506584,471754.0
6542.875973619391,477642.0
6543.055825732197,475745.0
6543.235677845005,480026.0
6543.4155299578115,476164.0
6543.595382070619,441469.0
6543.775234183426,396523.0
6543.955086296232,385408.0
6544.13493840904,415875.0
6544.314790521847,469932.0
6544.494642634654,487100.0
6544.674494747461,492290.0
6544.8543468602675,499138.0
6545.034198973075,497707.0
6545.214051085882,497570.0
6545.393903198688,496134.0
6545.573755311496,485934.0
6545.753607424303,479524.0
6545.93345953711,486618.0
6546.113311649917,500897.0
6546.293163762723,511969.0
6546.473015875531,512003.0
6546.652867988338,508794.0
6546.832720101144,504536.0
6547.012572213952,507569.0
6547.192424326759,507446.0
6547.372276439566,492656.0
6547.552128552373,472727.0
6547.731980665179,463301.0
6547.911832777987,479149.0
6548.091684890794,497890.0
6548.2715370036,480354.0
6548.451389116408,444476.0
6548.6312412292145,431990.0
6548.811093342022,448488.0
6548.990945454829,491604.0
6549.170797567635,516934.0
6549.350649680443,523155.0
6549.53050179325,531522.0
6549.710353906056,535448.0
6549.890206018864,535742.0
6550.0700581316705,536469.0
6550.249910244478,538374.0
6550.429762357285,541282.0
6550.609614470091,538255.0
6550.789466582899,535098.0
6550.969318695706,539746.0
6551.149170808512,540403.0
6551.32902292132,540552.0
6551.5088750341265,539208.0
6551.688727146934,536152.0
6551.868579259741,533905.0
6552.048431372547,532855.0
6552.228283485355,510272.0
6552.408135598162,463552.0
6552.587987710968,435814.0
6552.767839823776,450447.0
6552.9476919365825,500922.0
6553.12754404939,547291.0
6553.307396162197,552836.0
6553.487248275003,533471.0
6553.667100387811,518538.0
6553.846952500618,517870.0
6554.026804613424,529687.0
6554.206656726232,545574.0
6554.3865088390385,556297.0
6554.566360951846,565445.0
6554.746213064653,566804.0
6554.926065177459,571241.0
6555.105917290267,576284.0
6555.285769403074,573572.0
6555.465621515881,576186.0
6555.645473628688,586147.0
6555.825325741494,594714.0
6556.005177854302,599545.0
6556.185029967109,605036.0
6556.364882079915,614434.0
6556.544734192723,612945.0
6556.72458630553,606685.0
6556.904438418337,582203.0
6557.084290531144,558924.0
6557.26414264395,564510.0
6557.443994756758,599658.0
6557.623846869565,631416.0
6557.803698982371,634751.0
6557.983551095179,627967.0
6558.1634032079855,630597.0
6558.343255320793,649248.0
6558.5231074336,678384.0
6558.702959546406,704162.0
6558.882811659214,725230.0
6559.062663772021,746591.0
6559.242515884827,768456.0
6559.422367997635,787497.0
6559.6022201104415,812541.0
6559.782072223249,834299.0
6559.961924336056,870152.0
6560.141776448862,894705.0
6560.32162856167,909418.0
6560.501480674477,936689.0
6560.681332787283,998500.0
6560.861184900091,1.08064e+06
6561.0410370128975,1.16005e+06
6561.220889125705,1.26018e+06
6561.400741238512,1.41356e+06
6561.580593351318,1.6021e+06
6561.760445464126,1.80708e+06
6561.940297576933,2.0115e+06
6562.120149689739,2.15272e+06
6562.300001802547,2.2666e+06
6562.4798539153535,2.38958e+06
6562.659706028161,2.51864e+06
6562.839558140968,2.73189e+06
6563.019410253774,2.92138e+06
6563.199262366582,2.97438e+06
6563.379114479389,2.91945e+06
6563.558966592196,2.76248e+06
6563.738818705003,2.51448e+06
6563.9186708178095,2.23404e+06
6564.098522930617,2.02851e+06
6564.278375043424,1.9944e+06
6564.45822715623,2.07926e+06
6564.638079269038,2.12225e+06
6564.817931381845,2.06107e+06
6564.997783494652,1.95162e+06
6565.177635607459,1.8488e+06
6565.357487720265,1.74258e+06
6565.537339833073,1.63294e+06
6565.71719194588,1.51649e+06
6565.897044058686,1.41434e+06
6566.076896171494,1.31071e+06
6566.256748284301,1.21499e+06
6566.436600397108,1.13142e+06
6566.616452509915,1.05661e+06
6566.796304622721,1.00096e+06
6566.976156735529,953393.0
6567.156008848336,913347.0
6567.335860961142,877234.0
6567.51571307395,840144.0
6567.6955651867565,815706.0
6567.875417299564,794925.0
6568.055269412371,775541.0
6568.235121525177,750155.0
6568.414973637985,725020.0
6568.594825750792,692922.0
6568.774677863598,670066.0
6568.954529976406,660566.0
6569.1343820892125,662963.0
6569.31423420202,661660.0
6569.494086314827,664994.0
6569.673938427633,662996.0
6569.853790540441,662572.0
6570.033642653248,661524.0
6570.213494766054,659929.0
6570.393346878862,647630.0
6570.5731989916685,635518.0
6570.753051104476,633339.0
6570.932903217283,630580.0
6571.112755330089,639835.0
6571.292607442897,638705.0
6571.472459555704,631468.0
6571.65231166851,612555.0
6571.832163781318,573389.0
6572.0120158941245,537013.0
6572.191868006932,538189.0
6572.371720119739,576716.0
6572.551572232545,611962.0
6572.731424345353,620418.0
6572.91127645816,622304.0
6573.091128570966,625538.0
6573.270980683774,619897.0
6573.4508327965805,619518.0
6573.630684909388,616257.0
6573.810537022195,616846.0
6573.990389135001,624950.0
6574.170241247809,623580.0
6574.350093360616,611849.0
6574.529945473423,570680.0
6574.70979758623,512306.0
6574.889649699036,492033.0
6575.069501811844,526620.0
6575.249353924651,593905.0
6575.429206037457,617123.0
6575.609058150265,621241.0
6575.788910263072,619880.0
6575.968762375879,615731.0
6576.148614488686,614865.0
6576.328466601492,616336.0
6576.5083187143,619754.0
6576.688170827107,623772.0
6576.868022939913,620977.0
6577.047875052721,623781.0
6577.2277271655275,635419.0
6577.407579278335,637571.0
6577.587431391142,632994.0
6577.767283503948,630775.0
6577.947135616756,626639.0
6578.126987729563,626391.0
6578.306839842369,629903.0
6578.486691955177,632071.0
6578.6665440679835,634091.0
6578.846396180791,621816.0
6579.026248293598,613058.0
6579.206100406404,618476.0
6579.385952519212,624655.0
6579.565804632019,625868.0
6579.745656744825,627366.0
6579.925508857633,625550.0
6580.1053609704395,622399.0
6580.285213083247,618095.0
6580.465065196054,603025.0
6580.64491730886,585794.0
6580.824769421668,577989.0
6581.004621534475,593490.0
6581.184473647281,618361.0
6581.364325760089,626731.0
6581.5441778728955,621450.0
6581.724029985703,619100.0
6581.90388209851,622377.0
6582.083734211316,620716.0
6582.263586324124,615178.0
6582.443438436931,617787.0
6582.623290549738,623136.0
6582.803142662545,627300.0
6582.9829947753515,619529.0
6583.162846888159,605690.0
6583.342699000966,595354.0
6583.522551113772,593640.0
6583.70240322658,603524.0
6583.882255339387,616547.0
6584.062107452194,627353.0
6584.241959565001,632102.0
6584.421811677807,624364.0
6584.601663790615,628825.0
6584.781515903422,628827.0
6584.961368016228,627524.0
6585.141220129036,622880.0
6585.321072241843,618909.0
6585.50092435465,610876.0
6585.680776467457,607432.0
6585.860628580263,610278.0
6586.040480693071,612355.0
6586.220332805878,598971.0
6586.400184918684,568045.0
6586.580037031492,553749.0
6586.7598891442985,570546.0
6586.939741257106,604227.0
6587.119593369913,623781.0
6587.299445482719,626674.0
6587.479297595527,623571.0
6587.659149708334,623300.0
6587.83900182114,622654.0
6588.018853933948,623479.0
6588.1987060467545,622105.0
6588.378558159562,616061.0
6588.558410272369,613756.0
6588.738262385175,615253.0
6588.918114497983,619352.0
6589.09796661079,622462.0
6589.277818723596,623365.0
6589.457670836404,626227.0
6589.6375229492105,627397.0
6589.817375062018,625696.0
6589.997227174825,627798.0
6590.177079287631,630885.0
6590.356931400439,632788.0
6590.536783513246,631386.0
6590.716635626052,629098.0
6590.89648773886,626453.0
6591.0763398516665,621614.0
6591.256191964474,620782.0
6591.436044077281,623687.0
6591.615896190087,622793.0
6591.795748302895,622191.0
6591.975600415702,624680.0
6592.155452528508,622398.0
6592.335304641316,617472.0
6592.5151567541225,618288.0
6592.69500886693,621319.0
6592.874860979737,613573.0
6593.054713092543,611699.0
6593.234565205351,615352.0
6593.414417318158,620373.0
6593.594269430965,619328.0
6593.774121543772,622891.0
6593.9539736565785,620040.0
6594.133825769386,612517.0
6594.313677882193,598375.0
6594.493529994999,597277.0
6594.673382107807,615825.0
6594.853234220614,623142.0
6595.033086333421,624722.0
6595.212938446228,624549.0
6595.392790559034,623481.0
6595.572642671842,624552.0
6595.752494784649,625697.0
6595.932346897455,626461.0
6596.112199010263,623137.0
6596.2920511230695,616099.0
6596.471903235877,614921.0
6596.651755348684,618783.0
6596.83160746149,620509.0
6597.011459574298,620215.0
6597.191311687105,621535.0
6597.371163799911,622471.0
6597.551015912719,623835.0
6597.7308680255255,628061.0
6597.910720138333,630251.0
6598.09057225114,630849.0
6598.270424363946,627087.0
6598.450276476754,623563.0
6598.630128589561,623343.0
6598.809980702367,616670.0
6598.989832815175,607912.0
6599.1696849279815,591076.0
6599.349537040789,587608.0
6599.529389153596,591075.0
6599.709241266402,605239.0
6599.88909337921,614860.0
6600.068945492017,619522.0
6600.248797604823,617124.0
6600.428649717631,617492.0
6600.6085018304375,617659.0
6600.788353943245,620920.0
6600.968206056052,622428.0
6601.148058168858,622244.0
6601.327910281666,623391.0
6601.507762394473,625185.0
6601.68761450728,616667.0
6601.867466620087,598639.0
6602.0473187328935,590295.0
6602.227170845701,602265.0
6602.407022958508,610232.0
6602.586875071314,616430.0
6602.766727184122,619926.0
6602.946579296929,618308.0
6603.126431409736,617361.0
6603.306283522543,614519.0
6603.4861356353495,611383.0
6603.665987748157,616555.0
6603.845839860964,622366.0
6604.02569197377,621132.0
6604.205544086578,619171.0
6604.385396199385,619476.0
6604.565248312192,615336.0
6604.745100424999,615139.0
6604.924952537805,616761.0
6605.104804650613,612955.0
6605.28465676342,605283.0
6605.464508876226,601338.0
6605.644360989034,604622.0
6605.8242131018405,611205.0
6606.004065214648,616944.0
6606.183917327455,617104.0
6606.363769440261,619828.0
6606.543621553069,620979.0
6606.723473665876,614412.0
6606.903325778682,615323.0
6607.08317789149,618795.0
6607.2630300042965,614633.0
6607.442882117104,616686.0
6607.622734229911,617254.0
6607.802586342717,613948.0
6607.982438455525,613887.0
6608.162290568332,619904.0
6608.342142681138,616799.0
6608.521994793946,611628.0
6608.7018469067525,613645.0
6608.88169901956,616705.0
6609.061551132367,610784.0
6609.241403245173,612827.0
6609.421255357981,610923.0
6609.601107470788,605351.0
6609.780959583594,599918.0
6609.960811696402,606964.0
6610.1406638092085,613401.0
6610.320515922016,611185.0
6610.500368034823,610319.0
6610.680220147629,608499.0
6610.860072260437,602564.0
6611.039924373244,608451.0
6611.21977648605,610380.0
6611.399628598858,610362.0
6611.5794807116645,602832.0
6611.759332824472,603026.0
6611.939184937279,602439.0
6612.119037050085,601050.0
6612.298889162893,596441.0
6612.4787412757,591984.0
6612.658593388507,589140.0
6612.838445501314,593274.0
6613.0182976141205,605912.0
6613.198149726928,606518.0
6613.378001839735,605905.0
6613.557853952541,601019.0
6613.737706065349,593337.0
6613.917558178156,591443.0
6614.097410290963,595155.0
6614.27726240377,592364.0
6614.457114516576,594198.0
6614.636966629384,602723.0
6614.816818742191,605140.0
6614.996670854997,605570.0
6615.176522967805,599117.0
6615.3563750806115,599187.0
6615.536227193419,603213.0
6615.716079306226,594752.0
6615.895931419032,595026.0
6616.07578353184,598498.0
6616.255635644647,599502.0
6616.435487757453,596533.0
6616.615339870261,596140.0
6616.7951919830675,598830.0
6616.975044095875,598568.0
6617.154896208682,593433.0
6617.334748321488,596547.0
6617.514600434296,598375.0
6617.694452547103,600470.0
6617.874304659909,594937.0
6618.054156772717,594542.0
6618.2340088855235,591099.0
6618.413860998331,589924.0
6618.593713111138,589392.0
6618.773565223944,587619.0
6618.953417336752,587844.0
6619.133269449559,589142.0
6619.313121562365,591727.0
6619.492973675173,595108.0
6619.6728257879795,590198.0
6619.852677900787,589217.0
6620.032530013594,595383.0
6620.2123821264,594836.0
6620.392234239208,590076.0
6620.572086352015,589198.0
6620.751938464822,588040.0
6620.931790577629,583917.0
6621.1116426904355,583640.0
6621.291494803243,584105.0
6621.47134691605,585223.0
6621.651199028856,581516.0
6621.831051141664,576537.0
6622.010903254471,582311.0
6622.190755367278,588156.0
6622.370607480085,589440.0
6622.5504595928915,588392.0
6622.730311705699,581879.0
6622.910163818506,580600.0
6623.090015931312,578174.0
6623.26986804412,580801.0
6623.449720156927,583780.0
6623.629572269734,582795.0
6623.809424382541,581329.0
6623.989276495347,576666.0
6624.169128608155,579241.0
6624.348980720962,581066.0
6624.528832833768,582047.0
6624.708684946576,575267.0
6624.8885370593825,582997.0
6625.06838917219,586043.0
6625.248241284997,582278.0
6625.428093397803,577771.0
6625.607945510611,583295.0
6625.787797623418,579894.0
6625.967649736224,577963.0
6626.147501849032,577816.0
6626.3273539618385,574474.0
6626.507206074646,570056.0
6626.687058187453,572138.0
6626.866910300259,574372.0
6627.046762413067,573575.0
6627.226614525874,571083.0
6627.40646663868,572579.0
6627.586318751488,575473.0
6627.7661708642945,570728.0
6627.946022977102,564704.0
6628.125875089909,568934.0
6628.305727202715,570342.0
6628.485579315523,568776.0
6628.66543142833,567556.0
6628.845283541136,566271.0
6629.025135653944,563103.0
6629.2049877667505,565880.0
6629.384839879558,570219.0
6629.564691992365,564739.0
6629.744544105171,561677.0
6629.924396217979,562921.0
6630.104248330786,566970.0
6630.284100443592,566776.0
6630.4639525564,567450.0
6630.6438046692065,567610.0
6630.823656782014,566613.0
6631.003508894821,561424.0
6631.183361007627,561826.0
6631.363213120435,558872.0
6631.543065233242,558148.0
6631.722917346049,561229.0
6631.902769458856,560673.0
6632.0826215716625,557588.0
6632.26247368447,556625.0
6632.442325797277,554499.0
6632.622177910083,555597.0
6632.802030022891,553439.0
6632.981882135698,549100.0
6633.161734248505,552083.0
6633.341586361312,552184.0
6633.521438474118,553930.0
6633.701290586926,554711.0
6633.881142699733,554518.0
6634.060994812539,552347.0
6634.240846925347,553627.0
6634.4206990381535,555408.0
6634.600551150961,554629.0
6634.780403263768,551856.0
6634.960255376574,551777.0
6635.140107489382,554271.0
6635.319959602189,551792.0
6635.499811714995,547265.0
6635.679663827803,549356.0
6635.8595159406095,548746.0
6636.039368053417,547370.0
6636.219220166224,547092.0
6636.39907227903,544703.0
6636.578924391838,542878.0
6636.758776504645,542268.0
6636.938628617451,544401.0
6637.118480730259,544394.0
6637.2983328430655,541305.0
6637.478184955873,542791.0
6637.65803706868,542178.0
6637.837889181486,542997.0
6638.017741294294,542030.0
6638.197593407101,536908.0
6638.377445519907,536788.0
6638.557297632715,533699.0
6638.7371497455215,536339.0
6638.917001858329,539034.0
6639.096853971136,538217.0
6639.276706083942,538865.0
6639.45655819675,537672.0
6639.636410309557,533744.0
6639.816262422364,532019.0
6639.996114535171,533030.0
6640.1759666479775,533208.0
6640.355818760785,530488.0
6640.535670873592,533044.0
6640.715522986398,533276.0
6640.895375099206,531453.0
6641.075227212013,526695.0
6641.25507932482,525114.0
6641.434931437627,526110.0
6641.6147835504335,527422.0
6641.794635663241,528953.0
6641.974487776048,523656.0
6642.154339888854,518964.0
6642.334192001662,517379.0
6642.514044114469,520262.0
6642.693896227276,523217.0
6642.873748340083,518965.0
6643.053600452889,516809.0
6643.233452565697,518695.0
6643.413304678504,523981.0
6643.59315679131,524194.0
6643.773008904118,518469.0
6643.9528610169245,511557.0
6644.132713129732,513130.0
6644.312565242539,517389.0
6644.492417355345,520241.0
6644.672269468153,522828.0
6644.85212158096,520410.0
6645.031973693766,514336.0
6645.211825806574,518137.0
6645.3916779193805,521547.0
6645.571530032188,518751.0
6645.751382144995,512993.0
6645.931234257801,514818.0
6646.111086370609,515002.0
6646.290938483416,513363.0
6646.470790596222,512926.0
6646.65064270903,512256.0
6646.8304948218365,510489.0
6647.010346934644,506629.0
6647.190199047451,505055.0
6647.370051160257,508781.0
6647.549903273065,509732.0
6647.729755385872,503568.0
6647.909607498678,502126.0
6648.089459611486,506505.0
6648.2693117242925,511158.0
6648.4491638371,504931.0
6648.629015949907,500659.0
6648.808868062713,500275.0
6648.988720175521,500442.0
6649.168572288328,500266.0
6649.348424401134,500114.0
6649.528276513942,497461.0
6649.7081286267485,495049.0
6649.887980739556,493639.0
6650.067832852363,495695.0
6650.247684965169,496627.0
6650.427537077977,493119.0
6650.607389190784,493296.0
6650.787241303591,494314.0
6650.967093416398,496733.0
6651.1469455292045,497550.0
6651.326797642012,491807.0
6651.506649754819,489240.0
6651.686501867625,488969.0
6651.866353980433,491368.0
6652.04620609324,491615.0
6652.226058206047,490410.0
6652.405910318854,485964.0
6652.58576243166,487807.0
6652.765614544468,486677.0
6652.945466657275,484779.0
6653.125318770081,487898.0
6653.305170882889,485326.0
6653.4850229956955,481269.0
6653.664875108503,478721.0
6653.84472722131,481003.0
6654.024579334116,481318.0
6654.204431446924,482833.0
6654.384283559731,483282.0
6654.564135672537,481435.0
6654.743987785345,479275.0
6654.9238398981515,474427.0
6655.103692010959,474527.0
6655.283544123766,475891.0
6655.463396236572,475183.0
6655.64324834938,478509.0
6655.823100462187,480241.0
6656.002952574993,473990.0
6656.182804687801,470024.0
6656.3626568006075,473702.0
6656.542508913415,474542.0
6656.722361026222,470654.0
6656.902213139028,468472.0
6657.082065251836,467271.0
6657.261917364643,466815.0
6657.441769477449,468011.0
6657.621621590257,470235.0
6657.8014737030635,467986.0
6657.981325815871,465681.0
6658.161177928678,464989.0
6658.341030041484,462406.0
6658.520882154292,459632.0
6658.700734267099,464370.0
6658.880586379906,466180.0
6659.060438492713,463270.0
6659.2402906055195,461697.0
6659.420142718327,456241.0
6659.599994831134,454755.0
6659.77984694394,456193.0
6659.959699056748,455168.0
6660.139551169555,452788.0
6660.319403282362,448812.0
6660.499255395169,449329.0
6660.6791075079755,448441.0
6660.858959620783,451346.0
6661.03881173359,449678.0
6661.218663846396,448888.0
6661.398515959204,447144.0
6661.578368072011,444649.0
6661.758220184818,444515.0
6661.938072297625,442396.0
6662.117924410431,440660.0
6662.297776523239,446726.0
6662.477628636046,444885.0
6662.657480748852,442125.0
6662.83733286166,443630.0
6663.0171849744665,438675.0
6663.197037087274,439647.0
6663.376889200081,442399.0
6663.556741312887,438731.0
6663.736593425695,439512.0
6663.916445538502,437441.0
6664.096297651308,437497.0
6664.276149764116,437354.0
6664.4560018769225,436768.0
6664.63585398973,433101.0
6664.815706102537,432805.0
6664.995558215343,431809.0
6665.175410328151,430063.0
6665.355262440958,429752.0
6665.535114553764,428466.0
6665.714966666572,428972.0
6665.8948187793785,426064.0
6666.074670892186,427108.0
6666.254523004993,426959.0
6666.434375117799,425967.0
6666.614227230607,424721.0
6666.794079343414,425178.0
6666.97393145622,423930.0
6667.153783569028,420078.0
6667.3336356818345,420238.0
6667.513487794642,423999.0
6667.693339907449,418421.0
6667.873192020255,419262.0
6668.053044133063,413202.0
6668.23289624587,414776.0
6668.412748358676,416750.0
6668.592600471484,414986.0
6668.7724525842905,413832.0
6668.952304697098,411878.0
6669.132156809905,415318.0
6669.312008922711,415271.0
6669.491861035519,411825.0
6669.671713148326,410317.0
6669.851565261133,410453.0
6670.03141737394,410676.0
6670.2112694867465,409953.0
6670.391121599554,406882.0
6670.570973712361,408896.0
6670.750825825167,403669.0
6670.930677937975,397110.0
6671.110530050782,398411.0
6671.290382163589,402249.0
6671.470234276396,399662.0
6671.650086389202,398303.0
6671.82993850201,397811.0
6672.009790614817,399028.0
6672.189642727623,398981.0
6672.369494840431,395256.0
6672.549346953238,393157.0
6672.729199066045,391513.0
6672.909051178852,390461.0
6673.088903291658,390196.0
6673.268755404466,389707.0
6673.448607517273,387160.0
6673.628459630079,384930.0
6673.808311742887,381578.0
6673.9881638556935,381300.0
6674.168015968501,379814.0
6674.347868081308,379738.0
6674.527720194114,376207.0
6674.707572306922,375137.0
6674.887424419729,374937.0
6675.067276532535,376492.0
6675.247128645343,377269.0
6675.4269807581495,378476.0
6675.606832870957,377722.0
6675.786684983764,374878.0
6675.96653709657,373679.0
6676.146389209378,370683.0
6676.326241322185,373896.0
6676.506093434991,374024.0
6676.685945547799,374587.0
6676.8657976606055,377027.0
6677.045649773413,380333.0
6677.22550188622,382052.0
6677.405353999026,383848.0
6677.585206111834,383964.0
6677.765058224641,384402.0
6677.944910337448,385929.0
6678.124762450255,384642.0
6678.3046145630615,381998.0
6678.484466675869,381172.0
6678.664318788676,376257.0
6678.844170901482,371998.0
6679.02402301429,369990.0
6679.203875127097,371486.0
6679.383727239904,368244.0
6679.563579352711,365380.0
6679.7434314655175,366619.0
6679.923283578325,365274.0
6680.103135691132,367595.0
6680.282987803938,368285.0
6680.462839916746,369646.0
6680.642692029553,368870.0
6680.82254414236,367506.0
6681.002396255167,366931.0
6681.182248367973,370797.0
6681.362100480781,367221.0
6681.541952593588,362925.0
6681.721804706394,357709.0
6681.901656819202,353807.0
6682.081508932009,350924.0
6682.261361044816,346882.0
6682.441213157623,345438.0
6682.621065270429,341479.0
6682.800917383237,343861.0
6682.980769496044,342639.0
6683.16062160885,343062.0
6683.340473721658,340056.0
6683.5203258344645,337060.0
6683.700177947272,335652.0
6683.880030060079,337798.0
6684.059882172885,337428.0
6684.239734285693,336040.0
6684.4195863985,333744.0
6684.599438511306,334197.0
6684.779290624114,335260.0
6684.9591427369205,332983.0
6685.138994849728,333056.0
6685.318846962535,330059.0
6685.498699075341,330630.0
6685.678551188149,331050.0
6685.858403300956,330080.0
6686.038255413762,326406.0
6686.21810752657,325676.0
6686.3979596393765,324362.0
6686.577811752184,322176.0
6686.757663864991,323316.0
6686.937515977797,324626.0
6687.117368090605,322856.0
6687.297220203412,319630.0
6687.477072316218,319549.0
6687.656924429026,317372.0
6687.8367765418325,315008.0
6688.01662865464,317975.0
6688.196480767447,317325.0
6688.376332880253,312991.0
6688.556184993061,311926.0
6688.736037105868,311083.0
6688.915889218675,310103.0
6689.095741331482,310741.0
6689.2755934442885,308316.0
6689.455445557096,307562.0
6689.635297669903,307702.0
6689.815149782709,305749.0
6689.995001895517,301235.0
6690.174854008324,300495.0
6690.354706121131,303152.0
6690.534558233938,300694.0
6690.714410346744,300481.0
6690.894262459552,301522.0
6691.074114572359,300011.0
6691.253966685165,298172.0
6691.433818797973,296994.0
6691.61367091078,296949.0
6691.793523023587,297360.0
6691.973375136394,292323.0
6692.1532272492,291241.0
6692.333079362008,290999.0
6692.512931474815,291307.0
6692.692783587621,293394.0
6692.872635700429,289161.0
6693.0524878132355,287768.0
6693.232339926043,284910.0
6693.41219203885,286547.0
6693.592044151656,287113.0
6693.771896264464,284879.0
6693.951748377271,281469.0
6694.131600490077,280513.0
6694.311452602885,278234.0
6694.4913047156915,277894.0
6694.671156828499,281230.0
6694.851008941306,281404.0
6695.030861054112,276858.0
6695.21071316692,276452.0
6695.390565279727,275269.0
6695.570417392533,273578.0
6695.750269505341,271859.0
6695.9301216181475,271779.0
6696.109973730955,271624.0
6696.289825843762,269108.0
6696.469677956568,265058.0
6696.649530069376,267204.0
6696.829382182183,266203.0
6697.00923429499,264388.0
6697.189086407797,262016.0
6697.3689385206035,259657.0
6697.548790633411,261875.0
6697.728642746218,263891.0
6697.908494859024,260966.0
6698.088346971832,259809.0
6698.268199084639,257228.0
6698.448051197446,255327.0
6698.627903310253,256341.0
6698.8077554230595,257985.0
6698.987607535867,255542.0
6699.167459648674,252309.0
6699.34731176148,248964.0
6699.527163874288,248496.0
6699.707015987095,249878.0
6699.886868099902,249897.0
6700.066720212709,249079.0
6700.246572325515,247899.0
6700.426424438323,244068.0
6700.60627655113,243338.0
6700.786128663936,242408.0
6700.965980776744,240755.0
6701.145832889551,240645.0
6701.325685002358,241490.0
6701.505537115165,239196.0
6701.685389227971,236819.0
6701.865241340779,237374.0
6702.045093453586,238495.0
6702.224945566392,238211.0
6702.4047976792,233730.0
6702.5846497920065,233776.0
6702.764501904814,233526.0
6702.944354017621,231464.0
6703.124206130427,230735.0
6703.304058243235,229171.0
6703.483910356042,230966.0
6703.663762468848,229745.0
6703.843614581656,226013.0
6704.0234666944625,226434.0
6704.20331880727,227929.0
6704.383170920077,222837.0
6704.563023032883,221631.0
6704.742875145691,222551.0
6704.922727258498,220791.0
6705.102579371304,219497.0
6705.282431484112,218232.0
6705.4622835969185,217585.0
6705.642135709726,216645.0
6705.821987822533,217103.0
6706.001839935339,214905.0
6706.181692048147,213719.0
6706.361544160954,214836.0
6706.54139627376,212849.0
6706.721248386568,211369.0
6706.9011004993745,208566.0
6707.080952612182,206770.0
6707.260804724989,205835.0
6707.440656837795,207339.0
6707.620508950603,208082.0
6707.80036106341,208097.0
6707.980213176217,206599.0
6708.160065289024,201534.0
6708.3399174018305,200321.0
6708.519769514638,202510.0
6708.699621627445,201180.0
6708.879473740251,200743.0
6709.059325853059,198623.0
6709.239177965866,196982.0
6709.419030078673,194612.0
6709.59888219148,193772.0
6709.778734304286,194980.0
6709.958586417094,194190.0
6710.138438529901,193020.0
6710.318290642707,193070.0
6710.498142755515,190860.0
6710.677994868322,188799.0
6710.857846981129,189830.0
6711.037699093936,186682.0
6711.217551206742,183905.0
6711.39740331955,184430.0
6711.577255432357,184693.0
6711.757107545163,184244.0
6711.936959657971,184103.0
6712.1168117707775,182756.0
6712.296663883585,178225.0
6712.476515996392,177302.0
6712.656368109198,177325.0
6712.836220222006,176375.0
6713.016072334813,175920.0
6713.195924447619,177053.0
6713.375776560427,176121.0
6713.5556286732335,174865.0
6713.735480786041,171720.0
6713.915332898848,170754.0
6714.095185011654,172326.0
6714.275037124462,171124.0
6714.454889237269,168644.0
6714.634741350075,166570.0
6714.814593462883,165327.0
6714.9944455756895,164410.0
6715.174297688497,166341.0
6715.354149801304,162046.0
6715.53400191411,162352.0
6715.713854026918,162874.0
6715.893706139725,163264.0
6716.073558252532,163126.0
6716.253410365339,160658.0
6716.4332624781455,159898.0
6716.613114590953,159173.0
6716.79296670376,157356.0
6716.972818816566,156042.0
6717.152670929374,155684.0
6717.332523042181,155875.0
6717.512375154988,155698.0
6717.692227267795,152520.0
6717.8720793806015,150944.0
6718.051931493409,150929.0
6718.231783606216,150893.0
6718.411635719022,149502.0
6718.59148783183,148024.0
6718.771339944637,146215.0
6718.951192057444,146877.0
6719.131044170251,146799.0
6719.310896283057,144322.0
6719.490748395865,143162.0
6719.670600508672,142068.0
6719.850452621478,142880.0
6720.030304734286,142439.0
6720.210156847093,141785.0
6720.3900089599,137323.0
6720.569861072707,137568.0
6720.749713185513,136353.0
6720.929565298321,137952.0
6721.109417411128,136431.0
6721.289269523934,136967.0
6721.469121636742,136355.0
6721.6489737495485,133486.0
6721.828825862356,132821.0
6722.008677975163,133116.0
6722.188530087969,131678.0
6722.368382200777,129502.0
6722.548234313584,130526.0
6722.72808642639,129366.0
6722.907938539198,129454.0
6723.0877906520045,127089.0
6723.267642764812,124900.0
6723.447494877619,127066.0
6723.627346990425,125127.0
6723.807199103233,123650.0
6723.98705121604,122295.0
6724.166903328846,119930.0
6724.346755441654,122434.0
6724.5266075544605,119449.0
6724.706459667268,118188.0
6724.886311780075,117382.0
6725.066163892881,117586.0
6725.246016005689,115907.0
6725.425868118496,116650.0
6725.605720231302,116484.0
6725.78557234411,113836.0
6725.9654244569165,115059.0
6726.145276569724,113801.0
6726.325128682531,112494.0
6726.504980795337,112702.0
6726.684832908145,111652.0
6726.864685020952,111661.0
6727.044537133759,111830.0
6727.224389246566,107858.0
6727.4042413593725,109683.0
6727.58409347218,107660.0
6727.763945584987,107067.0
6727.943797697793,109150.0
6728.123649810601,105511.0
6728.303501923408,102669.0
6728.483354036215,102809.0
6728.663206149022,103048.0
6728.843058261828,102757.0
6729.022910374636,103735.0
6729.202762487443,101827.0
6729.382614600249,100161.0
6729.562466713057,100069.0
6729.742318825864,100418.0
6729.922170938671,96974.2
6730.102023051478,94758.3
6730.281875164284,95775.1
6730.461727277092,97043.3
6730.641579389899,95667.3
6730.821431502705,94806.4
6731.001283615513,94496.9
6731.1811357283195,92436.0
6731.360987841127,91745.5
6731.540839953934,91287.9
6731.72069206674,90678.6
6731.900544179548,90849.5
6732.080396292355,89097.5
6732.260248405161,87928.0
6732.440100517969,87125.8
6732.6199526307755,87557.8
6732.799804743583,86987.0
6732.97965685639,86278.4
6733.159508969196,83342.0
6733.339361082004,83557.3
6733.519213194811,77176.6
