6488.9021098504,29729.5
6489.08146729706,29497.6
6489.260824743719,29257.4
6489.440182190379,29738.2
6489.6195396370385,30379.5
6489.798897083699,30771.8
6489.978254530358,31705.9
6490.157611977018,32457.5
6490.336969423677,31195.6
6490.516326870337,29280.3
6490.695684316997,26979.9
6490.875041763657,26758.1
6491.054399210317,28308.7
6491.233756656976,31032.6
6491.413114103636,32409.9
6491.592471550295,32039.5
6491.771828996955,32440.5
6491.9511864436145,32945.0
6492.130543890275,33338.6
6492.309901336935,33680.6
6492.489258783594,33397.2
6492.668616230254,31686.2
6492.847973676913,29726.9
6493.027331123573,29580.4
6493.2066885702325,30956.0
6493.386046016893,32179.1
6493.565403463552,33595.1
6493.744760910212,35347.1
6493.924118356872,35478.0
6494.103475803531,35653.6
6494.282833250191,35129.4
6494.4621906968505,34991.5
6494.641548143511,35619.9
6494.82090559017,35858.0
6495.00026303683,36087.1
6495.179620483489,36121.3
6495.358977930149,36073.3
6495.538335376808,35568.9
6495.7176928234685,33097.1
6495.897050270129,32197.1
6496.076407716788,33324.4
6496.255765163448,35722.2
6496.435122610107,38570.2
6496.614480056767,38970.9
6496.793837503426,38107.2
6496.9731949500865,38677.5
6497.152552396746,37983.8
6497.331909843406,37252.6
6497.511267290066,36414.3
6497.690624736725,36081.1
6497.869982183385,38006.4
6498.049339630044,40049.0
6498.2286970767045,39545.9
6498.408054523364,39505.7
6498.587411970024,40443.4
6498.766769416683,41055.7
6498.946126863343,40860.9
6499.125484310003,40757.7
6499.304841756662,40795.5
6499.4841992033225,40303.3
6499.663556649982,40289.1
6499.842914096642,41459.4
6500.022271543301,41693.3
6500.201628989961,41170.8
6500.38098643662,41450.6
6500.56034388328,41732.1
6500.7397013299405,41913.8
6500.9190587766,42482.7
6501.09841622326,43058.2
6501.277773669919,43079.9
6501.457131116579,43045.9
6501.636488563238,43383.3
6501.815846009898,43323.2
6501.995203456558,44260.9
6502.174560903218,45093.7
6502.353918349878,44236.3
6502.533275796537,43799.0
6502.712633243197,44124.7
6502.891990689856,44301.3
6503.0713481365165,45185.1
6503.250705583176,46594.0
6503.430063029836,46616.9
6503.609420476495,45310.8
6503.788777923155,45148.7
6503.968135369815,44803.6
6504.147492816474,45947.1
6504.3268502631345,46949.7
6504.506207709794,47000.4
6504.685565156454,47538.3
6504.864922603113,48045.8
6505.044280049773,48553.7
6505.223637496432,48766.3
6505.402994943092,48260.7
6505.5823523897525,48641.4
6505.761709836412,49412.6
6505.941067283072,49139.3
6506.120424729731,48544.6
6506.299782176391,48898.7
6506.47913962305,49863.9
6506.65849706971,50589.3
6506.83785451637,50753.2
6507.01721196303,50320.4
6507.196569409689,50127.2
6507.375926856349,50469.5
6507.555284303009,50621.4
6507.734641749668,51203.9
6507.913999196328,51304.2
6508.093356642988,50867.2
6508.272714089648,50489.0
6508.452071536307,48764.1
6508.631428982967,48464.9
6508.810786429626,49912.6
6508.990143876286,51575.9
6509.169501322946,51919.5
6509.348858769606,53184.4
6509.528216216266,53861.4
6509.707573662925,53107.1
6509.886931109585,53323.4
6510.066288556244,53679.2
6510.245646002904,52715.9
6510.4250034495635,53545.1
6510.604360896224,55208.9
6510.783718342884,54277.8
6510.963075789543,55310.9
6511.142433236203,55785.6
6511.321790682862,55704.0
6511.501148129522,56033.3
6511.6805055761815,55309.8
6511.859863022842,54186.6
6512.039220469501,53233.1
6512.218577916161,54466.8
6512.397935362821,56411.2
6512.57729280948,58637.1
6512.75665025614,59371.1
6512.9360077027995,60028.7
6513.11536514946,60990.6
6513.294722596119,60557.8
6513.474080042779,60016.4
6513.653437489438,60510.6
6513.832794936098,60116.2
6514.012152382758,60797.5
6514.191509829418,58891.7
6514.370867276078,56939.3
6514.550224722737,53871.0
6514.729582169397,51822.3
6514.908939616056,54305.1
6515.088297062716,58625.4
6515.2676545093755,61464.8
6515.447011956036,62103.8
6515.626369402696,59438.4
6515.805726849355,57756.9
6515.985084296015,57970.8
6516.164441742674,58052.5
6516.343799189334,53245.7
6516.5231566359935,47769.7
6516.702514082654,48047.9
6516.881871529313,53241.3
6517.061228975973,58435.7
6517.240586422633,61632.9
6517.419943869292,64065.5
6517.599301315952,65614.4
6517.7786587626115,64507.7
6517.958016209272,62760.3
6518.137373655931,63032.0
6518.316731102591,64824.4
6518.49608854925,65885.9
6518.67544599591,65925.2
6518.854803442569,65917.6
6519.0341608892295,63995.6
6519.21351833589,60076.1
6519.392875782549,59500.2
6519.572233229209,61014.9
6519.751590675868,63978.9
6519.930948122528,66275.8
6520.110305569187,66967.2
6520.2896630158475,68493.9
6520.469020462507,68748.8
6520.648377909167,68224.7
6520.827735355827,68582.0
6521.007092802486,68232.0
6521.186450249146,68515.4
6521.365807695805,69709.7
6521.5451651424655,69135.1
6521.724522589125,68715.2
6521.903880035785,68863.1
6522.083237482444,68782.2
6522.262594929104,67880.1
6522.441952375764,68053.9
6522.621309822423,69912.8
6522.8006672690835,71631.8
6522.980024715743,71432.3
6523.159382162403,69173.7
6523.338739609062,67466.3
6523.518097055722,65809.2
6523.697454502381,64434.2
6523.876811949041,64377.4
6524.0561693957015,67676.5
6524.235526842361,71165.1
6524.414884289021,73187.8
6524.59424173568,73985.6
6524.77359918234,73779.7
6524.952956628999,73737.6
6525.132314075659,74112.7
6525.311671522319,74582.7
6525.491028968979,73924.0
6525.670386415639,72360.2
6525.849743862298,74599.2
6526.029101308958,75022.3
6526.208458755617,75173.6
6526.3878162022775,76270.5
6526.567173648937,76857.9
6526.746531095597,76741.2
6526.925888542256,75942.6
6527.105245988916,76007.5
6527.284603435576,76370.1
6527.463960882235,77255.4
6527.6433183288955,77475.2
6527.822675775555,77683.6
6528.002033222215,78243.0
6528.181390668874,78498.8
6528.360748115534,78391.8
6528.540105562193,79462.6
6528.719463008853,79939.9
6528.8988204555135,79326.0
6529.078177902173,80940.6
6529.257535348833,81144.5
6529.436892795492,79753.8
6529.616250242152,79173.3
6529.795607688811,80177.7
6529.974965135471,79854.4
6530.154322582131,80266.6
6530.333680028791,80097.4
6530.51303747545,78197.2
6530.69239492211,77673.2
6530.87175236877,80123.2
6531.051109815429,82602.6
6531.230467262089,82800.2
6531.409824708749,82882.5
6531.589182155409,83199.1
6531.768539602068,83278.8
6531.947897048728,81478.5
6532.127254495387,76977.3
6532.306611942047,74061.0
6532.485969388707,75522.9
6532.665326835367,80254.8
6532.844684282027,84182.5
6533.024041728686,84694.9
6533.203399175346,85523.9
6533.382756622005,87801.4
6533.562114068665,85520.3
6533.7414715153245,83268.6
6533.920828961985,82124.5
6534.100186408645,81342.1
6534.279543855304,83379.0
6534.458901301964,84899.5
6534.638258748623,85332.3
6534.817616195283,85410.0
6534.9969736419425,86121.8
6535.176331088603,87689.9
6535.355688535262,88098.0
6535.535045981922,89831.0
6535.714403428582,90760.8
6535.893760875241,88313.0
6536.073118321901,87764.1
6536.2524757685605,89616.2
6536.431833215221,89150.9
6536.61119066188,87732.0
6536.79054810854,87109.9
6536.969905555199,87657.1
6537.149263001859,89601.8
6537.328620448519,91356.8
6537.507977895179,91797.3
6537.687335341839,91711.2
6537.866692788498,91826.6
6538.046050235158,92646.3
6538.225407681817,92072.5
6538.404765128477,92735.5
6538.5841225751365,93277.4
6538.763480021797,93055.5
6538.942837468457,93791.0
6539.122194915116,94755.0
6539.301552361776,94683.7
6539.480909808435,93161.6
6539.660267255095,92467.8
6539.8396247017545,94786.6
6540.018982148415,95706.0
6540.198339595074,96264.4
6540.377697041734,95509.7
6540.557054488394,95767.1
6540.736411935053,96074.2
6540.915769381713,97773.0
6541.0951268283725,97918.6
6541.274484275033,97698.0
6541.453841721692,98263.5
6541.633199168352,98979.1
6541.812556615011,99520.8
6541.991914061671,97405.6
6542.17127150833,94228.1
6542.3506289549905,94833.1
6542.529986401651,97230.6
6542.70934384831,101616.0
6542.88870129497,100246.0
6543.068058741629,99254.5
6543.247416188289,99991.0
6543.426773634948,100244.0
6543.6061310816085,95127.6
6543.785488528268,88647.7
6543.964845974928,86983.5
6544.144203421588,92375.2
6544.323560868247,101647.0
6544.502918314907,105040.0
6544.682275761566,105174.0
6544.8616332082265,103941.0
6545.040990654886,105315.0
6545.220348101546,104994.0
6545.399705548205,104445.0
6545.579062994865,104094.0
6545.758420441525,104383.0
6545.937777888184,105057.0
6546.1171353348445,106146.0
6546.296492781504,109006.0
6546.475850228164,110593.0
6546.655207674823,109237.0
6546.834565121483,109570.0
6547.013922568142,109970.0
6547.193280014802,109067.0
6547.372637461463,108822.0
6547.551994908122,106276.0
6547.731352354782,105081.0
6547.910709801441,105680.0
6548.090067248101,111238.0
6548.26942469476,110008.0
6548.44878214142,102665.0
6548.62813958808,100106.0
6548.80749703474,103736.0
6548.9868544814,111126.0
6549.166211928059,116245.0
6549.345569374719,115228.0
6549.524926821378,116446.0
6549.7042842680385,118064.0
6549.883641714698,119520.0
6550.062999161358,119412.0
6550.242356608017,119955.0
6550.421714054677,121800.0
6550.601071501337,123147.0
6550.780428947996,122885.0
6550.9597863946565,123569.0
6551.139143841316,125019.0
6551.318501287976,125340.0
6551.497858734635,125335.0
6551.677216181295,126155.0
6551.856573627954,126598.0
6552.035931074614,126633.0
6552.2152885212745,125674.0
6552.394645967934,118597.0
6552.574003414594,113706.0
6552.753360861253,117113.0
6552.932718307913,127602.0
6553.112075754572,134797.0
6553.291433201232,135940.0
6553.470790647892,136559.0
6553.650148094552,136239.0
6553.829505541211,135068.0
6554.008862987871,138966.0
6554.188220434531,145196.0
6554.36757788119,147280.0
6554.54693532785,149474.0
6554.72629277451,153833.0
6554.90565022117,158699.0
6555.085007667829,160343.0
6555.264365114489,161619.0
6555.443722561148,166195.0
6555.623080007808,174063.0
6555.802437454468,180863.0
6555.981794901128,183738.0
6556.161152347788,187206.0
6556.340509794447,194067.0
6556.519867241107,202060.0
6556.699224687766,208076.0
6556.878582134426,207973.0
6557.0579395810855,207108.0
6557.237297027746,217365.0
6557.416654474406,234664.0
6557.596011921065,252663.0
6557.775369367725,264745.0
6557.954726814384,272939.0
6558.134084261044,284693.0
6558.3134417077035,298573.0
6558.492799154364,318437.0
6558.672156601023,338597.0
6558.851514047683,360606.0
6559.030871494343,374688.0
6559.210228941002,385197.0
6559.389586387662,400389.0
6559.5689438343215,412097.0
6559.748301280982,423108.0
6559.927658727641,436239.0
6560.107016174301,441241.0
6560.28637362096,443932.0
6560.46573106762,451052.0
6560.64508851428,467480.0
6560.82444596094,491601.0
6561.0038034076,511202.0
6561.183160854259,521520.0
6561.362518300919,531783.0
6561.541875747578,545674.0
6561.721233194238,554534.0
6561.9005906408975,549750.0
6562.079948087558,542307.0
6562.259305534218,544591.0
6562.438662980877,546758.0
6562.618020427537,544113.0
6562.797377874196,547996.0
6562.976735320856,553469.0
6563.1560927675155,549753.0
6563.335450214176,537372.0
6563.514807660835,522018.0
6563.694165107495,508740.0
6563.873522554155,483821.0
6564.052880000814,444933.0
6564.232237447474,426589.0
6564.4115948941335,435579.0
6564.590952340794,449391.0
6564.770309787453,448090.0
6564.949667234113,443197.0
6565.129024680772,434458.0
6565.308382127432,414221.0
6565.487739574091,394405.0
6565.6670970207515,378199.0
6565.846454467412,364375.0
6566.025811914071,350029.0
6566.205169360731,327194.0
6566.38452680739,313292.0
6566.56388425405,300127.0
6566.743241700709,287788.0
6566.9225991473695,272873.0
6567.101956594029,261323.0
6567.281314040689,252137.0
6567.460671487349,242655.0
6567.640028934008,232256.0
6567.819386380668,225766.0
6567.998743827327,218576.0
6568.1781012739875,210197.0
6568.357458720647,202849.0
6568.536816167307,193908.0
6568.716173613966,185445.0
6568.895531060626,180564.0
6569.074888507286,178455.0
6569.254245953945,178627.0
6569.4336034006055,176730.0
6569.612960847265,172318.0
6569.792318293925,169835.0
6569.971675740584,164040.0
6570.151033187244,163543.0
6570.330390633903,163015.0
6570.509748080563,159456.0
6570.689105527224,156772.0
6570.868462973883,155064.0
6571.047820420543,152701.0
6571.227177867202,152247.0
6571.406535313862,152817.0
6571.585892760521,149431.0
6571.765250207181,140302.0
6571.944607653841,133158.0
6572.123965100501,131726.0
6572.303322547161,135090.0
6572.48267999382,140820.0
6572.66203744048,141151.0
6572.841394887139,141923.0
6573.0207523337995,141534.0
6573.200109780459,140934.0
6573.379467227119,139048.0
6573.558824673778,138485.0
6573.738182120438,140027.0
6573.917539567098,139670.0
6574.096897013757,138689.0
6574.2762544604175,137578.0
6574.455611907077,131805.0
6574.634969353737,121358.0
6574.814326800396,114245.0
6574.993684247056,115379.0
6575.173041693715,125219.0
6575.352399140375,133374.0
6575.5317565870355,133430.0
6575.711114033695,131832.0
6575.890471480355,131722.0
6576.069828927014,132175.0
6576.249186373674,132031.0
6576.428543820333,130899.0
6576.607901266993,129458.0
6576.787258713653,128726.0
6576.966616160313,129302.0
6577.145973606972,129178.0
6577.325331053632,129877.0
6577.504688500292,130800.0
6577.684045946951,129829.0
6577.863403393611,131350.0
6578.042760840271,128826.0
6578.222118286931,127574.0
6578.40147573359,128948.0
6578.58083318025,127967.0
6578.760190626909,129246.0
6578.939548073569,128512.0
6579.118905520229,125704.0
6579.298262966889,126901.0
6579.477620413549,128809.0
6579.656977860208,128326.0
6579.836335306868,127688.0
6580.015692753527,127806.0
6580.195050200187,126553.0
6580.3744076468465,125267.0
6580.553765093507,123607.0
6580.733122540167,122027.0
6580.912479986826,121262.0
6581.091837433486,123553.0
6581.271194880145,125435.0
6581.450552326805,126051.0
6581.6299097734645,125858.0
6581.809267220125,125535.0
6581.988624666784,125664.0
6582.167982113444,126232.0
6582.347339560104,127350.0
6582.526697006763,125781.0
6582.706054453423,124622.0
6582.8854119000825,124732.0
6583.064769346743,124498.0
6583.244126793402,122380.0
6583.423484240062,123165.0
6583.602841686721,125636.0
6583.782199133381,125398.0
6583.961556580041,126087.0
6584.140914026701,126515.0
6584.320271473361,126398.0
6584.49962892002,126389.0
6584.67898636668,125576.0
6584.858343813339,124538.0
6585.037701259999,126653.0
6585.2170587066585,125248.0
6585.396416153319,122390.0
6585.575773599979,122699.0
6585.755131046638,125216.0
6585.934488493298,125675.0
6586.113845939957,123148.0
6586.293203386617,118093.0
6586.4725608332765,115486.0
6586.651918279937,114992.0
6586.831275726596,117304.0
6587.010633173256,122496.0
6587.189990619916,124659.0
6587.369348066575,126079.0
6587.548705513235,125709.0
6587.7280629598945,124885.0
6587.907420406555,124376.0
6588.086777853214,123955.0
6588.266135299874,124919.0
6588.445492746533,124059.0
6588.624850193193,122434.0
6588.804207639852,122550.0
6588.9835650865125,123281.0
6589.162922533173,123018.0
6589.342279979832,122521.0
6589.521637426492,125763.0
6589.700994873151,126012.0
6589.880352319811,125280.0
6590.05970976647,124589.0
6590.2390672131305,123685.0
6590.41842465979,123588.0
6590.59778210645,123165.0
6590.77713955311,123190.0
6590.956496999769,122909.0
6591.135854446429,122330.0
6591.315211893088,123016.0
6591.4945693397485,121848.0
6591.673926786408,123091.0
6591.853284233068,123497.0
6592.032641679727,122237.0
6592.211999126387,121297.0
6592.391356573047,119862.0
6592.570714019706,120674.0
6592.7500714663665,122299.0
6592.929428913026,122443.0
6593.108786359686,120949.0
6593.288143806345,119788.0
6593.467501253005,120669.0
6593.646858699664,122910.0
6593.826216146324,123590.0
6594.005573592985,120879.0
6594.184931039644,120004.0
6594.364288486304,120935.0
6594.543645932963,120057.0
6594.723003379623,120375.0
6594.902360826282,120684.0
6595.081718272942,122504.0
6595.261075719602,122298.0
6595.440433166262,122416.0
6595.619790612922,122270.0
6595.799148059581,121915.0
6595.978505506241,122400.0
6596.1578629529,122085.0
6596.3372203995605,122800.0
6596.51657784622,121083.0
6596.69593529288,119504.0
6596.875292739539,119069.0
6597.054650186199,121104.0
6597.234007632859,123149.0
6597.413365079518,122556.0
6597.5927225261785,120092.0
6597.772079972838,120004.0
6597.951437419498,122558.0
6598.130794866157,123251.0
6598.310152312817,122870.0
6598.489509759476,121152.0
6598.668867206136,120546.0
6598.8482246527965,121078.0
6599.027582099456,119822.0
6599.206939546116,119050.0
6599.386296992775,117621.0
6599.565654439435,117375.0
6599.745011886094,119791.0
6599.924369332754,121427.0
6600.103726779414,121214.0
6600.283084226074,120739.0
6600.462441672733,121661.0
6600.641799119393,121481.0
6600.821156566053,120616.0
6601.000514012712,121613.0
6601.179871459372,121555.0
6601.359228906032,119383.0
6601.538586352692,121250.0
6601.717943799351,120438.0
6601.897301246011,117787.0
6602.07665869267,117244.0
6602.25601613933,117365.0
6602.43537358599,118004.0
6602.61473103265,119895.0
6602.79408847931,119236.0
6602.973445925969,120205.0
6603.152803372629,119834.0
6603.332160819288,120772.0
6603.511518265948,120582.0
6603.6908757126075,120794.0
6603.870233159268,120375.0
6604.049590605928,119186.0
6604.228948052587,119494.0
6604.408305499247,118504.0
6604.587662945906,117956.0
6604.767020392566,119231.0
6604.9463778392255,118831.0
6605.125735285886,118338.0
6605.305092732545,118835.0
6605.484450179205,118800.0
6605.663807625865,116468.0
6605.843165072524,117474.0
6606.022522519184,116560.0
6606.201879965844,118234.0
6606.381237412504,119486.0
6606.560594859163,118747.0
6606.739952305823,118622.0
6606.919309752482,118439.0
6607.098667199142,117802.0
6607.278024645802,117707.0
6607.457382092462,117086.0
6607.636739539122,116907.0
6607.816096985781,117720.0
6607.995454432441,117317.0
6608.1748118791,117517.0
6608.35416932576,118382.0
6608.5335267724195,117963.0
6608.71288421908,118768.0
6608.89224166574,118984.0
6609.071599112399,117763.0
6609.250956559059,117994.0
6609.430314005718,118282.0
6609.609671452378,118045.0
6609.7890288990375,117419.0
6609.968386345698,116872.0
6610.147743792357,115957.0
6610.327101239017,116403.0
6610.506458685677,117513.0
6610.685816132336,116470.0
6610.865173578996,115195.0
6611.0445310256555,114907.0
6611.223888472316,115443.0
6611.403245918975,116589.0
6611.582603365635,117515.0
6611.761960812294,115383.0
6611.941318258954,114074.0
6612.120675705613,115325.0
6612.3000331522735,116111.0
6612.479390598934,113215.0
6612.658748045593,113144.0
6612.838105492253,115287.0
6613.017462938912,116593.0
6613.196820385572,114816.0
6613.376177832231,114805.0
6613.5555352788915,115942.0
6613.734892725551,116335.0
6613.914250172211,115434.0
6614.093607618871,116426.0
6614.27296506553,117009.0
6614.45232251219,115929.0
6614.631679958849,115765.0
6614.8110374055095,117553.0
6614.990394852169,115630.0
6615.169752298829,113569.0
6615.349109745488,115193.0
6615.528467192148,115305.0
6615.707824638808,115482.0
6615.887182085467,114225.0
6616.0665395321275,114672.0
6616.245896978787,114885.0
6616.425254425447,115307.0
6616.604611872106,116107.0
6616.783969318766,116419.0
6616.963326765425,115679.0
6617.142684212085,115430.0
6617.322041658746,113833.0
6617.501399105405,115172.0
6617.680756552065,114992.0
6617.860113998724,114905.0
6618.039471445384,114923.0
6618.218828892043,114173.0
6618.398186338703,115054.0
6618.577543785363,114691.0
6618.756901232023,113845.0
6618.936258678683,114144.0
6619.115616125342,113096.0
6619.294973572002,113151.0
6619.474331018661,113530.0
6619.6536884653215,113549.0
6619.833045911981,112287.0
6620.012403358641,113580.0
6620.1917608053,114197.0
6620.37111825196,113347.0
6620.550475698619,113824.0
6620.729833145279,113237.0
6620.9091905919395,114131.0
6621.088548038599,113014.0
6621.267905485259,111552.0
6621.447262931918,111472.0
6621.626620378578,111782.0
6621.805977825237,113139.0
6621.985335271897,111644.0
6622.1646927185575,112240.0
6622.344050165217,113662.0
6622.523407611877,112413.0
6622.702765058536,111825.0
6622.882122505196,113575.0
6623.061479951855,112240.0
6623.240837398515,110191.0
6623.420194845175,111168.0
6623.599552291835,112204.0
6623.778909738494,111121.0
6623.958267185154,111791.0
6624.137624631814,111293.0
6624.316982078473,111214.0
6624.496339525133,111070.0
6624.675696971793,111598.0
6624.855054418453,111731.0
6625.034411865112,111952.0
6625.213769311772,109593.0
6625.393126758431,109807.0
6625.572484205091,110324.0
6625.751841651751,110266.0
6625.931199098411,110514.0
6626.110556545071,109689.0
6626.28991399173,108781.0
6626.46927143839,109269.0
6626.648628885049,109794.0
6626.827986331709,110307.0
6627.0073437783685,110003.0
6627.186701225029,109708.0
6627.366058671689,109167.0
6627.545416118348,109324.0
6627.724773565008,109842.0
6627.904131011667,108984.0
6628.083488458327,108642.0
6628.2628459049865,107245.0
6628.442203351647,108377.0
6628.621560798306,110001.0
6628.800918244966,109950.0
6628.980275691626,108225.0
6629.159633138285,108924.0
6629.338990584945,108350.0
6629.518348031605,107833.0
6629.697705478265,108082.0
6629.877062924924,108500.0
6630.056420371584,108549.0
6630.235777818243,107749.0
6630.415135264903,107834.0
6630.594492711563,107590.0
6630.773850158223,107828.0
6630.953207604883,108639.0
6631.132565051542,108018.0
6631.311922498202,108103.0
6631.491279944861,107684.0
6631.670637391521,106931.0
6631.8499948381805,107110.0
6632.029352284841,107116.0
6632.2087097315,106482.0
6632.38806717816,105714.0
6632.56742462482,105711.0
6632.746782071479,106770.0
6632.926139518139,107253.0
6633.1054969647985,106570.0
6633.284854411459,106031.0
6633.464211858118,106650.0
6633.643569304778,106395.0
6633.822926751438,107503.0
6634.002284198097,107628.0
6634.181641644757,107161.0
6634.3609990914165,105733.0
6634.540356538077,105136.0
6634.719713984736,105339.0
6634.899071431396,105656.0
6635.078428878055,104972.0
6635.257786324715,104023.0
6635.437143771374,105775.0
6635.6165012180345,105541.0
6635.795858664695,104423.0
6635.975216111354,105483.0
6636.154573558014,105937.0
6636.333931004673,103627.0
6636.513288451333,104522.0
6636.692645897992,106079.0
6636.8720033446525,103888.0
6637.051360791312,103850.0
6637.230718237972,105416.0
6637.410075684632,104810.0
6637.589433131291,102908.0
6637.768790577951,104188.0
6637.94814802461,104612.0
6638.1275054712705,103061.0
6638.30686291793,102421.0
6638.48622036459,102300.0
6638.665577811249,102293.0
6638.844935257909,103417.0
6639.024292704569,103348.0
6639.203650151228,102570.0
6639.3830075978885,101881.0
6639.562365044548,102329.0
6639.741722491208,101452.0
6639.921079937867,100709.0
6640.100437384527,101220.0
6640.279794831186,103175.0
6640.459152277846,102272.0
6640.638509724507,100864.0
6640.817867171166,100520.0
6640.997224617826,101476.0
6641.176582064485,100951.0
6641.355939511145,99903.3
6641.535296957804,100214.0
6641.714654404464,100960.0
6641.894011851124,102714.0
6642.073369297784,99861.1
6642.252726744444,97762.9
6642.432084191103,99042.8
6642.611441637763,99512.1
6642.790799084422,100102.0
6642.9701565310825,98987.0
6643.149513977742,98127.2
6643.328871424402,99843.6
6643.508228871061,100794.0
6643.687586317721,99024.0
6643.86694376438,97742.3
6644.04630121104,97898.5
6644.2256586577005,98158.3
6644.40501610436,99589.1
6644.58437355102,98507.5
6644.763730997679,98789.9
6644.943088444339,99482.2
6645.122445890998,99180.7
6645.301803337658,98307.2
6645.4811607843185,99069.7
6645.660518230978,98147.4
6645.839875677638,97020.8
6646.019233124297,97549.6
6646.198590570957,98146.8
6646.377948017616,98081.6
6646.557305464276,96285.5
6646.736662910936,97819.5
6646.916020357596,97696.5
6647.095377804255,96188.9
6647.274735250915,97510.1
6647.454092697575,96833.7
6647.633450144234,96449.8
6647.812807590894,97109.2
6647.992165037554,97970.0
6648.171522484214,95929.9
6648.350879930873,96289.8
6648.530237377533,96767.1
6648.709594824192,96551.3
6648.888952270852,94934.9
6649.068309717512,95695.6
6649.247667164172,96290.1
6649.427024610832,94864.0
6649.606382057491,94700.9
6649.785739504151,94922.8
6649.96509695081,95492.8
6650.14445439747,94949.7
6650.3238118441295,95075.6
6650.50316929079,93930.5
6650.68252673745,93935.2
6650.861884184109,94824.1
6651.041241630769,94262.8
6651.220599077428,92882.4
6651.399956524088,94462.4
6651.5793139707475,95616.7
6651.758671417408,94242.3
6651.938028864067,93665.5
6652.117386310727,93808.8
6652.296743757387,93462.9
6652.476101204046,92199.7
6652.655458650706,92460.8
6652.834816097366,92158.7
6653.014173544026,93771.7
6653.193530990685,92419.8
6653.372888437345,91195.1
6653.552245884004,90648.9
6653.731603330664,90946.7
6653.910960777324,91506.9
6654.090318223984,92834.6
6654.269675670644,92530.0
6654.449033117303,92186.1
6654.628390563963,91392.8
6654.807748010622,89395.1
6654.987105457282,90215.6
6655.1664629039415,92102.8
6655.345820350602,90177.7
6655.525177797261,89799.5
6655.704535243921,90144.3
6655.883892690581,90048.4
6656.06325013724,90001.4
6656.2426075839,91021.9
6656.4219650305595,90301.5
6656.60132247722,89987.1
6656.780679923879,90424.5
6656.960037370539,90096.5
6657.139394817199,89095.8
6657.318752263858,89404.5
6657.498109710518,89201.4
6657.6774671571775,88220.4
6657.856824603838,89186.6
6658.036182050497,89118.6
6658.215539497157,89582.7
6658.394896943816,89920.3
6658.574254390476,87636.5
6658.753611837135,86505.2
6658.9329692837955,87408.6
6659.112326730456,88552.6
6659.291684177115,88602.8
6659.471041623775,87918.5
6659.650399070434,88017.2
6659.829756517094,87984.2
6660.009113963753,86180.9
6660.1884714104135,86900.1
6660.367828857073,88081.8
6660.547186303733,86455.1
6660.726543750393,85010.6
6660.905901197052,86113.9
6661.085258643712,86320.6
6661.264616090371,85264.9
6661.4439735370315,85307.8
6661.623330983691,84576.3
6661.802688430351,83597.7
6661.98204587701,84670.1
6662.16140332367,86006.0
6662.34076077033,85143.5
6662.520118216989,85443.1
6662.6994756636495,85558.8
6662.878833110309,84520.8
6663.058190556969,84334.3
6663.237548003628,83265.4
6663.416905450288,83005.0
6663.596262896947,82904.0
6663.775620343607,82700.1
6663.954977790268,84016.1
6664.134335236927,82771.7
6664.313692683587,82505.0
6664.493050130246,83649.7
6664.672407576906,83980.3
6664.851765023565,82082.7
6665.0311224702255,80424.7
6665.210479916885,81408.3
6665.389837363545,81761.7
6665.569194810205,81021.7
6665.748552256864,80982.5
6665.927909703524,82309.1
6666.107267150183,81177.8
6666.2866245968435,80043.9
6666.465982043503,81198.5
6666.645339490163,82235.1
6666.824696936822,79819.8
6667.004054383482,79677.2
6667.183411830141,80494.0
6667.362769276801,78862.9
6667.5421267234615,78713.0
6667.721484170121,79521.4
6667.900841616781,79218.2
6668.08019906344,78614.4
6668.2595565101,78234.2
6668.438913956759,79039.7
6668.618271403419,78857.5
6668.7976288500795,78914.5
6668.976986296739,78203.3
6669.156343743399,78255.5
6669.335701190058,78475.0
6669.515058636718,77201.8
6669.694416083377,76437.9
6669.873773530037,76757.8
6670.053130976697,76954.6
6670.232488423357,76497.0
6670.411845870016,76278.3
6670.591203316676,76125.9
6670.770560763336,75923.1
6670.949918209995,76116.1
6671.129275656655,75817.3
6671.308633103315,75255.6
6671.487990549975,75345.4
6671.667347996634,74155.4
6671.846705443294,74469.7
6672.026062889953,74089.7
6672.205420336613,74417.4
6672.384777783273,74460.7
6672.564135229933,72943.1
6672.743492676593,73039.4
6672.922850123252,72925.2
6673.102207569912,73606.3
6673.281565016571,73947.0
6673.460922463231,73533.8
6673.6402799098905,74005.5
6673.819637356551,73808.9
6673.998994803211,73275.9
6674.17835224987,74238.9
6674.35770969653,74641.1
6674.537067143189,74169.1
6674.716424589849,73765.9
6674.8957820365085,74505.0
6675.075139483169,74261.8
6675.254496929828,73294.4
6675.433854376488,74172.5
6675.613211823148,73295.9
6675.792569269807,73143.4
6675.971926716467,73072.3
6676.151284163127,71649.2
6676.330641609787,70974.4
6676.509999056446,70851.7
6676.689356503106,71268.3
6676.868713949765,70566.2
6677.048071396425,68570.9
6677.227428843085,69117.2
6677.406786289745,69245.4
6677.586143736405,69767.2
6677.765501183064,69622.4
6677.944858629724,68033.4
6678.124216076383,68335.5
6678.303573523043,69557.6
6678.4829309697025,69212.7
6678.662288416363,68902.4
6678.841645863022,68792.0
6679.021003309682,69220.8
6679.200360756342,68267.4
6679.379718203001,69496.8
6679.559075649661,69559.9
6679.7384330963205,68655.8
6679.917790542981,67373.2
6680.09714798964,68392.8
6680.2765054363,69830.2
6680.45586288296,69820.9
6680.635220329619,67369.2
6680.814577776279,68124.2
6680.9939352229385,67703.3
6681.173292669599,65367.6
6681.352650116258,65823.6
6681.532007562918,66110.5
6681.711365009577,65637.9
6681.890722456237,65401.8
6682.070079902896,64808.4
6682.2494373495565,63879.8
6682.428794796217,64096.4
6682.608152242876,64151.8
6682.787509689536,63633.9
6682.966867136195,63615.8
6683.146224582855,63906.1
6683.325582029514,63617.4
6683.5049394761745,62946.4
6683.684296922834,61756.4
6683.863654369494,61838.4
6684.043011816154,62745.1
6684.222369262813,62565.9
6684.401726709473,62411.1
6684.581084156132,62582.4
6684.7604416027925,61168.9
6684.939799049452,62040.0
6685.119156496112,62572.4
6685.298513942771,62316.8
6685.477871389431,62105.8
6685.657228836091,60984.9
6685.83658628275,60927.2
6686.0159437294105,60956.9
6686.19530117607,60753.3
6686.37465862273,60516.1
6686.554016069389,60659.9
6686.733373516049,61026.0
6686.912730962708,61054.4
6687.092088409368,60675.0
6687.271445856029,59305.7
6687.450803302688,60282.5
6687.630160749348,61029.4
6687.809518196007,59248.0
6687.988875642667,58702.9
6688.168233089326,58952.6
6688.3475905359865,59882.5
6688.526947982646,58745.3
6688.706305429306,57800.1
6688.885662875966,58900.2
6689.065020322625,59423.7
6689.244377769285,59533.5
6689.423735215944,58436.0
6689.6030926626045,57279.6
6689.782450109264,58605.2
6689.961807555924,58603.8
6690.141165002583,57861.9
6690.320522449243,57144.0
6690.499879895902,57014.3
6690.679237342562,57572.3
6690.8585947892225,56394.7
6691.037952235882,56767.4
6691.217309682542,56689.8
6691.396667129201,55970.1
6691.576024575861,56346.2
6691.75538202252,55773.4
6691.93473946918,56833.0
6692.1140969158405,56111.0
6692.2934543625,54055.3
6692.47281180916,55093.0
6692.652169255819,54874.8
6692.831526702479,55162.2
6693.010884149138,54803.5
6693.190241595798,54400.1
6693.369599042458,54621.6
6693.548956489118,54393.0
6693.728313935777,53819.8
6693.907671382437,54797.6
6694.087028829097,53183.9
6694.266386275756,52439.2
6694.445743722416,53083.9
6694.625101169076,53161.6
6694.804458615736,53171.5
6694.983816062395,52963.0
6695.163173509055,52209.3
6695.342530955714,51911.4
6695.521888402374,51118.1
6695.701245849034,51254.5
6695.880603295694,51796.9
6696.059960742354,51402.9
6696.239318189013,51347.5
6696.418675635673,50970.9
6696.598033082332,50765.7
6696.777390528992,50371.1
6696.9567479756515,50195.2
6697.136105422312,49953.4
6697.315462868972,49506.4
6697.494820315631,49428.0
6697.674177762291,49077.4
6697.85353520895,48605.4
6698.03289265561,48803.8
6698.2122501022695,48498.8
6698.39160754893,48261.3
6698.570964995589,48360.6
6698.750322442249,47846.1
6698.929679888909,46900.1
6699.109037335568,47107.2
6699.288394782228,47622.3
6699.467752228888,47291.5
6699.647109675548,47705.9
6699.826467122207,46791.0
6700.005824568867,45915.2
6700.185182015526,46472.6
6700.364539462186,45955.5
6700.543896908846,46462.2
6700.723254355506,46280.1
6700.902611802166,46021.0
6701.081969248825,45605.8
6701.261326695485,44603.0
6701.440684142144,44309.4
6701.620041588804,45257.1
6701.7993990354635,45868.9
6701.978756482124,44804.2
6702.158113928783,44793.1
6702.337471375443,43795.6
6702.516828822103,43900.8
6702.696186268762,44638.9
6702.875543715422,43860.1
6703.0549011620815,42701.5
6703.234258608742,43397.4
6703.413616055401,42685.4
6703.592973502061,42888.6
6703.772330948721,43589.1
6703.95168839538,43062.2
6704.13104584204,43043.6
6704.3104032886995,42123.4
6704.48976073536,40723.9
6704.669118182019,41299.9
6704.848475628679,41584.6
6705.027833075338,41756.7
6705.207190521998,41256.0
6705.386547968657,41262.0
6705.5659054153175,42292.2
6705.745262861978,40971.5
6705.924620308637,40120.0
6706.103977755297,40938.1
6706.283335201956,40037.9
6706.462692648616,40458.4
6706.642050095275,40190.8
6706.8214075419355,39694.8
6707.000764988595,39149.1
6707.180122435255,39309.5
6707.359479881915,38879.8
6707.538837328574,38276.4
6707.718194775234,38538.6
6707.897552221893,38621.7
6708.0769096685535,37816.3
6708.256267115213,37472.7
6708.435624561873,38624.8
6708.614982008532,38256.0
6708.794339455192,37883.4
6708.973696901852,37900.2
6709.153054348511,37322.4
6709.3324117951715,36654.4
6709.511769241831,36781.4
6709.691126688491,36938.9
6709.87048413515,36883.2
6710.04984158181,36326.1
6710.229199028469,35507.4
6710.408556475129,35817.0
6710.58791392179,35841.2
6710.767271368449,35199.4
6710.946628815109,35237.6
6711.125986261768,34422.2
6711.305343708428,34909.3
6711.484701155087,35299.4
6711.6640586017475,34839.4
6711.843416048407,34337.2
6712.022773495067,34081.1
6712.202130941727,33911.6
6712.381488388386,34048.1
6712.560845835046,33633.4
6712.740203281705,33412.8
6712.9195607283655,32123.7
6713.098918175025,32706.7
6713.278275621685,33802.6
6713.457633068344,33992.4
6713.636990515004,33042.8
6713.816347961663,32334.5
6713.995705408323,32285.2
6714.1750628549835,31986.0
6714.354420301643,31600.3
6714.533777748303,31384.6
6714.713135194962,31410.2
6714.892492641622,31290.4
6715.071850088281,32301.3
6715.251207534941,31635.4
6715.4305649816015,30535.9
6715.609922428261,31010.1
6715.789279874921,30597.7
6715.96863732158,30198.3
6716.14799476824,30255.3
6716.327352214899,29481.6
6716.506709661559,29717.8
6716.686067108219,30729.1
6716.865424554879,29304.3
6717.044782001538,29820.5
6717.224139448198,29764.8
6717.403496894858,28944.9
6717.582854341517,29033.4
6717.762211788177,27994.6
6717.941569234837,28247.3
6718.120926681497,28098.8
6718.300284128156,28687.9
6718.479641574816,27988.5
6718.658999021475,27103.2
6718.838356468135,27655.3
6719.017713914795,28143.6
6719.197071361455,27864.2
6719.376428808115,27127.0
6719.555786254774,26800.7
6719.735143701434,26800.3
6719.914501148093,26816.1
6720.093858594753,26191.7
6720.2732160414125,26305.3
6720.452573488073,26738.2
6720.631930934733,26335.9
6720.811288381392,25915.6
6720.990645828052,25461.8
6721.170003274711,26255.4
6721.349360721371,25613.2
6721.5287181680305,25532.8
6721.708075614691,25026.9
6721.88743306135,24916.0
6722.06679050801,24851.8
6722.24614795467,24476.4
6722.425505401329,24265.7
6722.604862847989,24375.9
6722.784220294649,24364.2
6722.963577741309,23694.6
6723.142935187968,23704.6
6723.322292634628,23587.6
6723.501650081287,23309.3
6723.681007527947,23835.0
6723.860364974607,23503.8
6724.039722421267,22971.5
6724.219079867927,23069.0
6724.398437314586,22529.8
6724.577794761246,22462.7
6724.757152207905,22081.4
6724.936509654565,21862.8
6725.1158671012245,22042.5
6725.295224547885,21852.7
6725.474581994544,21679.8
6725.653939441204,21647.3
6725.833296887864,21744.5
6726.012654334523,21595.2
6726.192011781183,21667.7
6726.3713692278425,21603.1
6726.550726674503,21291.3
6726.730084121162,21263.4
6726.909441567822,21306.8
6727.088799014482,20759.5
6727.268156461141,21042.0
6727.447513907801,20433.2
6727.6268713544605,20393.1
6727.806228801121,19965.7
6727.98558624778,20046.8
6728.16494369444,20081.6
6728.344301141099,19200.6
6728.523658587759,19230.7
6728.703016034418,19385.8
6728.8823734810785,19346.4
6729.061730927739,19217.9
6729.241088374398,19173.7
6729.420445821058,18828.7
6729.599803267717,18829.4
6729.779160714377,18580.3
6729.958518161036,18118.9
6730.1378756076965,17903.3
6730.317233054356,18324.8
6730.496590501016,18119.1
6730.675947947676,18053.2
6730.855305394335,17587.6
6731.034662840995,17667.1
6731.214020287654,17613.0
6731.3933777343145,17800.1
6731.572735180974,17286.9
6731.752092627634,17062.1
6731.931450074293,17415.6
6732.110807520953,16497.8
6732.290164967613,17084.0
6732.469522414272,16843.2
6732.6488798609325,16308.0
6732.828237307592,16239.4
6733.007594754252,16663.6
6733.186952200911,16420.8
6733.366309647571,15401.6
6733.54566709423,15492.5
6733.72502454089,15678.8
6733.904381987551,14901.3
6734.08373943421,15117.3
6734.26309688087,15229.7
6734.442454327529,15477.9
6734.621811774189,15203.2
6734.801169220848,14154.6
6734.9805266675085,14401.2
6735.159884114168,13314.2
