7606.4197005574,1473.98
7606.630538964387,1488.3
7606.841377371373,1430.22
7607.05221577836,1852.73
7607.263054185347,2206.04
7607.473892592334,2172.82
7607.68473099932,1503.65
7607.895569406307,1069.12
7608.106407813294,2672.04
7608.317246220281,3665.4
7608.528084627267,3488.79
7608.738923034254,2828.45
7608.949761441241,2041.25
7609.160599848228,1415.36
7609.371438255214,1501.88
7609.582276662201,2175.04
7609.793115069188,2552.09
7610.003953476175,2478.08
7610.2147918831615,2036.5
7610.425630290149,1898.51
7610.636468697136,2982.1
7610.847307104123,4642.04
7611.058145511109,5576.65
7611.268983918096,5309.71
7611.479822325083,4097.4
7611.69066073207,2708.46
7611.901499139056,2258.53
7612.112337546043,2172.87
7612.32317595303,2651.86
7612.534014360017,3154.35
7612.744852767003,2997.9
7612.95569117399,2332.66
7613.166529580977,2594.25
7613.377367987964,4389.87
7613.58820639495,5776.7
7613.799044801937,8005.44
7614.009883208924,8440.89
7614.220721615911,8123.42
7614.431560022897,7367.66
7614.642398429884,5507.41
7614.8532368368715,3572.65
7615.0640752438585,3112.21
7615.274913650845,4036.67
7615.485752057832,5142.34
7615.696590464819,5838.48
7615.907428871805,5751.27
7616.118267278792,6023.16
7616.329105685779,6474.26
7616.539944092766,8215.22
7616.750782499752,10944.9
7616.961620906739,11932.6
7617.172459313726,12396.3
7617.383297720713,12171.8
7617.594136127699,12322.2
7617.804974534686,12778.5
7618.015812941673,12837.0
7618.22665134866,12375.0
7618.437489755646,12491.5
7618.648328162633,12961.8
7618.85916656962,12802.6
7619.070004976607,13304.9
7619.2808433835935,12489.7
7619.4916817905805,12053.9
7619.7025201975675,11992.8
7619.913358604555,11953.9
7620.124197011541,11411.8
7620.335035418528,10036.7
7620.545873825515,7872.0
7620.756712232502,5441.48
7620.967550639488,4565.49
7621.178389046475,5671.88
7621.389227453462,7450.14
7621.600065860449,9694.46
7621.810904267435,11657.3
7622.021742674422,12021.4
7622.232581081409,11320.3
7622.443419488396,10487.7
7622.654257895382,9057.48
7622.865096302369,7224.68
7623.075934709356,4932.81
7623.286773116343,3645.09
7623.497611523329,4243.36
7623.708449930316,5448.2
7623.919288337303,5734.92
7624.1301267442905,4651.72
7624.340965151277,3458.0
7624.551803558264,3736.04
7624.762641965251,5133.4
7624.973480372237,7331.68
7625.184318779224,9647.61
7625.395157186211,10754.1
7625.605995593198,11546.6
7625.816834000184,12092.4
7626.027672407171,11701.5
7626.238510814158,10147.8
7626.449349221145,7938.88
7626.660187628131,5893.31
7626.871026035118,3682.23
7627.081864442105,2781.33
7627.292702849092,3888.58
7627.503541256078,4315.67
7627.714379663065,3779.79
7627.925218070052,3082.73
7628.136056477039,2764.66
7628.3468948840255,3461.68
7628.5577332910125,5022.64
7628.7685716979995,7246.61
7628.9794101049865,9900.39
7629.190248511973,11548.6
7629.40108691896,12178.9
7629.611925325947,12381.2
7629.822763732934,12454.7
7630.03360213992,12114.7
7630.244440546907,10525.3
7630.455278953894,7996.12
7630.666117360881,5950.55
7630.876955767867,4036.19
7631.087794174854,3162.09
7631.298632581841,3578.86
7631.509470988828,4277.69
7631.720309395814,4093.37
7631.931147802801,3032.21
7632.141986209788,2461.35
7632.352824616775,3502.08
7632.563663023761,6131.26
7632.774501430748,9188.8
7632.985339837735,10661.0
7633.196178244722,12441.0
7633.407016651709,13182.1
7633.617855058696,13539.6
7633.828693465683,13380.1
7634.039531872669,12803.2
7634.250370279656,12421.3
7634.461208686643,11075.1
7634.67204709363,8215.75
7634.882885500616,5932.43
7635.093723907603,4119.62
7635.30456231459,3086.95
7635.515400721577,3458.88
7635.726239128563,4314.51
7635.93707753555,4203.98
7636.147915942537,3466.94
7636.358754349524,3388.58
7636.56959275651,4836.62
7636.780431163497,7656.82
7636.991269570484,10307.8
7637.202107977471,12432.6
7637.412946384457,14379.8
7637.623784791444,15077.7
7637.8346231984315,15213.1
7638.0454616054185,15132.0
7638.256300012405,15338.7
7638.467138419392,15068.1
7638.677976826379,13951.6
7638.888815233366,12726.3
7639.099653640352,9903.71
7639.310492047339,6571.67
7639.521330454326,4473.73
7639.732168861313,4354.64
7639.943007268299,4588.22
7640.153845675286,5280.1
7640.364684082273,4952.94
7640.57552248926,4013.44
7640.786360896246,4488.67
7640.997199303233,6432.36
7641.20803771022,9658.23
7641.418876117207,12573.4
7641.629714524193,14655.8
7641.84055293118,16229.1
7642.051391338167,16848.7
7642.262229745154,16990.6
7642.4730681521405,17101.2
7642.6839065591275,17264.2
7642.894744966115,16959.1
7643.105583373101,15925.0
7643.316421780088,14999.5
7643.527260187075,13936.9
7643.738098594062,11176.6
7643.948937001048,8009.83
7644.159775408035,5979.44
7644.370613815022,5424.83
7644.581452222009,6306.35
7644.792290628995,7130.32
7645.003129035982,6526.5
7645.213967442969,5770.35
7645.424805849956,6370.82
7645.635644256942,8364.42
7645.846482663929,11965.9
7646.057321070916,14486.7
7646.268159477903,16051.5
7646.478997884889,16887.5
7646.689836291876,17818.3
7646.900674698863,18545.2
7647.1115131058505,18372.4
7647.322351512837,18161.1
7647.533189919824,18540.7
7647.744028326811,18569.8
7647.954866733798,17942.5
7648.165705140784,16989.3
7648.376543547771,15027.7
7648.587381954758,12147.2
7648.798220361745,8958.46
7649.009058768731,7673.66
7649.219897175718,7502.1
7649.430735582705,7821.61
7649.641573989692,8431.29
7649.852412396678,8364.57
7650.063250803665,7568.73
7650.274089210652,7679.1
7650.484927617639,10318.3
7650.695766024625,13732.1
7650.906604431612,16814.2
7651.117442838599,18411.0
7651.328281245586,19812.0
7651.5391196525725,19727.4
7651.7499580595595,19868.7
7651.9607964665465,20814.2
7652.171634873534,21175.1
7652.38247328052,21210.9
7652.593311687507,21123.4
7652.804150094494,21045.8
7653.01498850148,20704.8
7653.225826908467,20073.9
7653.436665315454,17456.8
7653.647503722441,15038.4
7653.858342129427,12566.1
7654.069180536414,10514.4
7654.280018943401,9846.33
7654.490857350388,11113.6
7654.701695757374,11828.6
7654.912534164361,10451.5
7655.123372571348,10404.5
7655.334210978335,11182.3
7655.545049385321,13245.0
7655.755887792308,15575.9
7655.966726199295,18523.3
7656.177564606282,20780.9
7656.3884030132685,22763.5
7656.599241420256,22912.1
7656.810079827243,22261.5
7657.02091823423,22646.1
7657.231756641216,23124.8
7657.442595048203,23021.5
7657.65343345519,22928.4
7657.864271862177,23614.7
7658.075110269163,22882.8
7658.28594867615,22347.5
7658.496787083137,22014.9
7658.707625490124,20350.7
7658.91846389711,18255.9
7659.129302304097,15987.6
7659.340140711084,14041.3
7659.550979118071,13756.0
7659.761817525057,14089.8
7659.972655932044,13784.4
7660.183494339031,13790.8
7660.394332746018,13420.5
7660.605171153004,13694.1
7660.8160095599915,15576.4
7661.0268479669785,19034.7
7661.237686373965,21363.6
7661.448524780952,23125.1
7661.659363187939,23612.7
7661.870201594926,24097.3
7662.081040001912,24306.5
7662.291878408899,23890.3
7662.502716815886,24259.7
7662.713555222873,24366.9
7662.924393629859,24920.7
7663.135232036846,24874.2
7663.346070443833,24167.6
7663.55690885082,24555.0
7663.767747257806,24089.1
7663.978585664793,24290.7
7664.18942407178,22635.6
7664.400262478767,19917.0
7664.611100885753,18020.2
7664.82193929274,16428.2
7665.032777699727,15733.4
7665.243616106714,16331.3
7665.4544545137005,16820.5
7665.6652929206875,16638.4
7665.876131327675,16229.8
7666.086969734662,16388.5
7666.297808141648,17930.3
7666.508646548635,20464.8
7666.719484955622,22622.9
7666.930323362609,23931.1
7667.141161769595,24196.3
7667.352000176582,24465.1
7667.562838583569,25216.2
7667.773676990556,25176.2
7667.984515397542,24710.5
7668.195353804529,24679.8
7668.406192211516,24302.8
7668.617030618503,25291.0
7668.827869025489,25645.9
7669.038707432476,25767.4
7669.249545839463,25100.4
7669.46038424645,25292.9
7669.671222653436,25492.3
7669.882061060423,24501.7
7670.0928994674105,22487.0
7670.3037378743975,21413.9
7670.514576281384,20291.7
7670.725414688371,18565.2
7670.936253095358,19150.8
7671.147091502344,19447.5
7671.357929909331,19303.0
7671.568768316318,19269.2
7671.779606723305,18803.1
7671.990445130291,19200.3
7672.201283537278,20938.4
7672.412121944265,23644.9
7672.622960351252,24942.7
7672.833798758238,25388.6
7673.044637165225,25919.8
7673.255475572212,26182.4
7673.466313979199,26159.8
7673.677152386185,26102.8
7673.887990793172,26419.8
7674.098829200159,26392.7
7674.309667607146,25774.2
7674.5205060141325,26054.6
7674.7313444211195,26420.8
7674.9421828281065,26197.8
7675.153021235094,26337.9
7675.36385964208,26370.8
7675.574698049067,25939.8
7675.785536456054,26381.5
7675.996374863041,25451.4
7676.207213270027,23153.5
7676.418051677014,21696.1
7676.628890084001,21115.2
7676.839728490988,21585.8
7677.050566897974,21237.8
7677.261405304961,20641.1
7677.472243711948,21841.2
7677.683082118935,22710.9
7677.893920525921,23362.2
7678.104758932908,24051.9
7678.315597339895,24957.6
7678.526435746882,25562.8
7678.737274153868,26367.8
7678.948112560855,27048.0
7679.158950967842,27473.8
7679.3697893748285,27926.9
7679.580627781816,27551.7
7679.791466188803,26785.5
7680.00230459579,26973.5
7680.213143002776,26960.0
7680.423981409763,26746.2
7680.63481981675,27090.2
7680.845658223737,27028.5
7681.056496630723,27106.6
7681.26733503771,27052.9
7681.478173444697,27785.9
7681.689011851684,27375.7
7681.89985025867,26473.6
7682.110688665657,26304.6
7682.321527072644,25387.6
7682.532365479631,24222.5
7682.743203886617,24304.3
7682.954042293604,24241.9
7683.164880700591,23885.7
7683.375719107578,24421.3
7683.586557514564,24463.3
7683.7973959215515,24299.4
7684.0082343285385,24525.7
7684.2190727355255,25269.9
7684.429911142512,26089.5
7684.640749549499,26874.5
7684.851587956486,27337.3
7685.062426363473,27356.4
7685.273264770459,27621.3
7685.484103177446,27412.5
7685.694941584433,27487.9
7685.90577999142,27876.7
7686.116618398406,27544.9
7686.327456805393,27576.1
7686.53829521238,28433.4
7686.749133619367,28889.9
7686.959972026353,28141.4
7687.17081043334,28152.6
7687.381648840327,28085.3
7687.592487247314,27217.1
7687.8033256543,26857.8
7688.014164061287,28144.6
7688.225002468274,28759.0
7688.435840875261,28983.6
7688.6466792822475,27985.1
7688.857517689235,26325.0
7689.068356096222,26172.2
7689.279194503208,26565.3
7689.490032910195,26363.2
7689.700871317182,25707.7
7689.911709724169,25328.2
7690.122548131155,26248.2
7690.333386538142,26539.9
7690.544224945129,26417.8
7690.755063352116,26488.9
7690.965901759102,27494.4
7691.176740166089,27747.8
7691.387578573076,27923.9
7691.598416980063,27386.8
7691.809255387049,27355.9
7692.020093794036,28182.1
7692.230932201023,28810.0
7692.44177060801,28330.1
7692.652609014996,27872.9
7692.863447421983,27529.2
7693.0742858289705,27600.9
7693.2851242359575,28124.0
7693.495962642944,28244.7
7693.706801049931,28754.7
7693.917639456918,28842.1
7694.128477863905,28078.2
7694.339316270891,28052.0
7694.550154677878,28179.9
7694.760993084865,28130.9
7694.971831491852,28085.2
7695.182669898838,28507.5
7695.393508305825,28872.0
7695.604346712812,27881.4
7695.815185119799,26894.4
7696.026023526785,27026.8
7696.236861933772,27674.8
7696.447700340759,27612.2
7696.658538747746,27431.2
7696.869377154732,27695.1
7697.080215561719,27604.1
7697.291053968706,27675.1
7697.501892375693,28032.7
7697.7127307826795,28100.0
7697.9235691896665,28589.4
7698.134407596654,27983.2
7698.34524600364,27459.4
7698.556084410627,27661.7
7698.766922817614,27481.6
7698.977761224601,28454.8
7699.188599631587,28422.3
7699.399438038574,28781.7
7699.610276445561,28873.5
7699.821114852548,29332.5
7700.031953259534,29198.7
7700.242791666521,29604.8
7700.453630073508,29000.9
7700.664468480495,28444.0
7700.875306887481,28567.4
7701.086145294468,29048.3
7701.296983701455,29437.2
7701.507822108442,28919.3
7701.718660515428,28937.1
7701.929498922415,28761.5
7702.140337329402,28564.8
7702.351175736389,28833.9
7702.562014143376,28905.0
7702.772852550363,28864.4
7702.98369095735,28564.4
7703.194529364337,28216.7
7703.405367771323,28630.8
7703.61620617831,28257.7
7703.827044585297,28926.9
7704.037882992284,29099.7
7704.24872139927,28278.2
7704.459559806257,27849.3
7704.670398213244,27541.3
7704.881236620231,28148.3
7705.092075027217,28838.5
7705.302913434204,29212.7
7705.513751841191,29259.7
7705.724590248178,29340.6
7705.935428655164,29834.8
7706.146267062151,29847.8
7706.357105469138,29928.2
7706.567943876125,29643.5
7706.7787822831115,30003.9
7706.9896206900985,30324.6
7707.2004590970855,29699.2
7707.411297504072,30859.9
7707.622135911059,30263.5
7707.832974318046,30685.5
7708.043812725033,30275.9
7708.254651132019,30831.6
7708.465489539006,31585.4
7708.676327945993,30175.2
7708.88716635298,29753.2
7709.098004759966,30376.6
7709.308843166953,31011.8
7709.51968157394,31449.3
7709.730519980927,30702.2
7709.941358387913,29700.3
7710.1521967949,29635.1
7710.363035201887,30566.9
7710.573873608874,30521.8
7710.78471201586,29279.7
7710.995550422847,28896.2
7711.206388829834,28861.6
7711.417227236821,29627.1
7711.6280656438075,30250.8
7711.838904050795,30297.6
7712.049742457782,30258.8
7712.260580864769,30064.3
7712.471419271755,30552.6
7712.682257678742,30396.5
7712.893096085729,30580.9
7713.103934492716,30000.2
7713.314772899702,29751.0
7713.525611306689,29738.4
7713.736449713676,30220.4
7713.947288120663,30791.9
7714.158126527649,30987.4
7714.368964934636,30151.0
7714.579803341623,30290.2
7714.79064174861,29914.9
7715.001480155596,29759.5
7715.212318562583,30311.2
7715.42315696957,30359.9
7715.633995376557,29802.9
7715.844833783543,29043.7
7716.0556721905305,29328.4
7716.2665105975175,29799.4
7716.477349004504,29302.9
7716.688187411491,29352.4
7716.899025818478,29196.1
7717.109864225465,28506.6
7717.320702632451,28698.6
7717.531541039438,28795.2
7717.742379446425,29929.4
7717.953217853412,30898.0
7718.164056260398,30181.8
7718.374894667385,30001.0
7718.585733074372,29824.4
7718.796571481359,29962.3
7719.007409888345,28887.2
7719.218248295332,29180.5
7719.429086702319,28726.1
7719.639925109306,29037.1
7719.850763516292,28426.1
7720.061601923279,29159.0
7720.272440330266,29532.3
7720.483278737253,29636.7
7720.6941171442395,29208.3
7720.9049555512265,28970.1
7721.1157939582135,29683.4
7721.326632365201,29429.3
7721.537470772187,28895.3
7721.748309179174,28404.3
7721.959147586161,28008.4
7722.169985993148,28208.1
7722.380824400134,28558.4
7722.591662807121,29135.4
7722.802501214108,29343.8
7723.013339621095,29277.4
7723.224178028081,29014.7
7723.435016435068,29313.6
7723.645854842055,29260.3
7723.856693249042,28925.9
7724.067531656028,29256.5
7724.278370063015,29269.0
7724.489208470002,29223.1
7724.700046876989,29042.2
7724.910885283975,29586.2
7725.121723690962,29905.2
7725.332562097949,29004.3
7725.543400504936,29121.9
7725.754238911923,29359.0
7725.96507731891,29142.2
7726.175915725897,28385.4
7726.386754132883,28653.5
7726.59759253987,28912.6
7726.808430946857,28887.1
7727.019269353844,29589.7
7727.23010776083,29549.8
7727.440946167817,28842.8
7727.651784574804,28493.3
7727.862622981791,28680.9
7728.073461388777,28291.3
7728.284299795764,28124.2
7728.495138202751,28495.7
7728.705976609738,28644.0
7728.916815016724,28675.9
7729.127653423711,28365.5
7729.338491830698,28132.5
7729.549330237685,28403.5
7729.7601686446715,28930.4
7729.9710070516585,29248.8
7730.1818454586455,29043.1
7730.3926838656325,29252.4
7730.603522272619,29218.1
7730.814360679606,28804.6
7731.025199086593,29032.8
7731.23603749358,28719.0
7731.446875900566,28567.4
7731.657714307553,28425.6
7731.86855271454,28502.0
7732.079391121527,28479.2
7732.290229528513,28647.4
7732.5010679355,28893.6
7732.711906342487,28685.9
7732.922744749474,28712.8
7733.13358315646,28089.6
7733.344421563447,28536.1
7733.555259970434,28556.3
7733.766098377421,28714.4
7733.976936784407,28167.1
7734.187775191394,28378.0
7734.398613598381,28040.9
7734.609452005368,28005.0
7734.820290412355,28497.0
7735.031128819342,28894.4
7735.241967226329,28612.6
7735.452805633315,28447.0
7735.663644040302,28307.9
7735.874482447289,28833.6
7736.085320854276,28231.6
7736.296159261262,28081.9
7736.506997668249,28225.3
7736.717836075236,28259.1
7736.928674482223,28204.9
7737.139512889209,28118.3
7737.350351296196,27481.2
7737.561189703183,27696.9
7737.77202811017,28651.0
7737.982866517156,28554.9
7738.193704924143,28559.9
7738.40454333113,28195.9
7738.615381738117,27437.3
7738.826220145103,27936.1
7739.0370585520905,28282.5
7739.2478969590775,27580.6
7739.4587353660645,27429.2
7739.669573773051,27728.8
7739.880412180038,27276.2
7740.091250587025,27592.1
7740.302088994012,27834.2
7740.512927400998,27751.8
7740.723765807985,28193.4
7740.934604214972,28166.6
7741.145442621959,27790.9
7741.356281028945,27119.7
7741.567119435932,27634.3
7741.777957842919,27913.3
7741.988796249906,27818.0
7742.199634656892,27879.2
7742.410473063879,27886.1
7742.621311470866,27875.9
7742.832149877853,27922.2
7743.042988284839,27629.9
7743.253826691826,27850.2
7743.464665098813,27806.6
7743.6755035057995,27531.7
7743.8863419127865,27350.4
7744.0971803197735,27502.1
7744.308018726761,27380.6
7744.518857133747,27358.1
7744.729695540734,28301.5
7744.940533947721,28012.1
7745.151372354708,27293.8
7745.362210761694,27481.0
7745.573049168681,27575.5
7745.783887575668,27591.9
7745.994725982655,27556.4
7746.205564389641,26574.2
7746.416402796628,26420.5
7746.627241203615,27081.5
7746.838079610602,26811.7
7747.048918017588,27329.2
7747.259756424575,27876.9
7747.470594831562,27543.7
7747.681433238549,27224.1
7747.892271645535,27039.7
7748.103110052522,28106.1
7748.313948459509,26423.8
7748.5247868664965,26346.6
7748.735625273483,27432.2
7748.94646368047,27276.9
7749.157302087457,26781.5
7749.368140494444,26302.6
7749.57897890143,27207.0
7749.789817308417,27156.4
7750.000655715404,27045.3
7750.211494122391,27310.4
7750.422332529377,26792.3
7750.633170936364,26881.5
7750.844009343351,26749.7
7751.054847750338,26321.9
7751.265686157324,26336.9
7751.476524564311,26923.9
7751.687362971298,27375.8
7751.898201378285,27087.0
7752.109039785271,27416.6
7752.319878192258,27514.8
7752.530716599245,28357.3
7752.741555006232,28594.9
7752.9523934132185,28075.1
7753.1632318202055,26842.3
7753.3740702271925,27141.7
7753.584908634179,26520.4
7753.795747041166,27199.4
7754.006585448153,26364.2
7754.21742385514,26675.0
7754.428262262126,26417.1
7754.639100669113,26674.6
7754.8499390761,27124.5
7755.060777483087,25753.7
7755.271615890073,26896.7
7755.48245429706,26692.6
7755.693292704047,26905.1
7755.904131111034,25054.2
7756.11496951802,26047.9
7756.325807925007,26222.1
7756.536646331994,26173.8
7756.747484738981,26867.0
7756.958323145967,26250.7
7757.169161552954,25789.8
7757.379999959941,25943.7
7757.590838366928,26689.8
7757.801676773915,26460.4
7758.012515180902,26253.1
7758.223353587889,25536.8
7758.434191994876,26306.4
7758.645030401862,26453.0
7758.855868808849,25672.3
7759.066707215836,26783.7
7759.277545622823,25804.8
7759.488384029809,25455.2
7759.699222436796,25435.6
7759.910060843783,25844.7
7760.12089925077,25884.9
7760.331737657756,26608.1
7760.542576064743,25107.8
7760.75341447173,26207.9
7760.964252878717,25890.9
7761.175091285703,25423.3
7761.38592969269,25064.5
7761.596768099677,25925.4
7761.807606506663,25643.1
7762.0184449136505,25669.4
7762.2292833206375,25350.1
7762.4401217276245,25843.9
7762.650960134611,25457.9
7762.861798541598,25824.3
7763.072636948585,25683.4
7763.283475355572,25192.5
7763.494313762558,25304.5
7763.705152169545,25588.2
7763.915990576532,24969.7
7764.126828983519,25594.2
7764.337667390505,25792.2
7764.548505797492,25089.0
7764.759344204479,26100.3
7764.970182611466,25772.1
7765.181021018452,25343.5
7765.391859425439,24552.0
7765.602697832426,24394.1
7765.813536239413,25802.3
7766.024374646399,24793.8
7766.235213053386,25340.5
7766.446051460373,25495.8
7766.65688986736,24594.4
7766.8677282743465,25022.8
7767.0785666813335,25008.8
7767.289405088321,24994.2
7767.500243495308,24667.6
7767.711081902294,24258.8
7767.921920309281,25464.6
7768.132758716268,25697.4
7768.343597123255,26032.1
7768.554435530241,26575.3
7768.765273937228,26319.2
7768.976112344215,26711.9
7769.186950751202,26359.4
7769.397789158188,25547.4
7769.608627565175,25892.4
7769.819465972162,26426.2
7770.030304379149,26024.5
7770.241142786135,26046.4
7770.451981193122,26067.3
7770.662819600109,26192.0
7770.873658007096,26257.1
7771.084496414082,26675.5
7771.295334821069,27032.6
7771.5061732280565,26742.0
7771.717011635043,27043.4
7771.92785004203,26309.7
7772.138688449017,25783.7
7772.349526856004,26271.5
7772.56036526299,26523.4
7772.771203669977,27112.9
7772.982042076964,26680.3
7773.192880483951,26039.9
7773.403718890937,25720.2
7773.614557297924,25998.5
7773.825395704911,25218.1
7774.036234111898,25487.2
7774.247072518884,26304.6
7774.457910925871,26333.0
7774.668749332858,26179.2
7774.879587739845,25535.2
7775.090426146831,25084.0
7775.301264553818,25555.3
7775.512102960805,26029.1
7775.722941367792,26256.7
7775.9337797747785,26154.4
7776.1446181817655,25569.5
7776.3554565887525,25695.4
7776.56629499574,25593.6
7776.777133402726,25419.7
7776.987971809713,24995.8
7777.1988102167,25172.0
7777.409648623687,25100.8
7777.620487030673,24787.7
7777.83132543766,25217.9
7778.042163844647,24534.5
7778.253002251634,25086.9
7778.46384065862,24532.0
7778.674679065607,24113.6
7778.885517472594,23655.3
7779.096355879581,23902.0
7779.307194286567,23646.7
7779.518032693554,23612.2
7779.728871100541,23771.2
7779.939709507527,23151.8
7780.150547914514,23158.7
7780.361386321501,23213.8
7780.572224728488,22967.6
7780.783063135475,22914.5
7780.993901542462,23308.2
7781.204739949449,23386.3
7781.415578356436,23061.1
7781.626416763422,23225.5
7781.837255170409,23702.5
7782.048093577396,23406.4
7782.258931984383,23261.4
7782.469770391369,23510.3
7782.680608798356,23364.7
7782.891447205343,23164.5
7783.10228561233,22908.7
7783.313124019316,22638.8
7783.523962426303,22484.5
7783.73480083329,23319.6
7783.945639240277,22753.5
7784.156477647263,22234.5
7784.36731605425,23221.4
7784.578154461237,22690.4
7784.788992868224,23299.3
7784.99983127521,23149.0
7785.2106696821975,22516.2
7785.4215080891845,22797.4
7785.6323464961715,22282.1
7785.843184903158,22201.7
7786.054023310145,21962.1
7786.264861717132,21930.0
7786.475700124119,22610.5
7786.686538531105,23249.6
7786.897376938092,22439.8
7787.108215345079,21705.5
7787.319053752066,22200.5
7787.529892159052,23021.3
7787.740730566039,22226.6
7787.951568973026,21318.4
7788.162407380013,22136.5
7788.373245786999,22378.8
7788.584084193986,22004.1
7788.794922600973,22008.7
7789.00576100796,21328.1
7789.216599414946,21122.5
7789.427437821933,21882.7
7789.63827622892,22082.9
7789.8491146359065,22155.9
7790.0599530428935,21970.8
7790.270791449881,21528.9
7790.481629856868,21437.9
7790.692468263854,20933.1
7790.903306670841,21300.9
7791.114145077828,21601.4
7791.324983484815,21913.2
7791.535821891801,21503.0
7791.746660298788,21319.5
7791.957498705775,21933.6
7792.168337112762,21414.5
7792.379175519748,21062.6
7792.590013926735,21321.8
7792.800852333722,21603.9
7793.011690740709,21606.7
7793.222529147695,21271.6
7793.433367554682,21685.6
7793.644205961669,21886.4
7793.855044368656,21601.6
7794.065882775642,20754.1
7794.276721182629,20744.1
7794.4875595896165,21291.6
7794.6983979966035,21280.7
7794.90923640359,20601.1
7795.120074810577,20595.1
7795.330913217564,20836.0
7795.541751624551,20483.3
7795.752590031537,20446.6
7795.963428438524,20216.1
7796.174266845511,20904.6
7796.385105252498,21046.5
7796.595943659484,21046.4
7796.806782066471,21092.0
7797.017620473458,20964.6
7797.228458880445,20521.0
7797.439297287431,20721.0
7797.650135694418,21273.5
7797.860974101405,21302.9
7798.071812508391,20655.7
7798.282650915378,20122.5
7798.493489322365,20112.1
7798.704327729352,20052.2
7798.9151661363385,20066.0
7799.1260045433255,20412.4
7799.3368429503125,20050.1
7799.5476813573,20301.0
7799.758519764286,20110.9
7799.969358171273,19678.6
7800.18019657826,19748.0
7800.391034985247,20207.1
7800.601873392233,20568.5
7800.81271179922,20103.0
7801.023550206207,19840.2
7801.234388613194,19592.6
7801.44522702018,19988.9
7801.656065427167,20494.7
7801.866903834154,20630.0
7802.077742241141,20038.1
7802.288580648127,20127.4
7802.499419055114,20349.5
7802.710257462101,19895.3
7802.921095869088,19736.4
7803.131934276074,19672.8
7803.342772683061,19610.1
7803.553611090048,19802.5
7803.7644494970355,20396.4
7803.975287904022,19914.2
7804.186126311009,19053.8
7804.396964717996,19388.9
7804.607803124983,19623.4
7804.818641531969,19189.7
7805.029479938956,19634.9
7805.240318345943,19223.9
7805.45115675293,18232.4
7805.661995159916,18379.7
7805.872833566903,18901.7
7806.08367197389,19144.4
7806.294510380877,19151.8
7806.505348787863,18790.8
7806.71618719485,19412.2
7806.927025601837,18830.7
7807.137864008824,19226.2
7807.34870241581,19051.3
7807.559540822797,18545.5
7807.770379229784,18428.9
7807.98121763677,18556.1
7808.1920560437575,18859.1
7808.4028944507445,18551.4
7808.6137328577315,17805.1
7808.824571264718,18513.4
7809.035409671705,19031.7
7809.246248078692,17385.3
7809.457086485679,17411.5
7809.667924892665,17973.2
7809.878763299652,18196.4
7810.089601706639,18651.0
7810.300440113626,18218.0
7810.511278520612,18009.7
7810.722116927599,18509.7
7810.932955334586,18491.1
7811.143793741573,17882.9
7811.354632148559,18022.6
7811.565470555546,17954.0
7811.776308962533,17684.7
7811.98714736952,17162.8
7812.197985776506,17375.8
7812.408824183493,18084.5
7812.61966259048,18111.2
7812.830500997467,17834.2
7813.0413394044535,17616.4
7813.252177811441,17406.8
7813.463016218428,17118.5
7813.673854625415,17208.3
7813.884693032401,17410.8
7814.095531439388,17606.9
7814.306369846375,17829.1
7814.517208253362,17414.7
7814.728046660348,17124.7
7814.938885067335,17070.6
7815.149723474322,16778.3
7815.360561881309,17387.1
7815.571400288295,17804.4
7815.782238695282,17348.6
7815.993077102269,17282.7
7816.203915509255,17369.3
7816.414753916242,17201.0
7816.625592323229,16723.2
7816.836430730216,16794.2
7817.047269137203,16868.1
7817.258107544189,17334.5
7817.4689459511765,17083.7
7817.6797843581635,16743.0
7817.89062276515,16262.7
7818.101461172137,16449.8
7818.312299579124,17354.7
7818.523137986111,17324.1
7818.733976393097,16964.4
7818.944814800084,16868.1
7819.155653207071,16455.7
7819.366491614058,16842.8
7819.577330021044,16710.1
7819.788168428031,16684.4
7819.999006835018,17218.7
7820.209845242005,16757.2
7820.420683648991,16601.0
7820.631522055978,16463.9
7820.842360462965,16247.3
7821.053198869952,17359.4
7821.264037276938,16726.3
7821.474875683925,15896.8
7821.685714090912,16046.8
7821.896552497899,16359.2
7822.1073909048855,16367.1
7822.3182293118725,16105.1
7822.52906771886,15858.3
7822.739906125847,16407.6
7822.950744532833,16757.6
7823.16158293982,16045.3
7823.372421346807,15663.8
7823.583259753794,16365.6
7823.79409816078,16439.6
7824.004936567767,15507.9
7824.215774974754,15699.9
7824.426613381741,16329.6
7824.637451788727,15924.4
7824.848290195714,15749.9
7825.059128602701,15780.5
7825.269967009688,15761.1
7825.480805416674,15565.9
7825.691643823661,15640.1
7825.902482230648,15270.5
7826.113320637634,15858.5
7826.324159044621,14731.3
7826.534997451608,15114.0
7826.7458358585955,15627.8
7826.956674265582,15954.4
7827.167512672569,15038.6
7827.378351079556,15220.6
7827.589189486543,15156.3
7827.800027893529,15097.6
7828.010866300516,15132.4
7828.221704707503,14749.1
7828.43254311449,14845.2
7828.643381521476,15205.8
7828.854219928463,15593.0
7829.06505833545,14895.3
7829.275896742437,14403.2
7829.486735149423,14548.1
7829.69757355641,14966.8
7829.908411963397,15000.2
7830.119250370384,15346.1
7830.33008877737,14904.9
7830.540927184357,14884.3
7830.751765591344,14698.2
7830.962603998331,14614.0
7831.1734424053175,14300.1
7831.3842808123045,13775.1
7831.5951192192915,14472.4
7831.8059576262785,14065.7
7832.016796033265,14406.2
7832.227634440252,15030.5
7832.438472847239,14489.9
7832.649311254226,13951.6
7832.860149661212,14476.7
7833.070988068199,14556.3
7833.281826475186,14199.8
7833.492664882173,14542.4
7833.703503289159,14379.8
7833.914341696146,14000.9
7834.125180103133,14469.3
7834.336018510119,14358.5
7834.546856917106,14047.4
7834.757695324093,12944.8
7834.96853373108,13140.4
7835.179372138067,13672.9
7835.390210545053,14514.5
7835.60104895204,14209.8
7835.811887359027,13517.0
7836.0227257660135,13184.0
7836.233564173001,13488.8
7836.444402579988,13655.7
7836.655240986975,14035.9
7836.866079393961,13677.1
7837.076917800948,13498.4
7837.287756207935,13211.3
7837.498594614922,13793.3
7837.709433021908,13433.0
7837.920271428895,13327.7
7838.131109835882,13182.0
7838.341948242869,13639.1
7838.552786649855,14065.3
7838.763625056842,13297.7
7838.974463463829,12709.4
7839.185301870816,12268.6
7839.396140277802,12441.5
7839.606978684789,12795.5
7839.817817091776,12940.2
7840.028655498763,13008.7
7840.239493905749,13001.7
7840.4503323127365,12738.9
7840.6611707197235,12885.8
7840.8720091267105,12503.9
7841.082847533697,13112.1
7841.293685940684,13203.7
7841.504524347671,12301.9
7841.715362754658,12851.2
7841.926201161644,12761.5
7842.137039568631,12152.3
7842.347877975618,12411.8
7842.558716382605,12464.1
7842.769554789591,11958.3
7842.980393196578,12599.3
7843.191231603565,12487.8
7843.402070010552,12625.6
7843.612908417538,13056.4
7843.823746824525,11399.8
7844.034585231512,11151.4
7844.245423638498,12061.6
7844.456262045485,12363.1
7844.667100452472,12399.5
7844.877938859459,12458.3
7845.0887772664455,12936.8
7845.2996156734325,11658.6
7845.51045408042,11399.8
7845.721292487407,12251.2
7845.932130894393,11327.5
7846.14296930138,11588.0
7846.353807708367,11184.5
7846.564646115354,10833.6
7846.77548452234,11662.5
7846.986322929327,11744.4
7847.197161336314,11741.4
7847.407999743301,11574.0
7847.618838150287,11459.9
7847.829676557274,11264.3
7848.040514964261,11675.3
7848.251353371248,11226.4
7848.462191778234,10718.5
7848.673030185221,11339.2
7848.883868592208,11735.6
7849.094706999195,10516.6
7849.305545406181,11291.4
7849.516383813168,11411.0
7849.727222220155,11368.7
7849.9380606271425,10987.7
7850.148899034129,10909.9
7850.359737441116,10634.4
7850.570575848103,11117.9
7850.78141425509,11345.4
7850.992252662076,11599.8
7851.203091069063,10469.4
7851.41392947605,10469.2
7851.624767883037,11294.0
7851.835606290023,11125.8
7852.04644469701,10661.5
7852.257283103997,10607.8
7852.468121510984,10361.6
7852.67895991797,11049.2
7852.889798324957,11071.4
7853.100636731944,10446.7
7853.311475138931,10239.9
7853.522313545917,10544.3
7853.733151952904,9777.59
7853.943990359891,10394.0
7854.1548287668775,10577.1
7854.3656671738645,10406.7
7854.5765055808515,10284.7
7854.7873439878385,9974.74
7854.998182394825,9613.49
7855.209020801812,10327.0
7855.419859208799,10252.5
7855.630697615786,10336.5
7855.841536022772,9516.68
7856.052374429759,9750.55
7856.263212836746,9741.36
7856.474051243733,10043.5
7856.684889650719,9700.02
7856.895728057706,9766.64
7857.106566464693,9639.78
7857.31740487168,9550.36
7857.528243278666,9824.65
7857.739081685653,9635.73
7857.94992009264,9751.15
7858.160758499627,9400.86
7858.371596906613,9523.03
7858.5824353136,9301.53
7858.793273720587,9379.91
7859.004112127574,9080.51
7859.214950534561,9502.56
7859.425788941548,9751.05
7859.636627348535,9255.22
7859.847465755522,9272.41
7860.058304162508,9470.27
7860.269142569495,8440.21
7860.479980976482,8719.64
7860.690819383469,9372.58
7860.901657790455,8929.93
7861.112496197442,8598.59
7861.323334604429,8689.7
7861.534173011416,8559.4
7861.745011418402,8839.01
7861.955849825389,8822.68
7862.166688232376,8992.57
7862.377526639362,9678.81
7862.588365046349,9336.15
7862.799203453336,9007.85
7863.010041860323,9109.02
7863.22088026731,8749.33
7863.4317186742965,9040.11
7863.6425570812835,8314.11
7863.8533954882705,8266.79
7864.064233895257,8409.72
7864.275072302244,8347.43
7864.485910709231,8705.99
7864.696749116218,8285.06
7864.907587523204,8047.46
7865.118425930191,8291.13
7865.329264337178,8143.28
7865.540102744165,7015.94
7865.750941151151,7582.78
7865.961779558138,7472.76
7866.172617965125,7181.45
7866.383456372112,7301.46
7866.594294779098,8168.81
7866.805133186085,7870.04
7867.015971593072,7995.01
7867.226810000059,7941.19
7867.437648407045,7926.07
7867.648486814032,7722.15
7867.859325221019,7686.26
7868.070163628006,7904.01
7868.2810020349925,7895.29
7868.49184044198,7705.01
7868.702678848967,7382.63
7868.913517255954,7567.79
7869.12435566294,7553.18
7869.335194069927,7013.26
7869.546032476914,7236.42
7869.756870883901,7198.5
7869.967709290887,6970.81
7870.178547697874,7780.6
7870.389386104861,7633.96
7870.600224511847,7112.81
7870.811062918834,7381.94
7871.021901325821,7607.85
7871.232739732808,7198.11
7871.443578139795,7289.65
7871.654416546781,8001.55
7871.865254953768,6757.03
7872.076093360755,6674.68
7872.286931767741,7296.57
7872.497770174728,7108.41
7872.708608581715,7239.7
7872.9194469887025,7005.09
7873.130285395689,6896.27
7873.341123802676,7082.44
7873.551962209663,6496.88
7873.76280061665,6669.91
7873.973639023636,7062.71
7874.184477430623,6926.24
7874.39531583761,7061.55
7874.606154244597,7266.67
7874.816992651583,7575.26
7875.02783105857,7214.4
7875.238669465557,7291.84
7875.449507872544,6924.04
7875.66034627953,6506.06
7875.871184686517,6574.97
7876.082023093504,6738.11
7876.292861500491,6483.63
7876.503699907477,6238.46
7876.714538314464,5693.38
7876.925376721451,5656.71
7877.136215128438,6281.45
7877.3470535354245,5832.5
7877.5578919424115,6656.53
7877.7687303493985,6569.6
7877.979568756386,6270.26
7878.190407163372,5838.61
7878.401245570359,6781.77
7878.612083977346,6493.63
7878.822922384333,6241.59
7879.033760791319,6330.17
7879.244599198306,5822.58
7879.455437605293,6110.69
7879.66627601228,6209.47
7879.877114419266,6582.91
7880.087952826253,5784.27
7880.29879123324,5436.99
7880.509629640226,5586.14
7880.720468047213,5474.41
7880.9313064542,5367.43
7881.142144861187,5734.53
7881.352983268174,6151.63
7881.56382167516,5439.45
7881.774660082147,5636.96
7881.985498489134,5487.8
7882.196336896121,5749.89
7882.407175303108,5791.26
7882.618013710095,5379.91
7882.828852117082,5385.22
7883.039690524068,5238.48
7883.250528931055,5812.81
7883.461367338042,5424.18
7883.672205745029,5059.98
7883.883044152015,5283.96
7884.093882559002,5145.52
7884.304720965989,5069.8
7884.515559372976,5305.63
7884.726397779962,5613.63
7884.937236186949,4823.16
7885.148074593936,5402.23
7885.358913000923,5642.86
7885.569751407909,4816.07
7885.780589814896,4795.08
7885.991428221883,5057.37
7886.20226662887,4583.74
7886.4131050358565,4711.18
7886.6239434428435,4438.23
7886.8347818498305,4703.19
7887.0456202568175,4923.03
7887.256458663804,4957.82
7887.467297070791,3988.38
7887.678135477778,4355.69
7887.888973884765,3931.44
7888.099812291751,4060.48
7888.310650698738,4547.14
7888.521489105725,4185.26
7888.732327512711,4941.59
7888.943165919698,4394.07
7889.154004326685,5178.17
7889.364842733672,4736.32
7889.575681140659,4771.66
7889.786519547645,5289.29
7889.997357954632,4492.18
7890.208196361619,3545.93
7890.419034768605,3970.19
7890.629873175592,4652.14
7890.840711582579,4713.26
7891.051549989566,4463.26
7891.2623883965525,3999.47
7891.47322680354,4471.03
7891.684065210527,4614.06
7891.894903617514,4420.68
7892.1057420245,3953.23
7892.316580431487,4180.86
7892.527418838474,3770.5
7892.738257245461,3187.9
7892.949095652447,3361.5
7893.159934059434,3876.69
7893.370772466421,4107.58
7893.581610873408,4130.03
7893.792449280394,3531.09
7894.003287687381,3874.75
7894.214126094368,3420.56
7894.424964501355,3497.09
7894.635802908341,3950.32
7894.846641315328,3481.58
7895.057479722315,3860.99
7895.268318129302,3308.59
7895.479156536288,3442.7
7895.689994943275,4198.14
7895.9008333502625,3362.14
