7322.4632749899,21314.8
7322.673568209298,21006.8
7322.883861428696,20603.5
7323.0941546480935,19570.3
7323.304447867492,19736.1
7323.514741086889,19659.9
7323.725034306287,19727.9
7323.935327525685,20009.7
7324.145620745083,19877.4
7324.35591396448,19932.4
7324.566207183879,20085.4
7324.776500403276,20008.2
7324.986793622675,20304.2
7325.197086842072,20598.8
7325.40738006147,20070.1
7325.617673280868,19490.5
7325.827966500266,19414.3
7326.038259719664,19856.5
7326.2485529390615,20489.3
7326.458846158459,20947.4
7326.669139377857,21041.6
7326.879432597255,20887.7
7327.089725816652,20558.2
7327.300019036051,20534.7
7327.510312255448,20218.6
7327.720605474847,19836.5
7327.930898694244,20082.1
7328.141191913642,20568.6
7328.35148513304,21387.2
7328.561778352438,21379.5
7328.772071571836,20948.5
7328.9823647912335,21403.6
7329.192658010631,21575.3
7329.402951230029,21730.8
7329.613244449427,22094.0
7329.823537668824,22388.6
7330.033830888223,21884.7
7330.24412410762,21974.2
7330.454417327019,21670.3
7330.664710546416,21736.6
7330.875003765814,22542.5
7331.085296985212,22371.6
7331.29559020461,22514.2
7331.505883424008,23002.3
7331.716176643406,22132.4
7331.926469862803,22145.6
7332.1367630822015,22729.3
7332.347056301599,23567.3
7332.557349520997,23441.5
7332.767642740395,22106.6
7332.977935959792,22274.9
7333.188229179191,22483.6
7333.398522398588,22474.1
7333.608815617986,21981.4
7333.819108837384,22358.7
7334.029402056782,22569.8
7334.23969527618,23212.7
7334.449988495578,24228.1
7334.660281714975,24301.0
7334.8705749343735,24069.8
7335.080868153771,23649.9
7335.291161373169,23162.4
7335.501454592567,23510.2
7335.711747811964,23455.8
7335.922041031363,23292.2
7336.13233425076,24054.1
7336.342627470158,24716.3
7336.552920689556,24409.8
7336.763213908954,24140.5
7336.973507128352,24246.8
7337.18380034775,24132.0
7337.394093567147,23449.1
7337.604386786546,23578.1
7337.814680005943,24687.4
7338.0249732253415,25332.7
7338.235266444739,24979.9
7338.445559664136,24551.6
7338.655852883535,24870.1
7338.866146102932,25263.2
7339.07643932233,25051.1
7339.286732541728,25555.0
7339.497025761126,26442.2
7339.707318980524,25562.3
7339.917612199922,24922.3
7340.127905419319,24908.7
7340.338198638718,25831.8
7340.548491858115,26032.4
7340.7587850775135,25635.0
7340.969078296911,25641.3
7341.1793715163085,25844.4
7341.389664735707,25934.3
7341.599957955104,26028.6
7341.810251174502,26099.7
7342.0205443939,26356.5
7342.230837613298,26482.8
7342.441130832696,26676.2
7342.651424052094,26450.8
7342.861717271491,26292.7
7343.07201049089,26627.6
7343.282303710287,26362.0
7343.4925969296855,26435.7
7343.702890149083,25748.0
7343.9131833684805,25592.0
7344.123476587879,26501.2
7344.333769807276,27122.3
7344.544063026674,26648.1
7344.754356246072,25666.4
7344.96464946547,25617.3
7345.174942684868,26722.8
7345.385235904266,27385.1
7345.595529123663,28043.2
7345.805822343062,27587.7
7346.016115562459,27624.9
7346.226408781858,28294.0
7346.436702001255,28469.9
7346.646995220653,28680.4
7346.857288440051,28595.8
7347.0675816594485,27960.0
7347.277874878846,28046.2
7347.488168098244,27914.4
7347.698461317642,27018.2
7347.90875453704,27602.1
7348.119047756438,28539.4
7348.329340975835,29977.5
7348.539634195234,29225.2
7348.749927414631,28412.3
7348.96022063403,27735.7
7349.170513853427,27909.5
7349.380807072825,28096.7
7349.591100292223,27968.5
7349.8013935116205,28310.5
7350.011686731019,27664.1
7350.221979950416,28356.9
7350.432273169814,29161.3
7350.642566389212,29505.0
7350.85285960861,29625.4
7351.063152828007,29966.8
7351.273446047406,30322.2
7351.483739266803,30133.2
7351.694032486202,30386.3
7351.904325705599,30762.5
7352.114618924997,30589.6
7352.324912144395,30585.7
7352.535205363793,30537.2
7352.745498583191,30007.2
7352.9557918025885,30554.1
7353.166085021986,30285.5
7353.376378241384,30543.1
7353.586671460782,30192.5
7353.796964680179,30297.3
7354.007257899578,30497.8
7354.217551118975,30064.3
7354.427844338374,29739.2
7354.638137557771,30664.5
7354.848430777169,31584.9
7355.058723996567,31555.6
7355.269017215965,31656.9
7355.479310435363,31792.4
7355.6896036547605,31783.9
7355.899896874158,31243.6
7356.110190093556,30722.0
7356.320483312954,30777.6
7356.530776532351,30973.1
7356.74106975175,30968.2
7356.951362971147,30708.2
7357.161656190546,30456.2
7357.371949409943,30158.3
7357.582242629341,31460.7
7357.792535848739,31789.7
7358.002829068137,32155.1
7358.213122287535,32935.3
7358.4234155069325,32373.1
7358.63370872633,31649.3
7358.844001945728,32176.5
7359.054295165126,33004.0
7359.264588384523,33426.3
7359.474881603922,32057.1
7359.685174823319,31829.5
7359.895468042718,31922.6
7360.105761262115,32543.8
7360.316054481513,32253.5
7360.526347700911,31428.6
7360.736640920309,30704.7
7360.946934139707,31580.1
7361.157227359105,32569.7
7361.367520578502,32453.5
7361.5778137979005,32978.7
7361.788107017298,33147.6
7361.9984002366955,32772.6
7362.208693456094,33466.4
7362.418986675491,34804.6
7362.62927989489,34462.7
7362.839573114287,33159.0
7363.049866333685,33221.0
7363.260159553083,32830.9
7363.470452772481,33055.3
7363.680745991879,33356.0
7363.891039211277,33855.3
7364.101332430674,33357.6
7364.3116256500725,32964.2
7364.52191886947,33317.1
7364.7322120888675,34052.8
7364.942505308266,33761.4
7365.152798527663,33676.6
7365.363091747062,33796.6
7365.573384966459,34699.9
7365.783678185857,34901.6
7365.993971405255,34708.9
7366.204264624653,34425.6
7366.414557844051,34375.5
7366.624851063449,34600.1
7366.835144282846,34181.8
7367.045437502245,34660.1
7367.255730721642,34739.5
7367.4660239410405,34652.6
7367.676317160438,35695.1
7367.8866103798355,35223.7
7368.096903599234,34682.1
7368.307196818631,34091.7
7368.517490038029,34506.2
7368.727783257427,34443.3
7368.938076476825,33973.0
7369.148369696223,34152.4
7369.358662915621,34731.3
7369.568956135018,35707.4
7369.779249354417,35133.7
7369.989542573814,35161.4
7370.1998357932125,35737.2
7370.41012901261,36103.7
7370.6204222320075,35937.6
7370.830715451406,36173.2
7371.041008670803,36305.2
7371.251301890201,36009.7
7371.461595109599,35923.3
7371.671888328997,36525.2
7371.882181548395,36566.2
7372.092474767793,36673.6
7372.30276798719,36345.7
7372.513061206589,36455.3
7372.723354425986,36927.2
7372.933647645385,36675.3
7373.143940864782,36923.3
7373.35423408418,37767.6
7373.564527303578,37923.9
7373.7748205229755,37455.4
7373.985113742373,37258.7
7374.195406961771,37732.0
7374.405700181169,38331.1
7374.615993400567,37812.1
7374.826286619965,37089.3
7375.036579839362,37380.9
7375.246873058761,36960.0
7375.457166278158,37600.4
7375.667459497557,38486.1
7375.877752716954,38001.3
7376.088045936352,37485.9
7376.29833915575,38245.0
7376.5086323751475,38061.7
7376.718925594545,38186.1
7376.929218813943,39904.8
7377.139512033341,39256.1
7377.349805252739,38544.7
7377.560098472137,37482.9
7377.770391691534,36975.5
7377.980684910933,36933.1
7378.19097813033,38298.8
7378.401271349729,39661.5
7378.611564569126,39766.6
7378.821857788524,38571.8
7379.032151007922,38702.9
7379.2424442273195,38601.1
7379.452737446717,37772.7
7379.663030666115,38686.5
7379.873323885513,39560.3
7380.083617104911,38912.9
7380.293910324309,38695.2
7380.504203543706,38616.6
7380.714496763105,38526.5
7380.924789982502,38337.1
7381.135083201901,38148.1
7381.345376421298,39414.8
7381.555669640696,40373.0
7381.765962860094,39851.4
7381.976256079492,39374.8
7382.186549298889,39532.8
7382.3968425182875,40005.6
7382.607135737685,40455.7
7382.817428957083,40150.9
7383.027722176481,39302.5
7383.238015395878,38496.5
7383.448308615277,37159.1
7383.658601834674,36554.7
7383.868895054073,35852.5
7384.07918827347,36543.8
7384.289481492868,37023.3
7384.499774712266,37604.8
7384.710067931664,38805.5
7384.920361151062,38803.2
7385.1306543704595,40026.9
7385.340947589857,40650.1
7385.551240809255,40700.7
7385.761534028653,40151.8
7385.97182724805,40150.6
7386.182120467449,40078.3
7386.392413686846,40555.3
7386.602706906245,42118.2
7386.813000125642,41802.1
7387.02329334504,42459.9
7387.233586564438,42907.2
7387.443879783836,42858.5
7387.654173003234,42455.7
7387.864466222632,41987.4
7388.074759442029,41282.4
7388.2850526614275,40936.5
7388.495345880825,41147.8
7388.7056391002225,42690.5
7388.915932319621,42462.4
7389.126225539018,41207.8
7389.336518758417,41638.0
7389.546811977814,42558.2
7389.757105197212,43023.4
7389.96739841661,41901.9
7390.177691636008,42319.5
7390.387984855406,41686.0
7390.598278074804,41309.2
7390.808571294201,41564.6
7391.0188645135995,41073.4
7391.229157732997,41427.7
7391.4394509523945,41704.3
7391.649744171793,41720.6
7391.86003739119,42609.2
7392.070330610589,42630.5
7392.280623829986,42728.2
7392.490917049384,43211.1
7392.701210268782,43445.6
7392.91150348818,43544.9
7393.121796707578,42480.1
7393.332089926976,42357.9
7393.542383146373,42741.0
7393.752676365772,42830.6
7393.962969585169,42143.6
7394.173262804567,41734.8
7394.383556023965,42073.5
7394.5938492433625,43431.7
7394.804142462761,44247.8
7395.014435682158,44004.6
7395.224728901556,44186.5
7395.435022120954,44016.7
7395.645315340352,42922.5
7395.85560855975,41710.0
7396.065901779148,41966.5
7396.276194998545,43236.9
7396.486488217944,44455.6
7396.696781437341,43590.8
7396.907074656739,42246.6
7397.117367876137,41990.4
7397.3276610955345,41767.9
7397.537954314933,42388.5
7397.74824753433,43021.2
7397.958540753728,43585.3
7398.168833973126,43213.5
7398.379127192524,43082.8
7398.589420411922,44123.8
7398.79971363132,43859.9
7399.010006850717,43662.6
7399.220300070116,44788.5
7399.430593289513,45722.6
7399.640886508911,45741.9
7399.851179728309,44769.9
7400.0614729477065,43676.1
7400.271766167105,43207.9
7400.482059386502,43716.0
7400.6923526059,45036.0
7400.902645825298,45776.2
7401.112939044696,45319.4
7401.323232264094,45040.5
7401.533525483492,44430.2
7401.743818702889,44164.2
7401.954111922288,44814.4
7402.164405141685,45193.9
7402.374698361084,44870.3
7402.584991580481,44409.4
7402.795284799879,44579.5
7403.005578019277,44860.4
7403.2158712386745,44808.6
7403.426164458072,45017.9
7403.63645767747,45130.4
7403.846750896868,44374.6
7404.057044116266,45163.9
7404.267337335664,45871.3
7404.477630555061,45603.8
7404.68792377446,45523.4
7404.898216993857,45116.3
7405.108510213256,44707.0
7405.318803432653,44942.9
7405.529096652051,45284.8
7405.739389871449,46378.0
7405.9496830908465,47771.6
7406.159976310244,47104.3
7406.370269529642,46962.2
7406.58056274904,46527.2
7406.790855968438,46062.2
7407.001149187836,45671.4
7407.211442407233,45190.1
7407.421735626632,45696.9
7407.632028846029,46223.6
7407.842322065428,46803.1
7408.052615284825,46871.0
7408.262908504223,46876.0
7408.473201723621,47647.7
7408.683494943019,46763.3
7408.893788162416,46174.7
7409.1040813818145,46070.9
7409.314374601212,46256.8
7409.52466782061,46330.9
7409.734961040008,46377.9
7409.945254259405,46645.5
7410.155547478804,46697.6
7410.365840698201,47820.9
7410.5761339176,47987.7
7410.786427136997,47420.0
7410.996720356395,46472.8
7411.207013575793,46723.1
7411.417306795191,46924.5
7411.627600014588,47459.3
7411.8378932339865,47741.9
7412.048186453384,47165.9
7412.258479672782,47525.3
7412.46877289218,47562.2
7412.679066111577,48046.2
7412.889359330976,46888.8
7413.099652550373,46633.7
7413.309945769772,46308.8
7413.520238989169,46531.3
7413.730532208567,47816.9
7413.940825427965,48573.4
7414.151118647363,48500.4
7414.36141186676,48335.0
7414.5717050861585,46813.3
7414.781998305556,46799.2
7414.992291524954,46749.7
7415.202584744352,46543.9
7415.412877963749,46796.0
7415.623171183148,47563.8
7415.833464402545,47925.8
7416.043757621944,48760.1
7416.254050841341,48944.3
7416.464344060739,47996.8
7416.674637280137,47349.9
7416.884930499535,48031.3
7417.095223718932,49122.4
7417.305516938331,47779.7
7417.515810157728,47134.9
7417.7261033771265,47714.0
7417.936396596524,48292.0
7418.1466898159215,47919.6
7418.35698303532,48270.8
7418.567276254717,48731.2
7418.777569474116,48745.5
7418.987862693513,48525.8
7419.198155912911,48574.6
7419.408449132309,47735.7
7419.618742351707,48527.6
7419.829035571105,49569.1
7420.039328790503,49872.9
7420.2496220099,49519.3
7420.4599152292985,48685.6
7420.670208448696,48319.7
7420.8805016680935,48281.4
7421.090794887492,48009.0
7421.301088106889,49046.9
7421.511381326288,47843.6
7421.721674545685,46512.0
7421.931967765083,47285.7
7422.142260984481,47682.9
7422.352554203879,48535.5
7422.562847423277,49013.2
7422.773140642675,49436.1
7422.983433862072,49128.9
7423.193727081471,49235.9
7423.404020300868,49188.0
7423.614313520266,49996.4
7423.824606739664,49088.9
7424.0348999590615,47845.3
7424.24519317846,46964.8
7424.455486397857,47934.7
7424.665779617255,48910.7
7424.876072836653,49141.7
7425.086366056051,48496.5
7425.296659275449,48201.1
7425.506952494847,48764.5
7425.717245714244,49110.9
7425.927538933643,49019.0
7426.13783215304,48430.9
7426.348125372438,48115.8
7426.558418591836,49123.7
7426.7687118112335,50267.6
7426.979005030632,49990.7
7427.189298250029,49916.1
7427.399591469427,49824.0
7427.609884688825,48790.6
7427.820177908223,48345.3
7428.030471127621,49587.2
7428.240764347019,50210.6
7428.451057566416,51059.9
7428.661350785815,50241.2
7428.871644005212,49383.4
7429.08193722461,49226.0
7429.292230444008,48908.3
7429.502523663406,49281.2
7429.712816882804,49469.4
7429.9231101022015,50192.7
7430.133403321599,49888.4
7430.343696540997,49723.5
7430.553989760395,49874.0
7430.764282979793,49871.0
7430.974576199191,50203.5
7431.184869418588,50212.7
7431.395162637987,48366.1
7431.605455857384,48246.5
7431.815749076782,49364.6
7432.02604229618,49617.4
7432.236335515578,46563.3
7432.446628734976,46635.6
7432.6569219543735,48579.8
7432.867215173771,48964.4
7433.077508393169,50412.2
7433.287801612567,50841.0
7433.498094831965,50501.2
7433.708388051363,49824.4
7433.91868127076,48663.9
7434.128974490159,48589.0
7434.339267709556,49146.2
7434.549560928954,48633.2
7434.759854148352,49750.1
7434.97014736775,50036.9
7435.180440587148,49914.1
7435.3907338065455,50708.2
7435.601027025943,50589.4
7435.811320245341,48719.1
7436.021613464739,48718.6
7436.231906684137,48288.9
7436.442199903535,49224.3
7436.652493122932,49795.0
7436.862786342331,49284.7
7437.073079561728,49233.9
7437.283372781127,48756.3
7437.493666000524,48080.9
7437.703959219922,48805.9
7437.91425243932,49486.5
7438.124545658718,50617.0
7438.334838878115,51015.3
7438.5451320975135,50398.9
7438.755425316911,50891.7
7438.965718536309,52012.3
7439.176011755707,51289.2
7439.386304975104,50133.3
7439.596598194503,48548.5
7439.8068914139,48342.3
7440.017184633299,49217.0
7440.227477852696,49299.7
7440.437771072094,50022.2
7440.648064291492,50029.2
7440.85835751089,49272.5
7441.068650730287,49419.2
7441.2789439496855,49224.3
7441.489237169083,48631.9
7441.699530388481,50536.5
7441.909823607879,50256.6
7442.120116827276,49139.8
7442.330410046675,49304.3
7442.540703266072,49995.4
7442.750996485471,49124.7
7442.961289704868,49630.0
7443.171582924266,49355.4
7443.381876143664,49782.9
7443.592169363062,49704.7
7443.802462582459,50132.3
7444.012755801858,50112.5
7444.223049021255,49840.9
7444.4333422406535,50896.7
7444.643635460051,50316.6
7444.8539286794485,49906.9
7445.064221898847,49896.1
7445.274515118244,50065.3
7445.484808337643,49929.3
7445.69510155704,50153.7
7445.905394776438,50730.6
7446.115687995836,50198.7
7446.325981215234,49461.1
7446.536274434631,49998.4
7446.74656765403,51987.6
7446.956860873427,51761.6
7447.1671540928255,50683.6
7447.377447312223,51276.5
7447.5877405316205,50077.4
7447.798033751019,49490.2
7448.008326970416,50351.7
7448.218620189815,50439.6
7448.428913409212,48802.8
7448.63920662861,47675.8
7448.849499848008,47994.5
7449.059793067406,48730.7
7449.270086286803,49497.8
7449.480379506202,50540.6
7449.690672725599,50903.3
7449.900965944998,49590.0
7450.111259164395,49697.4
7450.321552383793,48637.4
7450.531845603191,48587.0
7450.7421388225885,49789.9
7450.952432041987,49890.3
7451.162725261384,49377.3
7451.373018480782,50090.0
7451.58331170018,50825.7
7451.793604919578,50385.1
7452.003898138975,49102.2
7452.214191358374,48324.0
7452.424484577771,47915.3
7452.63477779717,47816.4
7452.845071016567,48158.9
7453.055364235965,49080.4
7453.265657455363,49409.5
7453.4759506747605,48487.1
7453.686243894159,46966.4
7453.896537113556,49671.7
7454.106830332954,49295.9
7454.317123552352,48804.1
7454.52741677175,47560.0
7454.737709991148,46442.2
7454.948003210546,46437.9
7455.158296429943,47375.8
7455.368589649342,47091.2
7455.578882868739,47934.2
7455.789176088137,48068.4
7455.999469307535,47843.7
7456.2097625269325,47477.1
7456.420055746331,48224.9
7456.630348965728,48272.1
7456.840642185126,48688.0
7457.050935404524,48030.6
7457.261228623922,48550.6
7457.47152184332,48804.5
7457.681815062718,49029.6
7457.892108282115,48443.3
7458.102401501514,48250.7
7458.312694720911,47767.8
7458.522987940309,48355.0
7458.733281159707,48238.4
7458.943574379105,48717.0
7459.153867598503,48217.6
7459.3641608179005,47012.5
7459.574454037298,47968.4
7459.784747256696,49092.2
7459.995040476094,48805.6
7460.205333695492,47577.6
7460.41562691489,47974.7
7460.625920134287,48153.2
7460.836213353686,47625.5
7461.046506573083,48191.9
7461.256799792481,47618.8
7461.467093011879,46939.0
7461.677386231277,48191.2
7461.887679450675,48307.8
7462.0979726700725,48006.3
7462.30826588947,48160.6
7462.518559108868,46398.4
7462.728852328266,46588.7
7462.939145547664,47155.8
7463.149438767062,47642.6
7463.359731986459,47646.6
7463.570025205858,47388.0
7463.780318425255,47937.0
7463.990611644653,49090.6
7464.200904864051,49175.1
7464.411198083449,47791.1
7464.621491302847,47035.5
7464.831784522245,48064.9
7465.042077741642,47878.8
7465.2523709610405,48361.3
7465.462664180438,48646.9
7465.672957399836,48318.0
7465.883250619234,47564.5
7466.093543838631,47229.6
7466.30383705803,47260.9
7466.514130277427,46143.1
7466.724423496826,46924.2
7466.934716716223,46848.5
7467.145009935621,46475.8
7467.355303155019,46306.1
7467.565596374417,46299.2
7467.775889593814,46482.5
7467.9861828132125,46358.3
7468.19647603261,45097.3
7468.406769252008,44897.1
7468.617062471406,44275.5
7468.827355690803,45220.6
7469.037648910202,45706.3
7469.247942129599,44731.9
7469.458235348997,44037.5
7469.668528568395,44288.9
7469.878821787793,43385.0
7470.089115007191,43234.9
7470.299408226589,44600.0
7470.509701445986,45769.0
7470.719994665385,45959.1
7470.930287884782,45291.1
7471.1405811041805,44413.9
7471.350874323578,45269.8
7471.561167542975,45021.7
7471.771460762374,45429.8
7471.981753981771,44600.8
7472.19204720117,43943.3
7472.402340420567,43861.5
7472.612633639965,43902.5
7472.822926859363,44110.4
7473.033220078761,44505.3
7473.243513298158,44440.2
7473.453806517557,43614.1
7473.664099736954,43358.9
7473.8743929563525,44624.8
7474.08468617575,44178.1
7474.2949793951475,44198.8
7474.505272614546,44304.4
7474.715565833943,43777.5
7474.925859053342,44046.1
7475.136152272739,43660.3
7475.346445492137,43582.6
7475.556738711535,42541.0
7475.767031930933,42858.0
7475.97732515033,44112.8
7476.187618369729,44984.9
7476.397911589126,44946.6
7476.6082048085245,44394.6
7476.818498027922,42996.2
7477.0287912473195,42054.0
7477.239084466718,42586.2
7477.449377686115,44362.0
7477.659670905514,42878.4
7477.869964124911,42801.6
7478.080257344309,43103.4
7478.290550563707,43763.8
7478.500843783105,44116.9
7478.711137002502,43341.1
7478.921430221901,42624.7
7479.131723441298,42860.9
7479.342016660697,41786.1
7479.552309880094,42973.5
7479.762603099492,42196.0
7479.97289631889,41352.1
7480.1831895382875,41579.4
7480.393482757686,42189.0
7480.603775977083,42961.4
7480.814069196481,42785.7
7481.024362415879,41526.8
7481.234655635277,42175.2
7481.444948854674,42233.3
7481.655242074073,42375.7
7481.86553529347,41453.3
7482.075828512869,40805.5
7482.286121732266,40958.3
7482.496414951664,40314.3
7482.706708171062,40975.7
7482.9170013904595,42014.4
7483.127294609858,40504.0
