7607.6789845707,4756.51
7607.8893328941895,4657.35
7608.099681217679,2983.12
7608.310029541169,2824.56
7608.520377864657,4853.28
7608.730726188147,6252.41
7608.9410745116365,6380.23
7609.151422835126,5760.44
7609.361771158616,4021.75
7609.572119482105,2920.32
7609.782467805595,2466.34
7609.992816129084,3968.66
7610.203164452573,5004.1
7610.413512776063,4800.94
7610.623861099552,4177.56
7610.834209423042,4588.87
7611.044557746532,6479.8
7611.254906070021,8795.76
7611.46525439351,10882.3
7611.6756027169995,10407.7
7611.885951040489,8066.04
7612.096299363979,5922.11
7612.306647687468,5010.2
7612.516996010958,4986.52
7612.7273443344475,5722.02
7612.937692657936,6541.74
7613.148040981426,6807.6
7613.358389304915,7443.5
7613.568737628405,7753.39
7613.779085951895,10143.3
7613.989434275384,14056.5
7614.199782598874,16540.9
7614.410130922363,16544.4
7614.620479245852,14892.1
7614.830827569342,12513.3
7615.041175892831,10049.8
7615.251524216321,8411.31
7615.46187253981,8715.02
7615.6722208633,9888.87
7615.88256918679,11390.0
7616.092917510278,11884.5
7616.303265833768,12574.9
7616.5136141572575,13819.2
7616.723962480747,16239.8
7616.934310804237,20360.0
7617.144659127726,23348.8
7617.355007451216,24577.6
7617.565355774705,25643.7
7617.775704098194,25490.3
7617.986052421684,25881.0
7618.196400745173,25642.1
7618.406749068663,25807.4
7618.617097392153,26162.1
7618.827445715642,25366.9
7619.037794039131,25481.7
7619.2481423626205,26107.6
7619.45849068611,26030.6
7619.6688390096,26082.8
7619.879187333089,25929.3
7620.089535656579,23882.8
7620.299883980068,22029.7
7620.510232303557,19981.0
7620.720580627047,16317.3
7620.930928950536,13090.7
7621.141277274026,11625.6
7621.3516255975155,12621.5
7621.561973921005,15323.0
7621.772322244495,19346.0
7621.982670567983,22678.0
7622.193018891473,24250.5
7622.403367214963,23115.1
7622.613715538452,20423.6
7622.824063861942,17918.9
7623.034412185431,14610.9
7623.244760508921,10779.7
7623.45510883241,8784.13
7623.665457155899,9075.39
7623.875805479389,9988.7
7624.0861538028785,10078.8
7624.296502126368,9433.88
7624.506850449858,8319.39
7624.717198773347,8869.67
7624.927547096837,12520.2
7625.137895420326,16408.0
7625.348243743815,19796.6
7625.558592067305,23245.1
7625.768940390794,24172.5
7625.979288714284,23037.9
7626.1896370377735,21273.7
7626.399985361263,18785.9
7626.610333684752,14877.9
7626.820682008241,11112.6
7627.031030331731,8957.46
7627.241378655221,7071.82
7627.45172697871,6824.63
7627.6620753022,7700.06
7627.872423625689,7831.96
7628.082771949178,7936.2
7628.293120272668,8179.82
7628.503468596157,10029.4
7628.713816919647,13333.5
7628.9241652431365,16353.9
7629.134513566626,19987.3
7629.344861890116,23864.5
7629.555210213604,24964.1
7629.765558537094,25410.7
7629.975906860584,23278.2
7630.186255184073,21655.4
7630.396603507563,18175.3
7630.606951831052,13511.2
7630.817300154542,10479.0
7631.027648478031,7956.08
7631.23799680152,6390.79
7631.44834512501,6863.42
7631.658693448499,7303.64
7631.869041771989,7269.81
7632.079390095479,7839.66
7632.289738418968,8325.27
7632.500086742457,11033.4
7632.7104350659465,15434.4
7632.920783389436,19827.9
7633.131131712926,24052.5
7633.341480036415,26186.1
7633.551828359905,26374.6
7633.7621766833945,26946.3
7633.972525006883,26309.0
7634.182873330373,24826.8
7634.393221653862,21892.9
7634.603569977352,17900.8
7634.813918300842,14061.7
7635.024266624331,11188.8
7635.234614947821,9341.18
7635.4449632713095,8133.28
7635.655311594799,7925.23
7635.865659918289,8598.86
7636.076008241778,8347.09
7636.286356565268,9094.55
7636.496704888757,11687.1
7636.707053212247,14865.4
7636.917401535737,19520.4
7637.127749859225,24664.3
7637.338098182715,28189.8
7637.5484465062045,30145.7
7637.758794829694,30077.1
7637.969143153184,30284.7
7638.179491476673,29886.1
7638.389839800163,28739.2
7638.600188123652,27061.2
7638.810536447141,23905.6
7639.020884770631,19360.3
7639.23123309412,15189.5
7639.44158141761,11862.5
7639.6519297411,9544.23
7639.862278064589,9404.33
7640.072626388078,9832.63
7640.2829747115675,10852.4
7640.493323035057,11117.0
7640.703671358547,11519.0
7640.914019682036,14636.3
7641.124368005526,19246.6
7641.3347163290155,24530.2
7641.545064652504,29340.9
7641.755412975994,32339.0
7641.965761299483,34359.3
7642.176109622973,34784.7
7642.3864579464625,35348.3
7642.596806269952,33865.7
7642.807154593442,34403.1
7643.01750291693,32523.6
7643.22785124042,30044.4
7643.43819956391,26720.2
7643.648547887399,21970.2
7643.858896210889,17613.2
7644.069244534378,13986.8
7644.279592857868,12778.4
7644.489941181357,12441.7
7644.700289504846,12103.8
7644.910637828336,12850.1
7645.1209861518255,14306.5
7645.331334475315,16078.6
7645.541682798805,19378.5
7645.752031122294,23896.2
7645.962379445783,28553.6
7646.172727769273,32563.4
7646.383076092762,35350.2
7646.593424416252,37845.9
7646.803772739741,39358.2
7647.014121063231,39690.9
7647.224469386721,39260.8
7647.434817710209,38447.0
7647.645166033699,37179.2
7647.855514357188,35986.7
7648.065862680678,33720.8
7648.276211004168,29610.7
7648.486559327657,25568.6
7648.696907651147,22432.3
7648.907255974636,19571.1
7649.117604298125,17860.2
7649.327952621615,16649.1
7649.538300945104,16345.2
7649.748649268594,17654.6
7649.9589975920835,19192.9
7650.169345915573,20973.0
7650.379694239063,24514.0
7650.590042562551,29509.4
7650.800390886041,34231.7
7651.010739209531,38228.6
7651.22108753302,40850.3
7651.43143585651,40553.6
7651.641784179999,41917.9
7651.852132503489,42962.6
7652.062480826978,43061.7
7652.272829150467,42581.3
7652.483177473957,43139.6
7652.6935257974465,42716.4
7652.903874120936,41068.4
7653.114222444426,38716.7
7653.324570767915,33136.2
7653.534919091404,28507.4
7653.7452674148935,25926.5
7653.955615738383,24529.6
7654.165964061873,22772.6
7654.376312385362,21316.6
7654.586660708852,21750.0
7654.7970090323415,23856.5
7655.00735735583,25541.8
7655.21770567932,27038.3
7655.428054002809,30032.4
7655.638402326299,34049.0
7655.848750649789,38577.2
7656.059098973278,42867.1
7656.269447296768,44691.3
7656.4797956202565,45192.5
7656.690143943746,46256.2
7656.900492267236,46248.0
7657.110840590725,46198.8
7657.321188914215,46433.0
7657.5315372377045,45850.8
7657.741885561194,45783.1
7657.952233884683,46533.7
7658.162582208172,45317.4
7658.372930531662,42232.4
7658.583278855152,38740.3
7658.793627178641,36227.8
7659.003975502131,32679.8
7659.21432382562,30707.7
7659.424672149109,29266.9
7659.635020472599,27906.7
7659.845368796088,28417.2
7660.055717119578,29918.0
7660.266065443067,31580.6
7660.476413766557,33874.7
7660.686762090047,35578.6
7660.897110413536,38825.3
7661.107458737025,43158.7
7661.3178070605145,45878.6
7661.528155384004,47199.6
7661.738503707494,47930.2
7661.948852030983,49130.8
7662.159200354473,50417.9
7662.3695486779625,50860.4
7662.579897001451,50680.5
7662.790245324941,50323.9
7663.00059364843,50026.1
7663.21094197192,50102.6
7663.42129029541,49684.6
7663.631638618899,48312.0
7663.841986942389,46404.2
7664.052335265877,42926.0
7664.262683589367,40755.4
7664.473031912857,37857.7
7664.683380236346,36017.1
7664.893728559836,34935.3
7665.104076883325,32976.9
7665.314425206815,32713.5
7665.524773530304,34246.4
7665.735121853793,36786.7
7665.945470177283,40184.8
7666.1558185007725,41010.4
7666.366166824262,43980.4
7666.576515147752,47389.7
7666.786863471241,49466.9
7666.99721179473,51620.1
7667.20756011822,52962.6
7667.417908441709,52345.2
7667.628256765199,51345.6
7667.838605088688,52175.6
7668.048953412178,53635.6
7668.259301735668,52949.8
7668.469650059156,52242.4
7668.679998382646,52454.3
7668.8903467061355,52687.0
7669.100695029625,52704.9
7669.311043353115,52253.8
7669.521391676604,50545.9
7669.731740000094,48643.4
7669.9420883235825,46444.9
7670.152436647072,44518.6
7670.362784970562,44103.9
7670.573133294051,43538.6
7670.783481617541,42011.0
7670.9938299410305,41290.9
7671.20417826452,41535.9
7671.41452658801,43597.5
7671.624874911498,43807.8
7671.835223234988,45898.2
7672.045571558478,48310.4
7672.255919881967,50704.4
7672.466268205457,52944.4
7672.676616528946,53641.5
7672.886964852436,54624.8
7673.097313175925,55800.6
7673.307661499414,55119.2
7673.518009822904,54749.6
7673.7283581463935,54308.0
7673.938706469883,53946.9
7674.149054793373,55001.1
7674.359403116862,56126.1
7674.569751440351,55804.6
7674.780099763841,55777.3
7674.99044808733,56457.2
7675.20079641082,56034.6
7675.411144734309,54060.9
7675.621493057799,51997.1
7675.8318413812885,50814.3
7676.042189704777,50064.3
7676.252538028267,49685.2
7676.462886351756,49370.5
7676.673234675246,47173.5
7676.883582998736,45440.3
7677.093931322225,45836.3
7677.304279645715,48101.9
7677.5146279692035,49008.1
7677.724976292693,50139.7
7677.935324616183,50482.0
7678.145672939672,52066.6
7678.356021263162,54902.9
7678.5663695866515,56092.3
7678.776717910141,57515.3
7678.98706623363,58969.8
7679.197414557119,57719.4
7679.407762880609,57359.8
7679.618111204099,57307.2
7679.828459527588,56476.5
7680.038807851078,57078.4
7680.249156174567,57197.5
7680.459504498056,57860.8
7680.669852821546,58624.9
7680.880201145035,58780.1
7681.090549468525,58334.7
7681.300897792014,57955.8
7681.511246115504,57227.2
7681.721594438994,56450.3
7681.931942762483,56243.4
7682.142291085972,54797.1
7682.3526394094615,54301.1
7682.562987732951,53975.0
7682.773336056441,53549.7
7682.98368437993,52047.7
7683.19403270342,52545.1
7683.4043810269095,52479.0
7683.614729350398,53910.7
7683.825077673888,54722.3
7684.035425997377,55831.5
7684.245774320867,56630.1
7684.456122644357,56926.8
7684.666470967846,58350.1
7684.876819291336,58391.3
7685.0871676148245,58741.2
7685.297515938314,59366.0
7685.507864261804,58895.1
7685.718212585293,59618.9
7685.928560908783,60052.3
7686.138909232272,59218.0
7686.349257555762,58962.9
7686.559605879251,59219.6
7686.76995420274,58850.4
7686.98030252623,58629.9
7687.1906508497195,58706.3
7687.400999173209,59383.0
7687.611347496699,60164.7
7687.821695820188,59685.4
7688.032044143677,59421.1
7688.242392467167,59446.6
7688.452740790656,57958.4
7688.663089114146,57087.0
7688.873437437635,57542.9
7689.083785761125,56208.7
7689.294134084615,54519.2
7689.504482408103,55042.8
7689.714830731593,54105.4
7689.9251790550825,55182.1
7690.135527378572,57285.1
7690.345875702062,58148.3
7690.556224025551,58904.0
7690.766572349041,59334.2
7690.97692067253,59639.4
7691.187268996019,60305.7
7691.397617319509,60540.8
7691.607965642998,59927.2
7691.818313966488,58917.0
7692.028662289978,59116.4
7692.239010613467,58586.6
7692.449358936956,59389.5
7692.659707260445,60035.3
7692.870055583935,60825.0
7693.080403907425,62110.7
7693.290752230914,62151.2
7693.501100554404,61559.1
7693.711448877893,62158.5
7693.921797201383,60498.2
7694.132145524872,58957.8
7694.342493848361,60812.0
7694.552842171851,60625.0
7694.7631904953405,60667.1
7694.97353881883,60468.6
7695.18388714232,60550.6
7695.394235465809,58446.1
7695.604583789298,58947.6
7695.814932112788,59782.2
7696.025280436277,58795.5
7696.235628759767,58596.8
7696.445977083256,59549.4
7696.656325406746,59575.7
7696.866673730236,59513.7
7697.077022053724,60517.6
7697.287370377214,60896.0
7697.497718700703,61138.3
7697.708067024193,61555.2
7697.918415347683,61539.7
7698.128763671172,62315.5
7698.339111994662,61304.1
7698.5494603181505,61084.7
7698.75980864164,60259.8
7698.97015696513,60869.2
7699.180505288619,60855.0
7699.390853612109,60394.4
7699.6012019355985,60321.0
7699.811550259088,60920.6
7700.021898582577,61104.6
7700.232246906066,61906.7
7700.442595229556,62646.0
7700.652943553046,61742.6
7700.863291876535,61781.0
7701.073640200025,63127.0
7701.283988523514,62252.6
7701.494336847003,61171.3
7701.704685170493,61667.1
7701.915033493982,60637.8
7702.125381817472,60604.3
7702.3357301409615,60182.2
7702.546078464451,60235.2
7702.756426787941,61735.3
7702.966775111429,61086.2
7703.177123434919,61642.9
7703.3874717584085,61337.7
7703.597820081898,61242.5
7703.808168405388,60269.1
7704.018516728877,60358.3
7704.228865052367,61509.6
7704.439213375856,61428.7
7704.649561699345,60947.0
7704.859910022835,61207.6
7705.070258346324,61475.3
7705.280606669814,62048.3
7705.490954993304,62831.5
7705.701303316793,62040.6
7705.911651640283,61779.6
7706.1219999637715,61933.9
7706.332348287261,61542.4
7706.542696610751,61671.7
7706.75304493424,62030.6
7706.96339325773,62516.2
7707.1737415812195,63464.9
7707.384089904709,63987.2
7707.594438228198,62772.4
7707.804786551687,61942.5
7708.015134875177,61616.6
7708.225483198667,61365.7
7708.435831522156,62085.7
7708.646179845646,62182.3
7708.856528169135,62497.7
7709.066876492624,62948.6
7709.277224816114,62354.5
7709.487573139603,62624.7
7709.697921463093,62119.1
7709.908269786582,61950.1
7710.118618110072,60965.3
7710.328966433562,61612.0
7710.53931475705,62168.3
7710.74966308054,62532.2
7710.9600114040295,62321.2
7711.170359727519,60512.9
7711.380708051009,61095.8
7711.591056374498,61633.9
7711.801404697988,62500.2
7712.011753021477,62930.7
7712.222101344966,62469.6
7712.432449668456,62451.8
7712.642797991945,62679.7
7712.853146315435,63254.1
7713.063494638925,64079.2
7713.273842962414,63732.4
7713.484191285903,63178.7
7713.694539609392,62301.6
7713.904887932882,61302.1
7714.115236256372,62833.3
7714.325584579861,62941.0
7714.535932903351,62945.3
7714.74628122684,62638.7
7714.956629550329,62803.2
7715.166977873819,63278.1
7715.377326197308,62322.0
7715.587674520798,62202.4
7715.7980228442875,63497.2
7716.008371167777,63565.7
7716.218719491267,64210.7
7716.429067814755,63206.6
7716.639416138245,62109.6
7716.849764461735,61348.6
7717.060112785224,61269.9
7717.270461108714,60482.2
7717.480809432203,60502.2
7717.691157755693,60877.3
7717.901506079183,61135.8
7718.111854402671,61761.8
7718.322202726161,61674.7
7718.5325510496505,62002.9
7718.74289937314,61832.9
7718.95324769663,62131.7
7719.163596020119,62458.0
7719.373944343609,62219.6
7719.5842926670975,61751.7
7719.794640990587,62062.1
7720.004989314077,61105.9
7720.215337637566,60273.1
7720.425685961056,60943.6
7720.6360342845455,61303.1
7720.846382608035,60691.7
7721.056730931524,61365.4
7721.267079255013,62416.4
7721.477427578503,62606.4
7721.687775901993,61960.5
7721.898124225482,61786.5
7722.108472548972,62031.5
7722.318820872461,62244.1
7722.52916919595,62285.6
7722.73951751944,61081.6
7722.949865842929,61144.9
7723.160214166419,61842.6
7723.3705624899085,61863.1
7723.580910813398,62202.1
7723.791259136888,60838.3
7724.001607460376,60873.2
7724.211955783866,61552.1
7724.422304107356,59973.9
7724.632652430845,60568.2
7724.843000754335,60077.5
7725.053349077824,61878.2
7725.263697401314,61575.7
7725.474045724803,61295.5
7725.684394048292,60956.9
7725.894742371782,61252.6
7726.105090695271,61223.5
7726.315439018761,62187.1
7726.525787342251,62655.7
7726.73613566574,62417.2
7726.946483989229,61344.1
7727.1568323127185,61987.8
7727.367180636208,60758.8
7727.577528959698,61207.8
7727.787877283187,61582.8
7727.998225606677,60990.7
7728.2085739301665,61494.4
7728.418922253656,61311.5
7728.629270577145,60984.9
7728.839618900634,61651.0
7729.049967224124,61853.7
7729.260315547614,61471.6
7729.470663871103,61340.1
7729.681012194593,61661.3
7729.891360518082,61480.6
7730.101708841571,61168.6
7730.312057165061,61273.7
7730.52240548855,60727.0
7730.73275381204,62181.6
7730.943102135529,62699.3
7731.153450459019,61677.4
7731.363798782509,60148.2
7731.574147105997,60129.6
7731.784495429487,60198.3
7731.9948437529765,60983.2
7732.205192076466,61311.4
7732.415540399956,60913.5
7732.625888723445,61206.0
7732.836237046935,59952.4
7733.046585370424,60405.7
7733.256933693913,60421.5
7733.467282017403,60500.3
7733.677630340892,60815.6
7733.887978664382,61080.0
7734.098326987872,60659.9
7734.308675311361,60775.0
7734.51902363485,60920.3
7734.7293719583395,61366.6
7734.939720281829,60965.8
7735.150068605319,60356.0
7735.360416928808,59247.3
7735.570765252298,58601.2
7735.7811135757875,58803.1
7735.991461899276,59746.9
7736.201810222766,60535.0
7736.412158546255,60303.4
7736.622506869745,59543.8
7736.8328551932345,59159.9
7737.043203516724,59932.2
7737.253551840214,60921.0
7737.463900163702,60486.4
7737.674248487192,60419.9
7737.884596810682,61225.6
7738.094945134171,60005.0
7738.305293457661,59600.8
7738.51564178115,59618.1
7738.72599010464,59799.9
7738.93633842813,60173.6
7739.146686751618,60195.0
7739.357035075108,61227.2
7739.5673833985975,61523.6
7739.777731722087,60875.5
7739.988080045577,59111.8
7740.198428369066,59861.6
7740.408776692556,59259.7
7740.619125016045,59072.7
7740.829473339534,59471.6
7741.039821663024,58857.2
7741.250169986513,59844.9
7741.460518310003,59527.2
7741.670866633493,60424.4
7741.881214956982,60945.8
7742.091563280471,60713.4
7742.30191160396,60101.7
7742.51225992745,59452.4
7742.72260825094,59868.4
7742.932956574429,59696.3
7743.143304897919,60519.8
7743.353653221408,60169.9
7743.564001544897,58276.6
7743.774349868387,58224.9
7743.984698191876,59111.1
7744.195046515366,59495.3
7744.4053948388555,59095.7
7744.615743162345,59375.1
7744.826091485835,59758.6
7745.036439809323,58402.4
7745.246788132813,58134.9
7745.457136456303,57011.6
7745.667484779792,57287.7
7745.877833103282,58074.5
7746.088181426771,58523.5
7746.298529750261,57988.0
7746.50887807375,58147.8
7746.719226397239,57764.0
7746.929574720729,58742.4
7747.139923044218,59601.1
7747.350271367708,58288.3
7747.560619691198,58253.9
7747.770968014687,58935.6
7747.981316338176,57719.6
7748.1916646616655,57518.1
7748.402012985155,57267.1
7748.612361308645,57446.8
7748.822709632134,59135.9
7749.033057955624,59125.7
7749.2434062791135,58453.7
7749.453754602602,57659.0
7749.664102926092,58815.6
7749.874451249581,58392.7
7750.084799573071,58121.4
7750.295147896561,58721.3
7750.50549622005,57818.1
7750.71584454354,57277.9
7750.926192867029,58317.1
7751.136541190518,57961.2
7751.346889514008,56721.2
7751.557237837497,57708.8
7751.767586160987,57788.8
7751.9779344844765,57790.3
7752.188282807966,57985.1
7752.398631131456,58162.0
7752.608979454944,58165.7
7752.819327778434,58045.6
7753.0296761019235,57201.1
7753.240024425413,57148.9
7753.450372748903,57817.8
7753.660721072392,58164.2
7753.871069395882,56882.8
7754.081417719371,57571.2
7754.29176604286,57409.9
7754.50211436635,57570.7
7754.712462689839,57363.2
7754.922811013329,56534.7
7755.133159336819,56008.6
7755.343507660308,57188.9
7755.553855983797,56913.7
7755.7642043072865,56031.4
7755.974552630776,57063.2
7756.184900954266,57140.8
7756.395249277755,57013.1
7756.605597601245,57280.8
7756.8159459247345,55793.7
7757.026294248223,55390.7
7757.236642571713,56693.2
7757.446990895202,56445.9
7757.657339218692,57522.0
7757.867687542182,56221.5
7758.078035865671,55882.6
7758.288384189161,56030.3
7758.498732512649,55709.3
7758.709080836139,55433.0
7758.919429159629,54242.8
7759.129777483118,54699.0
7759.340125806608,54613.1
7759.550474130097,55045.2
7759.760822453587,55749.6
7759.971170777076,55422.7
7760.181519100565,56213.5
7760.391867424055,55855.3
7760.6022157475445,55967.5
7760.812564071034,55379.9
7761.022912394524,55128.9
7761.233260718013,55787.6
7761.443609041502,55966.3
7761.653957364992,55848.4
7761.864305688481,55323.6
7762.074654011971,55020.1
7762.28500233546,54624.5
7762.49535065895,56469.9
7762.70569898244,56768.2
7762.916047305929,55131.0
7763.126395629418,54503.8
7763.336743952907,54039.5
7763.547092276397,54745.3
7763.757440599887,53788.9
7763.967788923376,54385.7
7764.178137246866,54527.1
7764.388485570355,54729.7
7764.598833893844,53754.3
7764.809182217334,54517.1
7765.019530540823,54002.9
7765.229878864313,52950.0
7765.4402271878025,52870.9
7765.650575511292,53555.1
7765.860923834782,53129.7
7766.07127215827,52563.8
7766.28162048176,53143.3
7766.49196880525,52484.3
7766.702317128739,52847.1
7766.912665452229,53441.2
7767.123013775718,52191.2
7767.333362099208,52692.4
7767.543710422697,53405.7
7767.754058746186,52696.1
7767.964407069676,52666.7
7768.1747553931655,53139.8
7768.385103716655,52718.8
7768.595452040145,52817.4
7768.805800363634,52150.5
7769.016148687123,52784.1
7769.226497010613,52834.0
7769.436845334102,53332.4
7769.647193657592,52797.1
7769.857541981081,51660.3
7770.067890304571,52883.5
7770.2782386280605,52739.2
7770.488586951549,52258.0
7770.698935275039,52947.4
7770.909283598528,51712.2
7771.119631922018,50066.2
7771.329980245508,50479.0
7771.540328568997,49991.4
7771.750676892487,48345.2
7771.9610252159755,47906.6
7772.171373539465,47750.4
7772.381721862955,48496.9
7772.592070186444,49415.4
7772.802418509934,50216.9
7773.0127668334235,50154.6
7773.223115156913,50443.5
7773.433463480402,50216.6
7773.643811803891,48859.0
7773.854160127381,47837.4
7774.064508450871,49125.5
7774.27485677436,47824.0
7774.48520509785,46874.1
7774.695553421339,46860.9
7774.905901744829,47510.3
7775.116250068318,48093.8
7775.326598391807,47408.1
7775.536946715297,48393.3
7775.747295038786,48728.2
7775.957643362276,49137.4
7776.167991685766,49205.0
7776.378340009255,50261.0
7776.588688332744,51095.5
7776.7990366562335,49454.7
7777.009384979723,49013.0
7777.219733303213,49866.1
7777.430081626702,50163.3
7777.640429950192,49768.6
7777.8507782736815,49803.7
7778.06112659717,50969.6
7778.27147492066,49385.3
7778.481823244149,48886.7
7778.692171567639,48342.8
7778.902519891129,48383.1
7779.112868214618,49356.4
7779.323216538108,49386.4
7779.5335648615965,49219.6
7779.743913185086,48776.9
7779.954261508576,48878.7
7780.164609832065,49177.9
7780.374958155555,49899.2
7780.585306479044,48543.2
7780.795654802534,48562.1
7781.006003126023,48708.9
7781.216351449512,48574.8
7781.426699773002,49751.4
7781.6370480964915,49123.3
7781.847396419981,48206.9
7782.057744743471,48284.1
7782.26809306696,47577.2
7782.478441390449,49209.3
7782.688789713939,49594.7
7782.899138037428,50150.8
7783.109486360918,49683.1
7783.319834684407,48458.9
7783.530183007897,48770.9
7783.740531331387,47636.6
7783.950879654876,48991.7
7784.161227978365,49349.4
7784.3715763018545,48671.5
7784.581924625344,49189.4
7784.792272948834,48938.4
7785.002621272323,48563.5
7785.212969595813,48326.2
7785.423317919302,48168.6
7785.633666242791,49734.0
7785.844014566281,49510.6
7786.05436288977,48760.4
7786.26471121326,49443.0
7786.4750595367495,47680.5
7786.685407860239,47149.0
7786.895756183729,47315.0
7787.106104507217,47162.8
7787.316452830707,47147.7
7787.526801154197,47569.5
7787.737149477686,47229.1
7787.947497801176,47570.4
7788.157846124665,47628.6
7788.368194448155,46831.2
7788.578542771644,46212.5
7788.788891095133,46155.9
7788.999239418623,47384.0
7789.2095877421125,47975.7
7789.419936065602,47109.4
7789.630284389092,47189.3
7789.840632712581,47297.3
7790.05098103607,47284.8
7790.26132935956,47560.3
7790.471677683049,47185.4
7790.682026006539,47623.0
7790.892374330028,46712.9
7791.102722653518,46155.0
7791.313070977008,46730.6
7791.523419300496,46354.7
7791.733767623986,45931.9
7791.944115947475,45772.4
7792.154464270965,46628.5
7792.364812594455,47150.3
7792.575160917944,47217.8
7792.785509241434,46110.3
7792.9958575649225,45583.1
7793.206205888412,46405.0
7793.416554211902,45812.6
7793.626902535391,45746.6
7793.837250858881,45423.5
7794.0475991823705,46297.6
7794.25794750586,46393.8
7794.468295829349,45261.9
7794.678644152838,45657.5
7794.888992476328,46158.1
7795.099340799818,46107.4
7795.309689123307,45454.9
7795.520037446797,44133.8
7795.730385770286,44348.6
7795.940734093776,45281.1
7796.151082417265,45030.8
7796.361430740754,45110.6
7796.571779064244,45471.6
7796.782127387733,44692.5
7796.992475711223,44061.4
7797.202824034713,43318.6
7797.413172358201,44317.3
7797.623520681691,44880.4
7797.8338690051805,45391.2
7798.04421732867,44430.2
7798.25456565216,44824.4
7798.464913975649,44737.5
7798.675262299139,44520.5
7798.8856106226285,44297.4
7799.095958946117,44676.4
7799.306307269607,44166.2
7799.516655593096,45671.2
7799.727003916586,44923.1
7799.937352240076,44260.7
7800.147700563565,44605.1
7800.358048887055,45109.9
7800.5683972105435,44545.2
7800.778745534033,44538.5
7800.989093857523,43002.1
7801.199442181012,43902.1
7801.409790504502,44360.6
7801.6201388279915,42492.8
7801.830487151481,43319.0
7802.04083547497,43393.6
7802.251183798459,43702.4
7802.461532121949,44470.8
7802.671880445439,43672.1
7802.882228768928,42748.8
7803.092577092418,42531.3
7803.302925415907,43323.1
7803.513273739396,43008.3
7803.723622062886,43448.8
7803.933970386375,41499.7
7804.144318709865,42893.5
7804.354667033354,42594.5
7804.565015356844,42322.2
7804.775363680334,41721.7
7804.985712003822,42191.2
7805.196060327312,42307.3
7805.4064086508015,42603.8
7805.616756974291,41673.4
7805.827105297781,40681.3
7806.03745362127,40840.7
7806.24780194476,41028.9
7806.458150268249,41957.9
7806.668498591738,42250.8
7806.878846915228,41111.7
7807.089195238717,41377.1
7807.299543562207,41380.0
7807.509891885697,40885.3
7807.720240209186,41498.1
7807.930588532676,40656.8
7808.140936856164,40638.2
7808.351285179654,40034.3
7808.561633503144,40368.7
7808.771981826633,40172.3
7808.982330150123,40508.0
7809.192678473612,39307.5
7809.403026797102,38779.1
7809.613375120591,38564.0
7809.82372344408,40197.3
7810.03407176757,39475.4
7810.2444200910595,39694.4
7810.454768414549,39997.7
7810.665116738039,39393.5
7810.875465061528,39171.5
7811.085813385017,38369.4
7811.296161708507,39203.4
7811.506510031996,39570.4
7811.716858355486,39944.4
7811.927206678975,39627.3
7812.137555002465,39416.2
7812.347903325955,38894.0
7812.558251649443,39032.0
7812.768599972933,38761.0
7812.9789482964225,38738.4
7813.189296619912,39323.1
7813.399644943402,39538.4
7813.609993266891,37890.2
7813.820341590381,38403.8
7814.0306899138695,39839.2
7814.241038237359,38759.2
7814.451386560849,39314.0
7814.661734884338,37923.3
7814.872083207828,37795.1
7815.0824315313175,37164.0
7815.292779854807,38097.4
7815.503128178296,37575.3
7815.713476501785,37365.7
7815.923824825275,37491.2
7816.134173148765,36736.0
7816.344521472254,36792.4
7816.554869795744,36323.0
7816.765218119233,36122.4
7816.975566442722,36353.8
7817.185914766212,37257.7
7817.396263089701,35736.4
7817.606611413191,36914.6
7817.8169597366805,36530.7
7818.02730806017,36244.9
7818.23765638366,36333.3
7818.448004707148,35665.3
7818.658353030638,36637.7
7818.868701354128,37424.9
7819.079049677617,35931.0
7819.289398001107,35415.3
7819.499746324596,36058.6
7819.710094648086,35658.2
7819.9204429715755,36358.4
7820.130791295064,36078.7
7820.341139618554,35675.7
7820.551487942043,36239.7
7820.761836265533,34708.7
7820.972184589023,35475.2
7821.182532912512,35675.4
7821.392881236002,36726.1
7821.6032295594905,34382.0
7821.81357788298,34585.6
7822.02392620647,34793.4
7822.234274529959,34515.7
7822.444622853449,34334.7
7822.6549711769385,33567.4
7822.865319500428,34279.7
7823.075667823917,33772.8
7823.286016147406,33922.2
7823.496364470896,34762.0
7823.706712794386,34118.6
7823.917061117875,35337.9
7824.127409441365,34506.6
7824.337757764854,34398.8
7824.548106088343,34119.9
7824.758454411833,33763.8
7824.968802735322,34666.0
7825.179151058812,33863.5
7825.389499382301,33388.1
7825.599847705791,33816.6
7825.810196029281,32930.9
7826.020544352769,33723.7
7826.230892676259,32510.3
7826.4412409997485,33447.5
7826.651589323238,33249.5
7826.861937646728,32421.2
7827.072285970217,32612.2
7827.282634293707,32280.7
7827.492982617196,32142.4
7827.703330940685,32704.7
7827.913679264175,32944.0
7828.124027587664,32798.1
7828.334375911154,32460.3
7828.544724234644,32189.1
7828.755072558133,31924.5
7828.965420881622,32600.2
7829.1757692051115,32294.5
7829.386117528601,32716.0
7829.596465852091,32673.9
7829.80681417558,32112.9
7830.01716249907,31713.2
7830.227510822559,30903.9
7830.437859146048,32234.5
7830.648207469538,32283.0
7830.858555793027,31111.7
7831.068904116517,30916.7
7831.2792524400065,31608.9
7831.489600763496,30971.7
7831.699949086986,30259.0
7831.910297410475,30719.3
7832.120645733964,30423.8
7832.330994057454,30259.7
7832.541342380943,29663.7
7832.751690704433,30379.6
7832.962039027922,30109.0
7833.172387351412,28769.0
7833.382735674902,29801.6
7833.59308399839,29946.1
7833.80343232188,30281.7
7834.0137806453695,29631.1
7834.224128968859,29853.4
7834.434477292349,29803.3
7834.644825615838,29433.0
7834.855173939328,29797.2
7835.065522262817,29669.3
7835.275870586306,29477.5
7835.486218909796,30152.0
7835.696567233285,28770.6
7835.906915556775,29969.0
7836.1172638802645,29622.5
7836.327612203754,28282.1
7836.537960527243,29114.0
7836.748308850732,29322.2
7836.958657174222,29346.0
7837.169005497712,28931.4
7837.379353821201,28343.3
7837.589702144691,28400.8
7837.80005046818,27867.7
7838.010398791669,28596.9
7838.220747115159,28119.4
7838.431095438648,27758.4
7838.641443762138,28709.8
7838.8517920856275,28024.8
7839.062140409117,27778.9
7839.272488732607,27457.9
7839.482837056095,26773.7
7839.693185379585,27868.0
7839.903533703075,27127.8
7840.113882026564,25833.8
7840.324230350054,26900.9
7840.534578673543,26738.4
7840.744926997033,26419.1
7840.955275320523,27174.5
7841.165623644011,26838.0
7841.375971967501,27288.3
7841.58632029099,27540.7
7841.79666861448,27092.9
7842.00701693797,27502.9
7842.217365261459,26906.8
7842.427713584948,26819.4
7842.6380619084375,26307.9
7842.848410231927,26060.7
7843.058758555417,26638.8
7843.269106878906,25434.4
7843.479455202396,26415.2
7843.6898035258855,26659.5
7843.900151849375,25779.2
7844.110500172864,25534.0
7844.320848496353,25761.9
7844.531196819843,25291.5
7844.741545143333,25714.2
7844.951893466822,24807.2
7845.162241790312,26188.2
7845.372590113801,25804.1
7845.58293843729,24895.0
7845.79328676078,25211.4
7846.003635084269,24045.2
7846.213983407759,23906.5
7846.4243317312485,24193.2
7846.634680054738,24997.0
7846.845028378228,23640.6
7847.055376701716,24303.7
7847.265725025206,24394.3
7847.4760733486955,23878.8
7847.686421672185,23904.9
7847.896769995675,24324.0
7848.107118319164,24160.6
7848.317466642654,24302.1
7848.527814966143,24108.8
7848.738163289632,24105.3
7848.948511613122,24319.9
7849.158859936611,22818.7
7849.369208260101,22940.7
7849.579556583591,24151.3
7849.78990490708,23129.2
7850.000253230569,22821.2
7850.2106015540585,22945.3
7850.420949877548,22669.6
7850.631298201038,23028.5
7850.841646524527,23075.3
7851.051994848017,21960.8
7851.2623431715065,22725.1
7851.472691494995,23039.3
7851.683039818485,22258.2
7851.893388141974,22831.0
7852.103736465464,22128.2
7852.314084788954,21917.1
7852.524433112443,21744.0
7852.734781435933,21901.2
7852.945129759422,21527.0
7853.155478082911,21069.9
7853.365826406401,21810.0
7853.57617472989,21693.1
7853.78652305338,21113.8
7853.996871376869,20920.5
7854.207219700359,21525.7
7854.417568023848,20471.0
7854.627916347337,21399.3
7854.838264670827,20631.7
7855.0486129943165,19519.0
7855.258961317806,20554.3
7855.469309641296,19870.0
7855.679657964785,20205.4
7855.890006288275,21675.0
7856.100354611764,20907.0
7856.310702935253,19696.7
7856.521051258743,20246.0
7856.731399582232,20315.8
7856.941747905722,19051.6
7857.152096229212,19338.7
7857.362444552701,19025.3
7857.57279287619,19599.3
7857.783141199679,19556.1
7857.993489523169,18895.0
7858.203837846659,18702.2
7858.414186170148,17748.0
7858.624534493638,18505.2
7858.834882817127,18798.9
7859.045231140616,19219.9
7859.255579464106,18460.2
7859.465927787595,17776.3
7859.676276111085,18106.9
7859.8866244345745,18311.6
7860.096972758064,16809.4
7860.307321081554,16991.4
7860.517669405042,17080.9
7860.728017728532,16398.0
7860.938366052022,16431.9
7861.148714375511,16493.3
7861.359062699001,16131.0
7861.56941102249,15666.5
7861.77975934598,17823.4
7861.990107669469,18044.1
7862.200455992958,16829.9
7862.410804316448,15819.1
7862.6211526399375,15622.3
7862.831500963427,15294.0
7863.041849286917,15109.8
7863.252197610406,15448.5
7863.462545933895,15192.1
7863.6728942573845,14926.3
7863.883242580874,15882.8
7864.093590904364,15987.4
7864.303939227853,14427.9
7864.514287551343,14304.7
7864.7246358748325,15082.4
7864.934984198322,14264.5
7865.145332521811,13081.2
7865.3556808453,13877.1
7865.56602916879,13441.6
7865.77637749228,13588.4
7865.986725815769,13029.2
7866.197074139259,12720.6
7866.4074224627475,13304.2
7866.617770786237,13863.8
7866.828119109727,13021.5
7867.038467433216,12901.8
7867.248815756706,12777.9
7867.4591640801955,12712.6
7867.669512403685,12176.3
7867.879860727175,12081.1
7868.090209050663,12867.8
7868.300557374153,12084.5
7868.510905697643,11579.6
7868.721254021132,12440.1
7868.931602344622,13048.9
7869.141950668111,12168.7
7869.352298991601,12129.3
7869.56264731509,11706.7
7869.772995638579,10903.0
7869.983343962069,12012.0
7870.193692285558,12118.9
7870.404040609048,10648.4
7870.614388932538,10884.0
7870.824737256027,11894.0
7871.035085579516,10718.1
7871.2454339030055,11761.2
7871.455782226495,12108.4
7871.666130549985,11914.0
7871.876478873474,11136.6
7872.086827196964,11250.6
7872.2971755204535,11052.7
7872.507523843942,10492.6
7872.717872167432,10618.7
7872.928220490921,11666.6
7873.138568814411,10789.4
7873.348917137901,10573.0
7873.55926546139,10600.6
7873.76961378488,10516.2
7873.979962108369,10654.7
7874.190310431858,10473.6
7874.400658755348,10864.4
7874.611007078837,11082.9
7874.821355402327,9797.11
7875.031703725816,10778.0
7875.242052049306,10917.0
7875.452400372795,10534.6
7875.662748696284,10405.3
7875.873097019774,10638.2
7876.0834453432635,10200.4
7876.293793666753,10129.8
7876.504141990243,10109.2
7876.714490313732,9855.38
7876.924838637222,9533.57
7877.135186960711,9995.12
7877.3455352842,9719.72
7877.55588360769,10395.2
7877.766231931179,10571.2
7877.976580254669,11365.5
7878.186928578159,10541.4
7878.397276901647,10040.4
7878.607625225137,9958.87
7878.8179735486265,10262.0
7879.028321872116,10048.0
7879.238670195606,10205.7
7879.449018519095,10664.7
7879.659366842585,10333.3
7879.8697151660745,10341.9
7880.080063489563,9748.05
7880.290411813053,9399.54
7880.500760136542,10708.0
7880.711108460032,9744.4
7880.9214567835215,8897.08
7881.131805107011,9384.25
7881.342153430501,10567.6
7881.552501753989,10354.9
7881.762850077479,9529.66
7881.973198400969,9374.62
7882.183546724458,9573.52
7882.393895047948,9150.59
7882.604243371437,9005.97
7882.814591694927,9488.05
7883.024940018416,9087.31
7883.235288341905,9137.03
7883.445636665395,9178.08
7883.6559849888845,9430.41
7883.866333312374,8477.18
7884.076681635864,8766.5
7884.287029959353,9481.35
7884.497378282842,8783.73
7884.707726606332,8336.32
7884.918074929821,9320.41
7885.128423253311,9412.89
7885.3387715768,9583.19
7885.54911990029,9329.35
7885.75946822378,9003.61
7885.969816547269,8579.02
7886.180164870758,8789.79
7886.390513194247,9438.34
7886.600861517737,9368.65
7886.811209841227,9338.79
7887.021558164716,8801.1
7887.231906488206,8824.77
7887.4422548116945,9151.87
7887.652603135184,8013.34
7887.862951458674,8715.35
7888.073299782163,8561.61
7888.283648105653,7621.61
7888.4939964291425,8144.93
7888.704344752632,7910.35
7888.914693076122,7630.67
7889.12504139961,8033.75
7889.3353897231,7841.03
7889.54573804659,8133.41
7889.756086370079,7473.9
7889.966434693569,7435.04
7890.176783017058,6937.42
7890.387131340548,7089.27
7890.597479664037,6833.82
7890.807827987526,7336.67
7891.018176311016,6992.51
7891.228524634505,7433.28
7891.438872957995,6751.78
7891.649221281485,6736.49
7891.859569604974,6601.22
7892.069917928463,6307.72
7892.2802662519525,7149.09
7892.490614575442,6849.94
7892.700962898932,7131.96
7892.911311222421,6608.85
7893.121659545911,6887.77
7893.3320078694005,6316.79
7893.542356192889,5294.03
7893.752704516379,5377.9
7893.963052839868,6154.79
7894.173401163358,6302.74
7894.383749486848,6146.66
7894.594097810337,5769.52
7894.804446133827,6025.2
7895.0147944573155,6427.1
7895.225142780805,5373.87
7895.435491104295,5270.79
7895.645839427784,5327.82
7895.856187751274,5681.99
7896.0665360747635,5695.34
7896.276884398253,6389.36
7896.487232721742,5322.25
