7605.7784406852,2278.38
7605.988950825497,4445.9
7606.199460965794,4463.44
7606.409971106092,3589.39
7606.620481246388,2769.93
7606.830991386686,2325.99
7607.041501526983,3240.45
7607.25201166728,4171.84
7607.462521807577,3365.83
7607.673031947875,3454.85
7607.883542088172,3355.89
7608.094052228469,4475.84
7608.304562368767,6157.66
7608.515072509063,7132.66
7608.725582649361,6627.01
7608.936092789658,4626.64
7609.146602929955,2648.72
7609.357113070253,2580.46
7609.56762321055,3959.15
7609.778133350847,4302.93
7609.988643491144,4363.6
7610.199153631442,3714.73
7610.409663771738,3055.08
7610.620173912036,4600.9
7610.830684052333,7734.58
7611.04119419263,9497.46
7611.251704332928,9685.43
7611.462214473225,8863.85
7611.672724613522,6247.15
7611.883234753819,3721.2
7612.093744894117,3432.1
7612.3042550344135,4951.4
7612.514765174711,6747.62
7612.725275315009,7121.23
7612.935785455305,5380.58
7613.146295595603,4748.78
7613.3568057359,7279.15
7613.567315876197,10070.5
7613.777826016494,13078.4
7613.988336156792,14617.1
7614.1988462970885,14888.6
7614.409356437386,13773.3
7614.619866577684,10161.7
7614.8303767179805,7194.06
7615.040886858278,6719.19
7615.251396998575,8164.09
7615.461907138872,9964.2
7615.672417279169,10425.2
7615.882927419467,9187.54
7616.093437559764,8986.46
7616.303947700061,11619.1
7616.514457840359,15442.5
7616.7249679806555,18861.6
7616.935478120953,20659.3
7617.14598826125,20281.7
7617.3564984015475,21544.9
7617.567008541844,22238.4
7617.777518682142,21123.1
7617.988028822439,20515.0
7618.198538962736,20943.4
7618.409049103034,21211.7
7618.6195592433305,21667.5
7618.830069383628,21829.8
7619.040579523925,21579.1
7619.2510896642225,22243.2
7619.461599804519,22168.3
7619.672109944817,20607.8
7619.8826200851145,20107.4
7620.093130225411,19994.9
7620.303640365709,17370.1
7620.5141505060055,13616.4
7620.724660646303,9387.73
7620.9351707866,7956.89
7621.1456809268975,9796.67
7621.356191067195,13412.7
7621.566701207492,16815.3
7621.7772113477895,18836.3
7621.987721488086,20277.8
7622.198231628384,20805.9
7622.408741768681,18752.5
7622.619251908978,16214.5
7622.829762049275,11518.8
7623.0402721895725,7430.56
7623.25078232987,5921.86
7623.461292470167,7557.02
7623.6718026104645,9737.34
7623.882312750761,10001.1
7624.092822891059,8253.25
7624.303333031356,5678.84
7624.513843171653,5774.41
7624.724353311951,9096.81
7624.934863452248,13105.6
7625.145373592545,16735.1
7625.355883732842,18569.4
7625.5663938731395,19292.4
7625.776904013436,20117.6
7625.987414153734,19608.4
7626.197924294031,17054.4
7626.408434434328,14329.4
7626.618944574626,10460.8
7626.829454714923,6768.93
7627.03996485522,4675.67
7627.250474995517,6485.46
7627.460985135815,8669.97
7627.671495276111,8226.33
7627.882005416409,6268.21
7628.0925155567065,4663.85
7628.303025697003,5785.87
7628.513535837301,9720.35
7628.724045977598,14185.8
7628.934556117895,17899.4
7629.145066258192,19915.4
7629.35557639849,20927.0
7629.566086538786,21436.9
7629.776596679084,21420.4
7629.987106819382,20069.0
7630.197616959678,16780.8
7630.408127099976,13362.7
7630.618637240273,9653.0
7630.82914738057,6530.13
7631.039657520867,5889.38
7631.250167661165,6890.65
7631.460677801462,7383.59
7631.671187941759,7041.71
7631.881698082057,6176.75
7632.092208222353,5304.83
7632.302718362651,6850.42
7632.513228502948,11373.0
7632.723738643245,15324.6
7632.934248783542,19486.1
7633.14475892384,21655.5
7633.355269064137,23164.3
7633.565779204434,24307.1
7633.776289344732,23848.5
7633.986799485028,22433.4
7634.197309625326,21021.8
7634.407819765623,19099.8
7634.61832990592,15404.1
7634.828840046217,10266.8
7635.039350186515,6105.52
7635.249860326812,5406.66
7635.460370467109,7562.57
7635.670880607407,9049.02
7635.881390747703,8246.94
7636.091900888001,6348.45
7636.302411028298,5687.43
7636.512921168595,8681.18
7636.723431308893,13165.8
7636.93394144919,18206.7
7637.144451589487,22834.6
7637.354961729784,24316.1
7637.565471870082,24801.2
7637.775982010378,25822.5
7637.986492150676,25818.9
7638.197002290973,25230.2
7638.40751243127,25009.6
7638.618022571568,23502.5
7638.828532711865,21303.7
7639.039042852162,16580.7
7639.249552992459,11106.0
7639.460063132757,7799.08
7639.670573273053,6721.12
7639.881083413351,8200.64
7640.091593553649,10178.6
7640.302103693945,9331.04
7640.512613834243,7326.69
7640.72312397454,7584.1
7640.933634114837,11029.6
7641.144144255134,16622.5
7641.354654395432,21507.3
7641.565164535728,24412.0
7641.775674676026,26957.7
7641.986184816324,27988.0
7642.19669495662,27538.7
7642.407205096918,27741.5
7642.617715237215,28484.4
7642.828225377512,28857.1
7643.038735517809,27639.7
7643.249245658107,27392.0
7643.459755798404,24382.6
7643.670265938701,18744.2
7643.880776078999,12785.7
7644.091286219295,9287.56
7644.301796359593,9495.77
7644.51230649989,11474.3
7644.722816640187,12275.9
7644.933326780484,11050.1
7645.143836920782,9396.3
7645.354347061079,10023.4
7645.564857201376,14167.7
7645.775367341674,20139.6
7645.98587748197,24783.8
7646.196387622268,28399.6
7646.406897762565,30834.3
7646.617407902862,31688.5
7646.827918043159,31529.3
7647.038428183457,30802.5
7647.248938323754,31129.4
7647.459448464051,31867.4
7647.669958604349,31093.7
7647.880468744645,30329.6
7648.090978884943,29454.1
7648.30148902524,26683.1
7648.511999165537,21353.3
7648.722509305835,15959.8
7648.933019446132,12825.1
7649.143529586429,12673.1
7649.354039726726,14773.2
7649.564549867024,15467.5
7649.7750600073205,14616.1
7649.985570147618,12947.1
7650.196080287915,13303.0
7650.406590428212,18373.8
7650.61710056851,24591.0
7650.827610708807,28762.6
7651.038120849104,30938.7
7651.248630989401,32704.5
7651.459141129699,33480.0
7651.6696512699955,32880.3
7651.880161410293,35244.0
7652.090671550591,35522.4
7652.3011816908875,34178.3
7652.511691831185,34602.0
7652.722201971482,34750.5
7652.932712111779,33806.3
7653.143222252076,32748.5
7653.353732392374,30178.5
7653.5642425326705,25343.7
7653.774752672968,19896.0
7653.985262813266,15859.2
7654.1957729535625,16114.6
7654.40628309386,18752.6
7654.616793234157,19498.0
7654.8273033744545,18004.7
7655.037813514751,16001.7
7655.248323655049,16956.9
7655.458833795346,21813.3
7655.669343935643,27463.3
7655.879854075941,32254.2
7656.0903642162375,35372.6
7656.300874356535,35833.5
7656.511384496832,36230.7
7656.7218946371295,35962.9
7656.932404777426,36591.8
7657.142914917724,36710.3
7657.3534250580215,36303.5
7657.563935198318,36279.2
7657.774445338616,36608.7
7657.9849554789125,36624.1
7658.19546561921,36747.7
7658.405975759507,36667.3
7658.6164858998045,34883.8
7658.826996040101,31051.4
7659.037506180399,25326.9
7659.2480163206965,21468.9
7659.458526460993,21557.6
7659.669036601291,23442.6
7659.879546741588,25293.9
7660.090056881885,24037.0
7660.300567022182,21721.0
7660.5110771624795,21756.0
7660.721587302777,25457.9
7660.932097443074,31362.3
7661.1426075833715,36055.9
7661.353117723668,38732.3
7661.563627863966,39085.7
7661.774138004263,39089.4
7661.98464814456,39463.8
7662.195158284857,39515.2
7662.4056684251545,39957.6
7662.616178565452,40276.9
7662.826688705749,39595.0
7663.0371988460465,39447.3
7663.247708986343,40150.1
7663.458219126641,39599.0
7663.668729266938,38543.8
7663.879239407235,38686.4
7664.089749547533,37459.2
7664.30025968783,34255.3
7664.510769828127,30245.4
7664.721279968424,26935.7
7664.9317901087215,26232.5
7665.142300249018,27730.6
7665.352810389316,29392.2
7665.563320529613,28980.6
7665.77383066991,26736.6
7665.984340810208,26904.7
7666.194850950505,30426.0
7666.405361090802,33913.2
7666.615871231099,38170.8
7666.826381371397,39720.3
7667.036891511693,41385.4
7667.247401651991,41038.5
7667.4579117922885,41193.9
7667.668421932585,40995.6
7667.878932072883,40461.0
7668.08944221318,41024.5
7668.299952353477,42538.4
7668.510462493774,43074.2
7668.720972634072,41717.1
7668.931482774368,41133.1
7669.141992914666,42676.0
7669.352503054964,43149.8
7669.56301319526,43192.9
7669.773523335558,41666.2
7669.984033475855,39737.6
7670.194543616152,35406.5
7670.405053756449,32399.0
7670.615563896747,31382.4
7670.826074037044,32529.1
7671.036584177341,34307.0
7671.247094317639,33456.2
7671.457604457935,31189.0
7671.668114598233,30720.5
7671.87862473853,33718.2
7672.089134878827,37877.7
7672.299645019124,39466.2
7672.510155159422,42187.3
7672.720665299719,43771.8
7672.931175440016,43223.5
7673.141685580314,43296.4
7673.35219572061,43792.3
7673.562705860908,42853.3
7673.773216001205,42585.0
7673.983726141502,43193.5
7674.194236281799,43355.2
7674.404746422097,44115.3
7674.615256562394,43880.8
7674.825766702691,43570.0
7675.036276842989,42917.9
7675.246786983285,43682.7
7675.457297123583,43942.1
7675.66780726388,43105.8
7675.878317404177,42424.6
7676.088827544475,39205.4
7676.299337684772,36466.3
7676.509847825069,35475.3
7676.720357965366,35647.5
7676.930868105664,36844.8
7677.14137824596,36890.0
7677.351888386258,36160.7
7677.562398526555,35711.0
7677.772908666852,36591.6
7677.98341880715,38758.8
7678.193928947447,41199.3
7678.404439087744,42279.6
7678.614949228041,43861.6
7678.825459368339,45140.8
7679.035969508635,45514.5
7679.246479648933,45494.0
7679.456989789231,45786.3
7679.667499929527,46465.2
7679.878010069825,45804.6
7680.088520210122,44381.1
7680.299030350419,44379.6
7680.509540490716,43902.1
7680.720050631014,43635.0
7680.93056077131,43966.1
7681.141070911608,44852.7
7681.351581051906,45264.0
7681.562091192202,44709.3
7681.7726013325,44354.2
7681.983111472797,43908.9
7682.193621613094,42112.8
7682.404131753391,40759.2
7682.614641893689,39838.6
7682.825152033985,39242.6
7683.035662174283,40047.9
7683.246172314581,40625.6
7683.456682454877,40461.4
7683.667192595175,39783.7
7683.877702735472,39039.0
7684.088212875769,41369.1
7684.298723016066,42849.1
7684.509233156364,44160.5
7684.719743296661,44786.0
7684.930253436958,45037.1
7685.140763577256,44909.1
7685.351273717552,45165.4
7685.56178385785,46096.7
7685.772293998147,46427.1
7685.982804138444,45609.7
7686.193314278741,45244.9
7686.403824419039,46035.3
7686.614334559336,46061.5
7686.824844699633,45559.3
7687.035354839931,46083.3
7687.245864980227,45279.2
7687.456375120525,45735.2
7687.666885260822,47023.0
7687.877395401119,46675.6
7688.087905541417,46546.1
7688.298415681714,45792.2
7688.508925822011,44869.5
7688.719435962308,44580.5
7688.929946102606,42612.0
7689.1404562429025,41826.2
7689.3509663832,42961.8
7689.561476523497,42913.4
7689.771986663794,43487.4
7689.982496804092,43883.2
7690.193006944389,42606.9
7690.403517084686,41879.2
7690.614027224983,43363.2
7690.824537365281,44814.8
7691.0350475055775,45925.5
7691.245557645875,45867.4
7691.456067786173,45246.1
7691.6665779264695,46006.3
7691.877088066767,47056.6
7692.087598207064,47142.3
7692.298108347361,45982.3
7692.508618487658,45973.2
7692.719128627956,46649.5
7692.9296387682525,46423.5
7693.14014890855,46746.7
7693.350659048848,46507.1
7693.5611691891445,46003.3
7693.771679329442,47081.1
7693.982189469739,46462.8
7694.1926996100365,46405.9
7694.403209750333,46691.3
7694.613719890631,46590.7
7694.824230030928,47466.7
7695.034740171225,47132.0
7695.245250311523,46609.9
7695.4557604518195,44648.7
7695.666270592117,44648.1
7695.876780732414,45318.9
7696.0872908727115,45693.3
7696.297801013008,46341.3
7696.508311153306,45881.8
7696.7188212936035,45076.6
7696.9293314339,44688.7
7697.139841574198,45257.1
7697.3503517144945,46603.4
7697.560861854792,46265.8
7697.771371995089,47230.2
7697.9818821353865,48009.0
7698.192392275683,46791.4
7698.402902415981,46382.5
7698.6134125562785,46899.2
7698.823922696575,46243.3
7699.034432836873,46943.7
7699.24494297717,45776.2
7699.455453117467,46470.3
7699.665963257764,47452.9
7699.8764733980615,47160.6
7700.086983538359,46341.2
7700.297493678656,46403.2
7700.5080038189535,48205.3
7700.71851395925,48253.1
7700.929024099548,47147.1
7701.139534239845,47424.8
7701.350044380142,47137.8
7701.560554520439,47042.4
7701.771064660737,47618.6
7701.981574801034,47605.9
7702.192084941331,47582.6
7702.4025950816285,46759.0
7702.613105221925,46883.6
7702.823615362223,46183.5
7703.03412550252,46109.9
7703.244635642817,46600.2
7703.455145783115,46782.6
7703.665655923412,47113.4
7703.876166063709,46515.6
7704.086676204006,46643.4
7704.297186344304,47944.1
7704.5076964846,48430.2
7704.718206624898,47723.2
7704.928716765195,47466.9
7705.139226905492,47900.3
7705.34973704579,46890.3
7705.560247186087,47373.5
7705.770757326384,48187.6
7705.981267466681,48440.5
7706.191777606979,48129.5
7706.402287747275,48201.2
7706.612797887573,47883.2
7706.823308027871,48018.5
7707.033818168167,48665.2
7707.244328308465,48699.1
7707.454838448762,49696.3
7707.665348589059,48918.5
7707.875858729356,48058.6
7708.086368869654,48241.0
7708.29687900995,48341.5
7708.507389150248,47947.6
7708.717899290546,47329.4
7708.928409430842,47407.9
7709.13891957114,47732.5
7709.349429711437,47449.5
7709.559939851734,47571.5
7709.770449992031,48342.5
7709.980960132329,48514.5
7710.191470272626,47898.0
7710.401980412923,47499.7
7710.612490553221,46534.7
7710.823000693517,46695.2
7711.033510833815,47645.5
7711.244020974112,48496.0
7711.454531114409,49152.9
7711.665041254706,48818.6
7711.875551395004,48033.3
7712.086061535301,47763.7
7712.296571675598,47778.1
7712.507081815896,48296.1
7712.717591956192,48727.4
7712.92810209649,48896.9
7713.138612236787,49183.0
7713.349122377084,48618.1
7713.559632517381,47068.8
7713.770142657679,47714.2
7713.980652797976,48825.1
7714.191162938273,48663.9
7714.401673078571,49059.5
7714.612183218867,48880.2
7714.822693359165,49374.8
7715.033203499462,48715.2
7715.243713639759,48352.4
7715.454223780057,48978.1
7715.664733920354,49097.1
7715.875244060651,48347.6
7716.085754200948,47824.6
7716.296264341246,47363.1
7716.506774481542,47727.2
7716.71728462184,49650.9
7716.927794762137,49772.2
7717.138304902434,49337.8
7717.348815042732,48907.5
7717.559325183029,48219.8
7717.769835323326,47785.7
7717.980345463623,46910.9
7718.190855603921,47115.6
7718.401365744217,47218.3
7718.611875884515,47091.9
7718.822386024813,47269.8
7719.032896165109,48264.1
7719.243406305407,48331.5
7719.453916445704,47322.3
7719.664426586001,47616.3
7719.874936726298,47342.5
7720.085446866596,48128.0
7720.295957006892,50305.9
7720.50646714719,49300.2
7720.716977287488,48196.0
7720.927487427784,47435.4
7721.137997568082,47926.4
7721.348507708379,47862.1
7721.559017848676,47803.4
7721.769527988973,47251.9
7721.980038129271,47115.5
7722.190548269567,47026.9
7722.401058409865,47379.0
7722.611568550163,47997.0
7722.822078690459,48354.6
7723.032588830757,49372.4
7723.243098971054,49155.6
7723.453609111351,49261.7
7723.664119251648,48233.7
7723.874629391946,46971.0
7724.085139532243,46091.8
7724.29564967254,46738.2
7724.506159812838,47331.5
7724.716669953134,48116.2
7724.927180093432,48329.6
7725.137690233729,47464.3
7725.348200374026,47796.2
7725.558710514323,47507.3
7725.769220654621,48404.9
7725.979730794918,48979.0
7726.190240935215,47806.6
7726.400751075513,48178.0
7726.6112612158095,46939.8
7726.821771356107,47166.2
7727.032281496404,48039.3
7727.242791636701,48212.0
7727.453301776999,48752.1
7727.663811917296,48236.6
7727.874322057593,47733.1
7728.08483219789,47682.3
7728.295342338188,46392.3
7728.5058524784845,48123.3
7728.716362618782,48280.3
7728.926872759079,46952.8
7729.1373828993765,47517.9
7729.347893039674,48744.3
7729.558403179971,47418.2
7729.768913320268,47213.6
7729.979423460565,47385.4
7730.189933600863,47864.4
7730.4004437411595,47783.7
7730.610953881457,48872.5
7730.821464021755,49492.9
7731.0319741620515,48598.8
7731.242484302349,47784.2
7731.452994442646,47546.4
7731.6635045829435,47040.8
7731.87401472324,47406.3
7732.084524863538,48016.1
7732.2950350038345,47975.1
7732.505545144132,48144.6
7732.71605528443,47259.0
7732.9265654247265,46386.7
7733.137075565024,47513.8
7733.347585705321,46978.9
7733.5580958456185,45565.0
7733.768605985915,47363.2
7733.979116126213,48613.6
7734.1896262665105,47360.1
7734.400136406807,46119.0
7734.610646547105,46124.4
7734.8211566874015,47146.1
7735.031666827699,46924.9
7735.242176967996,46455.7
7735.4526871082935,46847.4
7735.66319724859,48004.8
7735.873707388888,47427.0
7736.0842175291855,46640.8
7736.294727669482,47699.5
7736.50523780978,47555.8
7736.715747950077,45751.9
7736.926258090374,45558.5
7737.136768230671,45359.3
7737.3472783709685,46272.2
7737.557788511265,46850.5
7737.768298651563,46293.2
7737.9788087918605,45327.0
7738.189318932157,45973.9
7738.399829072455,45846.3
7738.610339212752,45757.6
7738.820849353049,44722.2
7739.031359493346,46169.9
7739.241869633644,46483.4
7739.452379773941,46117.2
7739.662889914238,44356.4
7739.8734000545355,45109.0
7740.083910194832,46497.8
7740.29442033513,45683.1
7740.504930475427,45322.9
7740.715440615724,47133.8
7740.925950756021,46322.5
7741.136460896319,45027.6
7741.346971036616,44620.1
7741.557481176913,45259.7
7741.7679913172105,46571.4
7741.978501457507,46698.4
7742.189011597805,46683.8
7742.399521738102,45593.5
7742.610031878399,44343.3
7742.820542018697,44890.0
7743.031052158994,45366.4
7743.241562299291,44769.5
7743.452072439588,44620.4
7743.662582579886,45147.1
7743.873092720182,44603.5
7744.08360286048,45180.0
7744.294113000777,46273.4
7744.504623141074,45477.4
7744.715133281372,45198.8
7744.925643421669,45226.1
7745.136153561966,45611.7
7745.346663702263,45597.0
7745.557173842561,44673.8
7745.767683982857,43994.9
7745.978194123155,44731.7
7746.188704263453,45120.8
7746.399214403749,44742.7
7746.609724544047,45780.5
7746.820234684344,45270.7
7747.030744824641,43827.3
7747.241254964938,44987.8
7747.451765105236,45803.7
7747.662275245532,44508.3
7747.87278538583,43826.3
7748.083295526128,44470.2
7748.293805666424,44495.1
7748.504315806722,43139.3
7748.714825947019,42831.0
7748.925336087316,43202.0
7749.135846227613,44583.7
7749.346356367911,45640.6
7749.556866508208,45041.1
7749.767376648505,44112.5
7749.977886788803,44907.3
7750.188396929099,45300.4
7750.398907069397,44833.8
7750.609417209694,45588.6
7750.819927349991,45230.1
7751.030437490288,44067.0
7751.240947630586,43678.2
7751.451457770883,45071.2
7751.66196791118,44580.8
7751.872478051478,44517.6
7752.082988191774,44241.8
7752.293498332072,44053.3
7752.504008472369,43860.1
7752.714518612666,43306.6
7752.925028752963,43119.0
7753.135538893261,43466.2
7753.346049033558,43163.0
7753.556559173855,43967.8
7753.767069314153,44648.5
7753.977579454449,44024.9
7754.188089594747,43679.0
7754.398599735044,43464.0
7754.609109875341,43102.1
7754.819620015639,42933.0
7755.030130155936,42803.4
7755.240640296233,42871.7
7755.45115043653,44641.3
7755.661660576828,44075.1
7755.872170717124,43063.5
7756.082680857422,43962.0
7756.293190997719,42842.7
7756.503701138016,43416.8
7756.714211278314,42829.2
7756.924721418611,42658.3
7757.135231558908,44557.7
7757.345741699205,44407.0
7757.556251839503,42212.3
7757.766761979799,43382.5
7757.977272120097,43799.9
7758.187782260395,43156.2
7758.398292400691,43671.0
7758.608802540989,44140.8
7758.819312681286,42183.7
7759.029822821583,41899.8
7759.24033296188,42516.2
7759.450843102178,43395.8
7759.661353242474,43696.5
7759.871863382772,43598.0
7760.08237352307,42988.4
7760.292883663366,43372.8
7760.503393803664,42652.3
7760.713903943961,42994.3
7760.924414084258,42097.5
7761.134924224555,41343.1
7761.345434364853,42364.0
7761.5559445051495,42143.1
7761.766454645447,41949.2
7761.976964785745,42102.8
7762.187474926041,42393.5
7762.397985066339,43194.9
7762.608495206636,42283.0
7762.819005346933,41357.3
7763.02951548723,41096.2
7763.240025627528,41115.4
7763.450535767825,40151.8
7763.661045908122,41041.4
7763.87155604842,41980.7
7764.082066188716,41411.6
7764.292576329014,41957.5
7764.503086469311,41730.1
7764.713596609608,40762.6
7764.924106749906,41939.3
7765.134616890203,40968.3
7765.3451270305,39663.8
7765.555637170797,40598.0
7765.766147311095,40881.2
7765.9766574513915,40576.5
7766.187167591689,40385.4
7766.397677731986,41108.6
7766.608187872283,40570.6
7766.818698012581,39968.8
7767.029208152878,40682.0
7767.239718293175,40405.0
7767.450228433472,40746.4
7767.66073857377,41361.0
7767.8712487140665,41617.7
7768.081758854364,41020.2
7768.292268994661,39151.8
7768.5027791349585,39751.8
7768.713289275256,40913.4
7768.923799415553,40027.8
7769.13430955585,39748.7
7769.344819696147,39625.5
7769.555329836445,40648.9
7769.7658399767415,40445.9
7769.976350117039,39396.5
7770.186860257337,40098.7
7770.3973703976335,39851.0
7770.607880537931,38397.1
7770.818390678228,37795.5
7771.0289008185255,37836.9
7771.239410958822,35203.5
7771.44992109912,33650.6
7771.6604312394165,33419.5
7771.870941379714,31425.1
7772.081451520012,31665.1
7772.2919616603085,32536.3
7772.502471800606,34150.9
7772.712981940903,35356.9
7772.9234920812005,34859.7
7773.134002221497,35222.3
7773.344512361795,35760.9
7773.5550225020925,35614.0
7773.765532642389,34395.9
7773.976042782687,32888.8
7774.1865529229835,32145.2
7774.397063063281,32557.1
7774.607573203578,32306.4
7774.8180833438755,32574.8
7775.028593484172,33054.4
7775.23910362447,32731.3
7775.4496137647675,33112.4
7775.660123905064,33992.0
7775.870634045362,34827.1
7776.081144185659,36474.9
7776.291654325956,38046.1
7776.502164466253,38600.8
7776.7126746065505,39023.5
7776.923184746847,38551.7
7777.133694887145,38395.6
7777.3442050274425,37738.6
7777.554715167739,37526.2
7777.765225308037,38002.9
7777.975735448334,38197.6
7778.186245588631,37448.8
7778.396755728928,37996.7
7778.607265869226,39970.4
7778.817776009523,40341.9
7779.02828614982,39501.9
7779.2387962901175,37887.0
7779.449306430414,37405.6
7779.659816570712,37687.1
7779.870326711009,36212.6
7780.080836851306,37226.8
7780.291346991603,37718.0
7780.501857131901,36815.1
7780.712367272198,37074.4
7780.922877412495,37219.8
7781.133387552793,36972.4
7781.343897693089,37488.4
7781.554407833387,37526.7
7781.764917973684,36378.9
7781.975428113981,36315.3
7782.185938254279,37622.4
7782.396448394576,38219.8
7782.606958534873,37962.1
7782.81746867517,37088.9
7783.027978815468,36879.5
7783.238488955764,37153.7
7783.448999096062,37883.4
7783.659509236359,37258.9
7783.870019376656,36417.1
7784.080529516954,35761.3
7784.291039657251,37061.1
7784.501549797548,37016.4
7784.712059937845,35829.6
7784.922570078143,36556.3
7785.133080218439,35361.5
7785.343590358737,36890.3
7785.554100499034,37919.2
7785.764610639331,36327.8
7785.975120779629,35763.9
7786.185630919926,35384.9
7786.396141060223,36041.5
7786.60665120052,36551.7
7786.817161340818,36872.9
7787.027671481114,35834.0
7787.238181621412,36333.3
7787.44869176171,36701.3
7787.659201902006,36122.2
7787.869712042304,36201.4
7788.080222182601,36352.3
7788.290732322898,36006.3
7788.501242463195,36270.6
7788.711752603493,35497.2
7788.92226274379,35599.2
7789.132772884087,35672.2
7789.343283024385,36202.1
7789.553793164681,36316.2
7789.764303304979,35897.4
7789.974813445276,36101.4
7790.185323585573,36619.0
7790.39583372587,35789.8
7790.606343866168,35391.6
7790.816854006465,34666.5
7791.027364146762,35206.2
7791.23787428706,33910.9
7791.448384427356,34215.1
7791.658894567654,35581.2
7791.869404707951,35639.2
7792.079914848248,35239.6
7792.290424988545,34412.2
7792.500935128843,35041.0
7792.71144526914,35300.7
7792.921955409437,35418.7
7793.132465549735,34323.6
7793.342975690031,34143.0
7793.553485830329,34576.5
7793.763995970626,33982.5
7793.974506110923,34658.6
7794.185016251221,34563.2
7794.395526391518,34804.7
7794.606036531815,34438.7
7794.816546672112,34861.6
7795.02705681241,33718.2
7795.237566952706,34274.7
7795.448077093004,34198.4
7795.658587233301,34835.8
7795.869097373598,33789.4
7796.079607513896,33407.9
7796.290117654193,34620.2
7796.50062779449,34172.6
7796.711137934787,34545.3
7796.921648075085,34062.5
7797.132158215381,33346.6
7797.342668355679,33297.2
7797.553178495977,33806.3
7797.763688636273,34106.6
7797.974198776571,33302.0
7798.184708916868,33686.0
7798.395219057165,33559.5
7798.605729197462,33580.6
7798.81623933776,33116.5
7799.026749478056,32165.0
7799.237259618354,33749.6
7799.447769758652,34553.8
7799.658279898948,33990.0
7799.868790039246,33448.3
7800.079300179543,32382.7
7800.28981031984,32695.6
7800.500320460137,32134.5
7800.710830600435,32022.7
7800.9213407407315,33044.7
7801.131850881029,33458.1
7801.342361021327,32820.3
7801.552871161623,32012.6
7801.763381301921,32831.2
7801.973891442218,32036.3
7802.184401582515,31440.8
7802.394911722812,32250.6
7802.60542186311,32784.0
7802.815932003407,32943.3
7803.026442143704,31987.6
7803.236952284002,31855.8
7803.4474624242985,31860.7
7803.657972564596,31469.3
7803.868482704893,30475.5
7804.07899284519,31628.1
7804.289502985488,32458.6
7804.500013125785,31682.2
7804.710523266082,30819.9
7804.921033406379,32049.5
7805.131543546677,30543.2
7805.3420536869735,31856.5
7805.552563827271,30588.5
7805.763073967568,29622.4
7805.9735841078655,30645.3
7806.184094248163,30868.3
7806.39460438846,31174.2
7806.605114528757,30265.2
7806.815624669054,30950.1
7807.026134809352,30864.9
7807.2366449496485,30505.4
7807.447155089946,30541.6
7807.657665230243,29970.8
7807.8681753705405,29632.1
7808.078685510838,29845.9
7808.289195651135,30646.6
7808.4997057914325,32133.2
7808.710215931729,30030.9
7808.920726072027,30023.3
7809.1312362123235,30614.6
7809.341746352621,30029.3
7809.552256492919,30997.3
7809.7627666332155,30237.6
7809.973276773513,29200.4
7810.18378691381,29655.1
7810.3942970541075,30573.6
7810.604807194404,30499.8
7810.815317334702,28740.2
7811.025827474999,28869.1
7811.236337615296,29351.2
7811.446847755594,29078.3
7811.6573578958905,28582.4
7811.867868036188,28818.3
7812.078378176485,28697.6
7812.2888883167825,29644.4
7812.499398457079,29160.8
7812.709908597377,28749.8
7812.9204187376745,28908.5
7813.130928877971,28827.4
7813.341439018269,28265.9
7813.551949158566,28181.7
7813.762459298863,27155.7
7813.97296943916,27471.1
7814.1834795794575,29136.4
7814.393989719754,28820.9
7814.604499860052,27893.2
7814.8150100003495,28633.1
7815.025520140646,29193.4
7815.236030280944,29175.9
7815.446540421241,28324.8
7815.657050561538,28042.1
7815.867560701835,27922.0
7816.078070842133,27198.2
7816.288580982429,27575.1
7816.499091122727,28087.9
7816.7096012630245,27472.2
7816.920111403321,28362.2
7817.130621543619,27700.4
7817.341131683916,28203.6
7817.551641824213,27688.3
7817.76215196451,27580.4
7817.972662104808,27064.7
7818.183172245105,28237.7
7818.393682385402,27732.8
7818.6041925257,26840.9
7818.814702665996,26685.2
7819.025212806294,27924.6
7819.235722946591,28202.8
7819.446233086888,27979.9
7819.656743227185,27598.7
7819.867253367483,27195.4
7820.07776350778,26869.1
7820.288273648077,26194.6
7820.498783788375,27206.0
7820.709293928671,27335.5
7820.919804068969,26969.4
7821.130314209266,27214.5
7821.340824349563,26373.7
7821.551334489861,26307.4
7821.761844630158,26652.7
7821.972354770455,25648.4
7822.182864910752,25205.6
7822.39337505105,25139.7
7822.603885191346,26687.1
7822.814395331644,26813.9
7823.024905471941,25829.6
7823.235415612238,25548.8
7823.445925752536,26230.4
7823.656435892833,26808.3
7823.86694603313,25396.0
7824.077456173427,25566.1
7824.287966313725,26073.4
7824.498476454021,25692.7
7824.708986594319,25307.1
7824.919496734616,26343.9
7825.130006874913,25334.4
7825.340517015211,24918.8
7825.551027155508,25527.8
7825.761537295805,25336.8
7825.972047436102,25181.0
7826.1825575764,25377.9
7826.393067716696,25856.0
7826.603577856994,24959.5
7826.814087997292,24555.7
7827.024598137588,24812.6
7827.235108277886,24869.1
7827.445618418183,25423.1
7827.65612855848,24326.7
7827.866638698777,25169.2
7828.077148839075,24965.4
7828.287658979372,24741.4
7828.498169119669,24143.2
7828.708679259967,24706.3
7828.919189400263,24283.3
7829.129699540561,24067.7
7829.340209680858,24463.9
7829.550719821155,24260.4
7829.761229961452,24425.3
7829.97174010175,23909.5
7830.182250242047,24538.4
7830.392760382344,23995.8
7830.603270522642,23634.7
7830.813780662938,24312.1
7831.024290803236,23903.5
7831.234800943533,22884.9
7831.44531108383,22925.0
7831.655821224127,23587.5
7831.866331364425,23064.7
7832.076841504722,23535.2
7832.287351645019,23998.6
7832.497861785317,22575.1
7832.708371925613,22667.6
7832.918882065911,23586.5
7833.129392206208,22851.3
7833.339902346505,23536.6
7833.550412486803,23089.4
7833.7609226271,22853.3
7833.971432767397,22697.4
7834.181942907694,22076.2
7834.392453047992,22285.8
7834.602963188288,21427.9
7834.813473328586,22178.6
7835.023983468883,22279.1
7835.23449360918,22332.1
7835.445003749478,21843.1
7835.655513889775,22412.3
7835.866024030072,23295.4
7836.076534170369,21754.2
7836.287044310667,23008.5
7836.497554450963,22506.1
7836.708064591261,21669.6
7836.918574731559,21597.4
7837.129084871855,21866.2
7837.339595012153,21656.5
7837.55010515245,21270.9
7837.760615292747,21801.0
7837.971125433044,21749.8
7838.181635573342,20851.9
7838.3921457136385,21759.4
7838.602655853936,21996.8
7838.813165994234,20963.3
7839.02367613453,20690.8
7839.234186274828,21332.0
7839.444696415125,21323.6
7839.655206555422,21296.5
7839.865716695719,20915.1
7840.076226836017,19824.9
7840.2867369763135,19626.9
7840.497247116611,20363.1
7840.707757256909,20585.0
7840.918267397205,20547.2
7841.128777537503,20602.4
7841.3392876778,20802.1
7841.549797818097,21367.0
7841.760307958394,21018.2
7841.970818098692,20168.3
7842.181328238989,19975.2
7842.391838379286,20471.7
7842.602348519584,19433.7
7842.8128586598805,20127.4
7843.023368800178,20216.4
7843.233878940475,20588.0
7843.444389080772,20858.4
7843.65489922107,19518.4
7843.865409361367,19710.0
7844.075919501664,20555.6
7844.286429641961,19727.9
7844.496939782259,19704.4
7844.7074499225555,19743.0
7844.917960062853,19037.2
7845.12847020315,19494.0
7845.3389803434475,20554.4
7845.549490483745,19888.1
7845.760000624042,19228.5
7845.970510764339,19787.7
7846.181020904636,19181.5
7846.391531044934,19099.7
7846.6020411852305,19040.2
7846.812551325528,18448.5
7847.023061465825,19289.5
7847.2335716061225,18259.4
7847.44408174642,18732.8
7847.654591886717,20133.9
7847.8651020270145,18905.0
7848.075612167311,18115.5
7848.286122307609,18170.1
7848.4966324479055,18784.9
7848.707142588203,19735.2
7848.917652728501,18700.0
7849.1281628687975,18784.3
7849.338673009095,18458.9
7849.549183149392,18936.8
7849.7596932896895,18660.9
7849.970203429986,18265.7
7850.180713570284,18537.0
7850.391223710581,17820.0
7850.601733850878,17632.2
7850.812243991176,18738.6
7851.0227541314725,17923.3
7851.23326427177,18178.3
7851.443774412067,18071.3
7851.6542845523645,17609.9
7851.864794692661,17207.7
7852.075304832959,17497.5
7852.2858149732565,17913.1
7852.496325113553,17904.7
7852.706835253851,16818.3
7852.917345394148,17477.7
7853.127855534445,16915.9
7853.338365674742,16383.6
7853.5488758150395,17228.0
7853.759385955336,17853.7
7853.969896095634,17481.9
7854.1804062359315,17461.5
7854.390916376228,16706.8
7854.601426516526,17235.1
7854.811936656823,16753.3
7855.02244679712,16290.0
7855.232956937417,15970.4
7855.443467077715,15918.6
7855.653977218011,16891.6
7855.864487358309,16677.7
7856.0749974986065,17018.8
7856.285507638903,16598.6
7856.496017779201,15451.5
7856.706527919498,15894.9
7856.917038059795,16606.3
7857.127548200092,16097.8
7857.33805834039,17511.9
7857.548568480687,17038.4
7857.759078620984,16380.5
7857.969588761282,15890.9
7858.180098901578,16041.8
7858.390609041876,15580.4
7858.601119182173,15471.9
7858.81162932247,15850.5
7859.022139462767,15746.3
7859.232649603065,15288.7
7859.443159743362,16131.9
7859.653669883659,16457.7
7859.864180023957,15336.9
7860.074690164253,14778.5
7860.285200304551,15423.2
7860.495710444848,14623.7
7860.706220585145,15271.7
7860.916730725443,14496.9
7861.12724086574,14245.2
7861.337751006037,14781.0
7861.548261146334,15131.0
7861.758771286632,14757.1
7861.969281426928,14205.8
7862.179791567226,14454.2
7862.390301707523,14143.5
7862.60081184782,14823.4
7862.811321988118,14909.9
7863.021832128415,14762.8
7863.232342268712,14353.5
7863.442852409009,14275.5
7863.653362549307,13667.5
7863.863872689603,13977.2
7864.074382829901,14493.6
7864.284892970198,14210.0
7864.495403110495,14497.4
7864.705913250793,13346.7
7864.91642339109,13533.6
7865.126933531387,13410.2
7865.337443671684,12990.6
7865.547953811982,14197.5
7865.758463952278,14112.5
7865.968974092576,13430.6
7866.179484232874,13417.4
7866.38999437317,12251.3
7866.600504513468,12904.9
7866.811014653765,13107.5
7867.021524794062,13134.9
7867.232034934359,13412.2
7867.442545074657,13793.1
7867.653055214954,13042.2
7867.863565355251,13184.9
7868.074075495549,12085.1
7868.284585635845,13180.7
7868.495095776143,13347.5
7868.70560591644,12721.5
7868.916116056737,12552.3
7869.126626197034,11920.2
7869.337136337332,11641.6
7869.547646477629,12320.9
7869.758156617926,12949.4
7869.968666758224,12047.3
7870.17917689852,12035.6
7870.389687038818,11881.8
7870.600197179115,11737.1
7870.810707319412,11702.3
7871.021217459709,11905.9
7871.231727600007,12141.9
7871.442237740304,12795.2
7871.652747880601,12148.2
7871.863258020899,12381.8
7872.073768161195,11755.9
7872.284278301493,11723.9
7872.49478844179,11635.9
7872.705298582087,11704.2
7872.915808722385,12212.6
7873.126318862682,12045.0
7873.336829002979,11167.4
7873.547339143276,11882.8
7873.757849283574,11357.2
7873.96835942387,11288.5
7874.178869564168,12460.6
7874.389379704465,11823.1
7874.599889844762,11969.7
7874.81039998506,12198.7
7875.020910125357,11387.8
7875.231420265654,10916.3
7875.441930405951,11716.8
7875.652440546249,10831.4
7875.862950686545,10902.6
7876.073460826843,11130.0
7876.283970967141,11465.2
7876.494481107437,10075.7
7876.704991247735,10487.8
7876.915501388032,10516.9
7877.126011528329,9882.37
7877.336521668626,9296.96
7877.547031808924,9842.34
7877.7575419492205,10203.3
7877.968052089518,10699.5
7878.178562229816,10323.8
7878.389072370112,10632.5
7878.59958251041,10884.3
7878.810092650707,10632.0
7879.020602791004,10403.7
7879.231112931301,10815.7
7879.441623071599,9956.56
7879.6521332118955,9888.77
7879.862643352193,10428.3
7880.073153492491,10362.5
7880.2836636327875,10141.1
7880.494173773085,10044.3
7880.704683913382,9476.81
7880.915194053679,9805.28
7881.125704193976,9329.28
7881.336214334274,9226.63
7881.546724474571,9823.18
7881.757234614868,9424.17
7881.967744755166,9070.41
7882.1782548954625,9169.75
7882.38876503576,8721.54
7882.599275176057,8799.65
7882.8097853163545,9582.29
7883.020295456652,9026.51
7883.230805596949,9200.28
7883.441315737246,9436.42
7883.651825877543,9377.32
7883.862336017841,8931.54
7884.0728461581375,9490.9
7884.283356298435,9252.86
7884.493866438732,9487.14
7884.7043765790295,9531.14
7884.914886719327,9333.69
7885.125396859624,8928.22
7885.3359069999215,8775.18
7885.546417140218,8084.77
7885.756927280516,8411.92
7885.9674374208125,8563.45
7886.17794756111,8736.3
7886.388457701407,8056.81
7886.5989678417045,8013.47
7886.809477982002,8312.51
7887.019988122299,7661.44
7887.2304982625965,8380.08
7887.441008402893,8498.19
7887.651518543191,7930.35
7887.862028683488,8091.27
7888.072538823785,8440.11
7888.283048964082,8156.98
7888.4935591043795,8240.45
7888.704069244677,8549.49
7888.914579384974,8139.62
7889.1250895252715,7661.41
7889.335599665568,8195.34
7889.546109805866,7721.2
7889.756619946163,7302.54
7889.96713008646,7324.42
7890.177640226758,6311.4
7890.388150367055,6925.37
7890.598660507352,7936.28
7890.809170647649,7431.45
7891.0196807879465,7036.94
7891.230190928243,7573.56
7891.440701068541,7456.42
7891.6512112088385,7051.12
7891.861721349135,7340.53
7892.072231489433,6839.9
7892.28274162973,6420.42
7892.493251770027,6509.22
7892.703761910324,7139.74
7892.914272050622,7272.02
7893.124782190918,6763.64
7893.335292331216,7183.84
7893.5458024715135,6840.07
7893.75631261181,6186.9
7893.966822752108,6837.54
7894.177332892405,5838.67
7894.387843032702,5997.37
7894.598353172999,6682.66
7894.808863313297,6522.45
