7606.1255320281,1092.43
7606.336557630434,500.447
7606.5475832327675,681.089
7606.758608835102,1222.46
7606.969634437436,1436.68
7607.1806600397695,1097.4
7607.391685642104,608.408
7607.602711244437,802.663
7607.8137368467715,1571.53
7608.024762449106,1823.56
7608.235788051439,2066.27
7608.4468136537735,1919.6
7608.657839256108,1272.5
7608.868864858441,586.326
7609.0798904607755,574.658
7609.29091606311,1266.81
7609.501941665443,1615.68
7609.7129672677775,1570.62
7609.923992870111,1026.65
7610.135018472445,1197.24
7610.3460440747795,1843.79
7610.557069677113,3120.5
7610.768095279447,4136.76
7610.9791208817815,3567.97
7611.190146484115,2991.4
7611.401172086449,2273.25
7611.6121976887825,939.08
7611.823223291117,1307.41
7612.034248893451,1651.02
7612.2452744957845,1808.18
7612.456300098119,2133.8
7612.667325700453,1746.33
7612.8783513027865,1878.5
7613.089376905121,2686.35
7613.300402507455,3964.14
7613.5114281097885,5344.2
7613.722453712123,6225.57
7613.933479314456,6329.56
7614.1445049167905,5359.76
7614.355530519125,3916.05
7614.566556121458,2927.93
7614.7775817237925,1939.32
7614.988607326127,2630.68
7615.19963292846,3383.08
7615.4106585307945,3380.98
7615.621684133129,3433.22
7615.832709735462,3524.33
7616.0437353377965,4116.29
7616.25476094013,5820.3
7616.465786542464,6843.65
7616.6768121447985,7111.31
7616.887837747132,7806.08
7617.098863349466,7846.65
7617.3098889518005,7733.2
7617.520914554134,8272.6
7617.731940156468,8572.76
7617.9429657588025,8344.66
7618.153991361136,8371.48
7618.36501696347,7846.94
7618.576042565804,7737.15
7618.787068168138,7920.81
7618.998093770472,8203.68
7619.209119372806,7971.0
7619.42014497514,7571.25
7619.631170577474,7496.99
7619.842196179808,7271.45
7620.053221782142,6534.88
7620.264247384475,4971.5
7620.47527298681,3342.97
7620.686298589144,2892.28
7620.897324191477,3432.59
7621.108349793812,4593.68
7621.319375396146,5951.18
7621.530400998479,6800.02
7621.741426600814,7281.07
7621.952452203148,7869.12
7622.163477805481,7317.58
7622.374503407816,5948.84
7622.585529010149,5043.8
7622.796554612483,3681.97
7623.007580214818,2323.09
7623.218605817151,2555.6
7623.429631419485,3430.61
7623.64065702182,3333.58
7623.851682624153,3155.19
7624.062708226487,2418.4
7624.273733828822,2293.88
7624.484759431155,2834.67
7624.695785033489,4190.97
7624.906810635823,5649.55
7625.117836238157,6878.48
7625.328861840491,7747.84
7625.539887442825,7811.39
7625.750913045159,8288.3
7625.961938647493,7867.05
7626.172964249827,5519.28
7626.383989852161,3823.16
7626.595015454495,2394.54
7626.806041056829,1809.76
7627.017066659163,2181.86
7627.228092261496,2565.06
7627.439117863831,3091.51
7627.650143466165,2175.5
7627.861169068498,1709.27
7628.072194670833,1809.48
7628.283220273167,2959.68
7628.4942458755,4711.66
7628.705271477835,5885.35
7628.916297080168,7036.72
7629.127322682502,7962.33
7629.338348284837,7683.88
7629.54937388717,7839.77
7629.760399489504,6826.04
7629.971425091839,6848.69
7630.182450694172,5862.88
7630.393476296506,3771.26
7630.604501898841,2338.7
7630.815527501174,2082.26
7631.026553103508,2404.0
7631.237578705842,2621.93
7631.448604308176,2462.49
7631.65962991051,2394.02
7631.870655512844,2016.36
7632.081681115178,2045.31
7632.292706717512,3599.68
7632.503732319846,5500.52
7632.71475792218,6549.54
7632.925783524514,7336.8
7633.136809126848,8504.59
7633.347834729182,9348.86
7633.5588603315155,9068.98
7633.76988593385,8307.51
7633.980911536184,7651.95
7634.1919371385175,7143.23
7634.402962740852,5960.76
7634.613988343186,4123.09
7634.8250139455195,2860.27
7635.036039547854,2413.92
7635.247065150188,2267.0
7635.4580907525215,2678.32
7635.669116354856,2644.66
7635.880141957189,2160.81
7636.0911675595235,1990.14
7636.302193161858,2862.65
7636.513218764191,4581.35
7636.724244366525,6167.67
7636.93526996886,7173.62
7637.146295571193,8439.81
7637.357321173527,9779.67
7637.568346775861,9633.21
7637.779372378195,9649.47
7637.990397980529,9130.97
7638.201423582863,8697.67
7638.412449185197,8476.59
7638.623474787531,7830.11
7638.834500389865,6729.94
7639.045525992199,5029.24
7639.256551594533,2921.04
7639.467577196867,2081.22
7639.678602799201,2844.38
7639.8896284015345,3207.48
7640.100654003869,3281.46
7640.311679606203,2864.08
7640.5227052085365,3009.37
7640.733730810871,3847.03
7640.944756413205,5267.7
7641.1557820155385,7585.14
7641.366807617873,9372.95
7641.577833220207,9785.85
7641.7888588225405,10969.1
7641.999884424875,11119.5
7642.210910027208,10951.1
7642.4219356295425,10958.4
7642.632961231877,10931.6
7642.84398683421,10579.0
7643.0550124365445,10115.5
7643.266038038879,9074.52
7643.477063641212,7217.09
7643.6880892435465,5466.08
7643.899114845881,4070.52
7644.110140448214,3749.95
7644.3211660505485,4440.09
7644.532191652882,4396.46
7644.743217255216,4650.62
7644.9542428575505,4248.06
7645.165268459884,4118.44
7645.376294062218,5043.46
7645.5873196645525,6767.84
7645.798345266886,8841.39
7646.00937086922,9729.58
7646.220396471554,11178.7
7646.431422073888,11753.7
7646.642447676222,11122.3
7646.853473278556,11129.2
7647.06449888089,11834.4
7647.275524483224,11550.1
7647.486550085558,11602.9
7647.697575687892,11873.5
7647.908601290226,11158.4
7648.11962689256,10481.8
7648.330652494894,8299.37
7648.541678097227,6213.13
7648.752703699562,5178.92
7648.963729301896,5276.15
7649.174754904229,5289.28
7649.385780506564,5072.57
7649.596806108898,4734.33
7649.807831711231,5031.21
7650.018857313566,5497.79
7650.2298829159,6213.94
7650.440908518233,8903.27
7650.651934120568,11030.6
7650.862959722901,12051.9
7651.073985325235,12687.4
7651.28501092757,12718.4
7651.496036529903,12669.6
7651.707062132237,12980.0
7651.918087734572,13168.8
7652.129113336905,13284.8
7652.340138939239,13388.1
7652.551164541574,13393.4
7652.762190143907,13471.8
7652.973215746241,12901.4
7653.184241348575,12111.4
7653.395266950909,9844.37
7653.606292553243,8184.39
7653.817318155577,7503.13
7654.028343757911,6847.04
7654.239369360245,6346.97
7654.450394962579,6848.88
7654.661420564913,7477.86
7654.872446167247,6827.44
7655.083471769581,6521.38
7655.294497371915,8374.99
7655.505522974248,10277.1
7655.716548576583,11881.9
7655.927574178917,13332.8
7656.13859978125,13764.7
7656.349625383585,13794.2
7656.560650985919,14782.6
7656.771676588252,14665.4
7656.982702190587,13745.3
7657.19372779292,14408.8
7657.404753395254,14862.4
7657.615778997589,14355.7
7657.826804599922,14554.0
7658.037830202256,14721.3
7658.248855804591,14313.6
7658.459881406924,13168.2
7658.670907009258,11985.6
7658.881932611593,10342.1
7659.092958213926,9224.01
7659.30398381626,8962.4
7659.515009418594,9299.76
7659.726035020928,9953.83
7659.937060623262,9399.09
7660.148086225596,8323.67
7660.35911182793,8503.17
7660.570137430264,9741.74
7660.781163032598,11797.1
7660.992188634932,13199.0
7661.203214237266,14061.1
7661.4142398396,14484.0
7661.625265441934,14814.7
7661.836291044267,15406.8
7662.047316646602,15516.3
7662.258342248936,15557.1
7662.469367851269,16162.3
7662.680393453604,15534.2
7662.891419055938,15164.8
7663.102444658271,15444.1
7663.313470260606,15621.6
7663.52449586294,15098.1
7663.735521465273,15104.6
7663.946547067608,14535.4
7664.157572669941,13052.8
7664.368598272275,11514.0
7664.57962387461,10659.2
7664.790649476943,10144.3
7665.001675079277,9581.14
7665.212700681612,10282.4
7665.423726283945,10889.2
7665.634751886279,10379.8
7665.845777488613,10334.6
7666.056803090947,11769.2
7666.267828693281,13499.4
7666.478854295615,14660.3
7666.689879897949,15530.1
7666.900905500283,16029.2
7667.111931102617,16193.4
7667.322956704951,16169.3
7667.533982307285,16769.9
7667.745007909619,17502.5
7667.956033511953,15928.2
7668.1670591142865,16005.3
7668.378084716621,16784.0
7668.589110318955,16047.4
7668.8001359212885,15900.2
7669.011161523623,16457.3
7669.222187125957,16210.1
7669.4332127282905,16020.7
7669.644238330625,15770.5
7669.855263932959,15072.0
7670.0662895352925,14380.3
7670.277315137627,13258.1
7670.48834073996,12333.8
7670.6993663422945,12606.7
7670.910391944629,12938.7
7671.121417546962,13551.5
7671.3324431492965,12762.0
7671.543468751631,13037.0
7671.754494353964,13677.3
7671.9655199562985,14240.0
7672.176545558633,15085.1
7672.387571160966,15942.9
7672.5985967633005,16731.7
7672.809622365634,17235.6
7673.020647967968,17334.9
7673.2316735703025,17222.9
7673.442699172636,16707.9
7673.65372477497,16718.3
7673.8647503773045,17002.7
7674.075775979638,17590.6
7674.286801581972,17441.2
7674.497827184306,17297.7
7674.70885278664,17096.0
7674.919878388974,16411.7
7675.130903991308,16565.1
7675.341929593642,17010.6
7675.552955195976,17409.8
7675.76398079831,17136.2
7675.975006400644,15222.6
7676.186032002978,14628.2
7676.397057605312,15424.6
7676.608083207646,14927.9
7676.819108809979,14414.5
7677.030134412314,15134.2
7677.241160014648,14384.4
7677.452185616981,14298.4
7677.663211219316,14257.0
7677.87423682165,14713.6
7678.085262423983,16173.4
7678.296288026318,17056.7
7678.507313628652,17330.0
7678.718339230985,17352.5
7678.92936483332,17144.6
7679.140390435653,17451.2
7679.351416037987,17589.5
7679.562441640322,18065.5
7679.773467242655,17515.9
7679.984492844989,17347.5
7680.195518447324,17243.5
7680.406544049657,18508.6
7680.617569651991,18795.1
7680.828595254326,17997.4
7681.039620856659,18069.2
7681.250646458993,18241.6
7681.461672061327,17564.3
7681.672697663661,16917.3
7681.883723265995,16943.1
7682.094748868329,17074.2
7682.305774470663,16292.5
7682.516800072997,15294.0
7682.727825675331,15837.3
7682.938851277665,16708.5
7683.149876879998,16106.9
7683.360902482333,15814.9
7683.571928084667,16566.4
7683.782953687,18075.6
7683.993979289335,16985.4
7684.205004891669,16629.0
7684.416030494002,17728.6
7684.627056096337,18128.8
7684.838081698671,18093.9
7685.049107301004,17950.8
7685.260132903339,17903.7
7685.471158505672,18207.0
7685.682184108006,18690.0
7685.893209710341,18706.9
7686.104235312674,17681.2
7686.315260915008,17583.5
7686.526286517343,18268.9
7686.737312119676,19252.6
7686.94833772201,18889.4
7687.159363324345,17877.5
7687.370388926678,18043.3
7687.581414529012,18208.2
7687.792440131346,17844.7
7688.00346573368,17984.9
7688.214491336014,17931.4
7688.425516938348,17551.0
7688.636542540682,17697.6
7688.847568143016,17542.4
7689.05859374535,17287.7
7689.269619347684,17191.8
7689.480644950018,16931.4
7689.691670552352,17229.1
7689.902696154686,16871.8
7690.113721757019,17189.2
7690.324747359354,17192.3
7690.535772961688,17314.5
7690.746798564021,18407.9
7690.957824166356,19079.3
7691.16884976869,18333.6
7691.379875371023,18231.9
7691.590900973358,18910.1
7691.801926575691,18908.5
7692.012952178025,19002.6
7692.22397778036,19227.7
7692.435003382693,18840.7
7692.646028985027,18901.7
7692.857054587362,19163.2
7693.068080189695,18381.1
7693.279105792029,18395.7
7693.490131394364,18186.9
7693.701156996697,18798.6
7693.912182599031,19409.0
7694.123208201365,19179.7
7694.334233803699,18950.5
7694.545259406033,18719.5
7694.756285008367,19170.1
7694.967310610701,18992.1
7695.178336213035,18164.6
7695.389361815369,18040.7
7695.600387417703,18054.1
7695.811413020037,17838.7
7696.022438622371,17779.5
7696.233464224705,18161.8
7696.4444898270385,18231.4
7696.655515429373,17656.5
7696.866541031707,18369.2
7697.0775666340405,18231.3
7697.288592236375,18405.7
7697.499617838709,18916.6
7697.7106434410425,19224.9
7697.921669043377,19037.1
7698.132694645711,19736.6
7698.3437202480445,19202.3
7698.554745850379,18820.8
7698.765771452712,18503.1
7698.9767970550465,18704.9
7699.187822657381,18712.5
7699.398848259714,18418.1
7699.6098738620485,18773.0
7699.820899464383,18630.0
7700.031925066716,19127.1
7700.2429506690505,19142.4
7700.453976271385,18807.9
7700.665001873718,19049.0
7700.8760274760525,18759.8
7701.087053078386,18860.4
7701.29807868072,18844.3
7701.5091042830545,18639.6
7701.720129885388,18992.4
7701.931155487722,19982.9
7702.1421810900565,19509.2
7702.35320669239,19596.4
7702.564232294724,19102.1
7702.775257897058,18858.0
7702.986283499392,18959.8
7703.197309101726,19368.9
7703.40833470406,19628.0
7703.619360306394,18938.9
7703.830385908728,18990.7
7704.041411511062,19096.2
7704.252437113396,18620.9
7704.46346271573,19227.9
7704.674488318064,18956.0
7704.885513920398,18218.6
7705.096539522731,18676.3
7705.307565125066,19599.2
7705.5185907274,19920.9
7705.729616329733,19835.0
7705.940641932068,18959.9
7706.151667534402,18339.9
7706.362693136735,18414.8
7706.57371873907,18278.7
7706.784744341404,18326.5
7706.995769943737,18962.9
7707.206795546072,19511.5
7707.417821148405,19332.7
7707.628846750739,19033.8
7707.839872353074,18987.6
7708.050897955407,19179.2
7708.261923557741,19349.2
7708.472949160076,18846.9
7708.683974762409,18740.0
7708.895000364743,19133.9
7709.106025967078,18676.4
7709.317051569411,19139.1
7709.528077171745,19600.6
7709.739102774079,19494.2
7709.950128376413,18491.4
7710.161153978747,18664.1
7710.372179581081,19254.0
7710.583205183415,19252.1
7710.794230785749,19087.7
7711.005256388083,19399.5
7711.216281990417,18862.3
7711.42730759275,18923.8
7711.638333195085,19050.7
7711.849358797419,19121.0
7712.060384399752,18668.3
7712.271410002087,19244.6
7712.482435604421,19645.2
7712.693461206754,18837.9
7712.904486809089,19224.2
7713.115512411423,19645.6
7713.326538013756,18971.1
7713.537563616091,19402.5
7713.748589218424,20004.3
7713.959614820758,19622.2
7714.170640423093,19655.0
7714.381666025426,19648.5
7714.59269162776,19341.0
7714.803717230095,18819.4
7715.014742832428,19240.5
7715.225768434762,19625.8
7715.436794037097,19412.9
7715.64781963943,19440.0
7715.858845241764,19020.9
7716.069870844098,20026.4
7716.280896446432,19417.3
7716.491922048766,19088.6
7716.7029476511,18935.5
7716.913973253434,18800.0
7717.124998855768,18360.7
7717.336024458102,19477.0
7717.547050060436,19734.9
7717.75807566277,19006.7
7717.969101265104,18669.6
7718.180126867438,18843.4
7718.391152469771,19176.0
7718.602178072106,19632.8
7718.81320367444,19855.6
7719.024229276773,19238.4
7719.235254879108,19225.4
7719.446280481442,19621.5
7719.657306083775,19657.2
7719.86833168611,19227.2
7720.079357288443,18717.8
7720.290382890777,19399.5
7720.501408493112,18784.3
7720.712434095445,18141.7
7720.923459697779,18891.0
7721.134485300114,18757.7
7721.345510902447,19901.1
7721.556536504781,18664.9
7721.767562107116,18595.4
7721.978587709449,19891.0
7722.189613311783,19609.3
7722.400638914117,19446.9
7722.611664516451,19988.8
7722.822690118785,18716.1
7723.033715721119,18746.6
7723.244741323453,19397.8
7723.455766925787,19563.5
7723.666792528121,19866.5
7723.877818130455,19646.3
7724.088843732789,19240.2
7724.299869335123,19148.7
7724.510894937457,18762.9
7724.7219205397905,18390.0
7724.932946142125,18739.2
7725.143971744459,18798.1
7725.3549973467925,18378.5
7725.566022949127,17922.8
7725.777048551461,18002.5
7725.9880741537945,19373.3
7726.199099756129,19608.6
7726.410125358463,18536.2
7726.6211509607965,18106.5
7726.832176563131,18524.4
7727.043202165464,19071.5
7727.2542277677985,19414.2
7727.465253370133,20034.2
7727.676278972466,19138.3
7727.8873045748005,18734.3
7728.098330177135,18781.8
7728.309355779468,18930.4
7728.5203813818025,18994.9
7728.731406984136,18970.2
7728.94243258647,19162.1
7729.1534581888045,18844.6
7729.364483791138,18784.8
7729.575509393472,19400.3
7729.7865349958065,18710.6
7729.99756059814,19388.7
7730.208586200474,19888.6
7730.4196118028085,18528.4
7730.630637405142,18834.2
7730.841663007476,19606.1
7731.05268860981,18608.9
7731.263714212144,18500.5
7731.474739814478,19102.7
7731.685765416812,18759.7
7731.896791019146,18356.3
7732.10781662148,18695.8
7732.318842223814,19443.3
7732.529867826148,19396.5
7732.740893428482,19206.7
7732.951919030816,18884.6
7733.16294463315,18111.2
7733.373970235483,18476.0
7733.584995837818,19047.7
7733.796021440152,19002.3
7734.007047042485,19147.8
7734.21807264482,19146.7
7734.429098247154,19018.3
7734.640123849487,18655.6
7734.851149451822,18083.4
7735.062175054156,17900.4
7735.273200656489,18673.9
7735.484226258824,18863.0
7735.695251861157,18576.6
7735.906277463491,18991.1
7736.117303065826,18987.3
7736.328328668159,18582.8
7736.539354270493,19108.3
7736.750379872828,19637.7
7736.961405475161,18963.3
7737.172431077495,18925.4
7737.383456679829,19303.5
7737.594482282163,18789.7
7737.805507884497,18078.8
7738.016533486831,18410.1
7738.227559089165,18342.9
7738.438584691499,18565.0
7738.649610293833,18944.0
7738.860635896167,17907.4
7739.071661498501,18274.2
7739.282687100835,17911.3
7739.493712703169,17315.2
7739.704738305502,18548.8
7739.915763907837,18053.1
7740.126789510171,18163.7
7740.337815112504,18693.8
7740.548840714839,18918.2
7740.759866317173,18977.6
7740.970891919506,18508.6
7741.181917521841,18707.1
7741.392943124175,18032.5
7741.603968726508,17495.4
7741.814994328843,18580.9
7742.026019931176,18645.9
7742.23704553351,18110.4
7742.448071135845,17739.5
7742.659096738178,18324.8
7742.870122340512,18198.5
7743.081147942847,17825.0
7743.29217354518,18282.9
7743.503199147514,17973.0
7743.714224749849,17960.4
7743.925250352182,17961.6
7744.136275954516,18489.8
7744.34730155685,18751.7
7744.558327159184,18244.8
7744.769352761518,17679.0
7744.980378363852,17849.8
7745.191403966186,18161.2
7745.40242956852,18230.5
7745.613455170854,18005.9
7745.824480773188,17889.8
7746.035506375521,17820.8
7746.246531977856,17785.7
7746.45755758019,17666.0
7746.668583182523,17963.6
7746.879608784858,18275.7
7747.090634387192,18095.3
7747.301659989525,18563.2
7747.51268559186,18300.9
7747.723711194194,17426.4
7747.934736796527,17758.2
7748.145762398862,18223.1
7748.356788001195,18285.2
7748.567813603529,17965.5
7748.778839205864,17483.4
7748.989864808197,18143.6
7749.200890410531,18038.9
7749.411916012866,17922.0
7749.622941615199,18078.4
7749.833967217533,17766.1
7750.044992819868,18451.5
7750.256018422201,18580.6
7750.467044024535,18412.2
7750.678069626869,17767.7
7750.889095229203,17157.3
7751.100120831537,17386.4
7751.311146433871,17433.3
7751.522172036205,17672.4
7751.733197638539,17972.2
7751.944223240873,17710.5
7752.155248843207,17673.2
7752.366274445541,18082.8
7752.577300047875,17300.2
7752.788325650209,17829.2
7752.9993512525425,17785.8
7753.210376854877,16699.0
7753.421402457211,16970.4
7753.6324280595445,17281.5
7753.843453661879,17744.7
7754.054479264213,17827.1
7754.2655048665465,17362.2
7754.476530468881,16648.2
7754.687556071214,17018.6
7754.8985816735485,16918.8
7755.109607275883,17259.2
7755.320632878216,17521.9
7755.5316584805505,17764.8
7755.742684082885,17314.5
7755.953709685218,17428.2
7756.1647352875525,17808.3
7756.375760889887,17197.1
7756.58678649222,17301.3
7756.7978120945545,17819.0
7757.008837696888,17366.2
7757.219863299222,17438.4
7757.4308889015565,18375.4
7757.64191450389,17356.7
7757.852940106224,16739.4
7758.0639657085585,16530.7
7758.274991310892,16690.3
7758.486016913226,17135.2
7758.6970425155605,17394.5
7758.908068117894,17146.7
7759.119093720228,17262.5
7759.330119322562,17274.5
7759.541144924896,16511.6
7759.75217052723,16994.4
7759.963196129564,17399.8
7760.174221731898,16823.3
7760.385247334232,16704.1
7760.596272936566,17317.6
7760.8072985389,16912.3
7761.018324141234,16086.2
7761.229349743568,16118.5
7761.440375345902,16219.5
7761.651400948235,16766.4
7761.86242655057,17296.8
7762.073452152904,16634.4
7762.284477755237,16561.1
7762.495503357572,17062.9
7762.706528959906,16970.9
7762.917554562239,17405.2
7763.128580164574,17885.7
7763.339605766907,16826.9
7763.550631369241,16051.4
7763.761656971576,16061.3
7763.972682573909,16378.5
7764.183708176243,16241.4
7764.394733778578,15793.4
7764.605759380911,16187.0
7764.816784983245,16280.4
7765.02781058558,16398.6
7765.238836187913,16370.7
7765.449861790247,16843.7
7765.660887392581,16558.9
7765.871912994915,15265.1
7766.082938597249,15378.2
7766.293964199583,16196.6
7766.504989801917,16227.1
7766.716015404251,16013.4
7766.927041006585,16135.9
7767.138066608919,15774.5
7767.349092211253,15760.8
7767.560117813587,16291.9
7767.771143415921,16374.0
7767.982169018254,16065.3
7768.193194620589,16092.8
7768.404220222923,16380.1
7768.615245825256,16225.8
7768.826271427591,16140.8
7769.037297029925,16294.8
7769.248322632258,17127.8
7769.459348234593,16724.0
7769.670373836927,15815.5
7769.88139943926,14752.3
7770.092425041595,15458.6
7770.303450643928,15955.8
7770.514476246262,15664.8
7770.725501848597,16215.1
7770.93652745093,15565.3
7771.147553053264,14798.4
7771.358578655599,13887.7
7771.569604257932,12980.6
7771.780629860266,12280.8
7771.9916554626,12398.9
7772.202681064934,13206.8
7772.413706667268,13177.0
7772.624732269602,13229.7
7772.835757871936,13749.6
7773.04678347427,14352.4
7773.257809076604,14300.2
7773.468834678938,14251.6
7773.679860281272,13682.6
7773.890885883606,13026.9
7774.10191148594,12184.5
7774.312937088273,12442.0
7774.523962690608,12395.1
7774.734988292942,12529.9
7774.946013895275,12717.7
7775.15703949761,13166.2
7775.368065099944,13332.0
7775.579090702277,13686.1
7775.790116304612,13437.3
7776.001141906946,14007.5
7776.212167509279,15002.9
7776.423193111614,15275.7
7776.634218713947,14883.3
7776.845244316281,14584.4
7777.056269918616,15304.2
7777.267295520949,15223.8
7777.478321123283,15439.1
7777.689346725618,15464.0
7777.900372327951,14760.4
7778.111397930285,14678.1
7778.32242353262,15524.0
7778.533449134953,15492.4
7778.744474737287,14951.4
7778.955500339621,14999.3
7779.166525941955,15222.0
7779.377551544289,15597.5
7779.588577146623,15877.0
7779.799602748957,14909.9
7780.010628351291,14787.0
7780.221653953625,15363.7
7780.432679555959,14901.5
7780.6437051582925,15431.9
7780.854730760627,15019.0
7781.065756362961,14954.9
7781.2767819652945,15548.4
7781.487807567629,14504.4
7781.698833169963,14435.0
7781.9098587722965,14879.8
7782.120884374631,14752.2
7782.331909976965,15326.6
7782.5429355792985,14604.4
7782.753961181633,14083.1
7782.964986783966,14717.1
7783.1760123863005,14832.9
7783.387037988635,15516.4
7783.598063590968,15088.7
7783.8090891933025,14185.1
7784.020114795637,13756.8
7784.23114039797,14069.7
7784.4421660003045,14474.8
7784.653191602639,14747.0
7784.864217204972,14933.6
7785.0752428073065,14994.2
7785.28626840964,14792.6
7785.497294011974,14610.7
7785.7083196143085,14929.3
7785.919345216642,14475.3
7786.130370818976,14419.6
7786.3413964213105,13917.7
7786.552422023644,13949.6
7786.763447625978,14211.9
7786.9744732283125,14205.9
7787.185498830646,14503.1
7787.39652443298,14959.9
7787.607550035314,14375.1
7787.818575637648,14681.5
7788.029601239982,14245.7
7788.240626842316,13688.4
7788.45165244465,13929.1
7788.662678046984,13688.3
7788.873703649318,14520.0
7789.084729251652,14860.0
7789.295754853985,13794.6
7789.50678045632,13805.5
7789.717806058654,14473.6
7789.928831660987,14708.0
7790.139857263322,14717.5
7790.350882865656,14151.2
7790.561908467989,14831.0
7790.772934070324,14271.6
7790.983959672658,13715.2
7791.194985274991,13695.8
7791.406010877326,14142.6
7791.617036479659,14119.1
7791.828062081993,14144.8
7792.039087684328,13975.6
7792.250113286661,14050.5
7792.461138888995,14046.7
7792.67216449133,13646.3
7792.883190093663,13069.4
7793.094215695997,13547.5
7793.305241298332,14224.5
7793.516266900665,13906.2
7793.727292502999,13817.3
7793.938318105333,14438.7
7794.149343707667,14453.9
7794.360369310001,14136.9
7794.571394912335,13665.4
7794.782420514669,13776.8
7794.993446117003,13170.5
7795.204471719337,13612.5
7795.415497321671,13256.6
7795.626522924005,13367.2
7795.837548526339,12575.7
7796.048574128673,13439.6
7796.259599731006,13954.5
7796.470625333341,14009.0
7796.681650935675,14394.7
7796.892676538008,13886.3
7797.103702140343,13898.0
7797.314727742677,12959.6
7797.52575334501,12684.5
7797.736778947345,13558.7
7797.947804549678,13581.2
7798.158830152012,12803.9
7798.369855754347,12883.3
7798.58088135668,12822.9
7798.791906959014,13313.8
7799.002932561349,13258.0
7799.213958163682,13525.8
7799.424983766016,13111.5
7799.636009368351,12664.7
7799.847034970684,13027.7
7800.058060573018,13039.2
7800.269086175352,13056.6
7800.480111777686,12906.9
7800.69113738002,12703.0
7800.902162982354,12664.3
7801.113188584688,12614.0
7801.324214187022,13100.7
7801.535239789356,13684.9
7801.74626539169,13070.8
7801.957290994024,12857.6
7802.168316596358,13178.5
7802.379342198692,12752.0
7802.590367801025,13389.4
7802.80139340336,12982.1
7803.012419005694,12294.0
7803.223444608027,12161.6
7803.434470210362,12847.1
7803.645495812696,12673.8
7803.856521415029,12380.6
7804.067547017364,12731.0
7804.278572619698,12219.9
7804.489598222031,12950.5
7804.700623824366,12431.3
7804.911649426699,12371.4
7805.122675029033,13079.7
7805.333700631368,12657.6
7805.544726233701,12511.1
7805.755751836035,12547.0
7805.96677743837,12130.2
7806.177803040703,12295.8
7806.388828643037,12519.1
7806.599854245371,11751.0
7806.810879847705,11834.8
7807.021905450039,12583.8
7807.232931052373,11908.1
7807.443956654707,11918.0
7807.654982257041,11442.3
7807.866007859375,11923.3
7808.077033461709,11962.0
7808.288059064043,11717.9
7808.499084666377,11767.9
7808.710110268711,11500.9
7808.9211358710445,11566.4
7809.132161473379,11818.7
7809.343187075713,12208.6
7809.5542126780465,12057.6
7809.765238280381,11806.5
7809.976263882715,12035.9
7810.1872894850485,12124.1
7810.398315087383,12557.6
7810.609340689717,12751.3
7810.8203662920505,12078.6
7811.031391894385,12371.9
7811.242417496718,11384.8
7811.4534430990525,11265.5
7811.664468701387,11119.4
7811.87549430372,11376.8
7812.0865199060545,12308.0
7812.297545508389,10916.8
7812.508571110722,11671.8
7812.7195967130565,12045.9
7812.930622315391,11585.6
7813.141647917724,11471.7
7813.3526735200585,11953.0
7813.563699122392,11926.1
7813.774724724726,11581.6
7813.9857503270605,11741.3
7814.196775929394,11654.5
7814.407801531728,11563.0
7814.6188271340625,11150.3
7814.829852736396,10376.5
7815.04087833873,10854.5
7815.251903941064,10601.5
7815.462929543398,10683.1
7815.673955145732,10663.7
7815.884980748066,11122.6
7816.0960063504,11413.1
7816.307031952734,11180.5
7816.518057555068,11227.4
7816.729083157402,11589.0
7816.940108759736,11574.5
7817.15113436207,10915.0
7817.362159964404,10722.2
7817.573185566738,11126.3
7817.784211169072,11272.9
7817.995236771406,11097.6
7818.206262373739,10535.0
7818.417287976074,10465.0
7818.628313578408,10943.6
7818.839339180741,10687.3
7819.050364783076,10718.2
7819.26139038541,10657.2
7819.472415987743,10683.0
7819.683441590078,10808.5
7819.894467192411,10667.5
7820.105492794745,10797.8
7820.31651839708,10984.6
7820.527543999413,11010.1
7820.738569601747,11306.3
7820.949595204082,10399.2
7821.160620806415,10689.7
7821.371646408749,10933.2
7821.582672011084,10588.0
7821.793697613417,10708.5
7822.004723215751,10629.2
7822.215748818085,10321.1
7822.426774420419,11021.2
7822.637800022753,10339.2
7822.848825625087,10377.9
7823.059851227421,10320.8
7823.270876829755,9943.38
7823.481902432089,9985.51
7823.692928034423,10799.6
7823.903953636756,10255.1
7824.114979239091,10199.7
7824.326004841425,10459.6
7824.537030443758,10229.3
7824.748056046093,10322.9
7824.959081648427,10156.5
7825.17010725076,10626.8
7825.381132853095,10061.5
7825.592158455429,9962.5
7825.803184057762,10481.5
7826.014209660097,10545.4
7826.225235262431,10147.8
7826.436260864764,10113.1
7826.647286467099,10227.3
7826.858312069432,10376.0
7827.069337671766,10276.9
7827.280363274101,9925.15
7827.491388876434,9369.69
7827.702414478768,9519.69
7827.913440081103,9671.33
7828.124465683436,9692.1
7828.33549128577,8882.38
7828.546516888104,9349.49
7828.757542490438,10109.6
7828.968568092772,9726.71
7829.179593695106,9733.01
7829.39061929744,9437.76
7829.601644899774,9393.88
7829.812670502108,9642.79
7830.023696104442,9015.66
7830.234721706776,8868.55
7830.44574730911,9825.89
7830.656772911444,9592.99
7830.867798513777,9568.31
7831.078824116112,8849.66
7831.289849718446,8834.21
7831.500875320779,9661.19
7831.711900923114,8898.16
7831.922926525448,9175.27
7832.133952127781,9954.64
7832.344977730116,9340.33
7832.556003332449,9428.51
7832.767028934783,8952.31
7832.978054537118,9122.02
7833.189080139451,8954.27
7833.400105741785,8872.86
7833.61113134412,9298.4
7833.822156946453,9075.96
7834.033182548787,9314.29
7834.244208151122,9429.68
7834.455233753455,9301.68
7834.666259355789,9238.08
7834.877284958124,9217.11
7835.088310560457,9296.82
7835.299336162791,8831.34
7835.510361765125,9311.48
7835.721387367459,8918.96
7835.932412969793,8457.24
7836.143438572127,9237.93
7836.354464174461,9064.57
7836.565489776795,8672.86
7836.776515379129,9041.74
7836.987540981463,8954.67
7837.1985665837965,8461.71
7837.409592186131,8806.77
7837.620617788465,8658.06
7837.8316433907985,8200.48
7838.042668993133,8101.16
7838.253694595467,8361.42
7838.4647201978005,8424.88
7838.675745800135,8631.7
7838.886771402469,8745.13
7839.0977970048025,8386.17
7839.308822607137,8176.06
7839.51984820947,8178.64
7839.7308738118045,8719.02
7839.941899414139,8591.98
7840.152925016472,8253.07
7840.3639506188065,8480.51
7840.574976221141,8271.3
7840.786001823474,7814.17
7840.9970274258085,8093.88
7841.208053028143,8071.56
7841.419078630476,8076.54
7841.6301042328105,8487.29
7841.841129835144,8003.77
7842.052155437478,7791.64
7842.2631810398125,8042.93
7842.474206642146,8045.41
7842.68523224448,7502.59
7842.8962578468145,7708.36
7843.107283449148,8048.09
7843.318309051482,8431.17
7843.5293346538165,8136.44
7843.74036025615,8282.05
7843.951385858484,7491.99
7844.162411460818,7658.42
7844.373437063152,7636.7
7844.584462665486,8004.57
7844.79548826782,7673.99
7845.006513870154,7220.14
7845.217539472488,7484.01
7845.428565074822,7107.04
7845.639590677156,6987.74
7845.850616279489,7469.35
7846.061641881824,7218.26
7846.272667484158,7417.57
7846.483693086491,7710.17
7846.694718688826,7473.6
7846.90574429116,7221.33
7847.116769893493,7148.19
7847.327795495828,7757.8
7847.538821098162,6879.77
7847.749846700495,6883.31
7847.96087230283,7141.83
7848.171897905163,6855.56
7848.382923507497,7591.3
7848.593949109832,7187.03
7848.804974712165,7128.84
7849.016000314499,6929.99
7849.227025916834,6288.18
7849.438051519167,6580.23
7849.649077121501,6824.31
7849.860102723836,6827.87
7850.071128326169,6962.6
7850.282153928503,7002.75
7850.493179530837,6995.93
7850.704205133171,7252.39
7850.915230735505,6992.91
7851.126256337839,7245.49
7851.337281940173,7216.79
7851.548307542507,6970.85
7851.759333144841,7184.47
7851.970358747175,7188.73
7852.181384349509,7449.85
7852.392409951843,7370.41
7852.603435554177,6992.53
7852.81446115651,6976.98
7853.025486758845,6960.84
7853.236512361179,7001.08
7853.447537963512,7121.08
7853.658563565847,6744.29
7853.869589168181,6406.53
7854.080614770514,6877.89
7854.291640372849,7024.6
7854.502665975182,6519.72
7854.713691577516,6411.16
7854.924717179851,5779.43
7855.135742782184,6352.9
7855.346768384518,6676.01
7855.557793986853,6428.86
7855.768819589186,6581.54
7855.97984519152,6521.09
7856.190870793855,6405.96
7856.401896396188,6515.52
7856.612921998522,6459.47
7856.823947600856,6539.55
7857.03497320319,5857.99
7857.245998805524,6203.43
7857.457024407858,6075.2
7857.668050010192,6084.48
7857.879075612526,6793.81
7858.09010121486,6289.09
7858.301126817194,6471.68
7858.512152419528,6789.51
7858.723178021862,5888.28
7858.934203624196,5571.65
7859.145229226529,5876.7
7859.356254828864,5759.28
7859.567280431198,5396.89
7859.778306033531,5931.59
7859.989331635866,6202.7
7860.2003572382,5857.97
7860.411382840533,5197.95
7860.622408442868,5238.13
7860.833434045202,5971.86
7861.044459647535,5961.6
7861.25548524987,6240.51
7861.466510852203,5893.78
7861.677536454537,5512.22
7861.888562056872,5710.77
7862.099587659205,6501.48
7862.310613261539,5721.2
7862.521638863874,5652.66
7862.732664466207,5496.68
7862.943690068541,5674.78
7863.154715670875,5749.83
7863.365741273209,5461.51
7863.576766875543,5928.17
7863.787792477877,5207.11
7863.998818080211,4892.14
7864.209843682545,5610.24
7864.420869284879,5127.34
7864.631894887213,5100.84
7864.842920489547,5535.0
7865.053946091881,5172.6
7865.264971694215,5542.3
7865.4759972965485,5643.4
7865.687022898883,5754.47
7865.898048501217,5147.16
7866.1090741035505,5155.05
7866.320099705885,5879.73
7866.531125308219,5559.34
7866.7421509105525,5027.53
7866.953176512887,5089.79
7867.16420211522,5574.39
7867.3752277175545,4737.78
7867.586253319889,5320.52
7867.797278922222,4704.96
7868.0083045245565,5560.54
7868.219330126891,5150.85
7868.430355729224,4701.7
7868.6413813315585,5461.38
7868.852406933893,5180.93
7869.063432536226,5048.88
7869.2744581385605,5385.75
7869.485483740895,5320.13
7869.696509343228,5446.27
7869.9075349455625,5407.96
7870.118560547896,4818.96
7870.32958615023,4345.04
7870.5406117525645,4631.95
7870.751637354898,4646.27
7870.962662957232,5062.45
7871.1736885595665,5011.98
7871.3847141619,4713.14
7871.595739764234,4407.22
7871.806765366568,4883.3
7872.017790968902,4792.08
7872.228816571236,4737.71
7872.43984217357,5094.03
7872.650867775904,5031.29
7872.861893378238,4743.09
7873.072918980572,5187.44
7873.283944582906,4402.63
7873.49497018524,4190.18
7873.705995787574,4699.76
7873.917021389908,4939.78
7874.128046992241,4872.0
7874.339072594576,4790.29
7874.55009819691,4112.11
7874.761123799243,4238.68
7874.972149401578,3973.16
7875.183175003912,4038.55
7875.394200606245,4282.64
7875.60522620858,3890.24
7875.816251810913,3721.52
7876.027277413247,4526.96
7876.238303015582,4177.68
7876.449328617915,4067.33
7876.660354220249,4049.03
7876.871379822584,3688.19
7877.082405424917,4207.25
7877.293431027251,3239.79
7877.504456629586,4097.56
7877.715482231919,4499.19
7877.926507834253,3918.01
7878.137533436588,3465.93
7878.348559038921,4460.78
7878.559584641255,3999.23
7878.770610243589,4355.22
7878.981635845923,3889.28
7879.192661448257,3990.62
7879.403687050591,4566.28
7879.614712652925,4590.62
7879.825738255259,4039.06
7880.036763857593,3952.83
7880.247789459927,3705.0
7880.45881506226,3600.81
7880.669840664595,3848.53
7880.880866266929,4428.68
7881.091891869262,4023.78
7881.302917471597,3700.78
7881.513943073931,3547.41
7881.724968676264,3356.86
7881.935994278599,3393.53
7882.147019880933,4137.59
7882.358045483266,3974.12
7882.569071085601,3575.5
7882.780096687934,3543.66
7882.991122290268,3624.86
7883.202147892603,3151.87
7883.413173494936,3752.56
7883.62419909727,3301.73
7883.835224699605,4040.55
7884.046250301938,3768.46
7884.257275904272,3066.29
7884.468301506607,3423.79
7884.67932710894,3171.35
7884.890352711274,2757.19
7885.101378313608,3451.03
7885.312403915942,4082.72
7885.523429518276,2780.47
7885.73445512061,3093.03
7885.945480722944,2542.85
7886.156506325278,2930.11
7886.367531927612,3105.11
7886.578557529946,3646.08
7886.78958313228,2953.19
7887.000608734614,3182.87
7887.211634336948,3188.38
7887.422659939281,3219.77
7887.633685541616,2665.36
7887.84471114395,2567.24
7888.055736746283,3222.39
7888.266762348618,3622.9
7888.477787950952,2955.78
7888.688813553285,2666.42
7888.89983915562,2997.19
7889.110864757953,2934.83
7889.321890360287,2897.49
7889.532915962622,3207.22
7889.743941564955,3005.79
7889.954967167289,3448.76
7890.165992769624,3250.4
7890.377018371957,2560.41
7890.588043974291,2727.27
7890.799069576626,2824.89
7891.010095178959,3097.24
7891.221120781293,3100.74
7891.432146383627,2713.05
7891.643171985961,3130.98
7891.854197588295,3065.44
7892.065223190629,2712.71
7892.276248792963,2616.92
7892.487274395297,2465.31
7892.698299997631,2779.18
7892.909325599965,2852.16
7893.120351202299,2819.77
7893.331376804633,3113.07
7893.542402406967,2621.0
7893.7534280093005,2832.14
7893.964453611635,2630.11
7894.175479213969,2742.95
7894.3865048163025,3119.87
7894.597530418637,3163.85
7894.808556020971,2035.95
7895.0195816233045,2201.57
7895.230607225639,2918.93
7895.441632827973,2385.45
7895.6526584303065,2903.92
7895.863684032641,2202.09
