6488.1794933114,51269.1
6488.358874695553,51215.7
6488.538256079705,51067.9
6488.717637463858,50777.4
6488.897018848012,50802.6
6489.076400232164,51467.9
6489.255781616317,52261.5
6489.43516300047,52596.7
6489.614544384623,52827.3
6489.793925768776,53258.4
6489.973307152929,53754.3
6490.152688537081,53781.0
6490.3320699212345,54443.3
6490.511451305388,55412.9
6490.69083268954,54884.0
6490.870214073693,54584.3
6491.049595457846,56609.0
6491.228976842,55980.4
6491.408358226152,54966.1
6491.587739610305,56593.9
6491.767120994458,57777.6
6491.946502378611,57572.7
6492.125883762764,57918.7
6492.305265146917,58147.4
6492.484646531069,57284.6
6492.6640279152225,57657.5
6492.843409299376,57895.4
6493.022790683528,57427.3
6493.202172067681,58037.3
6493.381553451834,58715.3
6493.560934835987,59286.7
6493.74031622014,60198.5
6493.919697604293,60830.1
6494.099078988445,61096.9
6494.278460372599,60369.7
6494.457841756752,61425.2
6494.637223140904,61728.1
6494.816604525057,61526.2
6494.9959859092105,61825.3
6495.175367293363,62317.8
6495.354748677516,63187.8
6495.534130061669,63858.9
6495.7135114458215,62663.3
6495.892892829975,62263.5
6496.072274214128,62743.8
6496.251655598281,64460.7
6496.431036982433,65176.2
6496.610418366587,64668.4
6496.78979975074,65678.0
6496.969181134892,67800.6
6497.148562519045,67409.7
6497.3279439031985,65417.5
6497.507325287351,65384.8
6497.686706671504,66400.0
6497.866088055657,67163.5
6498.0454694398095,67992.5
6498.224850823963,68756.6
6498.404232208116,68839.8
6498.583613592268,68960.6
6498.762994976421,69709.9
6498.942376360575,69797.3
6499.121757744727,71066.5
6499.30113912888,70663.2
6499.480520513033,70716.6
6499.659901897186,71173.5
6499.839283281339,71221.9
6500.018664665492,71569.2
6500.198046049644,71654.6
6500.3774274337975,72065.6
6500.556808817951,72972.0
6500.736190202103,73609.1
6500.915571586256,73906.8
6501.094952970409,73065.1
6501.274334354562,73038.3
6501.453715738715,74013.6
6501.633097122868,74986.8
6501.812478507021,76406.2
6501.991859891174,75996.3
6502.171241275327,76331.4
6502.35062265948,76835.2
6502.530004043632,77373.8
6502.7093854277855,77290.9
6502.888766811939,77251.2
6503.068148196091,78039.1
6503.247529580244,78903.1
6503.426910964397,79127.5
6503.60629234855,78995.4
6503.785673732703,78554.3
6503.965055116856,78709.0
6504.144436501008,79229.2
6504.323817885162,79581.1
6504.503199269315,79848.3
6504.682580653467,80874.7
6504.86196203762,81892.0
6505.0413434217735,81868.6
6505.220724805926,82666.6
6505.400106190079,82895.6
6505.579487574232,83204.3
6505.7588689583845,83544.4
6505.938250342538,82322.1
6506.117631726691,83597.0
6506.297013110843,84988.8
6506.476394494996,83640.9
6506.65577587915,84789.1
6506.835157263303,86157.9
6507.014538647455,86444.3
6507.193920031608,85907.0
6507.3733014157615,86275.6
6507.552682799914,87669.7
6507.732064184067,87568.3
6507.91144556822,86333.6
6508.0908269523725,86971.1
6508.270208336526,89004.6
6508.449589720679,89594.1
6508.628971104831,89601.0
6508.808352488984,89534.5
6508.987733873138,89138.2
6509.16711525729,89540.8
6509.346496641443,89557.9
6509.525878025596,89566.3
6509.705259409749,91135.0
6509.884640793902,92560.2
6510.064022178055,92287.3
6510.243403562207,92312.1
6510.4227849463605,91659.5
6510.602166330514,93228.6
6510.781547714666,93570.1
6510.960929098819,94776.8
6511.140310482972,95897.5
6511.319691867125,94917.6
6511.499073251278,94502.4
6511.678454635431,95190.5
6511.857836019584,94474.8
6512.037217403737,94807.4
6512.21659878789,96203.6
6512.395980172043,96903.2
6512.575361556195,96877.0
6512.7547429403485,96943.3
6512.934124324502,98351.4
6513.113505708654,99643.2
6513.292887092807,99706.1
6513.47226847696,99866.8
6513.651649861113,99391.1
6513.831031245266,100940.0
6514.010412629419,101115.0
6514.189794013571,101618.0
6514.369175397725,101737.0
6514.548556781878,99819.2
6514.72793816603,98199.9
6514.907319550183,99271.4
6515.0867009343365,102085.0
6515.266082318489,104036.0
6515.445463702642,103447.0
6515.624845086795,104616.0
6515.8042264709475,105423.0
6515.983607855101,105026.0
6516.162989239254,104615.0
6516.342370623406,102177.0
6516.521752007559,100194.0
6516.701133391713,102200.0
6516.880514775865,105087.0
6517.059896160018,105901.0
6517.239277544171,106060.0
6517.4186589283245,108011.0
6517.598040312477,109702.0
6517.77742169663,110182.0
6517.956803080783,110991.0
6518.1361844649355,111097.0
6518.315565849089,110722.0
6518.494947233242,110943.0
6518.674328617394,111339.0
6518.853710001547,112422.0
6519.033091385701,113087.0
6519.212472769853,112108.0
6519.391854154006,112975.0
6519.571235538159,114007.0
6519.750616922312,113924.0
6519.929998306465,115748.0
6520.109379690618,116405.0
6520.28876107477,114852.0
6520.4681424589235,115140.0
6520.647523843077,115987.0
6520.826905227229,117246.0
6521.006286611382,117135.0
6521.185667995535,116223.0
6521.365049379688,116598.0
6521.544430763841,117711.0
6521.723812147994,119518.0
6521.903193532146,120449.0
6522.0825749163,119833.0
6522.261956300453,120004.0
6522.441337684606,121257.0
6522.620719068758,121731.0
6522.8001004529115,122003.0
6522.979481837065,122098.0
6523.158863221217,123673.0
6523.33824460537,123707.0
6523.517625989523,122857.0
6523.697007373676,122908.0
6523.876388757829,123269.0
6524.055770141982,124314.0
6524.235151526134,125947.0
6524.414532910288,126065.0
6524.593914294441,125962.0
6524.773295678593,126816.0
6524.952677062746,127734.0
6525.1320584468995,127714.0
6525.311439831052,128408.0
6525.490821215205,129024.0
6525.670202599358,128607.0
6525.8495839835105,128741.0
6526.028965367664,130341.0
6526.208346751817,131282.0
6526.387728135969,130248.0
6526.567109520122,130174.0
6526.746490904276,131370.0
6526.925872288428,132748.0
6527.105253672581,131597.0
6527.284635056734,132257.0
6527.464016440887,133393.0
6527.64339782504,133853.0
6527.822779209193,134438.0
6528.002160593346,134235.0
6528.1815419774985,133520.0
6528.360923361652,133365.0
6528.540304745805,134686.0
6528.719686129957,135217.0
6528.89906751411,134865.0
6529.078448898264,134822.0
6529.257830282416,134834.0
6529.437211666569,135543.0
6529.616593050722,135976.0
6529.795974434875,137238.0
6529.975355819028,139433.0
6530.154737203181,139341.0
6530.334118587333,138831.0
6530.513499971486,138340.0
6530.69288135564,138710.0
6530.872262739792,140098.0
6531.051644123945,141371.0
6531.231025508098,140735.0
6531.410406892251,141078.0
6531.589788276404,141860.0
6531.769169660557,141918.0
6531.948551044709,141777.0
6532.127932428863,141271.0
6532.307313813016,141278.0
6532.486695197168,141144.0
6532.666076581321,142751.0
6532.845457965474,145195.0
6533.024839349628,145933.0
6533.20422073378,144345.0
6533.383602117933,144464.0
6533.562983502086,147007.0
6533.742364886239,147293.0
6533.921746270392,146048.0
6534.101127654545,145719.0
6534.280509038697,144985.0
6534.459890422851,146575.0
6534.639271807004,147837.0
6534.818653191156,149278.0
6534.998034575309,149875.0
6535.177415959462,151667.0
6535.356797343615,152153.0
6535.536178727768,150956.0
6535.715560111921,150668.0
6535.894941496073,151505.0
6536.074322880227,151957.0
6536.25370426438,152633.0
6536.433085648532,153656.0
6536.612467032685,152150.0
6536.791848416839,151143.0
6536.971229800991,152894.0
6537.150611185144,153125.0
6537.329992569297,154604.0
6537.5093739534495,156639.0
6537.688755337603,156478.0
6537.868136721756,156902.0
6538.047518105908,158513.0
6538.226899490061,158783.0
6538.406280874215,157860.0
6538.585662258368,156507.0
6538.76504364252,156847.0
6538.944425026673,158800.0
6539.123806410827,159236.0
6539.303187794979,159767.0
6539.482569179132,158812.0
6539.661950563285,158175.0
6539.8413319474375,158628.0
6540.020713331591,160498.0
6540.200094715744,162337.0
6540.379476099896,161969.0
6540.558857484049,160878.0
6540.738238868203,161666.0
6540.917620252355,163068.0
6541.097001636508,162971.0
6541.276383020661,162533.0
6541.455764404814,160551.0
6541.635145788967,162350.0
6541.81452717312,163629.0
6541.993908557272,164307.0
6542.1732899414255,163372.0
6542.352671325579,162058.0
6542.532052709731,163423.0
6542.711434093884,164945.0
6542.890815478037,164894.0
6543.07019686219,165468.0
6543.249578246343,165854.0
6543.428959630496,165745.0
6543.608341014649,163393.0
6543.787722398802,160580.0
6543.967103782955,161046.0
6544.146485167108,164328.0
6544.32586655126,167776.0
6544.5052479354135,169226.0
6544.684629319567,169134.0
6544.864010703719,168953.0
6545.043392087872,168697.0
6545.222773472025,168629.0
6545.402154856178,169227.0
6545.581536240331,169754.0
6545.760917624484,169999.0
6545.940299008636,169983.0
6546.11968039279,170794.0
6546.299061776943,172497.0
6546.478443161095,173391.0
6546.657824545248,172935.0
6546.8372059294015,173729.0
6547.016587313554,173905.0
6547.195968697707,172301.0
6547.37535008186,171740.0
6547.5547314660125,171802.0
6547.734112850166,171859.0
6547.913494234319,172115.0
6548.092875618471,172127.0
6548.272257002624,172018.0
6548.451638386778,172031.0
6548.63101977093,172560.0
6548.810401155083,173145.0
6548.989782539236,174514.0
6549.1691639233895,176201.0
6549.348545307542,176446.0
6549.527926691695,176142.0
6549.707308075848,176469.0
6549.8866894600005,178006.0
6550.066070844154,179182.0
6550.245452228307,177211.0
6550.424833612459,177249.0
6550.604214996612,179453.0
6550.783596380766,179071.0
6550.962977764918,177348.0
6551.142359149071,178727.0
6551.321740533224,179279.0
6551.501121917377,180262.0
6551.68050330153,181459.0
6551.859884685683,180337.0
6552.039266069835,179977.0
6552.2186474539885,180087.0
6552.398028838142,177870.0
6552.577410222294,176550.0
6552.756791606447,177175.0
6552.9361729906,179551.0
6553.115554374753,182732.0
6553.294935758906,185240.0
6553.474317143059,185186.0
6553.653698527211,184491.0
6553.833079911365,183015.0
6554.012461295518,185156.0
6554.191842679671,188633.0
6554.371224063823,188988.0
6554.5506054479765,187854.0
6554.72998683213,188227.0
6554.909368216282,189726.0
6555.088749600435,190349.0
6555.268130984588,190097.0
6555.447512368741,191431.0
6555.626893752894,192880.0
6555.806275137047,195728.0
6555.985656521199,200149.0
6556.165037905353,201010.0
6556.344419289506,204461.0
6556.523800673658,210195.0
6556.703182057811,217749.0
6556.8825634419645,223245.0
6557.061944826117,227527.0
6557.24132621027,237446.0
6557.420707594423,254113.0
6557.6000889785755,270970.0
6557.779470362729,285150.0
6557.958851746882,301414.0
6558.138233131034,319417.0
6558.317614515187,339847.0
6558.496995899341,364922.0
6558.676377283493,393418.0
6558.855758667646,422349.0
6559.035140051799,449637.0
6559.214521435952,480755.0
6559.393902820105,514172.0
6559.573284204258,539857.0
6559.752665588411,563901.0
6559.9320469725635,584681.0
6560.111428356717,593155.0
6560.29080974087,591728.0
6560.470191125022,584268.0
6560.649572509175,572587.0
6560.828953893329,552371.0
6561.008335277481,527946.0
6561.187716661634,507452.0
6561.367098045787,484221.0
6561.54647942994,451010.0
6561.725860814093,402379.0
6561.905242198246,343322.0
6562.084623582398,272885.0
6562.2640049665515,213361.0
6562.443386350705,177634.0
6562.622767734857,164794.0
6562.80214911901,168999.0
6562.981530503163,186757.0
6563.160911887316,221829.0
6563.340293271469,271386.0
6563.519674655622,329232.0
6563.699056039774,389656.0
6563.878437423928,438655.0
6564.057818808081,473933.0
6564.237200192233,498260.0
6564.416581576386,523187.0
6564.5959629605395,543330.0
6564.775344344693,554474.0
6564.954725728845,564003.0
6565.134107112998,568130.0
6565.313488497151,569010.0
6565.492869881304,559575.0
6565.672251265457,545645.0
6565.85163264961,536125.0
6566.031014033762,521747.0
6566.210395417916,495668.0
6566.389776802069,466128.0
6566.569158186221,440611.0
6566.748539570374,415772.0
6566.9279209545275,395885.0
6567.10730233868,373801.0
6567.286683722833,354733.0
6567.466065106986,328581.0
6567.6454464911385,309898.0
6567.824827875292,296790.0
6568.004209259445,286288.0
6568.183590643597,270918.0
6568.36297202775,255907.0
6568.542353411904,241474.0
6568.721734796056,233680.0
6568.901116180209,230776.0
6569.080497564362,224577.0
6569.259878948515,217688.0
6569.439260332668,213927.0
6569.618641716821,211753.0
6569.798023100974,209435.0
6569.9774044851265,208583.0
6570.15678586928,206882.0
6570.336167253433,205138.0
6570.515548637585,202972.0
6570.694930021738,203016.0
6570.874311405892,203070.0
6571.053692790044,203152.0
6571.233074174197,202823.0
6571.41245555835,202818.0
6571.591836942503,202046.0
6571.771218326656,199600.0
6571.950599710809,197338.0
6572.129981094961,196701.0
6572.3093624791145,198193.0
6572.488743863268,199639.0
6572.66812524742,200674.0
6572.847506631573,201292.0
6573.026888015726,199561.0
6573.206269399879,199116.0
6573.385650784032,199955.0
6573.565032168185,201390.0
6573.744413552337,202645.0
6573.923794936491,202670.0
6574.103176320644,201658.0
6574.282557704796,200602.0
6574.461939088949,199943.0
6574.6413204731025,198145.0
6574.820701857256,198030.0
6575.000083241408,194814.0
6575.179464625561,196777.0
6575.358846009714,198416.0
6575.538227393867,199609.0
6575.71760877802,199853.0
6575.896990162173,198788.0
6576.076371546325,200751.0
6576.255752930479,202511.0
6576.435134314632,200735.0
6576.614515698784,199488.0
6576.793897082937,200000.0
6576.9732784670905,197471.0
6577.152659851243,197519.0
6577.332041235396,198188.0
6577.511422619549,199023.0
6577.6908040037015,197654.0
6577.870185387855,195636.0
6578.049566772008,196970.0
6578.22894815616,197903.0
6578.408329540313,199306.0
6578.587710924467,200446.0
6578.767092308619,197962.0
6578.946473692772,198507.0
6579.125855076925,199109.0
6579.305236461078,198452.0
6579.484617845231,200332.0
6579.663999229384,201406.0
6579.843380613536,201824.0
6580.0227619976895,201936.0
6580.202143381843,200794.0
6580.381524765996,201628.0
6580.560906150148,201565.0
6580.740287534301,200376.0
6580.919668918455,202057.0
6581.099050302607,205163.0
6581.27843168676,202852.0
6581.457813070913,200416.0
6581.637194455066,200435.0
6581.816575839219,202383.0
6581.995957223372,200797.0
6582.175338607524,200765.0
6582.3547199916775,201613.0
6582.534101375831,203569.0
6582.713482759983,203136.0
6582.892864144136,199525.0
6583.072245528289,199427.0
6583.251626912442,200730.0
6583.431008296595,201452.0
6583.610389680748,201156.0
6583.7897710649,200958.0
6583.969152449054,203757.0
6584.148533833207,205588.0
6584.327915217359,203236.0
6584.507296601512,203426.0
6584.6866779856655,205933.0
6584.866059369818,203988.0
6585.045440753971,202786.0
6585.224822138124,203093.0
6585.404203522277,204377.0
6585.58358490643,207134.0
6585.762966290583,206873.0
6585.942347674736,206374.0
6586.121729058888,206689.0
6586.301110443042,205039.0
6586.480491827195,203914.0
6586.659873211347,204812.0
6586.8392545955,207357.0
6587.0186359796535,204788.0
6587.198017363806,206052.0
6587.377398747959,207329.0
6587.556780132112,207289.0
6587.7361615162645,208021.0
6587.915542900418,209445.0
6588.094924284571,209429.0
6588.274305668723,209547.0
6588.453687052876,209050.0
6588.63306843703,206470.0
6588.812449821182,205807.0
6588.991831205335,207075.0
6589.171212589488,207079.0
6589.350593973641,206548.0
6589.529975357794,207790.0
6589.709356741947,209393.0
6589.888738126099,209007.0
6590.0681195102525,209503.0
6590.247500894406,207780.0
6590.426882278558,207374.0
6590.606263662711,209666.0
6590.785645046864,211565.0
6590.965026431018,209371.0
6591.14440781517,209047.0
6591.323789199323,209395.0
6591.503170583476,208708.0
6591.682551967629,209279.0
6591.861933351782,211132.0
6592.041314735935,209355.0
6592.220696120087,210150.0
6592.4000775042405,208905.0
6592.579458888394,209058.0
6592.758840272546,208606.0
6592.938221656699,208846.0
6593.117603040852,209514.0
6593.296984425005,210584.0
6593.476365809158,210263.0
6593.655747193311,210435.0
6593.835128577463,210573.0
6594.014509961617,209726.0
6594.19389134577,208487.0
6594.373272729922,208256.0
6594.552654114075,209653.0
6594.7320354982285,210181.0
6594.911416882381,210305.0
6595.090798266534,209010.0
6595.270179650687,209713.0
6595.4495610348395,208912.0
6595.628942418993,207672.0
6595.808323803146,209729.0
6595.987705187299,211164.0
6596.167086571451,208902.0
6596.346467955605,208193.0
6596.525849339758,210172.0
6596.70523072391,208234.0
6596.884612108063,208307.0
6597.0639934922165,209557.0
6597.243374876369,209893.0
6597.422756260522,209451.0
6597.602137644675,208417.0
6597.7815190288275,208863.0
6597.960900412981,208492.0
6598.140281797134,211613.0
6598.319663181286,211530.0
6598.499044565439,210754.0
6598.678425949593,208929.0
6598.857807333745,208894.0
6599.037188717898,207010.0
6599.216570102051,207404.0
6599.395951486204,208867.0
6599.575332870357,208860.0
6599.75471425451,208676.0
6599.934095638662,209985.0
6600.1134770228155,209129.0
6600.292858406969,207533.0
6600.472239791121,209705.0
6600.651621175274,210451.0
6600.831002559427,209656.0
6601.01038394358,209548.0
6601.189765327733,210098.0
6601.369146711886,209923.0
6601.548528096039,207785.0
6601.727909480192,207910.0
6601.907290864345,207313.0
6602.086672248498,205658.0
6602.26605363265,206058.0
6602.4454350168035,208259.0
6602.624816400957,208474.0
6602.804197785109,208306.0
6602.983579169262,209604.0
6603.162960553415,208533.0
6603.342341937568,209973.0
6603.521723321721,209006.0
6603.701104705874,207971.0
6603.880486090026,209486.0
6604.05986747418,209383.0
6604.239248858333,206901.0
6604.418630242485,210151.0
6604.598011626638,209103.0
6604.7773930107915,206563.0
6604.956774394944,207374.0
6605.136155779097,207600.0
6605.31553716325,209188.0
6605.494918547402,208029.0
6605.674299931556,205741.0
6605.853681315709,204503.0
6606.033062699861,206219.0
6606.212444084014,208582.0
6606.391825468168,208772.0
6606.571206852321,208475.0
6606.750588236473,208537.0
6606.929969620626,206489.0
6607.1093510047795,205664.0
6607.288732388932,207257.0
6607.468113773085,207382.0
6607.647495157238,205710.0
6607.82687654139,205136.0
6608.006257925544,206603.0
6608.185639309697,206812.0
6608.365020693849,207224.0
6608.544402078002,207970.0
6608.723783462156,206403.0
6608.903164846308,205987.0
6609.082546230461,205405.0
6609.261927614614,205000.0
6609.4413089987665,206052.0
6609.62069038292,206674.0
6609.800071767073,207102.0
6609.979453151225,206197.0
6610.158834535378,205487.0
6610.338215919532,205845.0
6610.517597303684,205375.0
6610.696978687837,205610.0
6610.87636007199,204044.0
6611.055741456143,202806.0
6611.235122840296,204433.0
6611.414504224449,204737.0
6611.593885608601,204571.0
6611.7732669927545,205050.0
6611.952648376908,205666.0
6612.132029761061,204794.0
6612.311411145213,202968.0
6612.490792529366,203009.0
6612.67017391352,204367.0
6612.849555297672,203392.0
6613.028936681825,202777.0
6613.208318065978,201314.0
6613.387699450131,200064.0
6613.567080834284,195792.0
6613.746462218437,197518.0
6613.925843602589,199462.0
6614.1052249867425,200131.0
6614.284606370896,201056.0
6614.463987755048,200590.0
6614.643369139201,200530.0
6614.822750523354,200978.0
6615.002131907507,201960.0
6615.18151329166,201354.0
6615.360894675813,200204.0
6615.540276059965,200611.0
6615.719657444119,200856.0
6615.899038828272,199928.0
6616.078420212424,201924.0
6616.257801596577,201644.0
6616.4371829807305,199538.0
6616.616564364883,198999.0
6616.795945749036,199103.0
6616.975327133189,198377.0
6617.154708517342,200739.0
6617.334089901495,201778.0
6617.513471285648,200846.0
6617.692852669801,200776.0
6617.872234053953,202191.0
6618.051615438107,202952.0
6618.23099682226,200475.0
6618.410378206412,198530.0
6618.589759590565,197872.0
6618.7691409747185,197793.0
6618.948522358871,199148.0
6619.127903743024,198741.0
6619.307285127177,197582.0
6619.4866665113295,200381.0
6619.666047895483,200035.0
6619.845429279636,197932.0
6620.024810663788,197377.0
6620.204192047941,196050.0
6620.383573432095,198016.0
6620.562954816247,198114.0
6620.7423362004,196945.0
6620.921717584553,198132.0
6621.101098968706,197745.0
6621.280480352859,198719.0
6621.459861737012,197003.0
6621.639243121164,197883.0
6621.8186245053175,196641.0
6621.998005889471,196387.0
6622.177387273623,196592.0
6622.356768657776,196871.0
6622.536150041929,197384.0
6622.715531426083,196928.0
6622.894912810235,197292.0
6623.074294194388,197039.0
6623.253675578541,195201.0
6623.433056962694,194109.0
6623.612438346847,194795.0
6623.791819731,195565.0
6623.971201115152,194282.0
6624.1505824993055,195808.0
6624.329963883459,194857.0
6624.509345267611,195164.0
6624.688726651764,192346.0
6624.868108035917,193498.0
6625.04748942007,195122.0
6625.226870804223,194716.0
6625.406252188376,192211.0
6625.585633572528,192487.0
6625.765014956682,192496.0
6625.944396340835,191902.0
6626.123777724987,191389.0
6626.30315910914,194300.0
6626.4825404932935,192947.0
6626.661921877446,192666.0
6626.841303261599,192700.0
6627.020684645752,192446.0
6627.2000660299045,191078.0
6627.379447414058,191639.0
6627.558828798211,191026.0
6627.738210182364,190064.0
6627.917591566516,191701.0
6628.09697295067,192947.0
6628.276354334823,191473.0
6628.455735718975,191059.0
6628.635117103128,190901.0
6628.8144984872815,192317.0
6628.993879871434,192642.0
6629.173261255587,192140.0
6629.35264263974,191659.0
6629.5320240238925,190284.0
6629.711405408046,187917.0
6629.890786792199,189061.0
6630.070168176351,188654.0
6630.249549560504,187714.0
6630.428930944658,188847.0
6630.60831232881,190297.0
6630.787693712963,189642.0
6630.967075097116,190060.0
6631.146456481269,189328.0
6631.325837865422,186845.0
6631.505219249575,187049.0
6631.684600633727,187029.0
6631.8639820178805,187075.0
6632.043363402034,187102.0
6632.222744786186,187367.0
6632.402126170339,186073.0
6632.581507554492,185768.0
6632.760888938645,185966.0
6632.940270322798,185320.0
6633.119651706951,184235.0
6633.299033091104,184970.0
6633.478414475257,184894.0
6633.65779585941,185486.0
6633.837177243563,184424.0
6634.016558627715,184097.0
6634.1959400118685,183942.0
6634.375321396022,184342.0
6634.554702780174,183670.0
6634.734084164327,182425.0
6634.91346554848,181282.0
6635.092846932633,183727.0
6635.272228316786,186074.0
6635.451609700939,183321.0
6635.630991085091,182239.0
6635.810372469245,183017.0
6635.989753853398,183021.0
6636.16913523755,182561.0
6636.348516621703,181331.0
6636.5278980058565,181130.0
6636.707279390009,182455.0
6636.886660774162,180460.0
6637.066042158315,181334.0
6637.2454235424675,182029.0
6637.424804926621,181170.0
6637.604186310774,181859.0
6637.783567694927,181061.0
6637.962949079079,183091.0
6638.142330463233,181006.0
6638.321711847386,179442.0
6638.501093231538,179665.0
6638.680474615691,180344.0
6638.8598559998445,179032.0
6639.039237383997,179156.0
6639.21861876815,180182.0
6639.398000152303,179958.0
6639.5773815364555,178687.0
6639.756762920609,180338.0
6639.936144304762,178826.0
6640.115525688914,178453.0
6640.294907073067,178805.0
6640.474288457221,177385.0
6640.653669841373,176772.0
6640.833051225526,178350.0
6641.012432609679,177409.0
6641.191813993832,176302.0
6641.371195377985,178035.0
6641.550576762138,177164.0
6641.72995814629,177421.0
6641.9093395304435,175788.0
6642.088720914597,173704.0
6642.268102298749,174889.0
6642.447483682902,176399.0
6642.626865067055,176950.0
6642.806246451208,174926.0
6642.985627835361,171645.0
6643.165009219514,172694.0
6643.344390603666,175653.0
6643.52377198782,175392.0
6643.703153371973,173089.0
6643.882534756126,173126.0
6644.061916140278,172440.0
6644.2412975244315,173104.0
6644.420678908585,173900.0
6644.600060292737,175881.0
6644.77944167689,175516.0
6644.958823061043,171484.0
6645.138204445196,168633.0
6645.317585829349,171603.0
6645.496967213502,172754.0
6645.676348597654,172794.0
6645.855729981808,173146.0
6646.035111365961,172848.0
6646.214492750113,171460.0
6646.393874134266,171370.0
6646.5732555184195,170269.0
6646.752636902572,170706.0
6646.932018286725,171148.0
6647.111399670878,171278.0
6647.2907810550305,171481.0
6647.470162439184,168870.0
6647.649543823337,169043.0
6647.828925207489,168428.0
6648.008306591642,167946.0
6648.187687975796,167795.0
6648.367069359949,168428.0
6648.546450744101,168333.0
6648.725832128254,169653.0
6648.9052135124075,169105.0
6649.08459489656,167106.0
6649.263976280713,166174.0
6649.443357664866,166374.0
6649.6227390490185,167809.0
6649.802120433172,167065.0
6649.981501817325,167694.0
6650.160883201477,168471.0
6650.34026458563,165082.0
6650.519645969784,164895.0
6650.699027353936,165205.0
6650.878408738089,165912.0
6651.057790122242,165836.0
6651.237171506395,164771.0
6651.416552890548,163038.0
6651.595934274701,163550.0
6651.775315658853,162030.0
6651.9546970430065,161655.0
6652.13407842716,162660.0
6652.313459811312,163582.0
6652.492841195465,162878.0
6652.672222579618,162389.0
6652.851603963771,161395.0
6653.030985347924,161447.0
6653.210366732077,162106.0
6653.389748116229,160469.0
6653.569129500383,160186.0
6653.748510884536,160106.0
6653.927892268688,160670.0
6654.107273652841,160493.0
6654.2866550369945,158513.0
6654.466036421148,158408.0
6654.6454178053,159151.0
6654.824799189453,159068.0
6655.004180573606,158325.0
6655.183561957759,158359.0
6655.362943341912,156418.0
6655.542324726065,157955.0
6655.721706110217,158383.0
6655.901087494371,157621.0
6656.080468878524,156708.0
6656.259850262676,157504.0
6656.439231646829,156280.0
6656.6186130309825,157240.0
6656.797994415135,158573.0
6656.977375799288,156141.0
6657.156757183441,154832.0
6657.3361385675935,155595.0
6657.515519951747,156105.0
6657.6949013359,155909.0
6657.874282720052,156215.0
6658.053664104205,156070.0
6658.233045488359,154543.0
6658.412426872511,152147.0
6658.591808256664,153507.0
6658.771189640817,153543.0
6658.9505710249705,152718.0
6659.129952409123,151545.0
6659.309333793276,152676.0
6659.488715177429,153036.0
6659.6680965615815,151744.0
6659.847477945735,151878.0
6660.026859329888,152794.0
6660.20624071404,152219.0
6660.385622098193,150762.0
6660.565003482347,150075.0
6660.744384866499,148783.0
6660.923766250652,147417.0
6661.103147634805,148830.0
6661.282529018958,149921.0
6661.461910403111,148055.0
6661.641291787264,148307.0
6661.820673171416,150396.0
6662.0000545555695,149785.0
6662.179435939723,148856.0
6662.358817323875,147633.0
6662.538198708028,146366.0
6662.717580092181,146034.0
6662.896961476334,145941.0
6663.076342860487,146783.0
6663.25572424464,147377.0
6663.435105628792,146038.0
6663.614487012946,147075.0
6663.793868397099,145584.0
6663.973249781251,145330.0
6664.152631165404,144637.0
6664.3320125495575,145374.0
6664.51139393371,144968.0
6664.690775317863,143677.0
6664.870156702016,144032.0
6665.049538086169,142425.0
6665.228919470322,142979.0
6665.408300854475,142692.0
6665.587682238628,140948.0
6665.76706362278,140350.0
6665.946445006934,140994.0
6666.125826391087,142158.0
6666.305207775239,142282.0
6666.484589159392,141800.0
6666.6639705435455,141620.0
6666.843351927698,141281.0
6667.022733311851,139390.0
6667.202114696004,139687.0
6667.3814960801565,140726.0
6667.56087746431,140102.0
6667.740258848463,139163.0
6667.919640232615,139344.0
6668.099021616768,140089.0
6668.278403000922,140278.0
6668.457784385074,138258.0
6668.637165769227,137003.0
6668.81654715338,136982.0
6668.995928537533,138297.0
6669.175309921686,138278.0
6669.354691305839,136375.0
6669.534072689992,135731.0
6669.7134540741445,135379.0
6669.892835458298,136289.0
6670.072216842451,134700.0
6670.251598226603,133945.0
6670.430979610756,133453.0
6670.61036099491,133420.0
6670.789742379062,133536.0
6670.969123763215,131095.0
6671.148505147368,130270.0
6671.327886531521,130429.0
6671.507267915674,129751.0
6671.686649299827,130662.0
6671.866030683979,129193.0
6672.0454120681325,128096.0
6672.224793452286,128909.0
6672.404174836438,128816.0
6672.583556220591,128418.0
6672.762937604744,128205.0
6672.942318988897,126852.0
6673.12170037305,127539.0
6673.301081757203,127881.0
6673.480463141355,127012.0
6673.659844525509,126380.0
6673.839225909662,125025.0
6674.018607293814,123967.0
6674.197988677967,122980.0
6674.3773700621205,123948.0
6674.556751446273,123273.0
6674.736132830426,122217.0
6674.915514214579,122544.0
6675.094895598732,121165.0
6675.274276982885,120831.0
6675.453658367038,120601.0
6675.633039751191,119399.0
6675.812421135343,118927.0
6675.991802519497,118216.0
6676.17118390365,116263.0
6676.350565287802,114367.0
6676.529946671955,113751.0
6676.7093280561085,114488.0
6676.888709440261,112427.0
6677.068090824414,110098.0
6677.247472208567,108413.0
6677.426853592719,106302.0
6677.606234976873,104569.0
6677.785616361026,104557.0
6677.964997745178,103543.0
6678.144379129331,101882.0
6678.323760513485,104300.0
6678.503141897637,103433.0
6678.68252328179,102183.0
6678.861904665943,103646.0
6679.041286050096,106757.0
6679.220667434249,107537.0
6679.400048818402,108711.0
6679.579430202554,110333.0
6679.758811586707,109261.0
6679.938192970861,109914.0
6680.117574355014,110971.0
6680.296955739166,111113.0
6680.476337123319,110269.0
6680.655718507473,111157.0
6680.835099891625,111050.0
6681.014481275778,111895.0
6681.193862659931,111218.0
6681.373244044084,110777.0
6681.552625428237,110395.0
6681.73200681239,110781.0
6681.911388196542,110330.0
6682.090769580695,111237.0
6682.270150964849,110453.0
6682.449532349001,111635.0
6682.628913733154,110583.0
6682.808295117307,109983.0
6682.98767650146,109524.0
6683.167057885613,110040.0
6683.346439269766,110237.0
6683.525820653918,109219.0
6683.705202038072,108727.0
6683.884583422225,107979.0
6684.063964806377,107797.0
6684.24334619053,108303.0
6684.422727574683,108087.0
6684.602108958836,107279.0
6684.781490342989,107965.0
6684.960871727142,107350.0
6685.140253111294,107510.0
6685.319634495448,106590.0
6685.499015879601,105916.0
6685.678397263754,106957.0
6685.857778647906,107264.0
6686.03716003206,107037.0
6686.216541416213,107491.0
6686.395922800365,106180.0
6686.575304184518,106185.0
6686.754685568671,106339.0
6686.934066952824,105675.0
6687.113448336977,105526.0
6687.29282972113,105261.0
6687.472211105282,105203.0
6687.651592489436,104680.0
6687.830973873589,104228.0
6688.010355257741,103600.0
6688.189736641894,104041.0
6688.3691180260475,103333.0
6688.5484994102,103065.0
6688.727880794353,102063.0
6688.907262178506,102739.0
6689.0866435626585,102044.0
6689.266024946812,101740.0
6689.445406330965,101591.0
6689.624787715117,100893.0
6689.80416909927,100394.0
6689.983550483424,100553.0
6690.162931867576,100454.0
6690.342313251729,99847.9
6690.521694635882,100022.0
6690.7010760200355,97040.5
6690.880457404188,97809.4
6691.059838788341,97619.3
6691.239220172494,98202.4
6691.4186015566465,98723.1
6691.5979829408,97266.7
6691.777364324953,97586.9
6691.956745709105,96798.0
6692.136127093258,96674.6
6692.315508477412,95859.0
6692.494889861564,95106.0
6692.674271245717,95500.4
6692.85365262987,94988.0
6693.033034014023,94450.7
6693.212415398176,94774.5
6693.391796782329,94733.2
6693.571178166481,95318.1
6693.7505595506345,93205.8
6693.929940934788,92278.9
6694.10932231894,92967.9
6694.288703703093,91905.5
6694.468085087246,91861.2
6694.647466471399,92189.8
6694.826847855552,92276.5
6695.006229239705,91927.3
6695.185610623857,89542.3
6695.364992008011,89825.6
6695.544373392164,90372.8
6695.723754776316,89951.9
6695.903136160469,90712.1
6696.0825175446225,89237.2
6696.261898928776,89788.7
6696.441280312928,89211.1
6696.620661697081,89380.3
6696.800043081234,88803.8
6696.979424465387,87521.9
6697.15880584954,87013.8
6697.338187233693,87671.0
6697.517568617845,86691.9
6697.696950001999,87173.7
6697.876331386152,85672.5
6698.055712770304,84977.7
6698.235094154457,85310.4
6698.4144755386105,84071.8
6698.593856922763,83893.2
6698.773238306916,84894.7
6698.952619691069,83594.9
6699.1320010752215,83326.8
6699.311382459375,83612.7
6699.490763843528,82884.6
6699.67014522768,81202.4
6699.849526611833,82908.2
6700.028907995987,83654.5
6700.208289380139,81297.6
6700.387670764292,79952.4
6700.567052148445,80943.4
6700.746433532598,81795.4
6700.925814916751,80300.6
6701.105196300904,79631.0
6701.284577685057,79223.8
6701.4639590692095,79658.7
6701.643340453363,78570.3
6701.822721837516,78395.3
6702.002103221668,78082.7
6702.181484605821,76640.0
6702.360865989975,76697.7
6702.540247374127,77519.8
6702.71962875828,76659.1
6702.899010142433,76428.6
6703.078391526586,75821.1
6703.257772910739,76912.7
6703.437154294892,76653.9
6703.616535679044,76027.7
6703.7959170631975,75567.4
6703.975298447351,73810.3
6704.154679831503,73530.0
6704.334061215656,72888.0
6704.513442599809,72666.6
6704.692823983962,72969.9
6704.872205368115,73589.1
6705.051586752268,72504.6
6705.23096813642,71219.7
6705.410349520574,70647.7
6705.589730904727,71346.8
6705.769112288879,71777.7
6705.948493673032,71644.1
6706.1278750571855,70710.7
6706.307256441338,69482.4
6706.486637825491,69499.3
6706.666019209644,69373.5
6706.845400593797,69428.3
6707.02478197795,68669.0
6707.204163362103,68753.6
6707.383544746256,68366.7
6707.562926130408,68426.7
6707.742307514562,67607.7
6707.921688898715,65721.0
6708.101070282867,65289.7
6708.28045166702,66429.5
6708.4598330511735,65637.2
6708.639214435326,65235.1
6708.818595819479,64968.4
6708.997977203632,65106.1
6709.1773585877845,65818.2
6709.356739971938,65181.7
6709.536121356091,64202.2
6709.715502740243,64012.0
6709.894884124396,62857.3
6710.07426550855,62674.2
6710.253646892702,63035.0
6710.433028276855,62464.5
6710.612409661008,62033.2
6710.791791045161,61681.2
6710.971172429314,60323.1
6711.150553813467,60752.9
6711.329935197619,61174.1
6711.5093165817725,60937.1
6711.688697965926,61038.3
6711.868079350079,60947.8
6712.047460734231,60084.3
6712.226842118384,59527.4
6712.406223502538,59516.7
6712.58560488669,59042.1
6712.764986270843,58450.6
6712.944367654996,57938.9
6713.123749039149,57723.3
6713.303130423302,58100.2
6713.482511807455,57937.1
6713.661893191607,57622.8
6713.8412745757605,56390.6
6714.020655959914,56460.7
6714.200037344066,55520.4
6714.379418728219,55599.9
6714.558800112372,56186.7
6714.738181496525,54223.1
6714.917562880678,54437.0
6715.096944264831,54076.7
6715.276325648983,53320.6
6715.455707033137,53728.0
6715.63508841729,53147.0
6715.814469801442,53332.5
6715.993851185595,52517.0
6716.1732325697485,52685.2
6716.352613953901,52783.2
6716.531995338054,51236.7
6716.711376722207,51576.0
6716.8907581063595,51543.5
6717.070139490513,51919.8
6717.249520874666,52190.2
6717.428902258819,51123.4
6717.608283642971,50124.7
6717.787665027125,48756.5
6717.967046411278,49129.6
6718.14642779543,49567.6
6718.325809179583,48733.6
6718.5051905637365,48791.9
6718.684571947889,48558.6
6718.863953332042,48577.1
6719.043334716195,47306.5
6719.2227161003475,47514.3
6719.402097484501,46647.6
6719.581478868654,46699.3
6719.760860252806,46724.7
6719.940241636959,46856.9
6720.119623021113,45258.6
6720.299004405265,44997.3
6720.478385789418,44442.7
6720.657767173571,45205.5
6720.837148557724,44231.4
6721.016529941877,44268.9
6721.19591132603,44793.1
6721.375292710182,44296.9
6721.5546740943355,43361.5
6721.734055478489,43831.2
6721.913436862642,42973.8
6722.092818246794,43582.2
6722.272199630947,42676.6
6722.451581015101,42249.0
6722.630962399253,42030.0
6722.810343783406,42829.3
6722.989725167559,42080.5
6723.169106551712,40841.7
6723.348487935865,41662.9
6723.527869320018,40358.9
6723.70725070417,39618.7
6723.8866320883235,40129.9
6724.066013472477,39322.3
6724.245394856629,39289.3
6724.424776240782,39767.8
6724.604157624935,39460.8
6724.783539009088,38743.6
6724.962920393241,38764.0
6725.142301777394,38473.2
6725.321683161546,38225.2
6725.5010645457,37320.5
6725.680445929853,37348.9
6725.859827314005,37351.4
6726.039208698158,37998.7
6726.2185900823115,36913.5
6726.397971466464,36109.2
6726.577352850617,37078.9
6726.75673423477,36555.4
6726.9361156189225,35850.7
6727.115497003076,35263.7
6727.294878387229,35016.7
6727.474259771381,35286.2
6727.653641155534,35178.8
6727.833022539688,34294.6
6728.012403923841,34084.8
6728.191785307993,34066.6
6728.371166692146,34377.2
6728.5505480762995,33855.4
6728.729929460452,33831.6
6728.909310844605,33352.6
6729.088692228758,33561.7
6729.2680736129105,32837.9
6729.447454997064,31962.0
6729.626836381217,31661.8
6729.806217765369,32327.7
6729.985599149522,31893.4
6730.164980533676,31762.1
6730.344361917828,31959.4
6730.523743301981,31730.7
6730.703124686134,30448.1
6730.882506070287,31473.3
6731.06188745444,31074.1
6731.241268838593,30122.5
6731.420650222745,30046.2
6731.6000316068985,29649.8
6731.779412991052,29035.4
6731.958794375204,29184.7
6732.138175759357,29405.5
6732.31755714351,29014.7
6732.496938527664,28869.9
6732.676319911816,28633.9
6732.855701295969,28549.5
6733.035082680122,28485.0
6733.214464064275,27513.4
6733.393845448428,26434.7
6733.573226832581,27160.4
6733.752608216733,27317.9
6733.9319896008865,26190.0
6734.11137098504,26849.5
6734.290752369192,26348.6
6734.470133753345,24418.7
