6488.1237545366,109205.0
6488.303102856751,109757.0
6488.482451176902,110426.0
6488.661799497053,110368.0
6488.841147817205,111055.0
6489.020496137356,110072.0
6489.1998444575065,109435.0
6489.379192777657,113525.0
6489.558541097808,115525.0
6489.737889417959,114654.0
6489.917237738111,115814.0
6490.096586058262,115001.0
6490.275934378413,114687.0
6490.455282698564,115724.0
6490.634631018715,114045.0
6490.8139793388655,111916.0
6490.993327659016,115687.0
6491.172675979168,120919.0
6491.352024299319,122616.0
6491.53137261947,121770.0
6491.710720939621,121320.0
6491.890069259772,122845.0
6492.069417579923,124718.0
6492.2487659000735,125860.0
6492.428114220225,126034.0
6492.607462540376,122797.0
6492.786810860527,120811.0
6492.966159180678,119673.0
6493.145507500829,122417.0
6493.32485582098,127506.0
6493.504204141132,130270.0
6493.6835524612825,129699.0
6493.862900781433,128364.0
6494.042249101584,128732.0
6494.221597421735,130814.0
6494.400945741886,134221.0
6494.580294062037,134238.0
6494.759642382189,132304.0
6494.93899070234,132563.0
6495.1183390224905,133558.0
6495.297687342641,134097.0
6495.477035662792,135385.0
6495.656383982943,131762.0
6495.835732303094,129078.0
6496.015080623246,132406.0
6496.194428943397,136418.0
6496.373777263548,138225.0
6496.553125583699,140474.0
6496.7324739038495,142681.0
6496.911822224,141707.0
6497.091170544152,140965.0
6497.270518864303,143924.0
6497.449867184454,142522.0
6497.629215504605,142888.0
6497.808563824756,144021.0
6497.987912144907,143556.0
6498.167260465058,142540.0
6498.346608785209,144075.0
6498.52595710536,149106.0
6498.705305425511,150519.0
6498.884653745662,150310.0
6499.064002065813,151012.0
6499.243350385964,152466.0
6499.422698706115,152765.0
6499.6020470262665,153710.0
6499.781395346417,156743.0
6499.960743666568,157624.0
6500.140091986719,154394.0
6500.31944030687,152284.0
6500.498788627021,154576.0
6500.678136947173,158125.0
6500.857485267324,160337.0
6501.036833587475,160767.0
6501.2161819076255,158122.0
6501.395530227776,155758.0
6501.574878547927,159367.0
6501.754226868078,163191.0
6501.93357518823,161605.0
6502.112923508381,163326.0
6502.292271828532,165316.0
6502.471620148683,164309.0
6502.6509684688335,164879.0
6502.830316788984,165026.0
6503.009665109135,165331.0
6503.189013429287,169946.0
6503.368361749438,169755.0
6503.547710069589,168988.0
6503.72705838974,165997.0
6503.906406709891,164554.0
6504.085755030042,167513.0
6504.265103350193,169572.0
6504.444451670344,170285.0
6504.623799990495,172793.0
6504.803148310646,173631.0
6504.982496630797,172731.0
6505.161844950948,175251.0
6505.341193271099,174918.0
6505.520541591251,173951.0
6505.699889911401,174676.0
6505.879238231552,178823.0
6506.058586551703,181548.0
6506.237934871854,178775.0
6506.417283192005,177810.0
6506.596631512156,182140.0
6506.775979832308,184108.0
6506.955328152459,187931.0
6507.1346764726095,188711.0
6507.31402479276,186702.0
6507.493373112911,185731.0
6507.672721433062,186366.0
6507.852069753214,188402.0
6508.031418073365,190414.0
6508.210766393516,189161.0
6508.390114713667,187256.0
6508.569463033818,187857.0
6508.748811353968,188429.0
6508.928159674119,190655.0
6509.107507994271,192780.0
6509.286856314422,195740.0
6509.466204634573,198403.0
6509.645552954724,197897.0
6509.824901274875,198700.0
6510.004249595026,199755.0
6510.1835979151765,197217.0
6510.362946235328,200555.0
6510.542294555479,201645.0
6510.72164287563,200780.0
6510.900991195781,202964.0
6511.080339515932,205843.0
6511.259687836083,205154.0
6511.439036156235,203519.0
6511.6183844763855,205080.0
6511.797732796536,203827.0
6511.977081116687,201847.0
6512.156429436838,199423.0
6512.335777756989,202340.0
6512.51512607714,206460.0
6512.694474397292,208918.0
6512.873822717443,211904.0
6513.0531710375935,214466.0
6513.232519357744,216201.0
6513.411867677895,216477.0
6513.591215998046,216568.0
6513.770564318197,217506.0
6513.949912638349,217900.0
6514.1292609585,215793.0
6514.308609278651,213783.0
6514.487957598802,211502.0
6514.6673059189525,208518.0
6514.846654239103,209495.0
6515.026002559255,214440.0
6515.205350879406,220078.0
6515.384699199557,223668.0
6515.564047519708,222099.0
6515.743395839859,219735.0
6515.92274416001,223361.0
6516.1020924801605,223762.0
6516.281440800312,214931.0
6516.460789120463,206796.0
6516.640137440614,205968.0
6516.819485760765,212550.0
6516.998834080916,224646.0
6517.178182401067,226142.0
6517.357530721218,230203.0
6517.5368790413695,233649.0
6517.71622736152,231753.0
6517.895575681671,230819.0
6518.074924001822,233037.0
6518.254272321973,236806.0
6518.433620642124,240059.0
6518.612968962276,236989.0
6518.792317282427,237897.0
6518.971665602578,240298.0
6519.151013922728,236859.0
6519.330362242879,233321.0
6519.50971056303,233102.0
6519.689058883181,237982.0
6519.868407203333,246204.0
6520.047755523484,250698.0
6520.227103843635,249431.0
6520.406452163786,246833.0
6520.5858004839365,249225.0
6520.765148804087,250437.0
6520.944497124238,251489.0
6521.12384544439,253495.0
6521.303193764541,254080.0
6521.482542084692,255129.0
6521.661890404843,258903.0
6521.841238724994,259804.0
6522.020587045145,257651.0
6522.199935365296,260379.0
6522.379283685447,260826.0
6522.558632005598,263890.0
6522.737980325749,264179.0
6522.9173286459,262759.0
6523.096676966051,260269.0
6523.276025286202,262660.0
6523.4553736063535,265829.0
6523.634721926504,259739.0
6523.814070246655,256261.0
6523.993418566806,265799.0
6524.172766886957,268172.0
6524.352115207108,266963.0
6524.531463527259,269738.0
6524.710811847411,269587.0
6524.890160167562,275380.0
6525.0695084877125,275714.0
6525.248856807863,272802.0
6525.428205128014,275216.0
6525.607553448165,274927.0
6525.786901768317,273456.0
6525.966250088468,276588.0
6526.145598408619,282238.0
6526.32494672877,287259.0
6526.5042950489205,285647.0
6526.683643369071,281194.0
6526.862991689222,283404.0
6527.042340009374,287798.0
6527.221688329525,284563.0
6527.401036649676,281678.0
6527.580384969827,284638.0
6527.759733289978,284584.0
6527.939081610129,288383.0
6528.1184299302795,292406.0
6528.297778250431,291926.0
6528.477126570582,289585.0
6528.656474890733,289806.0
6528.835823210884,291850.0
6529.015171531035,293897.0
6529.194519851186,293156.0
6529.373868171338,293351.0
6529.5532164914885,296438.0
6529.732564811639,296271.0
6529.91191313179,299186.0
6530.091261451941,301329.0
6530.270609772092,298563.0
6530.449958092243,298828.0
6530.629306412395,301962.0
6530.808654732546,303413.0
6530.9880030526965,304845.0
6531.167351372847,308638.0
6531.346699692998,309130.0
6531.526048013149,305734.0
6531.7053963333,308368.0
6531.884744653452,310522.0
6532.064092973603,301372.0
6532.243441293754,298171.0
6532.422789613905,298846.0
6532.6021379340555,304414.0
6532.781486254206,310051.0
6532.960834574358,314077.0
6533.140182894509,313856.0
6533.31953121466,313516.0
6533.498879534811,315744.0
6533.678227854962,312659.0
6533.857576175113,311589.0
6534.0369244952635,311235.0
6534.216272815415,307251.0
6534.395621135566,312984.0
6534.574969455717,321717.0
6534.754317775868,322863.0
6534.933666096019,316747.0
6535.11301441617,315956.0
6535.292362736322,320050.0
6535.4717110564725,322265.0
6535.651059376623,324558.0
6535.830407696774,322400.0
6536.009756016925,320582.0
6536.189104337076,328927.0
6536.368452657227,333629.0
6536.547800977379,331478.0
6536.72714929753,327329.0
6536.9064976176805,325838.0
6537.085845937831,327601.0
6537.265194257982,333342.0
6537.444542578133,338807.0
6537.623890898284,339018.0
6537.803239218436,338574.0
6537.982587538587,338917.0
6538.161935858738,337578.0
6538.341284178889,336832.0
6538.5206324990395,340060.0
6538.69998081919,344601.0
6538.879329139341,342823.0
6539.058677459493,341478.0
6539.238025779644,344938.0
6539.417374099795,349144.0
6539.596722419946,350316.0
6539.776070740097,349795.0
6539.955419060248,348816.0
6540.134767380399,345519.0
6540.31411570055,345452.0
6540.493464020701,348439.0
6540.672812340852,354164.0
6540.852160661003,352708.0
6541.031508981154,349623.0
6541.210857301305,352472.0
6541.3902056214565,355116.0
6541.569553941607,353163.0
6541.748902261758,355274.0
6541.928250581909,356806.0
6542.10759890206,351571.0
6542.286947222211,353149.0
6542.466295542363,354262.0
6542.645643862514,358155.0
6542.824992182665,360193.0
6543.0043405028155,365394.0
6543.183688822966,364285.0
6543.363037143117,364590.0
6543.542385463268,358354.0
6543.72173378342,346874.0
6543.901082103571,342056.0
6544.080430423722,347576.0
6544.259778743873,359795.0
6544.4391270640235,366449.0
6544.618475384174,365295.0
6544.797823704325,368945.0
6544.977172024477,370507.0
6545.156520344628,366646.0
6545.335868664779,370066.0
6545.51521698493,372011.0
6545.694565305081,374736.0
6545.873913625232,373834.0
6546.053261945383,373711.0
6546.232610265534,375554.0
6546.411958585685,375625.0
6546.591306905836,375755.0
6546.770655225987,375317.0
6546.950003546138,378562.0
6547.129351866289,381236.0
6547.308700186441,381551.0
6547.488048506591,375260.0
6547.667396826742,372767.0
6547.846745146893,370582.0
6548.026093467044,377911.0
6548.205441787195,382179.0
6548.384790107346,372732.0
6548.564138427498,366401.0
6548.743486747649,371220.0
6548.9228350677995,379466.0
6549.10218338795,386240.0
6549.281531708101,387794.0
6549.460880028252,389573.0
6549.640228348404,387755.0
6549.819576668555,391641.0
6549.998924988706,391199.0
6550.178273308857,393294.0
6550.357621629008,397247.0
6550.536969949158,394393.0
6550.716318269309,393465.0
6550.895666589461,394333.0
6551.075014909612,395327.0
6551.254363229763,396420.0
6551.433711549914,396880.0
6551.613059870065,401959.0
6551.792408190216,404600.0
6551.9717565103665,406320.0
6552.151104830518,403024.0
6552.330453150669,390537.0
6552.50980147082,378515.0
6552.689149790971,383107.0
6552.868498111122,396422.0
6553.047846431273,401902.0
6553.227194751425,406226.0
6553.4065430715755,406135.0
6553.585891391726,399167.0
6553.765239711877,399452.0
6553.944588032028,407428.0
6554.123936352179,412009.0
6554.30328467233,410797.0
6554.482632992482,405308.0
6554.661981312633,407097.0
6554.8413296327835,414780.0
6555.020677952934,418190.0
6555.200026273085,423483.0
6555.379374593236,426734.0
6555.558722913387,430062.0
6555.738071233539,433193.0
6555.91741955369,438566.0
6556.096767873841,441363.0
6556.276116193992,445178.0
6556.4554645141425,455614.0
6556.634812834293,463132.0
6556.814161154445,469852.0
6556.993509474596,481815.0
6557.172857794747,497900.0
6557.352206114898,520689.0
6557.531554435049,557807.0
6557.7109027552,582932.0
6557.8902510753505,610286.0
6558.069599395502,649562.0
6558.248947715653,693748.0
6558.428296035804,735190.0
6558.607644355955,783866.0
6558.786992676106,837331.0
6558.966340996257,896369.0
6559.145689316408,955894.0
6559.3250376365595,1.01523e+06
6559.50438595671,1.08943e+06
6559.683734276861,1.15364e+06
6559.863082597012,1.20634e+06
6560.042430917163,1.22481e+06
6560.221779237314,1.23971e+06
6560.401127557466,1.24085e+06
6560.580475877617,1.23745e+06
6560.759824197768,1.22493e+06
6560.939172517918,1.19787e+06
6561.118520838069,1.16296e+06
6561.29786915822,1.11098e+06
6561.477217478371,1.04555e+06
6561.656565798523,956004.0
6561.835914118674,840419.0
6562.015262438825,708183.0
6562.194610758976,561974.0
6562.3739590791265,438820.0
6562.553307399277,355287.0
6562.732655719428,324838.0
6562.91200403958,335946.0
6563.091352359731,376409.0
6563.270700679882,455197.0
6563.450049000033,570281.0
6563.629397320184,709174.0
6563.808745640335,835822.0
6563.988093960486,933487.0
6564.167442280637,1.01396e+06
6564.346790600788,1.08198e+06
6564.526138920939,1.13872e+06
6564.70548724109,1.1975e+06
6564.884835561241,1.24626e+06
6565.064183881392,1.26255e+06
6565.2435322015435,1.266e+06
6565.422880521694,1.27177e+06
6565.602228841845,1.26047e+06
6565.781577161996,1.22925e+06
6565.960925482147,1.1843e+06
6566.140273802298,1.13418e+06
6566.319622122449,1.08398e+06
6566.498970442601,1.03696e+06
6566.678318762752,972748.0
6566.8576670829025,911132.0
6567.037015403053,856461.0
6567.216363723204,804041.0
6567.395712043355,758399.0
6567.575060363507,725030.0
6567.754408683658,686366.0
6567.933757003809,642152.0
6568.11310532396,608758.0
6568.2924536441105,581568.0
6568.471801964261,565707.0
6568.651150284412,536649.0
6568.830498604564,511010.0
6569.009846924715,502876.0
6569.189195244866,495229.0
6569.368543565017,493330.0
6569.547891885168,490104.0
6569.727240205319,479470.0
6569.9065885254695,465356.0
6570.085936845621,464397.0
6570.265285165772,463755.0
6570.444633485923,458238.0
6570.623981806074,448384.0
6570.803330126225,444076.0
6570.982678446376,449209.0
6571.162026766528,455829.0
6571.341375086678,457575.0
6571.520723406829,452099.0
6571.70007172698,446583.0
6571.879420047131,435526.0
6572.058768367282,432240.0
6572.238116687433,432110.0
6572.417465007585,437617.0
6572.596813327736,442958.0
6572.7761616478865,444745.0
6572.955509968037,447180.0
6573.134858288188,445527.0
6573.314206608339,443806.0
6573.49355492849,446129.0
6573.672903248642,449375.0
6573.852251568793,449772.0
6574.031599888944,446674.0
6574.210948209095,442430.0
6574.3902965292455,438730.0
6574.569644849396,431811.0
6574.748993169548,422445.0
6574.928341489699,423747.0
6575.10768980985,436330.0
6575.287038130001,443441.0
6575.466386450152,443889.0
6575.645734770303,446050.0
6575.8250830904535,448822.0
6576.004431410605,446924.0
6576.183779730756,441689.0
6576.363128050907,446697.0
6576.542476371058,446730.0
6576.721824691209,444115.0
6576.90117301136,444076.0
6577.080521331511,440929.0
6577.2598696516625,440683.0
6577.439217971813,438780.0
6577.618566291964,438855.0
6577.797914612115,440631.0
6577.977262932266,441864.0
6578.156611252417,445291.0
6578.335959572569,440625.0
6578.51530789272,434198.0
6578.6946562128705,437887.0
6578.874004533021,439025.0
6579.053352853172,441327.0
6579.232701173323,442138.0
6579.412049493474,442890.0
6579.591397813626,443910.0
6579.770746133777,444224.0
6579.950094453928,442159.0
6580.129442774079,439551.0
6580.3087910942295,446237.0
6580.48813941438,449146.0
6580.667487734531,443975.0
6580.846836054683,439359.0
6581.026184374834,440797.0
6581.205532694985,441772.0
6581.384881015136,442682.0
6581.564229335287,447238.0
6581.743577655438,446549.0
6581.922925975589,442432.0
6582.10227429574,447310.0
6582.281622615891,451066.0
6582.460970936042,443720.0
6582.640319256193,438202.0
6582.819667576344,440350.0
6582.999015896495,446729.0
6583.1783642166465,448481.0
6583.357712536797,441838.0
6583.537060856948,440105.0
6583.716409177099,449054.0
6583.89575749725,453921.0
6584.075105817401,447487.0
6584.254454137552,451443.0
6584.433802457704,452788.0
6584.613150777855,448708.0
6584.7924990980055,448310.0
6584.971847418156,457645.0
6585.151195738307,461399.0
6585.330544058458,453766.0
6585.50989237861,448159.0
6585.689240698761,447843.0
6585.868589018912,450562.0
6586.047937339063,453998.0
6586.2272856592135,452795.0
6586.406633979364,448192.0
6586.585982299515,442836.0
6586.765330619667,442514.0
6586.944678939818,451911.0
6587.124027259969,457122.0
6587.30337558012,454368.0
6587.482723900271,454002.0
6587.662072220422,454993.0
6587.841420540573,457287.0
6588.020768860724,461340.0
6588.200117180875,460306.0
6588.379465501026,460769.0
6588.558813821177,458061.0
6588.738162141328,455359.0
6588.917510461479,457069.0
6589.0968587816305,462342.0
6589.276207101781,457306.0
6589.455555421932,455440.0
6589.634903742083,457428.0
6589.814252062234,463402.0
6589.993600382385,469480.0
6590.172948702536,466882.0
6590.352297022688,459775.0
6590.531645342839,459366.0
6590.7109936629895,467293.0
6590.89034198314,465098.0
6591.069690303291,460491.0
6591.249038623442,462439.0
6591.428386943593,461662.0
6591.607735263745,459391.0
6591.787083583896,459550.0
6591.966431904047,460470.0
6592.145780224198,465022.0
6592.325128544348,470699.0
6592.504476864499,467182.0
6592.683825184651,466068.0
6592.863173504802,464529.0
6593.042521824953,469330.0
6593.221870145104,469513.0
6593.401218465255,469202.0
6593.580566785406,464266.0
6593.7599151055565,458792.0
6593.939263425708,465379.0
6594.118611745859,462671.0
6594.29796006601,456238.0
6594.477308386161,461154.0
6594.656656706312,467394.0
6594.836005026463,463818.0
6595.015353346615,462198.0
6595.1947016667655,459655.0
6595.374049986916,464376.0
6595.553398307067,465372.0
6595.732746627218,463915.0
6595.912094947369,468723.0
6596.09144326752,468189.0
6596.270791587672,462918.0
6596.450139907823,461275.0
6596.6294882279735,462835.0
6596.808836548124,467743.0
6596.988184868275,466543.0
6597.167533188426,456838.0
6597.346881508577,455898.0
6597.526229828729,461264.0
6597.70557814888,463407.0
6597.884926469031,465156.0
6598.064274789182,465377.0
6598.2436231093325,465313.0
6598.422971429483,467320.0
6598.602319749635,472071.0
6598.781668069786,468799.0
6598.961016389937,459897.0
6599.140364710088,453607.0
6599.319713030239,456142.0
6599.49906135039,459663.0
6599.6784096705405,461528.0
6599.857757990692,459861.0
6600.037106310843,464542.0
6600.216454630994,470052.0
6600.395802951145,466477.0
6600.575151271296,459614.0
6600.754499591447,459013.0
6600.933847911598,462713.0
6601.1131962317495,463956.0
6601.2925445519,466651.0
6601.471892872051,465045.0
6601.651241192202,462402.0
6601.830589512353,463154.0
6602.009937832504,460689.0
6602.189286152656,458319.0
6602.368634472807,460441.0
6602.547982792958,461674.0
6602.727331113108,461440.0
6602.906679433259,458418.0
6603.08602775341,461569.0
6603.265376073561,467308.0
6603.444724393713,465224.0
6603.624072713864,463196.0
6603.803421034015,459467.0
6603.982769354166,462063.0
6604.1621176743165,464659.0
6604.341465994467,460086.0
6604.520814314618,460253.0
6604.70016263477,460741.0
6604.879510954921,459272.0
6605.058859275072,457634.0
6605.238207595223,454003.0
6605.417555915374,456698.0
6605.596904235525,457713.0
6605.776252555676,454416.0
6605.955600875827,455259.0
6606.134949195978,451182.0
6606.314297516129,449119.0
6606.49364583628,458456.0
6606.672994156431,462803.0
6606.852342476582,458746.0
6607.0316907967335,460462.0
6607.211039116884,459377.0
6607.390387437035,454660.0
6607.569735757186,456359.0
6607.749084077337,456617.0
6607.928432397488,454169.0
6608.107780717639,454129.0
6608.287129037791,455206.0
6608.466477357942,449940.0
6608.6458256780925,452070.0
6608.825173998243,453549.0
6609.004522318394,452770.0
6609.183870638545,453162.0
6609.363218958697,448334.0
6609.542567278848,452994.0
6609.721915598999,452189.0
6609.90126391915,452743.0
6610.0806122393005,455797.0
6610.259960559451,460861.0
6610.439308879602,451664.0
6610.618657199754,451651.0
6610.798005519905,454656.0
6610.977353840056,456653.0
6611.156702160207,456875.0
6611.336050480358,453305.0
6611.515398800509,451779.0
6611.6947471206595,454050.0
6611.874095440811,452808.0
6612.053443760962,454891.0
6612.232792081113,454553.0
6612.412140401264,444243.0
6612.591488721415,444477.0
6612.770837041566,445373.0
6612.950185361718,445355.0
6613.129533681868,446370.0
6613.308882002019,448624.0
6613.48823032217,444252.0
6613.667578642321,438132.0
6613.846926962472,439772.0
6614.026275282623,438287.0
6614.205623602775,441675.0
6614.384971922926,447172.0
6614.5643202430765,449108.0
6614.743668563227,448785.0
6614.923016883378,445709.0
6615.102365203529,447600.0
6615.28171352368,444904.0
6615.461061843832,445210.0
6615.640410163983,443161.0
6615.819758484134,445841.0
6615.999106804285,448064.0
6616.1784551244355,449842.0
6616.357803444586,448494.0
6616.537151764738,445511.0
6616.716500084889,441049.0
6616.89584840504,439671.0
6617.075196725191,444089.0
6617.254545045342,448104.0
6617.433893365493,441448.0
6617.6132416856435,439107.0
6617.792590005795,443799.0
6617.971938325946,445663.0
6618.151286646097,446147.0
6618.330634966248,443717.0
6618.509983286399,440275.0
6618.68933160655,441133.0
6618.868679926701,442716.0
6619.0480282468525,444460.0
6619.227376567003,442459.0
6619.406724887154,440330.0
6619.586073207305,439081.0
6619.765421527456,438094.0
6619.944769847607,436893.0
6620.124118167759,439371.0
6620.30346648791,443834.0
6620.4828148080605,441112.0
6620.662163128211,439219.0
6620.841511448362,439881.0
6621.020859768513,433741.0
6621.200208088664,434421.0
6621.379556408816,438496.0
6621.558904728967,438412.0
6621.738253049118,436975.0
6621.917601369269,437254.0
6622.0969496894195,437878.0
6622.27629800957,436769.0
6622.455646329721,433731.0
6622.634994649873,430802.0
6622.814342970024,433045.0
6622.993691290175,431582.0
6623.173039610326,432953.0
6623.352387930477,436010.0
6623.531736250628,434747.0
6623.711084570779,433217.0
6623.89043289093,433609.0
6624.069781211081,430212.0
6624.249129531232,428529.0
6624.428477851383,432540.0
6624.607826171534,433229.0
6624.787174491685,428376.0
6624.9665228118365,425994.0
6625.145871131987,425730.0
6625.325219452138,432448.0
6625.504567772289,433022.0
6625.68391609244,427971.0
6625.863264412591,426374.0
6626.042612732743,425522.0
6626.221961052894,426828.0
6626.401309373045,423699.0
6626.5806576931955,425484.0
6626.760006013346,428315.0
6626.939354333497,428058.0
6627.118702653648,426797.0
6627.2980509738,430137.0
6627.477399293951,431678.0
6627.656747614102,423253.0
6627.836095934253,420987.0
6628.0154442544035,420996.0
6628.194792574554,423177.0
6628.374140894705,421633.0
6628.553489214857,419926.0
6628.732837535008,420771.0
6628.912185855159,425909.0
6629.09153417531,421370.0
6629.270882495461,421239.0
6629.450230815612,421830.0
6629.6295791357625,417243.0
6629.808927455914,416007.0
6629.988275776065,416055.0
6630.167624096216,410527.0
6630.346972416367,411498.0
6630.526320736518,415484.0
6630.705669056669,414920.0
6630.8850173768205,413529.0
6631.064365696971,412101.0
6631.243714017122,416192.0
6631.423062337273,420369.0
6631.602410657424,415477.0
6631.781758977575,417894.0
6631.961107297726,421449.0
6632.140455617878,416068.0
6632.319803938029,410463.0
6632.4991522581795,409944.0
6632.67850057833,416555.0
6632.857848898481,416381.0
6633.037197218632,408930.0
6633.216545538784,403855.0
6633.395893858935,409187.0
6633.575242179086,411351.0
6633.754590499237,413461.0
6633.933938819388,412456.0
6634.113287139538,409593.0
6634.292635459689,409055.0
6634.471983779841,408175.0
6634.651332099992,410329.0
6634.830680420143,410425.0
6635.010028740294,399927.0
6635.189377060445,402774.0
6635.368725380596,407962.0
6635.5480737007465,409035.0
6635.727422020898,409856.0
6635.906770341049,404693.0
6636.0861186612,405839.0
6636.265466981351,406105.0
6636.444815301502,405974.0
6636.624163621653,404146.0
6636.803511941804,402005.0
6636.9828602619555,400332.0
6637.162208582106,402495.0
6637.341556902257,400345.0
6637.520905222408,400345.0
6637.700253542559,402058.0
6637.87960186271,400661.0
6638.058950182862,398770.0
6638.238298503013,399988.0
6638.4176468231635,403872.0
6638.596995143314,401150.0
6638.776343463465,396272.0
6638.955691783616,396866.0
6639.135040103767,399949.0
6639.314388423919,396999.0
6639.49373674407,395021.0
6639.673085064221,394202.0
6639.852433384372,388508.0
6640.0317817045225,388289.0
6640.211130024673,399633.0
6640.390478344825,399159.0
6640.569826664976,393332.0
6640.749174985127,389721.0
6640.928523305278,389682.0
6641.107871625429,390789.0
6641.28721994558,390772.0
6641.4665682657305,386879.0
6641.645916585882,382491.0
6641.825264906033,389272.0
6642.004613226184,393348.0
6642.183961546335,390111.0
6642.363309866486,385153.0
6642.542658186637,381847.0
6642.722006506788,384204.0
6642.9013548269395,384610.0
6643.08070314709,384995.0
6643.260051467241,387974.0
6643.439399787392,388280.0
6643.618748107543,384285.0
6643.798096427694,377839.0
6643.977444747845,377449.0
6644.156793067997,380365.0
6644.336141388148,378774.0
6644.515489708298,384211.0
6644.694838028449,388173.0
6644.8741863486,380379.0
6645.053534668751,378314.0
6645.232882988903,376612.0
6645.412231309054,380226.0
6645.591579629205,383376.0
6645.770927949356,377514.0
6645.9502762695065,376589.0
6646.129624589657,372583.0
6646.308972909808,370657.0
6646.48832122996,375419.0
6646.667669550111,377879.0
6646.847017870262,377391.0
6647.026366190413,378344.0
6647.205714510564,375163.0
6647.385062830715,368403.0
6647.564411150866,371285.0
6647.743759471017,375270.0
6647.923107791168,375913.0
6648.102456111319,369494.0
6648.28180443147,370245.0
6648.461152751621,366973.0
6648.640501071772,364306.0
6648.8198493919235,363803.0
6648.999197712074,368048.0
6649.178546032225,368967.0
6649.357894352376,365489.0
6649.537242672527,366939.0
6649.716590992678,364192.0
6649.895939312829,360862.0
6650.075287632981,361740.0
6650.254635953132,363275.0
6650.4339842732825,360535.0
6650.613332593433,360284.0
6650.792680913584,362846.0
6650.972029233735,361497.0
6651.151377553886,359586.0
6651.330725874038,360383.0
6651.510074194189,362519.0
6651.68942251434,363222.0
6651.8687708344905,360056.0
6652.048119154641,357253.0
6652.227467474792,355020.0
6652.406815794944,354143.0
6652.586164115095,355179.0
6652.765512435246,358736.0
6652.944860755397,357756.0
6653.124209075548,348551.0
6653.303557395699,350023.0
6653.4829057158495,347419.0
6653.662254036001,351561.0
6653.841602356152,354756.0
6654.020950676303,353252.0
6654.200298996454,353480.0
6654.379647316605,351407.0
6654.558995636756,350243.0
6654.738343956908,349641.0
6654.917692277058,345240.0
6655.097040597209,342903.0
6655.27638891736,345507.0
6655.455737237511,347478.0
6655.635085557662,351803.0
6655.814433877813,352678.0
6655.993782197965,347411.0
6656.173130518116,345808.0
6656.3524788382665,349901.0
6656.531827158417,344248.0
6656.711175478568,341494.0
6656.890523798719,340329.0
6657.06987211887,337948.0
6657.249220439022,339228.0
6657.428568759173,341674.0
6657.607917079324,340924.0
6657.787265399475,343219.0
6657.9666137196255,339775.0
6658.145962039776,338773.0
6658.325310359928,341691.0
6658.504658680079,335098.0
6658.68400700023,333931.0
6658.863355320381,338471.0
6659.042703640532,339592.0
6659.222051960683,337953.0
6659.4014002808335,336272.0
6659.580748600985,334332.0
6659.760096921136,332936.0
6659.939445241287,336454.0
6660.118793561438,333319.0
6660.298141881589,331092.0
6660.47749020174,328690.0
6660.656838521891,327879.0
6660.8361868420425,328850.0
6661.015535162193,331337.0
6661.194883482344,329608.0
6661.374231802495,325156.0
6661.553580122646,325847.0
6661.732928442797,328638.0
6661.912276762949,329214.0
6662.0916250831,330789.0
6662.2709734032505,327329.0
6662.450321723401,325226.0
6662.629670043552,325286.0
6662.809018363703,322982.0
6662.988366683854,325618.0
6663.167715004006,324909.0
6663.347063324157,320933.0
6663.526411644308,322631.0
6663.705759964459,321933.0
6663.8851082846095,321829.0
6664.06445660476,319507.0
6664.243804924911,317438.0
6664.423153245063,317479.0
6664.602501565214,316198.0
6664.781849885365,316788.0
6664.961198205516,315701.0
6665.140546525667,314060.0
6665.3198948458175,311455.0
6665.499243165969,309266.0
6665.67859148612,309769.0
6665.857939806271,313953.0
6666.037288126422,314749.0
6666.216636446573,312544.0
6666.395984766724,309278.0
6666.575333086875,306987.0
6666.7546814070265,309868.0
6666.934029727177,310091.0
6667.113378047328,306761.0
6667.292726367479,305577.0
6667.47207468763,304656.0
6667.651423007781,307388.0
6667.830771327932,308256.0
6668.010119648084,303552.0
6668.189467968235,301145.0
6668.3688162883855,301593.0
6668.548164608536,303904.0
6668.727512928687,298700.0
6668.906861248838,296648.0
6669.08620956899,296457.0
6669.265557889141,297993.0
6669.444906209292,297361.0
6669.624254529443,298025.0
6669.8036028495935,299827.0
6669.982951169744,296707.0
6670.162299489895,291447.0
6670.341647810047,292470.0
6670.520996130198,293831.0
6670.700344450349,293926.0
6670.8796927705,292502.0
6671.059041090651,289632.0
6671.238389410802,287225.0
6671.4177377309525,285881.0
6671.597086051104,288223.0
6671.776434371255,283933.0
6671.955782691406,283935.0
6672.135131011557,286798.0
6672.314479331708,283372.0
6672.493827651859,279409.0
6672.6731759720105,280783.0
6672.852524292161,279539.0
6673.031872612312,279202.0
6673.211220932463,277701.0
6673.390569252614,280389.0
6673.569917572765,277333.0
6673.749265892916,277608.0
6673.928614213068,278242.0
6674.107962533219,278398.0
6674.2873108533695,274648.0
6674.46665917352,272294.0
6674.646007493671,272582.0
6674.825355813822,271423.0
6675.004704133973,268828.0
6675.184052454125,265852.0
6675.363400774276,261992.0
6675.542749094427,263856.0
6675.722097414578,261197.0
6675.901445734728,260354.0
6676.080794054879,262506.0
6676.260142375031,265292.0
6676.439490695182,258830.0
6676.618839015333,253379.0
6676.798187335484,249144.0
6676.977535655635,247473.0
6677.156883975786,245821.0
6677.3362322959365,238404.0
6677.515580616088,233853.0
6677.694928936239,232110.0
6677.87427725639,228206.0
6678.053625576541,228735.0
6678.232973896692,227989.0
6678.412322216843,225170.0
6678.591670536995,223034.0
6678.7710188571455,226827.0
6678.950367177296,229540.0
6679.129715497447,230901.0
6679.309063817598,231368.0
6679.488412137749,232854.0
6679.6677604579,238185.0
6679.847108778052,240014.0
6680.026457098203,239992.0
6680.2058054183535,239983.0
6680.385153738504,240230.0
6680.564502058655,239731.0
6680.743850378806,240793.0
6680.923198698957,240188.0
6681.102547019109,237513.0
6681.28189533926,240328.0
6681.461243659411,241720.0
6681.640591979562,241082.0
6681.8199402997125,240413.0
6681.999288619863,240971.0
6682.178636940014,240594.0
6682.357985260166,240997.0
6682.537333580317,244253.0
6682.716681900468,241683.0
6682.896030220619,240943.0
6683.07537854077,241081.0
6683.2547268609205,238909.0
6683.434075181072,239034.0
6683.613423501223,239765.0
6683.792771821374,241062.0
6683.972120141525,241793.0
6684.151468461676,241339.0
6684.330816781827,239719.0
6684.510165101978,238611.0
6684.6895134221295,236048.0
6684.86886174228,234218.0
6685.048210062431,236917.0
6685.227558382582,234561.0
6685.406906702733,233463.0
6685.586255022884,233652.0
6685.765603343036,233426.0
6685.944951663187,232327.0
6686.124299983338,234452.0
6686.303648303488,237183.0
6686.482996623639,233375.0
6686.66234494379,230275.0
6686.841693263941,232317.0
6687.021041584093,234013.0
6687.200389904244,231432.0
6687.379738224395,229883.0
6687.559086544546,229406.0
6687.7384348646965,228342.0
6687.917783184847,228996.0
6688.097131504998,227589.0
6688.27647982515,227142.0
6688.455828145301,226086.0
6688.635176465452,226756.0
6688.814524785603,224894.0
6688.993873105754,220184.0
6689.173221425905,222247.0
6689.352569746055,223094.0
6689.531918066207,224447.0
6689.711266386358,221793.0
6689.890614706509,219811.0
6690.06996302666,218552.0
6690.249311346811,217052.0
6690.428659666962,219159.0
6690.6080079871135,219728.0
6690.787356307264,216383.0
6690.966704627415,217439.0
6691.146052947566,216189.0
6691.325401267717,214603.0
6691.504749587868,211186.0
6691.684097908019,212006.0
6691.863446228171,212096.0
6692.042794548322,211927.0
6692.2221428684725,212318.0
6692.401491188623,212286.0
6692.580839508774,212165.0
6692.760187828925,211047.0
6692.939536149077,209626.0
6693.118884469228,207852.0
6693.298232789379,205737.0
6693.47758110953,205366.0
6693.6569294296805,202673.0
6693.836277749831,202709.0
6694.015626069982,203340.0
6694.194974390134,199894.0
6694.374322710285,197496.0
6694.553671030436,198748.0
6694.733019350587,199114.0
6694.912367670738,199185.0
6695.091715990889,194940.0
6695.2710643110395,194921.0
6695.450412631191,197001.0
6695.629760951342,198495.0
6695.809109271493,198304.0
6695.988457591644,196036.0
6696.167805911795,193766.0
6696.347154231946,193528.0
6696.526502552097,192144.0
6696.705850872248,194384.0
6696.885199192399,194611.0
6697.06454751255,191497.0
6697.243895832701,188684.0
6697.423244152852,187322.0
6697.602592473003,188502.0
6697.781940793155,191742.0
6697.961289113306,188358.0
6698.1406374334565,185374.0
6698.319985753607,184213.0
6698.499334073758,186033.0
6698.678682393909,182786.0
6698.85803071406,182101.0
6699.037379034212,181765.0
6699.216727354363,179718.0
6699.396075674514,178839.0
6699.575423994665,178616.0
6699.754772314815,181442.0
6699.934120634966,180424.0
6700.113468955118,179136.0
6700.292817275269,178198.0
6700.47216559542,177766.0
6700.651513915571,176613.0
6700.830862235722,176412.0
6701.010210555873,176998.0
6701.1895588760235,174893.0
6701.368907196175,173897.0
6701.548255516326,174786.0
6701.727603836477,170294.0
6701.906952156628,171261.0
6702.086300476779,171604.0
6702.26564879693,169831.0
6702.444997117081,166840.0
6702.6243454372325,168792.0
6702.803693757383,169766.0
6702.983042077534,169932.0
6703.162390397685,169077.0
6703.341738717836,164467.0
6703.521087037987,163068.0
6703.700435358138,164113.0
6703.87978367829,165121.0
6704.0591319984405,165965.0
6704.238480318591,163453.0
6704.417828638742,159471.0
6704.597176958893,160521.0
6704.776525279044,160597.0
6704.955873599196,159599.0
6705.135221919347,158526.0
6705.314570239498,159731.0
6705.493918559649,158697.0
6705.6732668797995,154850.0
6705.85261519995,153570.0
6706.031963520101,152636.0
6706.211311840253,152842.0
6706.390660160404,153696.0
6706.570008480555,152416.0
6706.749356800706,151792.0
6706.928705120857,151607.0
6707.1080534410075,150338.0
6707.287401761159,147477.0
6707.46675008131,149142.0
6707.646098401461,147596.0
6707.825446721612,145685.0
6708.004795041763,144030.0
6708.184143361914,146129.0
6708.363491682065,146311.0
6708.5428400022165,142970.0
6708.722188322367,141453.0
6708.901536642518,142034.0
6709.080884962669,142246.0
6709.26023328282,142451.0
6709.439581602971,140999.0
6709.618929923122,136894.0
6709.798278243274,135718.0
6709.977626563425,138024.0
6710.1569748835755,137497.0
6710.336323203726,134714.0
6710.515671523877,134156.0
6710.695019844028,134535.0
6710.87436816418,133817.0
6711.053716484331,131262.0
6711.233064804482,133735.0
6711.412413124633,133540.0
6711.5917614447835,130305.0
6711.771109764934,131651.0
6711.950458085085,132135.0
6712.129806405237,129194.0
6712.309154725388,128825.0
6712.488503045539,128410.0
6712.66785136569,125187.0
6712.847199685841,124057.0
6713.026548005992,124988.0
6713.2058963261425,125256.0
6713.385244646294,125966.0
6713.564592966445,124205.0
6713.743941286596,123038.0
6713.923289606747,121667.0
6714.102637926898,122571.0
6714.281986247049,123652.0
6714.4613345672005,120085.0
6714.640682887351,119310.0
6714.820031207502,118272.0
6714.999379527653,117251.0
6715.178727847804,117377.0
6715.358076167955,117570.0
6715.537424488106,117212.0
6715.716772808258,113982.0
6715.896121128409,114777.0
6716.0754694485595,113628.0
6716.25481776871,112711.0
6716.434166088861,113122.0
6716.613514409012,112137.0
6716.792862729163,111972.0
6716.972211049315,112630.0
6717.151559369466,110316.0
6717.330907689617,110248.0
6717.5102560097675,108261.0
6717.689604329918,107857.0
6717.868952650069,107936.0
6718.048300970221,106997.0
6718.227649290372,107383.0
6718.406997610523,105157.0
6718.586345930674,104799.0
6718.765694250825,104997.0
6718.945042570976,104117.0
6719.1243908911265,102942.0
6719.303739211278,103427.0
6719.483087531429,104348.0
6719.66243585158,103102.0
6719.841784171731,102734.0
6720.021132491882,101259.0
6720.200480812033,99098.9
6720.379829132184,97008.8
6720.5591774523355,96693.5
6720.738525772486,97884.2
6720.917874092637,96237.2
6721.097222412788,96588.6
6721.276570732939,95173.0
6721.45591905309,95699.7
6721.635267373242,94765.4
6721.814615693393,93499.3
6721.9939640135435,94792.0
6722.173312333694,93562.7
6722.352660653845,93440.0
6722.532008973996,94248.9
6722.711357294147,91651.6
6722.890705614299,91769.3
6723.07005393445,89390.8
6723.249402254601,88908.7
6723.428750574752,89051.8
6723.6080988949025,89057.4
6723.787447215053,89307.4
6723.966795535204,88290.8
6724.146143855356,88113.3
6724.325492175507,86680.9
6724.504840495658,85884.3
6724.684188815809,85275.8
6724.86353713596,85552.4
6725.0428854561105,84061.4
6725.222233776262,83740.8
6725.401582096413,83638.5
6725.580930416564,84499.5
6725.760278736715,82687.2
6725.939627056866,83240.7
6726.118975377017,83457.7
6726.298323697168,82341.8
6726.4776720173195,81029.2
6726.65702033747,79587.6
6726.836368657621,78474.2
6727.015716977772,78095.6
6727.195065297923,78743.0
6727.374413618074,77772.6
6727.553761938225,78254.8
6727.733110258377,77863.2
6727.912458578528,76332.9
6728.091806898678,76334.7
6728.271155218829,76052.0
6728.45050353898,74113.7
6728.629851859131,73927.6
6728.809200179283,74267.8
6728.988548499434,73828.9
6729.167896819585,72446.7
6729.347245139736,71836.7
6729.5265934598865,70878.6
6729.705941780037,70408.2
6729.885290100188,70286.3
6730.06463842034,69847.3
6730.243986740491,68291.2
6730.423335060642,69264.9
6730.602683380793,68061.8
6730.782031700944,67441.1
6730.961380021095,66797.2
6731.140728341246,67610.0
6731.320076661397,66271.9
6731.499424981548,65256.4
6731.678773301699,65211.1
6731.85812162185,64000.6
6732.037469942001,63180.4
6732.216818262152,62687.0
6732.3961665823035,63550.3
6732.575514902454,64738.4
6732.754863222605,63239.1
6732.934211542756,62642.2
6733.113559862907,62241.6
6733.292908183058,61315.8
6733.472256503209,60248.6
6733.651604823361,60109.9
6733.830953143512,59053.6
6734.0103014636625,58393.1
6734.189649783813,58487.8
6734.368998103964,52964.7
