7603.0780237273,2824.09
7603.288616897006,1571.19
7603.499210066712,1049.09
7603.709803236418,1023.85
7603.920396406124,1299.42
7604.1309895758295,1336.21
7604.341582745536,963.451
7604.552175915242,1013.54
7604.762769084948,1797.99
7604.973362254654,2668.64
7605.18395542436,2429.4
7605.394548594066,2062.45
7605.605141763772,1667.25
7605.815734933478,1635.18
7606.026328103184,2144.21
7606.236921272889,2297.33
7606.447514442595,1512.53
7606.658107612301,916.11
7606.868700782007,1576.16
7607.079293951713,1813.89
7607.289887121419,2706.82
7607.500480291125,2728.8
7607.711073460831,1929.35
7607.921666630537,1618.39
7608.132259800243,2140.78
7608.342852969949,3449.05
7608.553446139655,4487.14
7608.764039309361,3571.63
7608.974632479067,2110.58
7609.185225648773,1330.36
7609.395818818479,1859.15
7609.606411988185,2518.65
7609.817005157891,2956.26
7610.027598327597,3116.39
7610.238191497302,2368.11
7610.448784667008,2300.4
7610.659377836714,3172.82
7610.86997100642,4430.86
7611.080564176126,5582.24
7611.291157345832,6074.25
7611.501750515538,5191.1
7611.712343685244,3362.07
7611.92293685495,2089.81
7612.1335300246565,2259.65
7612.344123194362,3307.01
7612.554716364068,3729.28
7612.765309533774,3854.25
7612.97590270348,3494.65
7613.186495873186,3596.15
7613.397089042892,4799.61
7613.607682212598,6537.93
7613.818275382304,8273.64
7614.02886855201,9438.99
7614.239461721716,9233.04
7614.450054891421,8460.46
7614.660648061127,6209.08
7614.871241230833,4709.18
7615.081834400539,4114.14
7615.292427570245,4242.02
7615.503020739951,5220.6
7615.713613909657,6143.66
7615.924207079363,6181.55
7616.1348002490695,5996.75
7616.345393418775,7645.73
7616.555986588481,10121.8
7616.766579758187,11363.7
7616.977172927893,12825.7
7617.187766097599,13473.3
7617.398359267305,13275.6
7617.608952437011,13747.4
7617.819545606717,14037.4
7618.030138776423,14659.3
7618.240731946129,14995.4
7618.451325115834,14387.9
7618.66191828554,13985.9
7618.872511455246,14186.1
7619.083104624952,14733.2
7619.293697794658,14792.9
7619.504290964364,14175.2
7619.71488413407,13712.1
7619.9254773037765,13264.1
7620.1360704734825,12308.3
7620.346663643189,10414.3
7620.557256812894,8344.07
7620.7678499826,5778.36
7620.978443152306,4586.47
7621.189036322012,6129.14
7621.399629491718,8722.17
7621.610222661424,10918.3
7621.82081583113,12544.4
7622.031409000836,12716.6
7622.242002170542,13337.3
7622.452595340247,12497.7
7622.663188509953,9975.42
7622.873781679659,7168.26
7623.084374849365,4917.05
7623.294968019071,3929.49
7623.505561188777,4630.84
7623.716154358483,5759.37
7623.9267475281895,5642.78
7624.1373406978955,4741.75
7624.347933867602,3599.25
7624.558527037307,3914.85
7624.769120207013,5933.8
7624.979713376719,8506.65
7625.190306546425,10373.2
7625.400899716131,11529.0
7625.611492885837,12679.6
7625.822086055543,13297.0
7626.032679225249,12805.1
7626.243272394955,11179.4
7626.453865564661,9113.91
7626.664458734366,5845.95
7626.875051904072,3379.11
7627.085645073778,3142.37
7627.296238243484,3889.85
7627.50683141319,4476.57
7627.7174245828965,4513.97
7627.9280177526025,3841.14
7628.1386109223085,3392.32
7628.349204092015,4247.89
7628.55979726172,6193.65
7628.770390431426,8930.59
7628.980983601132,11145.8
7629.191576770838,12643.7
7629.402169940544,14277.1
7629.61276311025,14518.1
7629.823356279956,12753.4
7630.033949449662,12745.0
7630.244542619368,11176.4
7630.455135789074,8062.02
7630.665728958779,5689.78
7630.876322128485,4246.83
7631.086915298191,3427.45
7631.297508467897,3775.82
7631.508101637603,4484.17
7631.7186948073095,4192.79
7631.9292879770155,3618.03
7632.139881146722,3133.32
7632.350474316428,4985.71
7632.561067486134,7280.39
7632.771660655839,10083.5
7632.982253825545,12168.9
7633.192846995251,13293.0
7633.403440164957,14253.2
7633.614033334663,14617.2
7633.824626504369,14404.1
7634.035219674075,14246.9
7634.245812843781,13480.6
7634.456406013487,11128.1
7634.666999183192,8540.66
7634.877592352898,6644.59
7635.088185522604,4825.66
7635.29877869231,3754.15
7635.509371862016,3989.41
7635.7199650317225,4469.21
7635.9305582014285,4524.66
7636.141151371135,4137.73
7636.351744540841,4013.1
7636.562337710547,5850.39
7636.772930880252,8905.22
7636.983524049958,11620.9
7637.194117219664,13936.6
7637.40471038937,15737.6
7637.615303559076,16339.9
7637.825896728782,16508.6
7638.036489898488,17107.7
7638.247083068194,16934.6
7638.4576762379,16430.0
7638.668269407606,14768.6
7638.878862577311,12986.7
7639.089455747017,10046.7
7639.300048916723,7691.26
7639.5106420864295,5662.04
7639.7212352561355,4507.21
7639.931828425842,5283.8
7640.142421595548,5741.67
7640.353014765254,5514.4
7640.56360793496,5256.58
7640.774201104665,5558.55
7640.984794274371,7117.54
7641.195387444077,10925.1
7641.405980613783,14132.3
7641.616573783489,16571.0
7641.827166953195,18064.2
7642.037760122901,18446.0
7642.248353292607,18943.8
7642.458946462313,18743.3
7642.669539632019,18528.5
7642.880132801724,19100.2
7643.09072597143,18042.4
7643.301319141136,16661.7
7643.5119123108425,15036.9
7643.7225054805485,11940.5
7643.933098650255,8644.78
7644.143691819961,6753.61
7644.354284989667,6515.65
7644.564878159373,6956.57
7644.775471329078,6702.89
7644.986064498784,7091.53
7645.19665766849,6408.1
7645.407250838196,6942.72
7645.617844007902,9872.14
7645.828437177608,13277.1
7646.039030347314,16432.2
7646.24962351702,18060.4
7646.460216686726,18690.1
7646.670809856432,20026.1
7646.881403026137,20578.4
7647.091996195843,20351.3
7647.3025893655495,20999.1
7647.5131825352555,20770.2
7647.723775704962,19939.6
7647.934368874668,19754.0
7648.144962044374,18215.4
7648.35555521408,16001.9
7648.566148383786,13435.5
7648.776741553492,10731.7
7648.987334723197,8942.43
7649.197927892903,8474.13
7649.408521062609,9892.24
7649.619114232315,9186.92
7649.829707402021,9454.52
7650.040300571727,9488.67
7650.250893741433,9743.64
7650.461486911139,12220.1
7650.672080080845,15632.9
7650.882673250551,18845.3
7651.093266420256,21101.6
7651.3038595899625,22022.0
7651.5144527596685,22691.2
7651.725045929375,22568.4
7651.935639099081,21949.8
7652.146232268787,21820.0
7652.356825438493,22430.3
7652.567418608199,22086.9
7652.778011777905,22831.2
7652.98860494761,22686.9
7653.199198117316,21165.3
7653.409791287022,19094.7
7653.620384456728,15910.2
7653.830977626434,13246.2
7654.04157079614,12423.5
7654.252163965846,12025.4
7654.462757135552,12275.2
7654.673350305258,13181.4
7654.883943474964,11980.5
7655.0945366446695,12009.1
7655.3051298143755,12483.8
7655.515722984082,14995.3
7655.726316153788,18767.0
7655.936909323494,21555.0
7656.1475024932,23467.1
7656.358095662906,23592.0
7656.568688832612,23713.5
7656.779282002318,24842.9
7656.989875172023,25371.7
7657.200468341729,24283.3
7657.411061511435,24098.1
7657.621654681141,24184.6
7657.832247850847,25008.8
7658.042841020553,25570.4
7658.253434190259,24705.3
7658.464027359965,23295.9
7658.674620529671,21834.1
7658.885213699377,19373.3
7659.0958068690825,16378.3
7659.3064000387885,15652.1
7659.516993208495,14894.8
7659.727586378201,14837.8
7659.938179547907,14953.9
7660.148772717613,14964.6
7660.359365887319,15172.3
7660.569959057025,15931.3
7660.780552226731,17606.5
7660.991145396437,20652.3
7661.201738566142,23964.8
7661.412331735848,25530.1
7661.622924905554,26171.3
7661.83351807526,26799.6
7662.044111244966,25738.3
7662.254704414672,24667.1
7662.465297584378,25764.1
7662.675890754084,26232.8
7662.88648392379,26649.7
7663.097077093496,27033.6
7663.3076702632015,26910.8
7663.518263432908,26697.1
7663.728856602614,26354.0
7663.93944977232,25699.2
7664.150042942026,24550.6
7664.360636111732,22726.8
7664.571229281438,19721.8
7664.781822451144,17369.4
7664.99241562085,17390.9
7665.203008790555,17845.2
7665.413601960261,18590.1
7665.624195129967,17695.3
7665.834788299673,17604.7
7666.045381469379,19129.1
7666.255974639085,20588.6
7666.466567808791,23170.8
7666.677160978497,25940.2
7666.887754148203,26249.3
7667.098347317909,25836.9
7667.308940487615,26317.9
7667.519533657321,27096.5
7667.730126827027,27470.8
7667.940719996733,27411.9
7668.151313166439,27318.9
7668.361906336145,27745.4
7668.572499505851,28580.4
7668.783092675557,28164.6
7668.993685845263,27757.8
7669.204279014968,27934.3
7669.414872184674,26969.5
7669.62546535438,26830.5
7669.836058524086,26804.5
7670.046651693792,25965.1
7670.257244863498,23533.9
7670.467838033204,21560.4
7670.67843120291,22096.8
7670.889024372616,22998.7
7671.099617542322,22898.3
7671.310210712028,22304.4
7671.520803881734,21851.1
7671.73139705144,21603.5
7671.941990221146,21959.4
7672.152583390852,23886.4
7672.363176560558,26245.6
7672.573769730264,27083.9
7672.78436289997,28154.9
7672.994956069676,28629.1
7673.205549239382,27744.6
7673.416142409087,28307.2
7673.626735578793,28234.3
7673.837328748499,28844.4
7674.047921918205,29311.3
7674.258515087911,29287.3
7674.469108257617,28931.7
7674.679701427323,29078.4
7674.890294597029,29207.8
7675.1008877667355,28652.9
7675.3114809364415,29274.0
7675.522074106147,29043.6
7675.732667275853,27516.1
7675.943260445559,27728.4
7676.153853615265,25880.3
7676.364446784971,25249.4
7676.575039954677,25187.4
7676.785633124383,25148.9
7676.996226294089,24495.6
7677.206819463795,24010.1
7677.4174126335,23824.4
7677.628005803206,24092.7
7677.838598972912,24921.9
7678.049192142618,26153.0
7678.259785312324,27973.2
7678.47037848203,29252.6
7678.680971651736,29471.7
7678.891564821442,29297.2
7679.1021579911485,29661.1
7679.3127511608545,29579.9
7679.52334433056,29288.9
7679.733937500266,30187.0
7679.944530669972,29892.4
7680.155123839678,29784.2
7680.365717009384,29497.5
7680.57631017909,29597.0
7680.786903348796,30048.1
7680.997496518502,30084.4
7681.208089688208,30459.2
7681.418682857913,29996.1
7681.629276027619,29597.8
7681.839869197325,30699.8
7682.050462367031,28952.3
7682.261055536737,27894.9
7682.471648706443,27177.2
7682.682241876149,27439.4
7682.8928350458555,26737.8
7683.1034282155615,26159.6
7683.314021385268,26427.8
7683.524614554973,26913.9
7683.735207724679,27410.6
7683.945800894385,27817.2
7684.156394064091,28431.4
7684.366987233797,29174.4
7684.577580403503,29844.9
7684.788173573209,30925.8
7684.998766742915,31177.5
7685.209359912621,30348.7
7685.419953082327,30773.0
7685.630546252032,29893.8
7685.841139421738,30695.6
7686.051732591444,30807.6
7686.26232576115,31777.3
7686.472918930856,30952.3
7686.683512100562,30237.2
7686.8941052702685,30515.3
7687.1046984399745,31179.4
7687.315291609681,31308.7
7687.525884779386,30961.3
7687.736477949092,31136.5
7687.947071118798,30412.3
7688.157664288504,29103.7
7688.36825745821,30168.8
7688.578850627916,30690.6
7688.789443797622,28911.8
7689.000036967328,28826.6
7689.210630137034,28996.6
7689.42122330674,28788.0
7689.631816476445,28467.8
7689.842409646151,28621.9
7690.053002815857,29094.5
7690.263595985563,28790.4
7690.474189155269,28467.7
7690.6847823249755,28967.0
7690.8953754946815,30057.4
7691.105968664388,30606.8
7691.316561834094,30263.0
7691.5271550038,30500.5
7691.737748173505,30764.4
7691.948341343211,30389.9
7692.158934512917,31064.2
7692.369527682623,30509.5
7692.580120852329,30109.8
7692.790714022035,30527.6
7693.001307191741,30035.4
7693.211900361447,30346.9
7693.422493531153,31308.4
7693.633086700858,31545.3
7693.843679870564,31535.3
7694.05427304027,31241.0
7694.264866209976,31329.0
7694.475459379682,30855.5
7694.6860525493885,30728.5
7694.8966457190945,31382.1
7695.107238888801,31369.6
7695.317832058507,30856.9
7695.528425228213,30512.0
7695.739018397918,30318.4
7695.949611567624,30239.5
7696.16020473733,30148.0
7696.370797907036,29982.8
7696.581391076742,30250.0
7696.791984246448,30237.4
7697.002577416154,30761.9
7697.21317058586,30940.6
7697.423763755566,32002.6
7697.634356925272,31812.8
7697.844950094977,32356.8
7698.055543264683,32278.6
7698.266136434389,31581.7
7698.476729604095,31443.9
7698.6873227738015,31155.3
7698.8979159435075,31297.9
7699.108509113214,31497.2
7699.31910228292,31727.2
7699.529695452626,31970.0
7699.740288622331,31103.5
7699.950881792037,31136.1
7700.161474961743,31169.5
7700.372068131449,30907.7
7700.582661301155,32424.8
7700.793254470861,31775.9
7701.003847640567,31970.7
7701.214440810273,31498.9
7701.425033979979,32131.9
7701.635627149685,32022.3
7701.84622031939,31879.7
7702.056813489096,31816.3
7702.267406658802,30882.9
7702.4779998285085,33109.9
7702.6885929982145,31856.7
7702.899186167921,30124.4
7703.109779337627,31390.6
7703.320372507333,32232.8
7703.530965677039,32218.6
7703.741558846745,31945.5
7703.95215201645,32076.8
7704.162745186156,32548.3
7704.373338355862,32266.7
7704.583931525568,31478.9
7704.794524695274,31839.4
7705.00511786498,31321.1
7705.215711034686,31519.7
7705.426304204392,32323.5
7705.636897374098,32788.8
7705.847490543803,32533.4
7706.058083713509,32568.1
7706.268676883215,32052.7
7706.4792700529215,32337.7
7706.6898632226275,31925.6
7706.900456392334,32989.2
7707.11104956204,32824.9
7707.321642731746,31886.0
7707.532235901452,32128.7
7707.742829071158,32565.5
7707.953422240863,32480.6
7708.164015410569,32709.5
7708.374608580275,32620.4
7708.585201749981,32507.5
7708.795794919687,31905.9
7709.006388089393,31128.9
7709.216981259099,32603.8
7709.427574428805,32276.1
7709.638167598511,32706.7
7709.848760768217,32514.6
7710.059353937922,32378.7
7710.2699471076285,32804.1
7710.4805402773345,32425.8
7710.691133447041,31661.3
7710.901726616747,31244.7
7711.112319786453,32718.9
7711.322912956159,32890.7
7711.533506125865,32307.5
7711.744099295571,32211.7
7711.954692465276,32574.3
7712.165285634982,32709.9
7712.375878804688,32721.1
7712.586471974394,32381.2
7712.7970651441,31980.5
7713.007658313806,31856.8
7713.218251483512,31908.3
7713.428844653218,32092.0
7713.639437822924,32465.1
7713.85003099263,32295.0
7714.060624162335,32029.8
7714.2712173320415,32121.8
7714.4818105017475,32294.2
7714.692403671454,33162.4
7714.90299684116,32171.9
7715.113590010866,32451.6
7715.324183180572,32771.7
7715.534776350278,32066.4
7715.745369519984,31960.0
7715.95596268969,32753.4
7716.166555859395,33010.1
7716.377149029101,33139.4
7716.587742198807,31415.7
7716.798335368513,31959.2
7717.008928538219,31959.8
7717.219521707925,32093.5
7717.430114877631,31937.3
7717.640708047337,32020.0
7717.851301217043,32008.4
7718.0618943867485,31976.4
7718.2724875564545,32201.5
7718.483080726161,31551.9
7718.693673895867,31489.4
7718.904267065573,32440.8
7719.114860235279,32723.1
7719.325453404985,32606.1
7719.536046574691,32930.4
7719.746639744397,32720.6
7719.957232914103,32258.5
7720.167826083808,32133.8
7720.378419253514,32507.4
7720.58901242322,33193.5
7720.799605592926,31693.1
7721.010198762632,31604.9
7721.220791932338,32036.0
7721.431385102044,30763.6
7721.64197827175,31295.7
7721.852571441456,32031.7
7722.063164611162,32271.3
7722.2737577808675,32838.2
7722.484350950574,32289.7
7722.69494412028,31986.9
7722.905537289986,31763.5
7723.116130459692,31643.9
7723.326723629398,32248.2
7723.537316799104,32204.0
7723.74790996881,32672.1
7723.958503138516,31687.0
7724.169096308221,31322.7
7724.379689477927,31537.7
7724.590282647633,31293.6
7724.800875817339,31247.9
7725.011468987045,31556.1
7725.222062156751,32520.3
7725.432655326457,32622.4
7725.643248496163,31674.3
7725.853841665869,32624.1
7726.064434835575,32778.9
7726.275028005281,31907.6
7726.485621174987,31448.3
7726.696214344693,31798.6
7726.906807514399,32373.4
7727.117400684105,31816.4
7727.327993853811,31839.7
7727.538587023517,31739.2
7727.749180193223,31989.8
7727.959773362929,31295.7
7728.170366532635,31279.2
7728.38095970234,31282.4
7728.591552872046,30994.1
7728.802146041752,31392.9
7729.012739211458,33024.9
7729.223332381164,33081.2
7729.43392555087,31718.5
7729.644518720576,31987.3
7729.855111890282,31306.6
7730.065705059988,30874.5
7730.276298229694,31678.0
7730.4868913994,31079.1
7730.697484569106,31915.3
7730.908077738812,31898.9
7731.118670908518,31365.8
7731.329264078224,30624.0
7731.53985724793,30730.4
7731.750450417636,30966.3
7731.961043587342,31327.2
7732.171636757048,31598.0
7732.382229926753,31475.3
7732.592823096459,30612.1
7732.803416266165,30517.3
7733.014009435871,30557.9
7733.224602605577,31419.5
7733.435195775283,31828.1
7733.645788944989,31955.1
7733.856382114695,32163.5
7734.066975284401,31035.3
7734.277568454107,30909.6
7734.488161623813,31020.0
7734.698754793519,31053.3
7734.909347963225,31832.8
7735.119941132931,32115.4
7735.330534302637,31592.3
7735.541127472343,31260.5
7735.751720642049,31104.1
7735.962313811755,30378.8
7736.172906981461,30957.0
7736.383500151166,31556.0
7736.594093320872,30805.4
7736.804686490578,31041.7
7737.015279660284,31282.0
7737.22587282999,31464.0
7737.436465999696,31069.8
7737.647059169402,30072.2
7737.857652339108,30041.4
7738.0682455088145,31218.8
7738.2788386785205,31739.3
7738.489431848226,30955.5
7738.700025017932,30935.4
7738.910618187638,31436.7
7739.121211357344,30601.3
7739.33180452705,29317.0
7739.542397696756,29629.4
7739.752990866462,30539.9
7739.963584036168,30476.2
7740.174177205874,30121.5
7740.38477037558,30565.8
7740.595363545285,30305.9
7740.805956714991,30079.2
7741.016549884697,29914.9
7741.227143054403,31549.8
7741.437736224109,30926.3
7741.648329393815,30564.1
7741.858922563521,30547.9
7742.0695157332275,29895.3
7742.2801089029335,29973.3
7742.490702072639,29192.4
7742.701295242345,29368.3
7742.911888412051,29747.4
7743.122481581757,29396.0
7743.333074751463,29757.7
7743.543667921169,30740.6
7743.754261090875,30591.9
7743.964854260581,29623.7
7744.175447430287,29877.8
7744.386040599993,30012.4
7744.596633769698,29684.2
7744.807226939404,30294.2
7745.01782010911,30589.0
7745.228413278816,29853.4
7745.439006448522,29116.0
7745.649599618228,29294.0
7745.8601927879345,30276.5
7746.0707859576405,30335.3
7746.281379127347,29680.7
7746.491972297052,29551.7
7746.702565466758,29624.4
7746.913158636464,29099.5
7747.12375180617,28757.0
7747.334344975876,28792.4
7747.544938145582,29346.8
7747.755531315288,29988.5
7747.966124484994,30062.4
7748.1767176547,29891.7
7748.387310824406,29286.3
7748.597903994111,29145.4
7748.808497163817,30567.3
7749.019090333523,30237.9
7749.229683503229,29593.6
7749.440276672935,29580.5
7749.650869842641,29177.6
7749.8614630123475,29236.1
7750.0720561820535,29620.6
7750.28264935176,29613.0
7750.493242521466,29999.6
7750.703835691171,29876.5
7750.914428860877,28877.2
7751.125022030583,29292.4
7751.335615200289,29665.8
7751.546208369995,29427.0
7751.756801539701,29218.1
7751.967394709407,28975.5
7752.177987879113,28136.7
7752.388581048819,28734.1
7752.599174218525,30221.9
7752.80976738823,29717.3
7753.020360557936,29374.4
7753.230953727642,29229.0
7753.441546897348,28737.9
7753.6521400670545,28753.9
7753.8627332367605,29569.2
7754.073326406467,28882.5
7754.283919576173,27970.5
7754.494512745879,28809.5
7754.705105915584,29159.5
7754.91569908529,29257.6
7755.126292254996,29677.3
7755.336885424702,28785.0
7755.547478594408,28698.9
7755.758071764114,28987.8
7755.96866493382,28549.8
7756.179258103526,28315.9
7756.389851273232,28048.9
7756.600444442938,28903.7
7756.811037612643,29017.2
7757.021630782349,28123.5
7757.232223952055,28878.5
7757.442817121761,29251.3
7757.6534102914675,29573.0
7757.8640034611735,29652.5
7758.07459663088,29534.6
7758.285189800586,28633.0
7758.495782970292,27668.1
7758.706376139997,27665.1
7758.916969309703,28101.2
7759.127562479409,28531.1
7759.338155649115,28346.2
7759.548748818821,28673.1
7759.759341988527,28752.3
7759.969935158233,28760.7
7760.180528327939,27825.9
7760.391121497645,28595.1
7760.601714667351,27261.0
7760.812307837056,27565.5
7761.022901006762,28362.7
7761.233494176468,27961.4
7761.4440873461745,28104.8
7761.6546805158805,28601.4
7761.8652736855865,28685.8
7762.075866855293,28147.7
7762.286460024999,27796.1
7762.497053194705,28275.0
7762.707646364411,28416.3
7762.918239534116,27839.6
7763.128832703822,27589.5
7763.339425873528,27563.9
7763.550019043234,27695.4
7763.76061221294,27830.5
7763.971205382646,28195.8
7764.181798552352,27683.9
7764.392391722058,27306.2
7764.602984891764,26848.5
7764.81357806147,26818.6
7765.024171231175,27163.8
7765.234764400881,28199.1
7765.4453575705875,28186.1
7765.6559507402935,27854.5
7765.86654391,28119.5
7766.077137079706,27807.3
7766.287730249412,27167.2
7766.498323419118,27392.7
7766.708916588824,26655.0
7766.919509758529,26296.2
7767.130102928235,27086.1
7767.340696097941,27704.0
7767.551289267647,27933.9
7767.761882437353,27355.5
7767.972475607059,27172.2
7768.183068776765,27220.6
7768.393661946471,26719.1
7768.604255116177,26540.2
7768.814848285883,26020.0
7769.025441455588,26254.4
7769.236034625294,26747.5
7769.4466277950005,26311.3
7769.6572209647065,25615.4
7769.867814134413,26126.4
7770.078407304119,25337.3
7770.289000473825,25021.2
7770.499593643531,25465.3
7770.710186813237,24659.6
7770.920779982942,23472.1
7771.131373152648,23212.4
7771.341966322354,21779.4
7771.55255949206,19891.6
7771.763152661766,19603.1
7771.973745831472,19307.1
7772.184339001178,18764.7
7772.394932170884,18330.6
7772.60552534059,18994.7
7772.816118510296,20237.2
7773.026711680001,21151.0
7773.2373048497075,21002.9
7773.4478980194135,20605.3
7773.65849118912,19149.8
7773.869084358826,19253.2
7774.079677528532,19198.8
7774.290270698238,17625.3
7774.500863867944,17897.6
7774.71145703765,18253.7
7774.922050207356,18015.1
7775.132643377061,17941.2
7775.343236546767,18323.0
7775.553829716473,18874.8
7775.764422886179,19503.2
7775.975016055885,20233.0
7776.185609225591,21786.9
7776.396202395297,22585.1
7776.606795565003,23913.7
7776.817388734709,24886.1
7777.027981904415,24958.1
7777.2385750741205,24902.0
7777.4491682438265,25534.2
7777.659761413533,24653.4
7777.870354583239,24196.3
7778.080947752945,24292.6
7778.291540922651,25169.5
7778.502134092357,25231.7
7778.712727262063,25357.3
7778.923320431769,25184.2
7779.133913601474,24229.0
7779.34450677118,24904.5
7779.555099940886,25432.1
7779.765693110592,24663.9
7779.976286280298,24644.3
7780.186879450004,25194.8
7780.39747261971,25259.6
7780.608065789416,24915.4
7780.818658959122,25340.7
7781.029252128828,25358.4
7781.2398452985335,26168.7
7781.45043846824,24555.7
7781.661031637946,24807.5
7781.871624807652,24459.4
7782.082217977358,24187.6
7782.292811147064,24010.8
7782.50340431677,25284.2
7782.713997486476,25149.7
7782.924590656182,24345.2
7783.135183825887,24898.5
7783.345776995593,24992.6
7783.556370165299,25090.9
7783.766963335005,24803.8
7783.977556504711,24563.6
7784.188149674417,23998.6
7784.398742844123,24069.3
7784.609336013829,23642.3
7784.819929183535,23703.6
7785.030522353241,23731.4
7785.2411155229465,23614.3
7785.451708692653,23408.6
7785.662301862359,24254.7
7785.872895032065,24883.1
7786.083488201771,24824.7
7786.294081371477,24406.7
7786.504674541183,23492.0
7786.715267710889,23598.6
7786.925860880595,23513.8
7787.136454050301,24115.4
7787.347047220006,24545.9
7787.557640389712,24626.3
7787.768233559418,23917.8
7787.978826729124,23270.9
7788.18941989883,23685.0
7788.400013068536,24302.3
7788.610606238242,24006.8
7788.821199407948,23458.6
7789.031792577654,23368.9
7789.2423857473605,23916.1
7789.452978917066,24487.0
7789.663572086772,23538.8
7789.874165256478,23545.8
7790.084758426184,23206.2
7790.29535159589,23488.8
7790.505944765596,23216.1
7790.716537935302,23112.1
7790.927131105008,23216.9
7791.137724274714,23419.5
7791.348317444419,23727.2
7791.558910614125,23190.8
7791.769503783831,22741.1
7791.980096953537,22360.8
7792.190690123243,23398.2
7792.401283292949,22588.8
7792.611876462655,22495.5
7792.822469632361,22937.5
7793.033062802067,23599.8
7793.2436559717735,23654.6
7793.454249141479,23076.9
7793.664842311185,22349.9
7793.875435480891,22678.0
7794.086028650597,22817.4
7794.296621820303,23329.4
7794.507214990009,23332.7
7794.717808159715,22649.4
7794.928401329421,22933.0
7795.138994499127,22943.9
7795.349587668832,22343.2
7795.560180838538,22398.8
7795.770774008244,22914.5
7795.98136717795,22380.1
7796.191960347656,21943.5
7796.402553517362,21995.4
7796.613146687068,22395.4
7796.823739856774,22447.2
7797.03433302648,21689.4
7797.2449261961865,21567.7
7797.455519365892,22807.0
7797.666112535598,22675.4
7797.876705705304,22408.0
7798.08729887501,21954.4
7798.297892044716,21606.4
7798.508485214422,22384.0
7798.719078384128,22122.6
7798.929671553834,22020.8
7799.14026472354,22210.0
7799.350857893246,22415.0
7799.561451062951,22131.5
7799.772044232657,21823.9
7799.982637402363,21539.6
7800.193230572069,21949.9
7800.403823741775,21957.8
7800.614416911481,21358.5
7800.825010081187,21623.8
7801.0356032508935,21300.7
7801.2461964205995,21307.4
7801.456789590306,21419.2
7801.667382760011,20858.7
7801.877975929717,21192.3
7802.088569099423,21243.6
7802.299162269129,22330.2
7802.509755438835,22632.3
7802.720348608541,21208.1
7802.930941778247,20697.9
7803.141534947953,21338.7
7803.352128117659,20832.5
7803.562721287364,21003.8
7803.77331445707,21529.9
7803.983907626776,21119.2
7804.194500796482,21401.6
7804.405093966188,21374.9
7804.615687135894,20458.1
7804.8262803056,20634.9
7805.0368734753065,21206.7
7805.2474666450125,21256.8
7805.458059814719,20648.6
7805.668652984424,20410.2
7805.87924615413,20148.0
7806.089839323836,20460.3
7806.300432493542,20351.6
7806.511025663248,20988.0
7806.721618832954,21047.9
7806.93221200266,20657.8
7807.142805172366,20146.3
7807.353398342072,20039.3
7807.563991511777,20850.3
7807.774584681483,20843.6
7807.985177851189,20972.5
7808.195771020895,20003.2
7808.406364190601,19360.8
7808.616957360307,19630.1
7808.8275505300135,20525.8
7809.0381436997195,20371.1
7809.248736869426,20639.7
7809.459330039132,20709.3
7809.669923208837,20341.9
7809.880516378543,19890.7
7810.091109548249,19887.0
7810.301702717955,19838.5
7810.512295887661,19653.5
7810.722889057367,19948.8
7810.933482227073,19097.8
7811.144075396779,20160.6
7811.354668566485,20392.4
7811.565261736191,19184.5
7811.775854905896,19489.6
7811.986448075602,19394.7
7812.197041245308,19480.5
7812.407634415014,19657.6
7812.61822758472,19701.5
7812.8288207544265,19340.2
7813.0394139241325,19598.7
7813.250007093839,18363.6
7813.460600263545,18268.3
7813.671193433251,18374.9
7813.881786602956,19349.3
7814.092379772662,19442.5
7814.302972942368,19343.6
7814.513566112074,19382.0
7814.72415928178,19405.1
7814.934752451486,18645.8
7815.145345621192,18310.4
7815.355938790898,18258.8
7815.566531960604,18125.0
7815.777125130309,18378.7
7815.987718300015,18857.0
7816.198311469721,18875.6
7816.408904639427,19388.9
7816.6194978091335,17975.4
7816.8300909788395,17954.8
7817.040684148546,18478.0
7817.251277318252,18694.7
7817.461870487958,18555.6
7817.672463657664,18566.8
7817.883056827369,18347.0
7818.093649997075,18475.7
7818.304243166781,18326.9
7818.514836336487,18164.4
7818.725429506193,18483.1
7818.936022675899,17670.4
7819.146615845605,17805.4
7819.357209015311,17831.2
7819.567802185017,18213.3
7819.778395354722,17828.4
7819.988988524428,17770.3
7820.199581694134,17678.0
7820.41017486384,17452.0
7820.6207680335465,17815.8
7820.8313612032525,17884.6
7821.041954372959,18868.7
7821.252547542665,18870.3
7821.463140712371,17156.3
7821.673733882077,16729.1
7821.884327051782,17722.0
7822.094920221488,18389.6
7822.305513391194,17747.8
7822.5161065609,17630.9
7822.726699730606,18146.9
7822.937292900312,18236.8
7823.147886070018,17251.6
7823.358479239724,16812.5
7823.56907240943,17099.3
7823.779665579135,17067.0
7823.990258748841,17763.5
7824.200851918547,18040.7
7824.4114450882535,17120.8
7824.6220382579595,17723.3
7824.832631427666,17268.3
7825.043224597372,17687.9
7825.253817767078,17217.0
7825.464410936784,16564.5
7825.67500410649,16388.0
7825.885597276195,17295.4
7826.096190445901,17203.8
7826.306783615607,16496.8
7826.517376785313,16482.8
7826.727969955019,16709.4
7826.938563124725,16597.6
7827.149156294431,16185.3
7827.359749464137,17107.9
7827.570342633843,17057.2
7827.780935803549,17203.0
7827.991528973254,16608.7
7828.20212214296,16419.8
7828.4127153126665,17126.1
7828.6233084823725,16594.7
7828.833901652079,16602.6
7829.044494821785,16210.5
7829.255087991491,15677.7
7829.465681161197,15388.6
7829.676274330903,15735.9
7829.886867500609,16480.5
7830.097460670314,16546.9
7830.30805384002,15951.9
7830.518647009726,16119.5
7830.729240179432,15308.5
7830.939833349138,15205.5
7831.150426518844,16225.0
7831.36101968855,15486.4
7831.571612858256,14851.2
7831.782206027962,15627.1
7831.992799197667,16094.8
7832.203392367373,16300.1
7832.4139855370795,16406.6
7832.6245787067855,16113.7
7832.835171876492,15332.6
7833.045765046198,15158.1
7833.256358215904,15457.5
7833.46695138561,15208.4
7833.677544555316,14965.9
7833.888137725022,15973.0
7834.098730894727,15405.5
7834.309324064433,15351.8
7834.519917234139,14962.8
7834.730510403845,15602.0
7834.941103573551,15052.4
7835.151696743257,14622.6
7835.362289912963,15029.5
7835.572883082669,14467.2
7835.783476252375,15231.7
7835.99406942208,15329.2
7836.2046625917865,14469.2
7836.4152557614925,15304.0
7836.625848931199,15666.8
7836.836442100905,15094.6
7837.047035270611,15138.8
7837.257628440317,15228.7
7837.468221610023,14950.4
7837.678814779729,14509.3
7837.889407949435,14541.9
7838.10000111914,14574.8
7838.310594288846,14845.4
7838.521187458552,14325.9
7838.731780628258,14737.8
7838.942373797964,14983.3
7839.15296696767,14682.1
7839.363560137376,14234.3
7839.574153307082,14219.7
7839.784746476788,14702.0
7839.995339646494,14538.0
7840.2059328161995,14164.3
7840.4165259859055,14457.3
7840.627119155612,14157.7
7840.837712325318,13992.5
7841.048305495024,14134.3
7841.25889866473,14122.4
7841.469491834436,13430.9
7841.680085004142,14024.0
7841.890678173848,14302.1
7842.101271343554,13372.7
7842.311864513259,13589.7
7842.522457682965,13951.0
7842.733050852671,13236.1
7842.943644022377,13960.6
7843.154237192083,14118.6
7843.364830361789,13134.5
7843.575423531495,13142.8
7843.786016701201,13423.9
7843.996609870907,13165.1
7844.2072030406125,13753.7
7844.417796210319,13545.6
7844.628389380025,13896.4
7844.838982549731,14093.2
7845.049575719437,13366.7
7845.260168889143,13562.8
7845.470762058849,13472.3
7845.681355228555,13799.8
7845.891948398261,13204.6
7846.102541567967,13483.0
7846.313134737672,12310.5
7846.523727907378,12460.6
7846.734321077084,12591.3
7846.94491424679,12140.1
7847.155507416496,12923.8
7847.366100586202,13043.0
7847.576693755908,12052.8
7847.787286925614,12034.1
7847.99788009532,12941.5
7848.2084732650255,12901.7
7848.419066434732,13156.3
7848.629659604438,13014.6
7848.840252774144,12909.2
7849.05084594385,12428.5
7849.261439113556,12850.3
7849.472032283262,12770.8
7849.682625452968,11934.8
7849.893218622674,12067.9
7850.10381179238,12500.8
7850.314404962085,11853.6
7850.524998131791,11737.0
7850.735591301497,11750.4
7850.946184471203,12219.7
7851.156777640909,12726.0
7851.367370810615,12526.1
7851.577963980321,11999.5
7851.788557150027,12151.7
7851.999150319733,11943.7
7852.2097434894395,12022.6
7852.420336659145,11792.9
7852.630929828851,12215.4
7852.841522998557,12271.6
7853.052116168263,11611.6
7853.262709337969,11700.7
7853.473302507675,11639.8
7853.683895677381,11359.1
7853.894488847087,11296.1
7854.105082016793,12187.6
7854.315675186499,11392.1
7854.526268356204,11344.6
7854.73686152591,12040.1
7854.947454695616,10884.2
7855.158047865322,11004.0
7855.368641035028,11736.7
7855.579234204734,11501.9
7855.78982737444,11609.3
7856.000420544146,11938.9
7856.2110137138525,11211.4
7856.421606883558,10923.4
7856.632200053264,10501.5
7856.84279322297,10820.7
7857.053386392676,11051.2
7857.263979562382,11317.6
7857.474572732088,11116.7
7857.685165901794,11340.4
7857.8957590715,10830.4
7858.106352241206,10619.4
7858.316945410912,10963.4
7858.527538580617,11030.3
7858.738131750323,10845.7
7858.948724920029,10713.0
7859.159318089735,11078.8
7859.369911259441,10811.5
7859.580504429147,10346.1
7859.791097598853,9996.41
7860.0016907685595,10467.5
7860.2122839382655,10812.0
7860.422877107971,10415.0
7860.633470277677,10776.2
7860.844063447383,10807.4
7861.054656617089,9936.71
7861.265249786795,10315.3
7861.475842956501,10428.5
7861.686436126207,10352.3
7861.897029295913,10382.1
7862.107622465619,10142.9
7862.318215635325,10425.8
7862.528808805031,10409.0
7862.739401974736,10163.3
7862.949995144442,10316.6
7863.160588314148,10048.7
7863.371181483854,9712.8
7863.58177465356,9766.88
7863.792367823266,9854.91
7864.0029609929725,10098.5
7864.2135541626785,10508.2
7864.424147332385,9422.94
7864.63474050209,9476.41
7864.845333671796,9280.16
7865.055926841502,9491.11
7865.266520011208,9244.29
7865.477113180914,9621.46
7865.68770635062,10069.0
7865.898299520326,9321.74
7866.108892690032,9281.76
7866.319485859738,9477.28
7866.530079029444,8911.31
7866.740672199149,8808.96
7866.951265368855,8934.3
7867.161858538561,9736.08
7867.372451708267,9829.16
7867.583044877973,9785.3
7867.793638047679,9301.67
7868.0042312173855,9325.7
7868.2148243870915,9637.14
7868.425417556798,8841.08
7868.636010726503,8734.75
7868.846603896209,9490.35
7869.057197065915,8402.48
7869.267790235621,8375.62
7869.478383405327,8817.23
7869.688976575033,8963.87
7869.899569744739,8891.38
7870.110162914445,8398.61
7870.320756084151,8862.55
7870.531349253857,9067.25
7870.741942423562,8720.74
7870.952535593268,8444.13
7871.163128762974,8706.13
7871.37372193268,8374.42
7871.584315102386,8294.06
7871.7949082720925,8933.88
7872.0055014417985,8458.1
7872.216094611505,8864.76
7872.426687781211,7772.37
7872.637280950916,8386.73
7872.847874120622,7865.65
7873.058467290328,7947.23
7873.269060460034,8295.31
7873.47965362974,8682.19
7873.690246799446,8237.29
7873.900839969152,7997.59
7874.111433138858,7657.65
7874.322026308564,7388.13
7874.53261947827,8319.56
7874.743212647975,8524.13
7874.953805817681,8060.6
7875.164398987387,7717.89
7875.374992157093,7385.12
7875.585585326799,7717.28
7875.7961784965055,8085.75
7876.0067716662115,8054.03
7876.217364835918,7962.31
7876.427958005624,7507.34
7876.63855117533,7216.07
7876.849144345035,7275.54
7877.059737514741,7548.2
7877.270330684447,7000.78
7877.480923854153,6482.09
7877.691517023859,7116.76
7877.902110193565,7300.04
7878.112703363271,7642.81
7878.323296532977,7890.61
7878.533889702683,6996.08
7878.744482872389,6725.37
7878.955076042094,7241.02
7879.1656692118,7096.43
7879.376262381506,7218.66
7879.5868555512125,6955.14
7879.7974487209185,6766.65
7880.008041890625,7229.08
7880.218635060331,7380.6
7880.429228230037,6645.63
7880.639821399743,6580.86
7880.850414569448,6904.78
7881.061007739154,6496.14
7881.27160090886,6434.6
7881.482194078566,6830.06
7881.692787248272,6889.84
7881.903380417978,6632.73
7882.113973587684,6135.25
7882.32456675739,6519.34
7882.535159927096,7379.26
7882.745753096802,6621.22
7882.956346266507,6571.07
7883.166939436213,6184.08
7883.377532605919,6341.45
7883.5881257756255,6660.98
7883.7987189453315,6524.58
7884.009312115038,6007.78
7884.219905284744,6277.06
7884.43049845445,6265.64
7884.641091624156,6664.93
7884.851684793861,5888.38
7885.062277963567,6464.64
7885.272871133273,6072.03
7885.483464302979,6598.45
7885.694057472685,6061.36
7885.904650642391,6574.07
7886.115243812097,6194.06
7886.325836981803,6461.13
7886.536430151509,6434.66
7886.747023321215,6051.4
7886.95761649092,6370.36
7887.168209660626,6617.03
7887.3788028303325,5954.14
7887.5893960000385,5645.03
7887.799989169745,5503.23
7888.010582339451,5888.17
7888.221175509157,5553.03
7888.431768678863,5838.5
7888.642361848569,5327.43
7888.852955018274,5876.73
7889.06354818798,4897.79
7889.274141357686,5333.3
7889.484734527392,5183.11
7889.695327697098,4776.52
7889.905920866804,4820.95
7890.11651403651,4981.84
7890.327107206216,5599.88
7890.537700375922,4980.72
7890.748293545628,5682.33
7890.958886715334,5730.32
7891.169479885039,5558.04
7891.3800730547455,5237.55
7891.5906662244515,5863.55
7891.801259394158,5460.06
7892.011852563864,5338.82
7892.22244573357,4638.18
