6487.8927484165,45287.5
6488.072272338408,45149.0
6488.251796260316,45156.0
6488.431320182223,45517.9
6488.6108441041315,45343.3
6488.79036802604,45233.0
6488.969891947948,45658.6
6489.149415869855,45715.3
6489.328939791763,46237.1
6489.5084637136715,47201.8
6489.68798763558,47288.2
6489.867511557487,46915.4
6490.047035479395,47405.4
6490.226559401303,48037.1
6490.4060833232115,48004.6
6490.585607245119,47785.0
6490.765131167027,46871.4
6490.944655088935,47151.3
6491.124179010843,47728.4
6491.303702932752,48543.0
6491.483226854659,49029.6
6491.662750776567,49371.8
6491.842274698475,50060.5
6492.021798620383,50457.6
6492.201322542291,50778.2
6492.380846464199,50505.8
6492.560370386107,50209.0
6492.739894308015,50193.5
6492.9194182299225,50114.6
6493.098942151831,50918.7
6493.278466073739,52257.9
6493.457989995647,52352.3
6493.637513917554,52795.1
6493.8170378394625,53180.9
6493.996561761371,54118.2
6494.176085683279,54444.0
6494.355609605186,53765.4
6494.535133527094,53614.2
6494.7146574490025,54096.7
6494.894181370911,54026.1
6495.073705292819,54377.4
6495.253229214726,55233.8
6495.432753136634,55903.7
6495.6122770585425,55287.7
6495.791800980451,54042.1
6495.971324902358,53472.6
6496.150848824266,54351.0
6496.330372746174,56444.2
6496.509896668083,57789.9
6496.68942058999,57589.7
6496.868944511898,57343.6
6497.048468433806,57741.4
6497.227992355714,57762.3
6497.407516277622,57590.2
6497.58704019953,57731.0
6497.766564121438,58133.0
6497.946088043346,59278.2
6498.125611965254,59516.5
6498.305135887162,60465.1
6498.48465980907,60933.0
6498.664183730978,60582.5
6498.843707652886,61029.6
6499.0232315747935,62050.2
6499.202755496702,62220.9
6499.38227941861,62106.6
6499.561803340518,62080.3
6499.741327262425,62558.3
6499.9208511843335,61979.2
6500.100375106242,62544.8
6500.27989902815,63367.1
6500.459422950057,63899.4
6500.638946871965,64685.7
6500.8184707938735,64139.7
6500.997994715782,63987.6
6501.17751863769,64998.4
6501.357042559597,65182.7
6501.536566481505,65055.1
6501.716090403414,65290.5
6501.895614325322,65487.2
6502.075138247229,65902.4
6502.254662169137,66979.0
6502.434186091045,67423.9
6502.613710012954,66512.1
6502.793233934861,67436.0
6502.972757856769,67828.5
6503.152281778677,68414.1
6503.331805700585,68856.0
6503.511329622493,68996.1
6503.690853544401,69668.4
6503.870377466309,70317.3
6504.049901388217,71082.0
6504.2294253101245,70110.6
6504.408949232033,70127.4
6504.588473153941,70466.0
6504.767997075849,71452.2
6504.947520997757,72519.3
6505.1270449196645,72076.5
6505.306568841573,71295.9
6505.486092763481,72443.0
6505.665616685389,73429.6
6505.845140607296,72127.9
6506.0246645292045,73177.2
6506.204188451113,74038.1
6506.383712373021,73938.8
6506.563236294928,74085.8
6506.742760216836,74889.0
6506.9222841387445,75955.8
6507.101808060653,75450.0
6507.28133198256,75259.5
6507.460855904468,75223.4
6507.640379826376,74918.4
6507.819903748285,75611.7
6507.999427670193,76777.1
6508.1789515921,77361.0
6508.358475514008,77341.6
6508.537999435916,76842.1
6508.717523357825,76762.1
6508.897047279732,77728.9
6509.07657120164,78421.6
6509.256095123548,79085.7
6509.435619045456,79735.3
6509.615142967364,80299.0
6509.794666889272,80876.7
6509.97419081118,81060.5
6510.153714733088,80784.1
6510.3332386549955,81282.1
6510.512762576904,82311.7
6510.692286498812,81901.2
6510.87181042072,82139.4
6511.051334342628,83211.0
6511.2308582645355,83411.3
6511.410382186444,83285.5
6511.589906108352,83324.5
6511.76943003026,83084.1
6511.948953952167,83810.9
6512.1284778740755,84020.1
6512.308001795984,84885.1
6512.487525717892,85452.0
6512.667049639799,86248.4
6512.846573561707,86854.3
6513.026097483616,86671.1
6513.205621405524,86808.8
6513.385145327431,87502.6
6513.564669249339,87354.3
6513.744193171247,87181.0
6513.923717093156,87909.0
6514.103241015063,88814.2
6514.282764936971,87730.7
6514.462288858879,86109.4
6514.641812780787,86192.9
6514.821336702696,86838.3
6515.000860624603,87486.5
6515.180384546511,89606.9
6515.359908468419,91089.3
6515.539432390327,93202.8
6515.718956312235,92015.6
6515.898480234143,90438.1
6516.078004156051,90130.7
6516.257528077959,90232.0
6516.4370519998665,89443.8
6516.616575921775,87888.7
6516.796099843683,88329.3
6516.975623765591,91136.5
6517.155147687498,93458.0
6517.3346716094065,94895.2
6517.514195531315,95748.5
6517.693719453223,96737.5
6517.873243375131,96784.6
6518.052767297038,96774.3
6518.232291218947,96749.6
6518.411815140855,96204.8
6518.591339062763,97859.2
6518.77086298467,99280.3
6518.950386906578,99096.2
6519.129910828487,97507.0
6519.309434750395,97246.6
6519.488958672302,97531.0
6519.66848259421,99106.9
6519.848006516118,100436.0
6520.027530438027,100446.0
6520.207054359934,101776.0
6520.386578281842,102339.0
6520.56610220375,103472.0
6520.745626125658,104050.0
6520.925150047567,102867.0
6521.104673969474,103131.0
6521.284197891382,102859.0
6521.46372181329,102875.0
6521.643245735198,104532.0
6521.822769657106,105159.0
6522.002293579014,104739.0
6522.181817500922,104519.0
6522.36134142283,105299.0
6522.5408653447375,106375.0
6522.720389266646,105919.0
6522.899913188554,105954.0
6523.079437110462,106932.0
6523.258961032369,107205.0
6523.438484954278,107299.0
6523.618008876186,106921.0
6523.797532798094,105591.0
6523.977056720001,107262.0
6524.156580641909,108739.0
6524.336104563818,109750.0
6524.515628485726,110396.0
6524.695152407634,109935.0
6524.874676329541,111026.0
6525.054200251449,112463.0
6525.233724173358,112040.0
6525.413248095266,111374.0
6525.592772017173,111814.0
6525.772295939081,113167.0
6525.951819860989,112046.0
6526.131343782898,113240.0
6526.310867704805,114254.0
6526.490391626713,113931.0
6526.669915548621,114776.0
6526.849439470529,115098.0
6527.028963392437,115290.0
6527.208487314345,116508.0
6527.388011236253,116278.0
6527.567535158161,115685.0
6527.747059080069,115384.0
6527.926583001977,117006.0
6528.106106923885,118260.0
6528.285630845793,117393.0
6528.465154767701,117979.0
6528.644678689609,117930.0
6528.824202611517,117268.0
6529.003726533425,118674.0
6529.183250455333,120154.0
6529.36277437724,120542.0
6529.542298299149,120352.0
6529.721822221057,120078.0
6529.901346142965,120689.0
6530.080870064872,122844.0
6530.26039398678,122857.0
6530.439917908689,121585.0
6530.619441830597,121581.0
6530.798965752505,121993.0
6530.978489674412,122749.0
6531.15801359632,124517.0
6531.337537518229,124854.0
6531.517061440137,124074.0
6531.696585362044,125046.0
6531.876109283952,125294.0
6532.05563320586,123643.0
6532.235157127769,121645.0
6532.414681049676,122571.0
6532.594204971584,124449.0
6532.773728893492,125812.0
6532.9532528154,127284.0
6533.132776737308,127781.0
6533.312300659216,128484.0
6533.491824581124,127686.0
6533.671348503032,127719.0
6533.85087242494,126947.0
6534.030396346848,127998.0
6534.209920268756,129414.0
6534.389444190664,129098.0
6534.568968112572,129562.0
6534.74849203448,130066.0
6534.928015956388,129663.0
6535.107539878296,131132.0
6535.287063800204,131798.0
6535.466587722111,131939.0
6535.64611164402,132160.0
6535.825635565928,132513.0
6536.005159487836,133586.0
6536.184683409743,134284.0
6536.364207331651,133884.0
6536.54373125356,134203.0
6536.723255175468,133275.0
6536.902779097375,133242.0
6537.082303019283,136955.0
6537.261826941191,136350.0
6537.4413508631,135158.0
6537.620874785008,135477.0
6537.800398706915,136314.0
6537.979922628823,136454.0
6538.159446550731,137039.0
6538.33897047264,137934.0
6538.518494394547,138923.0
6538.698018316455,138284.0
6538.877542238363,137594.0
6539.0570661602715,138889.0
6539.236590082179,139124.0
6539.416114004087,139844.0
6539.595637925995,140364.0
6539.775161847903,140088.0
6539.954685769811,139655.0
6540.134209691719,139888.0
6540.313733613627,140338.0
6540.493257535535,140629.0
6540.672781457442,141253.0
6540.852305379351,141599.0
6541.031829301259,141741.0
6541.211353223167,141790.0
6541.390877145075,141712.0
6541.570401066982,143278.0
6541.749924988891,142437.0
6541.929448910799,142790.0
6542.108972832707,142054.0
6542.288496754614,142723.0
6542.468020676522,143045.0
6542.647544598431,144632.0
6542.827068520339,144478.0
6543.006592442246,142330.0
6543.186116364154,143295.0
6543.365640286062,144938.0
6543.545164207971,143651.0
6543.724688129878,141227.0
6543.904212051786,141729.0
6544.083735973694,141990.0
6544.2632598956025,144815.0
6544.442783817511,147264.0
6544.622307739418,146753.0
6544.801831661326,146923.0
6544.981355583234,147529.0
6545.1608795051425,147653.0
6545.34040342705,148366.0
6545.519927348958,148975.0
6545.699451270866,148552.0
6545.878975192774,147074.0
6546.058499114682,147811.0
6546.23802303659,149232.0
6546.417546958498,150141.0
6546.597070880406,150998.0
6546.776594802313,151503.0
6546.956118724222,151534.0
6547.13564264613,151360.0
6547.315166568038,150836.0
6547.494690489946,149765.0
6547.674214411853,148426.0
6547.853738333762,148868.0
6548.03326225567,151799.0
6548.212786177578,152120.0
6548.392310099485,150198.0
6548.571834021393,148373.0
6548.751357943302,148506.0
6548.93088186521,149660.0
6549.110405787117,151479.0
6549.289929709025,154022.0
6549.4694536309335,154027.0
6549.648977552842,153088.0
6549.828501474749,153193.0
6550.008025396657,153265.0
6550.187549318565,153548.0
6550.3670732404735,153342.0
6550.546597162382,153749.0
6550.726121084289,153695.0
6550.905645006197,155098.0
6551.085168928105,155448.0
6551.2646928500135,155141.0
6551.444216771921,155011.0
6551.623740693829,156107.0
6551.803264615737,157629.0
6551.982788537645,156479.0
6552.162312459553,155465.0
6552.341836381461,154818.0
6552.521360303369,152083.0
6552.700884225277,151982.0
6552.880408147184,153836.0
6553.059932069093,157726.0
6553.239455991001,158241.0
6553.418979912909,158287.0
6553.598503834816,156671.0
6553.778027756724,156258.0
6553.957551678633,157253.0
6554.137075600541,157246.0
6554.316599522449,158854.0
6554.496123444356,160402.0
6554.6756473662645,159143.0
6554.855171288173,159761.0
6555.034695210081,161340.0
6555.214219131988,159624.0
6555.393743053896,159714.0
6555.5732669758045,160372.0
6555.752790897713,159959.0
6555.93231481962,160861.0
6556.111838741528,160401.0
6556.291362663436,159997.0
6556.4708865853445,161182.0
6556.650410507252,163140.0
6556.82993442916,163209.0
6557.009458351068,160652.0
6557.188982272976,160818.0
6557.3685061948845,165819.0
6557.548030116792,171079.0
6557.7275540387,175522.0
6557.907077960608,180316.0
6558.086601882516,188658.0
6558.266125804424,203825.0
6558.445649726332,221260.0
6558.62517364824,241937.0
6558.804697570148,267172.0
6558.984221492055,292587.0
6559.163745413964,316689.0
6559.343269335872,338560.0
6559.52279325778,357217.0
6559.702317179687,371125.0
6559.8818411015955,379028.0
6560.061365023504,384954.0
6560.240888945412,386048.0
6560.420412867319,378964.0
6560.599936789227,373658.0
6560.7794607111355,362496.0
6560.958984633044,353974.0
6561.138508554952,338746.0
6561.318032476859,317510.0
6561.497556398767,291228.0
6561.6770803206755,255654.0
6561.856604242584,212912.0
6562.036128164491,171942.0
6562.215652086399,139988.0
6562.395176008307,124993.0
6562.5746999302155,124306.0
6562.754223852123,130592.0
6562.933747774031,148550.0
6563.113271695939,180889.0
6563.292795617847,221462.0
6563.472319539755,264446.0
6563.651843461663,301254.0
6563.831367383571,325253.0
6564.010891305479,340168.0
6564.190415227387,351965.0
6564.369939149295,365504.0
6564.549463071203,375863.0
6564.728986993111,384179.0
6564.908510915019,387706.0
6565.088034836926,384258.0
6565.267558758835,375628.0
6565.447082680743,364518.0
6565.626606602651,352621.0
6565.806130524558,336927.0
6565.9856544464665,317328.0
6566.165178368375,296000.0
6566.344702290283,271305.0
6566.52422621219,248177.0
6566.703750134098,232458.0
6566.8832740560065,217857.0
6567.062797977915,204242.0
6567.242321899823,194716.0
6567.42184582173,186537.0
6567.601369743638,177849.0
6567.7808936655465,173039.0
6567.960417587455,171734.0
6568.139941509362,171314.0
6568.31946543127,169425.0
6568.498989353178,167188.0
6568.6785132750865,166558.0
6568.858037196994,165672.0
6569.037561118902,165563.0
6569.21708504081,167337.0
6569.396608962718,168994.0
6569.576132884626,167537.0
6569.755656806534,168197.0
6569.935180728442,168658.0
6570.11470465035,168396.0
6570.294228572258,167966.0
6570.473752494166,169244.0
6570.653276416074,170531.0
6570.832800337982,168727.0
6571.01232425989,169156.0
6571.1918481817975,169828.0
6571.371372103706,169386.0
6571.550896025614,174593.0
6571.730419947522,174548.0
6571.909943869429,166736.0
6572.0894677913375,167522.0
6572.268991713246,169140.0
6572.448515635154,169898.0
6572.628039557061,171756.0
6572.807563478969,171847.0
6572.9870874008775,172623.0
6573.166611322786,172835.0
6573.346135244693,172876.0
6573.525659166601,171653.0
6573.705183088509,173500.0
6573.8847070104175,173748.0
6574.064230932326,174308.0
6574.243754854233,173615.0
6574.423278776141,171322.0
6574.602802698049,170157.0
6574.7823266199575,169333.0
6574.961850541865,168467.0
6575.141374463773,169776.0
6575.320898385681,173251.0
6575.500422307589,175350.0
6575.679946229497,174624.0
6575.859470151405,175047.0
6576.038994073313,176469.0
6576.218517995221,175361.0
6576.3980419171285,174962.0
6576.577565839037,176336.0
6576.757089760945,175735.0
6576.936613682853,174632.0
6577.116137604761,172756.0
6577.2956615266685,173667.0
6577.475185448577,175044.0
6577.654709370485,175342.0
6577.834233292393,175568.0
6578.0137572143,175044.0
6578.1932811362085,175190.0
6578.372805058117,175154.0
6578.552328980025,175346.0
6578.731852901932,176332.0
6578.91137682384,177058.0
6579.0909007457485,177675.0
6579.270424667657,176873.0
6579.449948589564,178128.0
6579.629472511472,178528.0
6579.80899643338,177150.0
6579.9885203552885,176337.0
6580.168044277196,177509.0
6580.347568199104,177051.0
6580.527092121012,176322.0
6580.70661604292,176462.0
6580.8861399648285,175561.0
6581.065663886736,178469.0
6581.245187808644,178991.0
6581.424711730552,179738.0
6581.60423565246,178426.0
6581.783759574368,177548.0
6581.963283496276,179804.0
6582.142807418184,180056.0
6582.322331340092,177898.0
6582.5018552619995,177530.0
6582.681379183908,178263.0
6582.860903105816,178199.0
6583.040427027724,178190.0
6583.219950949631,178867.0
6583.3994748715395,179702.0
6583.578998793448,179000.0
6583.758522715356,180087.0
6583.938046637264,180938.0
6584.117570559171,181654.0
6584.2970944810795,181185.0
6584.476618402988,180877.0
6584.656142324896,180186.0
6584.835666246803,180088.0
6585.015190168711,180587.0
6585.1947140906195,182403.0
6585.374238012528,183661.0
6585.553761934435,182972.0
6585.733285856343,182954.0
6585.912809778251,182363.0
6586.0923337001595,182570.0
6586.271857622067,181702.0
6586.451381543975,180478.0
6586.630905465883,181075.0
6586.810429387791,182554.0
6586.9899533097,184073.0
6587.169477231607,184095.0
6587.349001153515,183658.0
6587.528525075423,184398.0
6587.708048997331,185212.0
6587.887572919239,184547.0
6588.067096841147,183497.0
6588.246620763055,183693.0
6588.426144684963,184564.0
6588.6056686068705,186757.0
6588.785192528779,184676.0
6588.964716450687,184279.0
6589.144240372595,185134.0
6589.323764294502,184931.0
6589.5032882164105,185849.0
6589.682812138319,185071.0
6589.862336060227,186003.0
6590.041859982135,187424.0
6590.221383904042,187436.0
6590.4009078259505,185245.0
6590.580431747859,184569.0
6590.759955669767,185663.0
6590.939479591674,187053.0
6591.119003513582,188281.0
6591.2985274354905,188137.0
6591.478051357399,188253.0
6591.657575279306,188875.0
6591.837099201214,188284.0
6592.016623123122,187327.0
6592.196147045031,187416.0
6592.375670966938,188458.0
6592.555194888846,188373.0
6592.734718810754,187043.0
6592.914242732662,187630.0
6593.09376665457,189068.0
6593.273290576478,186908.0
6593.452814498386,188581.0
6593.632338420294,188766.0
6593.811862342202,187867.0
6593.99138626411,189519.0
6594.170910186018,187750.0
6594.350434107926,186262.0
6594.529958029834,186633.0
6594.7094819517415,187969.0
6594.88900587365,188688.0
6595.068529795558,187378.0
6595.248053717466,186774.0
6595.427577639373,187403.0
6595.6071015612815,189102.0
6595.78662548319,189543.0
6595.966149405098,188054.0
6596.145673327005,188041.0
6596.325197248913,188674.0
6596.5047211708215,188950.0
6596.68424509273,189315.0
6596.863769014638,186960.0
6597.043292936545,186535.0
6597.222816858453,187316.0
6597.402340780362,186674.0
6597.58186470227,187686.0
6597.761388624177,186917.0
6597.940912546085,185725.0
6598.120436467993,188072.0
6598.299960389902,188646.0
6598.479484311809,187773.0
6598.659008233717,188687.0
6598.838532155625,187928.0
6599.018056077533,188668.0
6599.197579999441,187031.0
6599.377103921349,186467.0
6599.556627843257,186824.0
6599.736151765165,187250.0
6599.9156756870725,188071.0
6600.095199608981,186866.0
6600.274723530889,186886.0
6600.454247452797,188182.0
6600.633771374705,188560.0
6600.8132952966125,185995.0
6600.992819218521,185855.0
6601.172343140429,186822.0
6601.351867062337,188373.0
6601.531390984244,188658.0
6601.7109149061525,187280.0
6601.890438828061,186278.0
6602.069962749969,186200.0
6602.249486671876,184949.0
6602.429010593784,186927.0
6602.608534515693,187398.0
6602.788058437601,186828.0
6602.967582359508,186510.0
6603.147106281416,186695.0
6603.326630203324,186085.0
6603.506154125233,185647.0
6603.685678047141,186516.0
6603.865201969048,187928.0
6604.044725890956,187909.0
6604.224249812864,186561.0
6604.403773734773,186178.0
6604.58329765668,186150.0
6604.762821578588,186607.0
6604.942345500496,187019.0
6605.121869422404,185068.0
6605.301393344312,185011.0
6605.48091726622,186877.0
6605.660441188128,186101.0
6605.839965110036,185558.0
6606.0194890319435,185541.0
6606.199012953852,186598.0
6606.37853687576,187215.0
6606.558060797668,186809.0
6606.737584719576,187022.0
6606.9171086414835,184857.0
6607.096632563392,185085.0
6607.2761564853,183573.0
6607.455680407208,184735.0
6607.635204329115,186916.0
6607.814728251024,185921.0
6607.994252172932,184899.0
6608.17377609484,186592.0
6608.353300016747,186591.0
6608.532823938655,184629.0
6608.712347860564,184325.0
6608.891871782472,183576.0
6609.071395704379,184075.0
6609.250919626287,184628.0
6609.430443548195,182655.0
6609.609967470104,184207.0
6609.789491392011,183970.0
6609.969015313919,183950.0
6610.148539235827,184142.0
6610.328063157735,184126.0
6610.507587079644,184550.0
6610.687111001551,183492.0
6610.866634923459,184792.0
6611.046158845367,184786.0
6611.225682767275,182396.0
6611.405206689183,182621.0
6611.584730611091,184022.0
6611.764254532999,183610.0
6611.943778454907,184148.0
6612.1233023768145,183391.0
6612.302826298723,183641.0
6612.482350220631,183540.0
6612.661874142539,181980.0
6612.841398064446,181765.0
6613.020921986355,180072.0
6613.200445908263,178865.0
6613.379969830171,178325.0
6613.559493752079,178797.0
6613.739017673986,178503.0
6613.918541595895,179753.0
6614.098065517803,180161.0
6614.277589439711,180024.0
6614.457113361618,180695.0
6614.636637283526,182100.0
6614.816161205435,181568.0
6614.995685127343,181074.0
6615.17520904925,181634.0
6615.354732971158,180613.0
6615.534256893066,180884.0
6615.713780814975,181281.0
6615.893304736882,179759.0
6616.07282865879,181068.0
6616.252352580698,182275.0
6616.431876502606,181154.0
6616.611400424514,180577.0
6616.790924346422,179952.0
6616.97044826833,180068.0
6617.149972190238,180226.0
6617.329496112146,181411.0
6617.509020034054,181228.0
6617.688543955962,181395.0
6617.86806787787,180789.0
6618.047591799778,179504.0
6618.227115721686,180112.0
6618.406639643594,179502.0
6618.586163565502,178962.0
6618.76568748741,179696.0
6618.945211409317,179734.0
6619.124735331226,178739.0
6619.304259253134,178424.0
6619.483783175042,177680.0
6619.663307096949,176949.0
6619.842831018857,177956.0
6620.022354940766,179225.0
6620.201878862674,179275.0
6620.381402784582,177981.0
6620.560926706489,177498.0
6620.740450628397,178273.0
6620.919974550306,177939.0
6621.099498472214,177717.0
6621.279022394121,177336.0
6621.458546316029,177741.0
6621.638070237937,177165.0
6621.817594159846,176138.0
6621.997118081753,177021.0
6622.176642003661,177610.0
6622.356165925569,176024.0
6622.535689847477,177423.0
6622.715213769385,178198.0
6622.894737691293,175570.0
6623.074261613201,174289.0
6623.253785535109,174230.0
6623.4333094570175,174736.0
6623.612833378925,175235.0
6623.792357300833,176820.0
6623.971881222741,177032.0
6624.151405144649,175317.0
6624.330929066557,174276.0
6624.510452988465,174758.0
6624.689976910373,176060.0
6624.869500832281,175572.0
6625.049024754188,173938.0
6625.228548676097,173759.0
6625.408072598005,173461.0
6625.587596519913,175154.0
6625.76712044182,174899.0
6625.946644363728,173968.0
6626.126168285637,173034.0
6626.305692207545,173429.0
6626.485216129453,173632.0
6626.66474005136,173573.0
6626.844263973268,173820.0
6627.023787895177,173389.0
6627.203311817085,174430.0
6627.382835738992,172936.0
6627.5623596609,171448.0
6627.741883582808,174008.0
6627.921407504717,172589.0
6628.100931426624,171380.0
6628.280455348532,170778.0
6628.45997927044,172827.0
6628.6395031923485,173231.0
6628.819027114256,169600.0
6628.998551036164,170561.0
6629.178074958072,171625.0
6629.35759887998,172120.0
6629.5371228018885,171347.0
6629.716646723796,171337.0
6629.896170645704,170178.0
6630.075694567612,168737.0
6630.25521848952,169555.0
6630.434742411428,170864.0
6630.614266333336,170945.0
6630.793790255244,169935.0
6630.973314177152,170040.0
6631.152838099059,171767.0
6631.332362020968,170905.0
6631.511885942876,169800.0
6631.691409864784,168883.0
6631.870933786691,168285.0
6632.050457708599,167994.0
6632.229981630508,169717.0
6632.409505552416,168810.0
6632.589029474323,169452.0
6632.768553396231,168142.0
6632.948077318139,167001.0
6633.127601240048,167840.0
6633.307125161956,167055.0
6633.486649083863,167374.0
6633.666173005771,166441.0
6633.8456969276795,168156.0
6634.025220849588,167493.0
6634.204744771495,167011.0
6634.384268693403,166364.0
6634.563792615311,166661.0
6634.7433165372195,166289.0
6634.922840459127,166008.0
6635.102364381035,166473.0
6635.281888302943,167048.0
6635.461412224851,166809.0
6635.640936146759,165638.0
6635.820460068667,167070.0
6635.999983990575,167083.0
6636.179507912483,166737.0
6636.35903183439,166049.0
6636.538555756299,165021.0
6636.718079678207,164653.0
6636.897603600115,163738.0
6637.077127522023,163479.0
6637.25665144393,163425.0
6637.436175365839,163677.0
6637.615699287747,163775.0
6637.795223209655,162942.0
6637.974747131562,161393.0
6638.15427105347,162751.0
6638.333794975379,162632.0
6638.513318897287,161065.0
6638.692842819194,162320.0
6638.872366741102,162253.0
6639.05189066301,161524.0
6639.231414584919,160895.0
6639.410938506826,161972.0
6639.590462428734,163845.0
6639.769986350642,163506.0
6639.9495102725505,161870.0
6640.129034194459,157122.0
6640.308558116366,158217.0
6640.488082038274,160176.0
6640.667605960182,159849.0
6640.8471298820905,160514.0
6641.026653803998,159734.0
6641.206177725906,159749.0
6641.385701647814,158297.0
6641.565225569722,158172.0
6641.74474949163,157773.0
6641.924273413538,157123.0
6642.103797335446,159345.0
6642.283321257354,159303.0
6642.462845179261,155634.0
6642.64236910117,155793.0
6642.821893023078,156937.0
6643.001416944986,157270.0
6643.180940866894,158280.0
6643.360464788801,157754.0
6643.53998871071,156681.0
6643.719512632618,158179.0
6643.899036554526,157724.0
6644.078560476433,156039.0
6644.258084398341,155741.0
6644.43760832025,155723.0
6644.617132242158,155318.0
6644.796656164065,154702.0
6644.976180085973,154676.0
6645.1557040078815,155591.0
6645.33522792979,155546.0
6645.514751851697,154909.0
6645.694275773605,154995.0
6645.873799695513,153580.0
6646.0533236174215,153410.0
6646.23284753933,152876.0
6646.412371461237,153444.0
6646.591895383145,153584.0
6646.771419305053,153353.0
6646.9509432269615,153313.0
6647.130467148869,152043.0
6647.309991070777,153514.0
6647.489514992685,152478.0
6647.669038914593,152053.0
6647.848562836501,152759.0
6648.028086758409,151799.0
6648.207610680317,151916.0
6648.387134602225,151808.0
6648.566658524132,151853.0
6648.746182446041,150473.0
6648.925706367949,151105.0
6649.105230289857,151454.0
6649.284754211765,150956.0
6649.464278133672,150529.0
6649.643802055581,150357.0
6649.823325977489,150207.0
6650.002849899397,148911.0
6650.182373821304,148538.0
6650.3618977432125,148896.0
6650.541421665121,150297.0
6650.720945587029,148505.0
6650.900469508936,148165.0
6651.079993430844,148253.0
6651.2595173527525,148483.0
6651.439041274661,148705.0
6651.618565196568,147741.0
6651.798089118476,147320.0
6651.977613040384,146782.0
6652.1571369622925,147135.0
6652.3366608842,145863.0
6652.516184806108,147599.0
6652.695708728016,147094.0
6652.875232649924,146440.0
6653.0547565718325,145786.0
6653.23428049374,145724.0
6653.413804415648,145404.0
6653.593328337556,145901.0
6653.772852259464,143930.0
6653.952376181372,143959.0
6654.13190010328,145095.0
6654.311424025188,144604.0
6654.490947947096,143370.0
6654.670471869003,143942.0
6654.849995790912,143621.0
6655.02951971282,143643.0
6655.209043634728,142739.0
6655.388567556635,141360.0
6655.5680914785435,143170.0
6655.747615400452,143018.0
6655.92713932236,143274.0
6656.106663244267,141173.0
6656.286187166175,141387.0
6656.4657110880835,142048.0
6656.645235009992,141383.0
6656.8247589319,140675.0
6657.004282853807,139976.0
6657.183806775715,140424.0
6657.3633306976235,140326.0
6657.542854619532,139845.0
6657.722378541439,139689.0
6657.901902463347,139350.0
6658.081426385255,138908.0
6658.2609503071635,141257.0
6658.440474229071,141203.0
6658.619998150979,138207.0
6658.799522072887,138899.0
6658.979045994795,139344.0
6659.158569916703,139420.0
6659.338093838611,138346.0
6659.517617760519,137735.0
6659.697141682427,137223.0
6659.876665604335,136614.0
6660.056189526243,136578.0
6660.235713448151,135615.0
6660.415237370059,135904.0
6660.594761291967,136680.0
6660.7742852138745,135610.0
6660.953809135783,135768.0
6661.133333057691,134116.0
6661.312856979599,135696.0
6661.492380901506,135967.0
6661.6719048234145,135219.0
6661.851428745323,133820.0
6662.030952667231,134656.0
6662.210476589138,135604.0
6662.390000511046,134675.0
6662.5695244329545,134960.0
6662.749048354863,133178.0
6662.928572276771,132169.0
6663.108096198678,132587.0
6663.287620120586,133918.0
6663.4671440424945,132212.0
6663.646667964403,132197.0
6663.82619188631,131054.0
6664.005715808218,130671.0
6664.185239730126,132054.0
6664.3647636520345,131194.0
6664.544287573942,130359.0
6664.72381149585,129720.0
6664.903335417758,128837.0
6665.082859339666,129203.0
6665.262383261574,129547.0
6665.441907183482,129477.0
6665.62143110539,129492.0
6665.800955027298,129632.0
6665.980478949206,129574.0
6666.160002871114,127807.0
6666.339526793022,125997.0
6666.51905071493,126817.0
6666.698574636838,128418.0
6666.8780985587455,126618.0
6667.057622480654,126809.0
6667.237146402562,128256.0
6667.41667032447,126563.0
6667.596194246377,126742.0
6667.7757181682855,126608.0
6667.955242090194,125897.0
6668.134766012102,126019.0
6668.314289934009,124225.0
6668.493813855917,125327.0
6668.6733377778255,125520.0
6668.852861699734,124107.0
6669.032385621641,123508.0
6669.211909543549,124192.0
6669.391433465457,123508.0
6669.5709573873655,122874.0
6669.750481309274,121845.0
6669.930005231181,120929.0
6670.109529153089,121026.0
6670.289053074997,121220.0
6670.4685769969055,120998.0
6670.648100918813,120390.0
6670.827624840721,119517.0
6671.007148762629,118557.0
6671.186672684537,118722.0
6671.366196606445,116838.0
6671.545720528353,117178.0
6671.725244450261,116794.0
6671.904768372169,115699.0
6672.0842922940765,115386.0
6672.263816215985,115360.0
6672.443340137893,114768.0
6672.622864059801,114172.0
6672.802387981709,115202.0
6672.9819119036165,113263.0
6673.161435825525,112800.0
6673.340959747433,111753.0
6673.520483669341,111359.0
6673.700007591248,111985.0
6673.8795315131565,111733.0
6674.059055435065,110859.0
6674.238579356973,110956.0
6674.41810327888,110923.0
6674.597627200788,109832.0
6674.7771511226965,109868.0
6674.956675044605,109608.0
6675.136198966512,108231.0
6675.31572288842,108598.0
6675.495246810328,108394.0
6675.6747707322365,108089.0
6675.854294654144,107501.0
6676.033818576052,106793.0
6676.21334249796,106341.0
6676.392866419868,105936.0
6676.572390341777,104819.0
6676.751914263684,104277.0
6676.931438185592,103769.0
6677.1109621075,101964.0
6677.290486029408,101777.0
6677.470009951316,101659.0
6677.649533873224,100468.0
6677.829057795132,99255.4
6678.00858171704,97000.4
6678.1881056389475,98064.5
6678.367629560856,99281.8
6678.547153482764,99514.2
6678.726677404672,99760.1
6678.906201326579,100166.0
6679.0857252484875,99114.7
6679.265249170396,100086.0
6679.444773092304,100870.0
6679.624297014212,100283.0
6679.803820936119,99388.8
6679.9833448580275,99249.8
6680.162868779936,99884.8
6680.342392701844,101055.0
6680.521916623751,100730.0
6680.701440545659,99540.8
6680.8809644675675,99498.8
6681.060488389476,98625.8
6681.240012311383,98982.4
6681.419536233291,97972.2
6681.599060155199,98001.9
6681.778584077108,97787.8
6681.958107999015,98540.7
6682.137631920923,97589.0
6682.317155842831,98198.9
6682.496679764739,98273.2
6682.676203686648,97396.0
6682.855727608555,96972.1
6683.035251530463,98007.6
6683.214775452371,98199.9
6683.394299374279,97279.2
6683.573823296187,98743.8
6683.753347218095,98111.9
6683.932871140003,97740.6
6684.112395061911,97353.6
6684.2919189838185,96797.4
6684.471442905727,97996.5
6684.650966827635,97827.5
6684.830490749543,97558.2
6685.01001467145,97230.6
6685.1895385933585,95987.5
6685.369062515267,96856.8
6685.548586437175,96546.6
6685.728110359083,95983.6
6685.90763428099,96372.1
6686.0871582028985,95936.8
6686.266682124807,95592.1
6686.446206046715,96769.0
6686.625729968622,96207.2
6686.80525389053,95830.6
6686.984777812439,95379.1
6687.164301734347,96167.8
6687.343825656254,94774.9
6687.523349578162,94248.0
6687.70287350007,94872.2
6687.882397421979,94690.4
6688.061921343886,93611.2
6688.241445265794,93487.2
6688.420969187702,93155.0
6688.60049310961,93245.1
6688.780017031518,92463.9
6688.959540953426,91474.1
6689.139064875334,91926.8
6689.318588797242,91632.3
6689.49811271915,92447.9
6689.677636641058,92601.0
6689.857160562966,92632.3
6690.036684484874,91314.8
6690.216208406782,89881.8
6690.3957323286895,89084.5
6690.575256250598,88629.8
6690.754780172506,89064.1
6690.934304094414,89127.9
6691.113828016321,88708.3
6691.2933519382295,88961.4
6691.472875860138,87931.6
6691.652399782046,87292.3
6691.831923703953,87340.9
6692.011447625861,87681.9
6692.19097154777,87902.1
6692.370495469678,86739.0
6692.550019391586,86428.2
6692.729543313493,85641.1
6692.909067235401,85568.1
6693.08859115731,86068.3
6693.268115079218,85030.0
6693.447639001125,85770.3
6693.627162923033,85020.3
6693.806686844941,85218.7
6693.98621076685,84790.6
6694.165734688757,84487.0
6694.345258610665,84164.6
6694.524782532573,84012.2
6694.704306454481,83247.2
6694.883830376389,81538.6
6695.063354298297,81909.6
6695.242878220205,81623.5
6695.422402142113,81938.1
6695.6019260640205,81200.2
6695.781449985929,80488.9
6695.960973907837,81184.2
6696.140497829745,80802.3
6696.320021751653,79608.5
6696.4995456735605,79253.3
6696.679069595469,79759.8
6696.858593517377,79209.0
6697.038117439285,77851.1
6697.217641361192,78490.2
6697.397165283101,78661.1
6697.576689205009,77960.4
6697.756213126917,77367.0
6697.935737048824,76428.5
6698.115260970732,76537.7
6698.294784892641,76848.7
6698.474308814549,77116.4
6698.653832736456,76519.7
6698.833356658364,75333.9
6699.012880580272,74104.2
6699.192404502181,74508.8
6699.371928424089,74701.7
6699.551452345996,74279.1
6699.730976267904,74382.6
6699.910500189812,74671.8
6700.090024111721,74503.0
6700.269548033628,73212.5
6700.449071955536,73052.1
6700.628595877444,73789.0
6700.808119799352,72920.1
6700.98764372126,72357.9
6701.167167643168,71350.2
6701.346691565076,71193.7
6701.526215486984,71716.7
6701.7057394088915,71289.1
6701.8852633308,71477.4
6702.064787252708,70736.5
6702.244311174616,70448.9
6702.423835096524,69811.0
6702.603359018432,69162.1
6702.78288294034,69324.1
6702.962406862248,68627.3
6703.141930784156,68081.5
6703.321454706063,68064.4
6703.500978627972,67303.7
6703.68050254988,67439.6
6703.860026471788,67540.3
6704.039550393695,66807.9
6704.219074315603,66317.3
6704.398598237512,65284.6
6704.57812215942,66336.0
6704.757646081327,66266.8
6704.937170003235,65069.7
6705.116693925143,63490.9
6705.296217847052,63307.5
6705.47574176896,65097.2
6705.655265690867,64336.2
6705.834789612775,64942.1
6706.014313534683,63613.3
6706.193837456592,62549.7
6706.373361378499,63687.2
6706.552885300407,62117.8
6706.732409222315,62082.8
6706.911933144223,63357.7
6707.091457066131,62390.5
6707.270980988039,62286.1
6707.450504909947,61626.9
6707.630028831855,60763.1
6707.809552753763,60294.0
6707.989076675671,60579.1
6708.168600597579,60422.7
6708.348124519487,60373.2
6708.527648441394,60420.9
6708.707172363303,59023.0
6708.886696285211,57924.3
6709.066220207119,58352.9
6709.245744129027,58307.9
6709.425268050934,57532.9
6709.604791972843,57175.5
6709.784315894751,57537.6
6709.963839816659,57255.7
6710.143363738566,56714.5
6710.322887660474,57370.4
6710.502411582383,56532.6
6710.681935504291,55770.7
6710.861459426198,55011.8
6711.040983348106,54912.0
6711.220507270014,55340.6
6711.400031191923,54938.4
6711.57955511383,54108.5
6711.759079035738,54001.2
6711.938602957646,53912.5
6712.118126879554,53655.8
6712.297650801462,52833.2
6712.47717472337,53247.3
6712.656698645278,53708.9
6712.836222567186,53383.8
6713.015746489094,53000.5
6713.195270411002,52564.5
6713.37479433291,52128.2
6713.554318254818,51703.8
6713.733842176726,51525.7
6713.913366098634,50703.3
6714.092890020542,50401.3
6714.27241394245,50455.9
6714.451937864358,50049.8
6714.631461786265,49505.2
6714.810985708174,49466.4
6714.990509630082,49389.4
6715.17003355199,49086.5
6715.349557473897,48847.0
6715.529081395805,47868.0
6715.708605317714,48643.0
6715.888129239622,48097.2
6716.06765316153,47666.4
6716.247177083437,47223.7
6716.426701005345,46976.9
6716.606224927254,46442.7
6716.785748849162,46001.3
6716.965272771069,46544.7
6717.144796692977,46403.5
6717.324320614885,45614.9
6717.503844536794,45441.0
6717.683368458701,45052.6
6717.862892380609,44113.3
6718.042416302517,44172.8
6718.221940224425,43684.6
6718.401464146333,43633.6
6718.580988068241,43756.7
6718.760511990149,44171.8
6718.940035912057,43275.2
6719.1195598339655,42983.7
6719.299083755873,42998.3
6719.478607677781,42732.0
6719.658131599689,41834.5
6719.837655521597,43407.0
6720.017179443505,42460.8
6720.196703365413,41981.6
6720.376227287321,40664.9
6720.555751209229,40502.8
6720.735275131136,41080.7
6720.914799053045,41217.8
6721.094322974953,40766.2
6721.273846896861,39585.0
6721.453370818768,39191.5
6721.632894740676,38584.4
6721.812418662585,38289.3
6721.991942584493,39201.9
6722.171466506401,38348.8
6722.350990428308,38363.8
6722.530514350216,38298.1
6722.710038272125,38446.9
6722.889562194033,38002.9
6723.06908611594,38069.5
6723.248610037848,37741.2
6723.428133959756,37097.3
6723.607657881665,36830.5
6723.787181803572,36191.8
6723.96670572548,36138.2
6724.146229647388,35923.2
6724.3257535692965,35759.6
6724.505277491204,35728.6
6724.684801413112,35642.8
6724.86432533502,34967.5
6725.043849256928,35165.9
6725.2233731788365,35087.9
6725.402897100744,34315.4
6725.582421022652,33763.8
6725.76194494456,34484.6
6725.941468866468,33588.2
6726.120992788376,33691.1
6726.300516710284,33050.5
6726.480040632192,32964.4
6726.6595645541,32599.6
6726.839088476007,32537.5
6727.018612397916,32249.3
6727.198136319824,32641.6
6727.377660241732,31834.4
6727.557184163639,31397.4
6727.736708085547,32140.0
6727.916232007456,31676.3
6728.095755929364,31247.7
6728.275279851271,30843.3
6728.454803773179,30548.2
6728.634327695087,31463.4
6728.813851616996,31151.1
6728.993375538904,30619.9
6729.172899460811,29966.7
6729.352423382719,29679.4
6729.5319473046275,29482.5
6729.711471226536,28819.3
6729.890995148443,28566.5
6730.070519070351,29355.2
6730.250042992259,28881.1
6730.4295669141675,28277.9
6730.609090836075,28714.6
6730.788614757983,28384.8
6730.968138679891,27939.4
6731.147662601799,27637.7
6731.327186523707,27395.8
6731.506710445615,27198.9
6731.686234367523,26992.4
6731.865758289431,27598.4
6732.045282211338,27272.2
6732.224806133247,26852.6
6732.404330055155,26072.7
6732.583853977063,25935.3
6732.763377898971,26538.6
6732.942901820878,25814.5
6733.122425742787,25501.9
6733.301949664695,25718.1
6733.481473586603,25262.7
6733.66099750851,24703.6
6733.840521430418,25270.9
6734.020045352327,24633.1
6734.199569274235,24014.1
6734.379093196142,21943.6
