6487.4102840763,25379.9
6487.589712363687,25657.7
6487.769140651075,26025.7
6487.948568938462,25997.1
6488.127997225849,26055.0
6488.307425513236,25916.6
6488.486853800624,25820.9
6488.666282088011,26283.1
6488.845710375398,26342.3
6489.025138662785,26924.0
6489.204566950173,26624.4
6489.38399523756,26863.7
6489.563423524947,27200.4
6489.742851812334,27317.3
6489.922280099722,27615.3
6490.101708387109,27951.2
6490.281136674496,28215.0
6490.460564961883,28153.3
6490.639993249271,27056.9
6490.819421536658,26164.3
6490.9988498240455,26507.0
6491.1782781114325,27819.3
6491.3577063988205,29010.2
6491.5371346862075,29462.4
6491.716562973595,29381.8
6491.895991260982,29244.0
6492.07541954837,30012.9
6492.254847835757,29703.7
6492.434276123144,29325.6
6492.613704410532,29527.4
6492.793132697919,29211.0
6492.972560985306,28214.8
6493.151989272693,28229.8
6493.331417560081,29641.8
6493.510845847468,30290.7
6493.690274134855,30696.7
6493.869702422242,30947.1
6494.04913070963,31203.7
6494.228558997017,31873.0
6494.407987284404,32049.7
6494.587415571791,31614.7
6494.766843859179,31933.9
6494.946272146566,32377.9
6495.125700433953,32662.1
6495.30512872134,33470.8
6495.484557008728,32738.0
6495.663985296115,31856.8
6495.843413583502,31667.8
6496.022841870889,31757.8
6496.202270158277,32062.1
6496.381698445664,32332.4
6496.561126733051,33610.7
6496.7405550204385,34621.3
6496.919983307826,34884.9
6497.0994115952135,34888.1
6497.278839882601,34512.6
6497.4582681699885,33983.8
6497.637696457376,33823.3
6497.817124744763,33929.9
6497.99655303215,34221.8
6498.175981319538,34950.8
6498.355409606925,36228.1
6498.534837894312,36232.2
6498.714266181699,36672.4
6498.893694469087,36852.6
6499.073122756474,36464.9
6499.252551043861,36790.6
6499.431979331248,37228.2
6499.611407618636,37301.2
6499.790835906023,37254.6
6499.97026419341,37131.9
6500.149692480797,37825.2
6500.329120768185,38001.2
6500.508549055572,38048.4
6500.687977342959,38211.1
6500.867405630346,38017.4
6501.046833917734,38259.3
6501.226262205121,38531.5
6501.405690492508,38478.7
6501.585118779895,38827.1
6501.764547067283,39051.6
6501.94397535467,39688.6
6502.123403642057,40394.4
6502.302831929445,40392.7
6502.482260216832,39857.5
6502.6616885042195,39407.0
6502.8411167916065,39526.7
6503.0205450789945,39693.5
6503.1999733663815,39927.8
6503.379401653769,40928.7
6503.558829941156,40695.9
6503.738258228544,40333.0
6503.917686515931,41070.6
6504.097114803318,41315.4
6504.276543090705,40853.4
6504.455971378093,41014.2
6504.63539966548,41586.1
6504.814827952867,41659.4
6504.994256240254,42147.5
6505.173684527642,42749.4
6505.353112815029,42704.9
6505.532541102416,42504.9
6505.711969389803,42782.4
6505.891397677191,43189.9
6506.070825964578,43335.8
6506.250254251965,43403.0
6506.429682539352,43293.5
6506.60911082674,43888.4
6506.788539114127,45115.5
6506.967967401514,44784.9
6507.147395688902,43951.7
6507.326823976289,43758.1
6507.506252263676,43878.2
6507.685680551063,45057.5
6507.865108838451,44639.3
6508.044537125838,45269.1
6508.223965413225,46000.9
6508.4033937006125,45175.5
6508.582821988,44398.2
6508.7622502753875,44887.9
6508.9416785627745,45569.1
6509.121106850162,46364.6
6509.30053513755,47275.5
6509.479963424937,46847.3
6509.659391712324,47738.7
6509.838819999711,48025.2
6510.018248287099,47516.2
6510.197676574486,47975.2
6510.377104861873,48008.5
6510.55653314926,48255.5
6510.735961436648,48976.2
6510.915389724035,48691.0
6511.094818011422,49146.4
6511.274246298809,49243.1
6511.453674586197,49521.1
6511.633102873584,48988.2
6511.812531160971,48531.1
6511.991959448359,49153.1
6512.171387735746,48978.3
6512.350816023133,48260.2
6512.53024431052,49145.6
6512.709672597908,50439.6
6512.889100885295,50886.0
6513.068529172682,51659.5
6513.247957460069,51670.2
6513.427385747457,51378.0
6513.606814034844,51718.2
6513.786242322231,51798.2
6513.965670609618,52254.9
6514.145098897006,52950.8
6514.324527184393,52528.9
6514.5039554717805,51828.3
6514.683383759168,50597.2
6514.8628120465555,49057.6
6515.042240333943,50366.7
6515.22166862133,52756.9
6515.401096908717,54575.9
6515.580525196105,53958.0
6515.759953483492,53215.8
6515.939381770879,53884.0
6516.118810058266,53686.3
6516.298238345654,52180.8
6516.477666633041,49250.4
6516.657094920428,47683.5
6516.836523207816,49263.0
6517.015951495203,51524.9
6517.19537978259,53847.5
6517.374808069977,55039.4
6517.554236357365,56284.2
6517.733664644752,57161.1
6517.913092932139,55888.6
6518.092521219526,55288.7
6518.271949506914,55758.1
6518.451377794301,57118.2
6518.630806081688,57828.5
6518.810234369075,57536.2
6518.989662656463,56878.0
6519.16909094385,56683.1
6519.348519231237,55857.8
6519.527947518624,55801.8
6519.707375806012,57566.8
6519.886804093399,58571.8
6520.0662323807865,60159.9
6520.2456606681735,61245.0
6520.4250889555615,61184.0
6520.6045172429485,61254.7
6520.783945530336,60512.4
6520.963373817723,60343.4
6521.142802105111,61190.7
6521.322230392498,61604.9
6521.501658679885,61954.3
6521.681086967272,62335.8
6521.86051525466,61559.1
6522.039943542047,62074.1
6522.219371829434,62681.9
6522.398800116822,62834.1
6522.578228404209,63570.7
6522.757656691596,62535.6
6522.937084978983,62211.2
6523.116513266371,62105.6
6523.295941553758,61420.4
6523.475369841145,62060.2
6523.654798128532,61534.4
6523.83422641592,61039.3
6524.013654703307,61186.8
6524.193082990694,62824.6
6524.372511278081,64520.5
6524.551939565469,65121.5
6524.731367852856,66031.6
6524.910796140243,66177.2
6525.09022442763,66135.7
6525.269652715018,66696.8
6525.449081002405,66272.5
6525.628509289792,66288.2
6525.8079375771795,66035.1
6525.987365864567,65345.2
6526.1667941519545,66827.3
6526.346222439342,68806.2
6526.525650726729,68359.4
6526.705079014117,68066.8
6526.884507301504,68098.4
6527.063935588891,68102.7
6527.243363876279,69119.5
6527.422792163666,68688.2
6527.602220451053,67030.6
6527.78164873844,68240.9
6527.961077025828,68985.4
6528.140505313215,69059.0
6528.319933600602,69225.0
6528.499361887989,70027.8
6528.678790175377,70467.4
6528.858218462764,70390.0
6529.037646750151,70448.4
6529.217075037538,71075.6
6529.396503324926,71968.3
6529.575931612313,71379.7
6529.7553598997,69539.9
6529.934788187087,71301.8
6530.114216474475,72556.0
6530.293644761862,71420.6
6530.473073049249,70767.4
6530.652501336636,71456.2
6530.831929624024,71926.4
6531.011357911411,72390.7
6531.190786198798,73356.6
6531.370214486185,73574.5
6531.549642773573,73201.3
6531.72907106096,73493.5
6531.9084993483475,73738.8
6532.0879276357355,72835.2
6532.2673559231225,70653.1
6532.44678421051,69180.2
6532.626212497897,70922.8
6532.805640785285,73144.9
6532.985069072672,74412.7
6533.164497360059,75614.8
6533.343925647446,75480.4
6533.523353934834,74947.9
6533.702782222221,75460.7
6533.882210509608,73594.0
6534.061638796995,74124.8
6534.241067084383,74296.7
6534.42049537177,74527.8
6534.599923659157,75554.5
6534.779351946544,76135.8
6534.958780233932,76273.5
6535.138208521319,76991.8
6535.317636808706,77737.5
6535.497065096093,77754.3
6535.676493383481,77967.4
6535.855921670868,77814.9
6536.035349958255,77351.5
6536.214778245642,78335.7
6536.39420653303,77932.4
6536.573634820417,78488.9
6536.753063107804,78137.5
6536.932491395192,78073.8
6537.111919682579,78943.4
6537.291347969966,79220.7
6537.4707762573535,79504.1
6537.650204544741,80063.3
6537.8296328321285,80238.6
6538.0090611195155,80909.5
6538.188489406903,81045.5
6538.367917694291,80904.3
6538.547345981678,81090.9
6538.726774269065,81255.5
6538.906202556452,79942.3
6539.08563084384,81885.4
6539.265059131227,82217.9
6539.444487418614,80877.0
6539.623915706001,81936.7
6539.803343993389,81756.2
6539.982772280776,81690.4
6540.162200568163,82718.8
6540.34162885555,83089.7
6540.521057142938,82070.5
6540.700485430325,83704.1
6540.879913717712,84792.5
6541.059342005099,84184.5
6541.238770292487,84449.0
6541.418198579874,84797.4
6541.597626867261,84602.9
6541.777055154649,84671.7
6541.956483442036,85077.5
6542.135911729423,84256.8
6542.31534001681,82460.1
6542.494768304198,84062.0
6542.674196591585,83360.3
6542.853624878972,83910.1
6543.033053166359,85293.6
6543.212481453747,86218.5
6543.391909741134,86036.7
6543.5713380285215,85108.0
6543.750766315909,82433.2
6543.9301946032965,80459.3
6544.109622890684,80848.6
6544.289051178071,82943.3
6544.468479465458,86351.6
6544.647907752846,86907.8
6544.827336040233,86785.2
6545.00676432762,87326.3
6545.186192615007,87191.7
6545.365620902395,87757.3
6545.545049189782,87384.4
6545.724477477169,87635.9
6545.903905764556,88029.7
6546.083334051944,88970.8
6546.262762339331,89842.0
6546.442190626718,89442.4
6546.621618914106,89785.2
6546.801047201493,90788.3
6546.98047548888,89984.1
6547.159903776267,89109.5
6547.339332063655,88856.8
6547.518760351042,87793.6
6547.698188638429,87199.9
6547.877616925816,87285.2
6548.057045213204,87979.8
6548.236473500591,89058.0
6548.415901787978,87627.3
6548.595330075365,85656.3
6548.774758362753,85755.1
6548.95418665014,86304.3
6549.133614937527,87911.0
6549.3130432249145,90650.8
6549.4924715123025,91010.8
6549.6718997996895,90499.4
6549.851328087077,91281.4
6550.030756374464,91919.9
6550.210184661852,91380.7
6550.389612949239,92916.4
6550.569041236626,92683.9
6550.748469524013,94088.0
6550.927897811401,94159.9
6551.107326098788,93590.5
6551.286754386175,94218.1
6551.466182673563,93336.2
6551.64561096095,92358.0
6551.825039248337,91324.4
6552.004467535724,91207.8
6552.183895823112,92574.1
6552.363324110499,90236.8
6552.542752397886,87773.3
6552.722180685273,87265.0
6552.901608972661,88735.6
6553.081037260048,92377.5
6553.260465547435,95508.3
6553.439893834822,95841.9
6553.61932212221,93989.7
6553.798750409597,92909.2
6553.978178696984,93785.4
6554.157606984371,95219.7
6554.337035271759,96971.4
6554.516463559146,98374.5
6554.695891846533,98217.3
6554.8753201339205,98486.0
6555.054748421308,99336.6
6555.2341767086955,100648.0
6555.4136049960825,100548.0
6555.59303328347,102345.0
6555.772461570858,103988.0
6555.951889858245,105456.0
6556.131318145632,107708.0
6556.31074643302,110668.0
6556.490174720407,112141.0
6556.669603007794,113085.0
6556.849031295181,116775.0
6557.028459582569,120859.0
6557.207887869956,124873.0
6557.387316157343,131929.0
6557.56674444473,141078.0
6557.746172732118,149459.0
6557.925601019505,157579.0
6558.105029306892,166842.0
6558.284457594279,178418.0
6558.463885881667,191210.0
6558.643314169054,207293.0
6558.822742456441,222183.0
6559.002170743828,235444.0
6559.181599031216,250152.0
6559.361027318603,267433.0
6559.54045560599,281787.0
6559.719883893377,288942.0
6559.899312180765,294997.0
6560.078740468152,299307.0
6560.258168755539,300674.0
6560.437597042926,293335.0
6560.617025330314,284934.0
6560.796453617701,274968.0
6560.9758819050885,263103.0
6561.1553101924765,254328.0
6561.3347384798635,242128.0
6561.514166767251,224460.0
6561.693595054638,200863.0
6561.873023342026,170694.0
6562.052451629413,138069.0
6562.2318799168,111015.0
6562.411308204187,93822.5
6562.590736491575,85080.5
6562.770164778962,85460.0
6562.949593066349,95406.0
6563.129021353736,112241.0
6563.308449641124,137631.0
6563.487877928511,167665.0
6563.667306215898,195890.0
6563.846734503285,220746.0
6564.026162790673,239732.0
6564.20559107806,252981.0
6564.385019365447,268127.0
6564.564447652834,286362.0
6564.743875940222,302327.0
6564.923304227609,311175.0
6565.102732514996,314085.0
6565.282160802383,312005.0
6565.461589089771,306244.0
6565.641017377158,298472.0
6565.820445664545,286883.0
6565.999873951933,275463.0
6566.17930223932,263623.0
6566.358730526707,251421.0
6566.5381588140945,235462.0
6566.717587101482,221313.0
6566.8970153888695,207642.0
6567.0764436762565,195932.0
6567.255871963644,184776.0
6567.435300251032,175160.0
6567.614728538419,164556.0
6567.794156825806,156218.0
6567.973585113193,148981.0
6568.153013400581,141952.0
6568.332441687968,136555.0
6568.511869975355,130925.0
6568.691298262742,124818.0
6568.87072655013,119691.0
6569.050154837517,116979.0
6569.229583124904,115209.0
6569.409011412291,113111.0
6569.588439699679,112033.0
6569.767867987066,110945.0
6569.947296274453,111187.0
6570.12672456184,108120.0
6570.306152849228,107720.0
6570.485581136615,107688.0
6570.665009424002,106381.0
6570.84443771139,105929.0
6571.023865998777,105890.0
6571.203294286164,104874.0
6571.382722573551,105189.0
6571.562150860939,106208.0
6571.741579148326,104526.0
6571.921007435713,101904.0
6572.1004357231,100416.0
6572.279864010488,100308.0
6572.459292297875,102701.0
6572.6387205852625,103818.0
6572.8181488726495,104559.0
6572.9975771600375,104801.0
6573.177005447425,104119.0
6573.356433734812,104228.0
6573.535862022199,103562.0
6573.715290309587,103753.0
6573.894718596974,103231.0
6574.074146884361,103900.0
6574.253575171748,104204.0
6574.433003459136,103724.0
6574.612431746523,99493.8
6574.79186003391,96406.1
6574.971288321297,96272.0
6575.150716608685,98084.0
6575.330144896072,101517.0
6575.509573183459,103335.0
6575.689001470846,103541.0
6575.868429758234,103456.0
6576.047858045621,103181.0
6576.227286333008,102357.0
6576.406714620396,102192.0
6576.586142907783,103450.0
6576.76557119517,103817.0
6576.944999482557,101625.0
6577.124427769945,103075.0
6577.303856057332,103629.0
6577.483284344719,102658.0
6577.662712632106,101697.0
6577.842140919494,101629.0
6578.021569206881,101467.0
6578.200997494268,100016.0
6578.3804257816555,101407.0
6578.5598540690435,102412.0
6578.7392823564305,102479.0
6578.918710643818,102234.0
6579.098138931205,101825.0
6579.277567218593,102695.0
6579.45699550598,103621.0
6579.636423793367,104000.0
6579.815852080754,103630.0
6579.995280368142,103270.0
6580.174708655529,102494.0
6580.354136942916,103039.0
6580.533565230304,103313.0
6580.712993517691,102737.0
6580.892421805078,102207.0
6581.071850092465,102669.0
6581.251278379853,103627.0
6581.43070666724,103730.0
6581.610134954627,104765.0
6581.789563242014,104107.0
6581.968991529402,103884.0
6582.148419816789,104017.0
6582.327848104176,104153.0
6582.507276391563,104957.0
6582.686704678951,103695.0
6582.866132966338,103451.0
6583.045561253725,104855.0
6583.224989541112,103718.0
6583.4044178285,102474.0
6583.583846115887,102973.0
6583.763274403274,103838.0
6583.9427026906615,105358.0
6584.122130978049,106190.0
6584.3015592654365,106773.0
6584.4809875528235,106800.0
6584.660415840211,105941.0
6584.839844127599,104569.0
6585.019272414986,106037.0
6585.198700702373,107272.0
6585.37812898976,106018.0
6585.557557277148,105501.0
6585.736985564535,105949.0
6585.916413851922,105768.0
6586.09584213931,107135.0
6586.275270426697,106112.0
6586.454698714084,103754.0
6586.634127001471,103123.0
6586.813555288859,103348.0
6586.992983576246,105500.0
6587.172411863633,106897.0
6587.35184015102,106533.0
6587.531268438408,106143.0
6587.710696725795,108412.0
6587.890125013182,109675.0
6588.069553300569,108306.0
6588.248981587957,107555.0
6588.428409875344,107887.0
6588.607838162731,107437.0
6588.787266450118,106092.0
6588.966694737506,107289.0
6589.146123024893,107423.0
6589.32555131228,107455.0
6589.504979599667,107741.0
6589.684407887055,108330.0
6589.863836174442,106754.0
6590.0432644618295,107753.0
6590.2226927492175,107352.0
6590.4021210366045,106934.0
6590.581549323992,107095.0
6590.760977611379,108579.0
6590.940405898767,108802.0
6591.119834186154,108357.0
6591.299262473541,108251.0
6591.478690760928,109372.0
6591.658119048316,109267.0
6591.837547335703,108054.0
6592.01697562309,108479.0
6592.196403910477,109116.0
6592.375832197865,108572.0
6592.555260485252,107860.0
6592.734688772639,108858.0
6592.914117060026,108576.0
6593.093545347414,106554.0
6593.272973634801,107576.0
6593.452401922188,108708.0
6593.631830209575,108916.0
6593.811258496963,109465.0
6593.99068678435,108167.0
6594.170115071737,107871.0
6594.349543359124,108519.0
6594.528971646512,108393.0
6594.708399933899,108177.0
6594.887828221286,108283.0
6595.067256508673,109009.0
6595.246684796061,108477.0
6595.426113083448,109233.0
6595.605541370835,108919.0
6595.784969658223,107865.0
6595.9643979456105,109820.0
6596.1438262329975,109223.0
6596.323254520385,109665.0
6596.5026828077725,110659.0
6596.68211109516,111035.0
6596.861539382547,109102.0
6597.040967669934,107398.0
6597.220395957322,107647.0
6597.399824244709,108665.0
6597.579252532096,107295.0
6597.758680819483,108090.0
6597.938109106871,109000.0
6598.117537394258,109386.0
6598.296965681645,109661.0
6598.476393969032,109884.0
6598.65582225642,107751.0
6598.835250543807,107649.0
6599.014678831194,109272.0
6599.194107118581,108342.0
6599.373535405969,106694.0
6599.552963693356,107058.0
6599.732391980743,108837.0
6599.91182026813,109476.0
6600.091248555518,108489.0
6600.270676842905,108624.0
6600.450105130292,108779.0
6600.62953341768,108222.0
6600.808961705067,108402.0
6600.988389992454,107573.0
6601.167818279841,106742.0
6601.347246567229,107687.0
6601.526674854616,108785.0
6601.7061031420035,107473.0
6601.8855314293905,106116.0
6602.0649597167785,105779.0
6602.244388004166,106333.0
6602.423816291553,107082.0
6602.60324457894,107810.0
6602.782672866328,107584.0
6602.962101153715,107627.0
6603.141529441102,107139.0
6603.320957728489,107368.0
6603.500386015877,107299.0
6603.679814303264,106711.0
6603.859242590651,108256.0
6604.038670878038,108459.0
6604.218099165426,107388.0
6604.397527452813,106885.0
6604.5769557402,107018.0
6604.756384027587,106973.0
6604.935812314975,108333.0
6605.115240602362,108200.0
6605.294668889749,106672.0
6605.474097177137,106980.0
6605.653525464524,106094.0
6605.832953751911,105446.0
6606.012382039298,106400.0
6606.191810326686,108120.0
6606.371238614073,106060.0
6606.55066690146,105456.0
6606.730095188847,107053.0
6606.909523476235,107677.0
6607.088951763622,107962.0
6607.268380051009,108096.0
6607.4478083383965,107288.0
6607.6272366257845,107455.0
6607.8066649131715,108835.0
6607.986093200559,108033.0
6608.165521487946,107346.0
6608.344949775334,107559.0
6608.524378062721,107190.0
6608.703806350108,107024.0
6608.883234637495,106889.0
6609.062662924883,108260.0
6609.24209121227,107982.0
6609.421519499657,106580.0
6609.600947787044,106295.0
6609.780376074432,105971.0
6609.959804361819,106919.0
6610.139232649206,107862.0
6610.318660936594,106789.0
6610.498089223981,105847.0
6610.677517511368,105994.0
6610.856945798755,106160.0
6611.036374086143,106336.0
6611.21580237353,106224.0
6611.395230660917,106164.0
6611.574658948304,106396.0
6611.754087235692,106295.0
6611.933515523079,106348.0
6612.112943810466,105865.0
6612.292372097853,105144.0
6612.471800385241,104911.0
6612.651228672628,104161.0
6612.830656960015,104571.0
6613.0100852474025,105806.0
6613.18951353479,104523.0
6613.3689418221775,102528.0
6613.5483701095645,101472.0
6613.727798396952,101832.0
6613.90722668434,102288.0
6614.086654971727,103246.0
6614.266083259114,104006.0
6614.445511546501,103638.0
6614.624939833889,104723.0
6614.804368121276,103798.0
6614.983796408663,104716.0
6615.163224696051,105323.0
6615.342652983438,104700.0
6615.522081270825,104762.0
6615.701509558212,102941.0
6615.8809378456,103191.0
6616.060366132987,105212.0
6616.239794420374,104188.0
6616.419222707761,104513.0
6616.598650995149,103742.0
6616.778079282536,103987.0
6616.957507569923,103706.0
6617.13693585731,103232.0
6617.316364144698,103506.0
6617.495792432085,104828.0
6617.675220719472,103187.0
6617.854649006859,103243.0
6618.034077294247,103590.0
6618.213505581634,104039.0
6618.392933869021,102201.0
6618.572362156408,103568.0
6618.751790443796,104003.0
6618.931218731183,103845.0
6619.1106470185705,104236.0
6619.2900753059575,102875.0
6619.4695035933455,102539.0
6619.648931880733,103302.0
6619.82836016812,102649.0
6620.007788455508,102615.0
6620.187216742895,100772.0
6620.366645030282,100726.0
6620.546073317669,103235.0
6620.725501605057,102977.0
6620.904929892444,102274.0
6621.084358179831,101697.0
6621.263786467218,102758.0
6621.443214754606,102436.0
6621.622643041993,101992.0
6621.80207132938,102514.0
6621.981499616767,101990.0
6622.160927904155,101915.0
6622.340356191542,101321.0
6622.519784478929,102649.0
6622.699212766316,101394.0
6622.878641053704,102639.0
6623.058069341091,100464.0
6623.237497628478,100212.0
6623.416925915865,101401.0
6623.596354203253,101258.0
6623.77578249064,100352.0
6623.955210778027,100421.0
6624.134639065414,100776.0
6624.314067352802,101143.0
6624.493495640189,101365.0
6624.672923927576,100143.0
6624.852352214964,101029.0
6625.0317805023515,100658.0
6625.2112087897385,101036.0
6625.390637077126,100344.0
6625.5700653645135,99348.9
6625.749493651901,100273.0
6625.928921939288,99701.7
6626.108350226675,98889.4
6626.287778514063,98569.3
6626.46720680145,100305.0
6626.646635088837,99339.8
6626.826063376224,97334.2
6627.005491663612,97823.5
6627.184919950999,99260.5
6627.364348238386,98796.9
6627.543776525773,99046.6
6627.723204813161,99747.1
6627.902633100548,99302.6
6628.082061387935,98755.5
6628.261489675322,99618.7
6628.44091796271,98512.1
6628.620346250097,98354.3
6628.799774537484,98599.6
6628.979202824871,98062.0
6629.158631112259,97174.8
6629.338059399646,98025.7
6629.517487687033,98277.0
6629.69691597442,97390.9
6629.876344261808,96904.2
6630.055772549195,97798.9
6630.235200836582,98103.5
6630.41462912397,98074.4
6630.594057411357,98382.4
6630.7734856987445,97920.0
6630.9529139861315,96983.5
6631.1323422735195,96995.4
6631.311770560907,97947.0
6631.491198848294,98054.9
6631.670627135681,97607.9
6631.850055423069,97047.0
6632.029483710456,97501.0
6632.208911997843,96358.1
6632.38834028523,95101.4
6632.567768572618,95558.5
6632.747196860005,96041.4
6632.926625147392,95544.6
6633.106053434779,95337.1
6633.285481722167,96277.1
6633.464910009554,94918.1
6633.644338296941,93226.7
6633.823766584328,94740.0
6634.003194871716,95492.1
6634.182623159103,96008.2
6634.36205144649,95269.9
6634.541479733878,95054.5
6634.720908021265,95684.6
6634.900336308652,95379.6
6635.079764596039,95130.9
6635.259192883427,95108.8
6635.438621170814,95582.4
6635.618049458201,94627.9
6635.797477745588,94378.7
6635.976906032976,94072.9
6636.156334320363,94285.9
6636.33576260775,94271.9
6636.5151908951375,93934.2
6636.6946191825255,95051.7
6636.8740474699125,93804.4
6637.0534757573,92855.9
6637.232904044687,94630.6
6637.412332332075,93910.0
6637.591760619462,94085.3
6637.771188906849,93925.2
6637.950617194236,93589.9
6638.130045481624,92847.3
6638.309473769011,92949.0
6638.488902056398,93746.5
6638.668330343785,92531.3
6638.847758631173,92400.2
6639.02718691856,92618.7
6639.206615205947,92926.9
6639.386043493334,91994.5
6639.565471780722,93337.5
6639.744900068109,92718.8
6639.924328355496,92464.0
6640.103756642884,91598.3
6640.283184930271,90682.3
6640.462613217658,91641.2
6640.642041505045,91861.2
6640.821469792433,90303.4
6641.00089807982,90689.8
6641.180326367207,92527.1
6641.359754654594,92055.6
6641.539182941982,90583.5
6641.718611229369,90477.1
6641.898039516756,90780.4
6642.077467804143,90407.8
6642.256896091531,90496.4
6642.4363243789185,90924.9
6642.6157526663055,91387.2
6642.795180953693,89077.1
6642.9746092410805,89507.7
6643.154037528468,90539.5
6643.333465815855,89081.3
6643.512894103242,89251.3
6643.69232239063,89677.8
6643.871750678017,90159.8
6644.051178965404,88646.2
6644.230607252792,88811.9
6644.410035540179,89463.9
6644.589463827566,88828.1
6644.768892114953,89090.2
6644.948320402341,89543.0
6645.127748689728,89159.4
6645.307176977115,89150.2
6645.486605264502,88799.5
6645.66603355189,89035.8
6645.845461839277,89181.5
6646.024890126664,88826.2
6646.204318414051,89945.2
6646.383746701439,88493.3
6646.563174988826,87636.9
6646.742603276213,87971.6
6646.9220315636,87491.2
6647.101459850988,87740.7
6647.280888138375,86808.9
6647.460316425762,86714.5
6647.639744713149,87324.2
6647.819173000537,87235.4
6647.998601287924,86328.4
6648.1780295753115,86932.7
6648.3574578626985,86334.7
6648.5368861500865,86745.0
6648.716314437474,85916.3
6648.895742724861,85581.0
6649.075171012248,85716.2
6649.254599299636,85966.9
6649.434027587023,86564.6
6649.61345587441,85631.2
6649.792884161798,85913.9
6649.972312449185,84758.5
6650.151740736572,85600.8
6650.331169023959,84976.4
6650.510597311347,85317.6
6650.690025598734,84193.5
6650.869453886121,84531.4
6651.048882173508,86020.1
6651.228310460896,86021.2
6651.407738748283,83762.1
6651.58716703567,84131.7
6651.766595323057,85647.0
6651.946023610445,85268.5
6652.125451897832,85592.3
6652.304880185219,85458.4
6652.484308472606,84164.0
6652.663736759994,84032.7
6652.843165047381,84322.6
6653.022593334768,84446.8
6653.202021622155,83961.0
6653.381449909543,82731.6
6653.56087819693,83034.4
6653.740306484317,82643.0
6653.919734771705,82546.1
6654.0991630590925,82344.5
6654.2785913464795,83116.4
6654.458019633867,82379.4
6654.6374479212545,82650.6
6654.816876208642,81906.3
6654.996304496029,81429.9
6655.175732783416,82493.5
6655.355161070804,82613.6
6655.534589358191,82109.1
6655.714017645578,81868.1
6655.893445932965,80401.2
6656.072874220353,81167.0
6656.25230250774,81279.0
6656.431730795127,80572.2
6656.611159082514,80769.8
6656.790587369902,80909.8
6656.970015657289,81018.1
6657.149443944676,80827.8
6657.328872232063,80113.6
6657.508300519451,80371.8
6657.687728806838,78931.9
6657.867157094225,80341.8
6658.046585381612,79086.4
6658.226013669,79309.0
6658.405441956387,78913.3
6658.584870243774,78216.5
6658.764298531161,79083.4
6658.943726818549,78666.0
6659.123155105936,78798.7
6659.302583393323,78623.5
6659.482011680711,79191.0
6659.661439968098,78601.6
6659.8408682554855,78855.3
6660.0202965428725,78400.1
6660.1997248302605,78601.5
6660.379153117648,77527.6
6660.558581405035,76734.6
6660.738009692422,76706.0
6660.91743797981,76122.2
6661.096866267197,75990.8
6661.276294554584,76526.6
6661.455722841971,77564.2
6661.635151129359,77404.9
6661.814579416746,76463.0
6661.994007704133,76845.3
6662.17343599152,76134.3
6662.352864278908,76012.0
6662.532292566295,76212.1
6662.711720853682,76262.6
6662.891149141069,76094.0
6663.070577428457,76933.8
6663.250005715844,75538.4
6663.429434003231,75884.8
6663.608862290619,76356.7
6663.788290578006,74809.1
6663.967718865393,74327.6
6664.14714715278,74782.0
6664.326575440168,74168.3
6664.506003727555,74119.7
6664.685432014942,73690.6
6664.864860302329,74532.8
6665.044288589717,74317.2
6665.223716877104,74973.0
6665.403145164491,74431.0
6665.5825734518785,74456.1
6665.762001739266,74338.0
6665.9414300266535,73517.4
6666.120858314041,72806.5
6666.300286601428,73690.9
6666.479714888816,73772.2
6666.659143176203,72805.8
6666.83857146359,72196.0
6667.017999750977,72226.6
6667.197428038365,73788.0
6667.376856325752,72367.3
6667.556284613139,71720.0
6667.735712900526,71785.2
6667.915141187914,71684.4
6668.094569475301,71320.9
6668.273997762688,71621.2
6668.453426050075,71170.0
6668.632854337463,70924.7
6668.81228262485,70618.9
6668.991710912237,70684.8
6669.171139199625,70863.4
6669.350567487012,70650.7
6669.529995774399,70380.1
6669.709424061786,70681.4
6669.888852349174,69939.2
6670.068280636561,68567.8
6670.247708923948,68966.0
6670.427137211335,69208.6
6670.606565498723,68695.4
6670.78599378611,69031.5
6670.965422073497,68342.2
6671.144850360884,67614.7
6671.324278648272,66471.8
6671.5037069356595,68180.5
6671.6831352230465,66905.9
6671.862563510434,67962.6
6672.0419917978215,67016.7
6672.221420085209,66367.0
6672.400848372596,65599.9
6672.580276659983,64600.8
6672.759704947371,64172.3
6672.939133234758,65021.6
6673.118561522145,65273.8
6673.297989809533,65779.1
6673.47741809692,65079.8
6673.656846384307,63515.2
6673.836274671694,64209.3
6674.015702959082,65041.9
6674.195131246469,63821.0
6674.374559533856,62284.1
6674.553987821243,61974.4
6674.733416108631,62986.3
6674.912844396018,61896.4
6675.092272683405,62399.7
6675.271700970792,61425.6
6675.45112925818,63708.4
6675.630557545567,63153.9
6675.809985832954,61012.0
6675.989414120341,59603.6
6676.168842407729,60836.1
6676.348270695116,60633.5
6676.527698982503,58644.4
6676.70712726989,58621.5
6676.886555557278,56653.2
6677.065983844665,56537.1
6677.2454121320525,55754.8
6677.4248404194395,54320.1
6677.6042687068275,52983.3
6677.783696994215,52532.6
6677.963125281602,52463.9
6678.142553568989,53304.2
6678.321981856377,52981.5
6678.501410143764,52779.5
6678.680838431151,53307.8
6678.860266718539,53312.0
6679.039695005926,54210.0
6679.219123293313,55430.7
6679.3985515807,55866.7
6679.577979868088,56821.5
6679.757408155475,56570.2
6679.936836442862,57212.1
6680.116264730249,57886.3
6680.295693017637,57827.4
6680.475121305024,56507.0
6680.654549592411,56821.9
6680.833977879798,56156.5
6681.013406167186,57338.6
6681.192834454573,57564.3
6681.37226274196,57478.5
6681.551691029347,58207.0
6681.731119316735,56904.4
6681.910547604122,57186.0
6682.089975891509,57422.2
6682.269404178896,56664.9
6682.448832466284,56516.9
6682.628260753671,56964.2
6682.807689041058,57003.0
6682.9871173284455,57872.4
6683.1665456158335,57587.1
6683.3459739032205,56473.3
6683.525402190608,55697.9
6683.7048304779955,56164.0
6683.884258765383,57179.0
6684.06368705277,56014.3
6684.243115340157,55769.9
6684.422543627545,55978.0
6684.601971914932,55516.6
6684.781400202319,55656.3
6684.960828489706,54978.0
6685.140256777094,55122.1
6685.319685064481,55044.8
6685.499113351868,54295.3
6685.678541639255,55064.7
6685.857969926643,55145.6
6686.03739821403,54977.7
6686.216826501417,55243.1
6686.396254788804,55103.0
6686.575683076192,54669.3
6686.755111363579,54388.0
6686.934539650966,54896.2
6687.113967938353,54499.7
6687.293396225741,54582.9
6687.472824513128,54682.1
6687.652252800515,54084.4
6687.831681087902,54417.0
6688.01110937529,54098.5
6688.190537662677,52746.9
6688.369965950064,52429.4
6688.549394237452,52484.0
6688.728822524839,53388.7
6688.9082508122265,53518.2
6689.0876790996135,53297.3
6689.2671073870015,52736.3
6689.4465356743885,52116.3
6689.625963961776,52297.7
6689.805392249163,52559.4
6689.984820536551,52040.8
6690.164248823938,51575.9
6690.343677111325,51081.2
6690.523105398712,51811.9
6690.7025336861,52400.0
6690.881961973487,51384.6
6691.061390260874,50401.8
6691.240818548261,50390.0
6691.420246835649,49919.5
6691.599675123036,50636.7
6691.779103410423,50670.1
6691.95853169781,49332.9
6692.137959985198,49338.3
6692.317388272585,50530.9
6692.496816559972,49733.4
6692.676244847359,49380.2
6692.855673134747,49679.0
6693.035101422134,49547.0
6693.214529709521,48807.7
6693.393957996908,47903.9
6693.573386284296,48873.4
6693.752814571683,48599.0
6693.93224285907,47816.9
6694.111671146458,48787.1
6694.291099433845,47841.4
6694.470527721232,46743.4
6694.6499560086195,47126.6
6694.829384296007,46831.7
6695.0088125833945,47123.0
6695.188240870782,46260.0
6695.367669158169,46909.6
6695.547097445557,45907.2
6695.726525732944,46468.8
6695.905954020331,46567.6
6696.085382307718,45852.2
6696.264810595106,45138.6
6696.444238882493,45203.6
6696.62366716988,45512.5
6696.803095457267,46288.9
6696.982523744655,45874.6
6697.161952032042,45002.8
6697.341380319429,44145.8
6697.520808606816,45014.5
6697.700236894204,44375.8
6697.879665181591,44151.0
6698.059093468978,44205.1
6698.238521756366,44271.1
6698.417950043753,43658.5
6698.59737833114,43221.7
6698.776806618527,42351.7
6698.956234905915,42454.5
6699.135663193302,42525.1
6699.315091480689,42810.5
6699.494519768076,42303.9
6699.673948055464,41961.2
6699.853376342851,42084.2
6700.032804630238,42076.6
6700.212232917625,41746.3
6700.391661205013,41688.6
6700.5710894924005,40883.6
6700.7505177797875,41939.7
6700.929946067175,41193.7
6701.1093743545625,41373.8
6701.28880264195,40865.3
6701.468230929337,40956.2
6701.647659216724,40841.7
6701.827087504112,39971.9
6702.006515791499,39763.1
6702.185944078886,40323.5
6702.365372366273,39111.7
6702.544800653661,39264.9
6702.724228941048,39926.0
6702.903657228435,39161.5
6703.083085515822,38491.8
6703.26251380321,38450.6
6703.441942090597,39313.1
6703.621370377984,39463.4
6703.800798665372,38956.5
6703.980226952759,38793.5
6704.159655240146,38909.4
6704.339083527533,38198.6
6704.518511814921,38180.2
6704.697940102308,37325.8
6704.877368389695,36671.7
6705.056796677082,36540.6
6705.23622496447,36709.8
6705.415653251857,36698.1
6705.595081539244,36996.9
6705.774509826631,36186.7
6705.953938114019,36330.0
6706.133366401406,36228.3
6706.3127946887935,35566.2
6706.4922229761805,35366.0
6706.6716512635685,35022.7
6706.851079550956,35369.8
6707.030507838343,35436.3
6707.20993612573,34943.5
6707.389364413118,35090.1
6707.568792700505,34403.3
6707.748220987892,34614.4
6707.92764927528,34168.6
6708.107077562667,33651.1
6708.286505850054,33377.7
6708.465934137441,34180.4
6708.645362424829,34323.6
6708.824790712216,33775.5
6709.004218999603,33256.3
6709.18364728699,33210.1
6709.363075574378,32733.4
6709.542503861765,33282.6
6709.721932149152,32544.0
6709.901360436539,32694.6
6710.080788723927,31759.2
6710.260217011314,32759.3
6710.439645298701,32401.2
6710.619073586088,31575.1
6710.798501873476,31089.5
6710.977930160863,31729.0
6711.15735844825,32028.7
6711.336786735637,31359.3
6711.516215023025,30883.7
6711.695643310412,31203.2
6711.875071597799,30926.6
6712.0544998851865,30961.4
6712.233928172574,31065.7
6712.4133564599615,30999.6
6712.592784747349,30621.8
6712.772213034736,30359.9
6712.951641322124,30192.9
6713.131069609511,29831.6
6713.310497896898,29446.0
6713.489926184286,29898.3
6713.669354471673,29791.7
6713.84878275906,29822.0
6714.028211046447,29136.8
6714.207639333835,29072.8
6714.387067621222,28351.7
6714.566495908609,28789.0
6714.745924195996,28602.3
6714.925352483384,27748.8
6715.104780770771,27324.3
6715.284209058158,27659.9
6715.463637345545,27410.6
6715.643065632933,26904.0
6715.82249392032,27868.3
6716.001922207707,26914.4
6716.181350495094,26337.0
6716.360778782482,26761.1
6716.540207069869,26791.8
6716.719635357256,26344.5
6716.899063644643,26244.1
6717.078491932031,26218.0
6717.257920219418,25555.9
6717.437348506805,25552.7
6717.616776794193,25842.2
6717.79620508158,25791.6
6717.9756333689675,25402.3
6718.1550616563545,24823.5
6718.3344899437425,25197.4
6718.5139182311295,24963.2
6718.693346518517,25223.6
6718.872774805904,24411.6
6719.052203093292,24425.0
6719.231631380679,24254.9
6719.411059668066,23524.1
6719.590487955453,23437.1
6719.769916242841,23474.6
6719.949344530228,24016.5
6720.128772817615,23867.8
6720.308201105002,23441.1
6720.48762939239,23387.6
6720.667057679777,23501.6
6720.846485967164,23222.5
6721.025914254551,23066.1
6721.205342541939,22783.9
6721.384770829326,22699.5
6721.564199116713,22548.8
6721.7436274041,22442.2
6721.923055691488,21931.2
6722.102483978875,21813.1
6722.281912266262,22176.7
6722.461340553649,22351.7
6722.640768841037,21884.2
6722.820197128424,21472.6
6722.999625415811,21198.2
6723.179053703199,21283.7
6723.358481990586,21429.4
6723.537910277973,20882.9
6723.7173385653605,20956.8
6723.896766852748,20683.4
6724.0761951401355,20719.7
6724.255623427523,21072.5
6724.43505171491,20749.2
6724.614480002298,19988.1
6724.793908289685,19352.7
6724.973336577072,19772.6
6725.152764864459,19875.2
6725.332193151847,19095.1
6725.511621439234,19123.1
6725.691049726621,19670.4
6725.870478014008,19027.6
6726.049906301396,19093.1
6726.229334588783,19341.8
6726.40876287617,19204.0
6726.588191163557,18805.3
6726.767619450945,18412.4
6726.947047738332,18063.2
6727.126476025719,18464.2
6727.305904313107,18475.8
6727.485332600494,18096.5
6727.664760887881,17894.9
6727.844189175268,17511.4
6728.023617462656,17765.9
6728.203045750043,17996.5
6728.38247403743,17611.9
6728.561902324817,17475.6
6728.741330612205,17485.8
6728.920758899592,17126.1
6729.100187186979,17073.9
6729.279615474366,17117.9
6729.459043761754,16884.9
6729.6384720491415,16501.6
6729.8179003365285,16683.2
6729.997328623916,16321.5
6730.1767569113035,16855.9
6730.356185198691,16318.7
6730.535613486078,16385.8
6730.715041773465,15896.0
6730.894470060853,15881.3
6731.07389834824,15359.7
6731.253326635627,15487.8
6731.432754923014,15339.2
6731.612183210402,15307.1
6731.791611497789,15242.2
6731.971039785176,15228.9
6732.150468072563,14782.3
6732.329896359951,15122.3
6732.509324647338,15329.4
6732.688752934725,14547.2
6732.868181222113,14554.5
6733.0476095095,14470.1
6733.227037796887,14413.1
6733.406466084274,14648.5
6733.585894371662,14367.0
6733.765322659049,13378.3
