6488.0003038973,33600.9
6488.179707622493,32901.4
6488.359111347686,33196.6
6488.538515072879,33515.1
6488.717918798072,34063.2
6488.897322523265,34372.4
6489.076726248458,33559.0
6489.256129973651,32940.4
6489.435533698844,33768.4
6489.614937424037,34533.4
6489.79434114923,34896.6
6489.973744874423,35534.1
6490.153148599616,35624.7
6490.332552324809,35182.3
6490.511956050002,34967.3
6490.6913597751945,34960.9
6490.8707635003875,35200.1
6491.0501672255805,35779.9
6491.229570950773,35897.3
6491.408974675966,36434.8
6491.588378401159,36689.6
6491.767782126352,36859.1
6491.947185851545,37450.8
6492.126589576738,37859.9
6492.305993301931,37573.5
6492.485397027124,37026.8
6492.664800752317,37156.9
6492.84420447751,36344.7
6493.023608202703,36303.3
6493.203011927896,37559.0
6493.382415653089,38083.5
6493.561819378282,37910.0
6493.741223103475,38483.6
6493.920626828668,38853.7
6494.100030553861,39170.9
6494.279434279054,39469.4
6494.458838004247,39341.4
6494.63824172944,39401.4
6494.817645454633,39591.8
6494.997049179826,40296.8
6495.176452905019,41250.6
6495.355856630212,40842.2
6495.535260355405,40026.0
6495.714664080598,38831.6
6495.894067805791,39029.3
6496.073471530984,40144.8
6496.252875256177,41583.3
6496.43227898137,42266.8
6496.6116827065625,42713.6
6496.7910864317555,43558.7
6496.9704901569485,42773.8
6497.149893882141,42610.3
6497.329297607334,42041.5
6497.508701332527,41673.2
6497.68810505772,42314.4
6497.867508782913,43308.8
6498.046912508106,43730.1
6498.226316233299,43831.3
6498.405719958492,44217.8
6498.585123683685,44525.9
6498.764527408878,44633.7
6498.943931134071,45095.1
6499.123334859264,45527.7
6499.302738584457,45756.7
6499.48214230965,46224.0
6499.661546034843,46755.2
6499.840949760036,47060.6
6500.020353485229,47446.7
6500.199757210422,47297.7
6500.379160935615,47322.6
6500.558564660808,47589.0
6500.737968386001,48048.1
6500.917372111194,48434.1
6501.096775836387,48409.1
6501.27617956158,47944.2
6501.455583286773,47943.5
6501.634987011966,48687.3
6501.814390737159,48329.0
6501.993794462352,49296.7
6502.173198187545,49264.0
6502.352601912738,48814.9
6502.5320056379305,49292.5
6502.7114093631235,49958.5
6502.8908130883165,50153.9
6503.070216813509,50349.1
6503.249620538702,50598.0
6503.429024263895,50658.5
6503.608427989088,50666.8
6503.787831714281,51408.3
6503.967235439474,50156.0
6504.146639164667,49772.5
6504.32604288986,49714.0
6504.505446615053,48813.7
6504.684850340246,49860.2
6504.864254065439,50448.1
6505.043657790632,51450.4
6505.223061515825,51995.8
6505.402465241018,53273.7
6505.581868966211,53381.4
6505.761272691404,52707.5
6505.940676416597,53201.3
6506.12008014179,54497.6
6506.299483866983,54677.0
6506.478887592176,54194.8
6506.658291317369,56111.6
6506.837695042562,56628.7
6507.017098767755,56281.2
6507.196502492948,56350.3
6507.375906218141,56678.5
6507.555309943334,56530.4
6507.734713668527,56488.3
6507.91411739372,57121.8
6508.093521118913,57145.1
6508.272924844106,56551.0
6508.4523285692985,55887.0
6508.6317322944915,56540.3
6508.811136019684,56519.2
6508.990539744877,57802.5
6509.16994347007,58790.4
6509.349347195263,58752.8
6509.528750920456,59398.5
6509.708154645649,59437.8
6509.887558370842,60273.0
6510.066962096035,60290.3
6510.246365821228,60151.4
6510.425769546421,60733.3
6510.605173271614,60682.4
6510.784576996807,61207.2
6510.963980722,62013.8
6511.143384447193,61718.4
6511.322788172386,61657.4
6511.502191897579,61862.3
6511.681595622772,61929.5
6511.860999347965,62719.6
6512.040403073158,62069.8
6512.219806798351,61180.6
6512.399210523544,61657.8
6512.578614248737,63709.1
6512.75801797393,65539.9
6512.937421699123,65932.4
6513.116825424316,66304.1
6513.296229149509,66246.4
6513.475632874702,66311.3
6513.655036599895,67003.4
6513.834440325088,65999.2
6514.013844050281,65174.7
6514.1932477754735,64989.5
6514.3726515006665,63042.4
6514.5520552258595,62529.2
6514.731458951052,65014.3
6514.910862676245,64786.8
6515.090266401438,66235.1
6515.269670126631,67487.5
6515.449073851824,68648.0
6515.628477577017,68404.9
6515.80788130221,67425.3
6515.987285027403,66981.0
6516.166688752596,65957.6
6516.346092477789,63806.5
6516.525496202982,62604.1
6516.704899928175,63560.3
6516.884303653368,66228.7
6517.063707378561,68557.9
6517.243111103754,69686.4
6517.422514828947,71760.3
6517.60191855414,71816.5
6517.781322279333,70541.9
6517.960726004526,71290.6
6518.140129729719,72110.6
6518.319533454912,71917.0
6518.498937180105,73667.9
6518.678340905298,73889.5
6518.857744630491,73056.0
6519.037148355684,72523.1
6519.216552080877,71596.2
6519.39595580607,72724.1
6519.575359531263,75047.6
6519.754763256456,75487.4
6519.934166981649,75347.8
6520.1135707068415,75911.4
6520.2929744320345,75252.4
6520.4723781572275,75217.0
6520.65178188242,75101.1
6520.831185607613,75310.2
6521.010589332806,77142.3
6521.189993057999,76436.4
6521.369396783192,75419.3
6521.548800508385,76134.4
6521.728204233578,76299.3
6521.907607958771,76531.9
6522.087011683964,77181.8
6522.266415409157,78539.9
6522.44581913435,79957.9
6522.625222859543,79845.5
6522.804626584736,80544.1
6522.984030309929,78123.8
6523.163434035122,76435.0
6523.342837760315,77131.1
6523.522241485508,77698.8
6523.701645210701,78408.8
6523.881048935894,78130.7
6524.060452661087,79490.1
6524.23985638628,80400.7
6524.419260111473,81020.8
6524.598663836666,80889.8
6524.778067561859,80795.5
6524.957471287052,81395.7
6525.136875012245,81749.7
6525.316278737438,81845.8
6525.495682462631,82353.4
6525.675086187824,82734.6
6525.854489913017,82892.8
6526.0338936382095,83240.9
6526.2132973634025,83256.9
6526.3927010885955,84408.5
6526.572104813788,84943.7
6526.751508538981,85780.5
6526.930912264174,85059.5
6527.110315989367,84521.9
6527.28971971456,85110.2
6527.469123439753,84616.3
6527.648527164946,84861.6
6527.827930890139,84741.9
6528.007334615332,85529.2
6528.186738340525,86495.5
6528.366142065718,86287.8
6528.545545790911,86196.5
6528.724949516104,86295.1
6528.904353241297,86182.6
6529.08375696649,86683.1
6529.263160691683,87595.1
6529.442564416876,88501.2
6529.621968142069,89158.1
6529.801371867262,87985.8
6529.980775592455,88738.7
6530.160179317648,88961.8
6530.339583042841,88282.8
6530.518986768034,88699.7
6530.698390493227,88764.5
6530.87779421842,88601.6
6531.057197943613,89572.3
6531.236601668806,90459.8
6531.416005393999,90614.0
6531.595409119192,91398.6
6531.7748128443845,91657.3
6531.9542165695775,90548.9
6532.1336202947705,91355.9
6532.313024019963,89961.8
6532.492427745156,89962.1
6532.671831470349,92154.5
6532.851235195542,93706.4
6533.030638920735,94591.3
6533.210042645928,94967.8
6533.389446371121,94879.0
6533.568850096314,95132.1
6533.748253821507,94292.4
6533.9276575467,94345.0
6534.107061271893,94794.2
6534.286464997086,95287.0
6534.465868722279,96559.7
6534.645272447472,97026.7
6534.824676172665,96624.9
6535.004079897858,97483.4
6535.183483623051,98351.7
6535.362887348244,97428.0
6535.542291073437,97008.4
6535.72169479863,98043.9
6535.901098523823,98801.9
6536.080502249016,99811.8
6536.259905974209,99940.7
6536.439309699402,99298.3
6536.618713424595,97807.1
6536.798117149788,97321.3
6536.977520874981,99084.1
6537.156924600174,100968.0
6537.336328325367,101185.0
6537.51573205056,101319.0
6537.6951357757525,102365.0
6537.8745395009455,102453.0
6538.0539432261385,101410.0
6538.233346951331,101260.0
6538.412750676524,101632.0
6538.592154401717,102662.0
6538.77155812691,102054.0
6538.950961852103,102787.0
6539.130365577296,102967.0
6539.309769302489,101997.0
6539.489173027682,103018.0
6539.668576752875,104129.0
6539.847980478068,103032.0
6540.027384203261,102175.0
6540.206787928454,102617.0
6540.386191653647,104802.0
6540.56559537884,105894.0
6540.744999104033,105303.0
6540.924402829226,106368.0
6541.103806554419,106600.0
6541.283210279612,105899.0
6541.462614004805,104674.0
6541.642017729998,103997.0
6541.821421455191,105317.0
6542.000825180384,106593.0
6542.180228905577,107179.0
6542.35963263077,107139.0
6542.539036355963,107292.0
6542.718440081156,107273.0
6542.897843806349,108615.0
6543.077247531542,107851.0
6543.256651256735,108605.0
6543.436054981928,108284.0
6543.6154587071205,102953.0
6543.7948624323135,97880.1
6543.9742661575065,97808.7
6544.153669882699,99919.8
6544.333073607892,102644.0
6544.512477333085,107059.0
6544.691881058278,110025.0
6544.871284783471,109797.0
6545.050688508664,111552.0
6545.230092233857,114120.0
6545.40949595905,112603.0
6545.588899684243,112069.0
6545.768303409436,112697.0
6545.947707134629,112232.0
6546.127110859822,112943.0
6546.306514585015,113974.0
6546.485918310208,113101.0
6546.665322035401,112621.0
6546.844725760594,112973.0
6547.024129485787,114448.0
6547.20353321098,116025.0
6547.382936936173,113383.0
6547.562340661366,112622.0
6547.741744386559,113783.0
6547.921148111752,115278.0
6548.100551836945,115948.0
6548.279955562138,114184.0
6548.459359287331,111452.0
6548.638763012524,111639.0
6548.818166737717,114228.0
6548.99757046291,115703.0
6549.176974188103,116548.0
6549.356377913296,117904.0
6549.5357816384885,119599.0
6549.7151853636815,119878.0
6549.894589088874,120160.0
6550.073992814067,118398.0
6550.25339653926,118449.0
6550.432800264453,120299.0
6550.612203989646,120359.0
6550.791607714839,121037.0
6550.971011440032,122226.0
6551.150415165225,122350.0
6551.329818890418,124142.0
6551.509222615611,124683.0
6551.688626340804,122936.0
6551.868030065997,124282.0
6552.04743379119,123704.0
6552.226837516383,119954.0
6552.406241241576,117622.0
6552.585644966769,118226.0
6552.765048691962,121605.0
6552.944452417155,125471.0
6553.123856142348,128047.0
6553.303259867541,128353.0
6553.482663592734,127667.0
6553.662067317927,128432.0
6553.84147104312,128391.0
6554.020874768313,128024.0
6554.200278493506,131759.0
6554.379682218699,133149.0
6554.559085943892,133576.0
6554.738489669085,135119.0
6554.917893394278,137805.0
6555.097297119471,136945.0
6555.2767008446635,135869.0
6555.4561045698565,137921.0
6555.6355082950495,140685.0
6555.814912020242,144022.0
6555.994315745435,146791.0
6556.173719470628,147517.0
6556.353123195821,148779.0
6556.532526921014,152325.0
6556.711930646207,156496.0
6556.8913343714,158852.0
6557.070738096593,161564.0
6557.250141821786,161061.0
6557.429545546979,164784.0
6557.608949272172,170400.0
6557.788352997365,177043.0
6557.967756722558,180540.0
6558.147160447751,186616.0
6558.326564172944,192230.0
6558.505967898137,196698.0
6558.68537162333,203138.0
6558.864775348523,207932.0
6559.044179073716,210307.0
6559.223582798909,212493.0
6559.402986524102,216424.0
6559.582390249295,224779.0
6559.761793974488,231770.0
6559.941197699681,233759.0
6560.120601424874,236129.0
6560.300005150067,239117.0
6560.47940887526,242557.0
6560.658812600453,243832.0
6560.838216325646,247544.0
6561.017620050839,252603.0
6561.1970237760315,256146.0
6561.3764275012245,261566.0
6561.5558312264175,267094.0
6561.73523495161,269596.0
6561.914638676803,271284.0
6562.094042401996,271294.0
6562.273446127189,266382.0
6562.452849852382,257053.0
6562.632253577575,258434.0
6562.811657302768,257653.0
6562.991061027961,252539.0
6563.170464753154,250762.0
6563.349868478347,248884.0
6563.52927220354,245559.0
6563.708675928733,243376.0
6563.888079653926,240921.0
6564.067483379119,240629.0
6564.246887104312,240705.0
6564.426290829505,241913.0
6564.605694554698,242928.0
6564.785098279891,240675.0
6564.964502005084,242106.0
6565.143905730277,243069.0
6565.32330945547,240453.0
6565.502713180663,235795.0
6565.682116905856,231611.0
6565.861520631049,227540.0
6566.040924356242,221914.0
6566.220328081435,217863.0
6566.399731806628,215101.0
6566.579135531821,214611.0
6566.758539257014,213394.0
6566.937942982207,210123.0
6567.1173467073995,206260.0
6567.2967504325925,201603.0
6567.4761541577855,196931.0
6567.655557882978,193989.0
6567.834961608171,191125.0
6568.014365333364,187195.0
6568.193769058557,184574.0
6568.37317278375,180045.0
6568.552576508943,172175.0
6568.731980234136,169718.0
6568.911383959329,166477.0
6569.090787684522,164580.0
6569.270191409715,162477.0
6569.449595134908,162525.0
6569.628998860101,159969.0
6569.808402585294,156842.0
6569.987806310487,155034.0
6570.16721003568,154538.0
6570.346613760873,153117.0
6570.526017486066,151967.0
6570.705421211259,149145.0
6570.884824936452,146554.0
6571.064228661645,147785.0
6571.243632386838,146433.0
6571.423036112031,145844.0
6571.602439837224,146029.0
6571.781843562417,144277.0
6571.96124728761,142744.0
6572.140651012803,139291.0
6572.320054737996,140229.0
6572.499458463189,140948.0
6572.678862188382,140378.0
6572.8582659135745,142344.0
6573.0376696387675,143274.0
6573.2170733639605,143020.0
6573.396477089153,141071.0
6573.575880814346,141105.0
6573.755284539539,142997.0
6573.934688264732,141686.0
6574.114091989925,139447.0
6574.293495715118,139283.0
6574.472899440311,136461.0
6574.652303165504,132525.0
6574.831706890697,133755.0
6575.01111061589,135643.0
6575.190514341083,138529.0
6575.369918066276,138954.0
6575.549321791469,137157.0
6575.728725516662,138786.0
6575.908129241855,140503.0
6576.087532967048,137262.0
6576.266936692241,138153.0
6576.446340417434,137978.0
6576.625744142627,138107.0
6576.80514786782,139457.0
6576.984551593013,139861.0
6577.163955318206,139284.0
6577.343359043399,137779.0
6577.522762768592,137956.0
6577.702166493785,138763.0
6577.881570218978,137459.0
6578.060973944171,138133.0
6578.240377669364,140027.0
6578.419781394557,138919.0
6578.59918511975,137944.0
6578.7785888449425,138262.0
6578.9579925701355,139812.0
6579.1373962953285,139207.0
6579.316800020521,138029.0
6579.496203745714,139447.0
6579.675607470907,139205.0
6579.8550111961,138874.0
6580.034414921293,139605.0
6580.213818646486,138700.0
6580.393222371679,136477.0
6580.572626096872,136687.0
6580.752029822065,136179.0
6580.931433547258,137703.0
6581.110837272451,138812.0
6581.290240997644,139148.0
6581.469644722837,140415.0
6581.64904844803,140151.0
6581.828452173223,140475.0
6582.007855898416,139580.0
6582.187259623609,136085.0
6582.366663348802,136250.0
6582.546067073995,137661.0
6582.725470799188,138896.0
6582.904874524381,140175.0
6583.084278249574,141307.0
6583.263681974767,138559.0
6583.44308569996,137840.0
6583.622489425153,136915.0
6583.801893150346,139614.0
6583.981296875539,139634.0
6584.160700600732,138592.0
6584.340104325925,139000.0
6584.519508051118,138615.0
6584.6989117763105,137261.0
6584.8783155015035,139588.0
6585.0577192266965,139277.0
6585.237122951889,136922.0
6585.416526677082,138341.0
6585.595930402275,140332.0
6585.775334127468,138013.0
6585.954737852661,135810.0
6586.134141577854,138976.0
6586.313545303047,138541.0
6586.49294902824,134167.0
6586.672352753433,135861.0
6586.851756478626,137837.0
6587.031160203819,139561.0
6587.210563929012,139868.0
6587.389967654205,139942.0
6587.569371379398,140714.0
6587.748775104591,139334.0
6587.928178829784,136726.0
6588.107582554977,137915.0
6588.28698628017,138001.0
6588.466390005363,138322.0
6588.645793730556,138804.0
6588.825197455749,137737.0
6589.004601180942,137655.0
6589.184004906135,138525.0
6589.363408631328,136711.0
6589.542812356521,137591.0
6589.722216081714,138261.0
6589.901619806907,138863.0
6590.0810235321,140885.0
6590.260427257293,140970.0
6590.439830982486,138843.0
6590.6192347076785,139184.0
6590.7986384328715,139279.0
6590.978042158064,137705.0
6591.157445883257,138480.0
6591.33684960845,137602.0
6591.516253333643,135513.0
6591.695657058836,137757.0
6591.875060784029,139939.0
6592.054464509222,139632.0
6592.233868234415,139933.0
6592.413271959608,139625.0
6592.592675684801,139613.0
6592.772079409994,138450.0
6592.951483135187,138943.0
6593.13088686038,139075.0
6593.310290585573,140635.0
6593.489694310766,140894.0
6593.669098035959,138449.0
6593.848501761152,140111.0
6594.027905486345,139169.0
6594.207309211538,136873.0
6594.386712936731,137050.0
6594.566116661924,139665.0
6594.745520387117,139217.0
6594.92492411231,139019.0
6595.104327837503,140353.0
6595.283731562696,141053.0
6595.463135287889,138822.0
6595.642539013082,137798.0
6595.821942738275,139832.0
6596.001346463468,139265.0
6596.180750188661,137889.0
6596.3601539138535,139357.0
6596.5395576390465,137796.0
6596.7189613642395,136364.0
6596.898365089432,138154.0
6597.077768814625,137539.0
6597.257172539818,137488.0
6597.436576265011,136782.0
6597.615979990204,135579.0
6597.795383715397,138382.0
6597.97478744059,140193.0
6598.154191165783,138553.0
6598.333594890976,137109.0
6598.512998616169,137452.0
6598.692402341362,139263.0
6598.871806066555,140344.0
6599.051209791748,138043.0
6599.230613516941,137727.0
6599.410017242134,136217.0
6599.589420967327,140074.0
6599.76882469252,140776.0
6599.948228417713,137564.0
6600.127632142906,139990.0
6600.307035868099,137499.0
6600.486439593292,137805.0
6600.665843318485,140429.0
6600.845247043678,139100.0
6601.024650768871,138211.0
6601.204054494064,138430.0
6601.383458219257,139124.0
6601.56286194445,140081.0
6601.742265669643,138456.0
6601.921669394836,138534.0
6602.101073120029,138882.0
6602.2804768452215,137684.0
6602.4598805704145,135592.0
6602.6392842956075,136817.0
6602.8186880208,139104.0
6602.998091745993,138593.0
6603.177495471186,139036.0
6603.356899196379,139052.0
6603.536302921572,138296.0
6603.715706646765,138417.0
6603.895110371958,137696.0
6604.074514097151,137400.0
6604.253917822344,137713.0
6604.433321547537,137447.0
6604.61272527273,137816.0
6604.792128997923,137351.0
6604.971532723116,136539.0
6605.150936448309,136916.0
6605.330340173502,136048.0
6605.509743898695,136418.0
6605.689147623888,138550.0
6605.868551349081,138684.0
6606.047955074274,137175.0
6606.227358799467,137042.0
6606.40676252466,137273.0
6606.586166249853,137072.0
6606.765569975046,136765.0
6606.944973700239,136986.0
6607.124377425432,136336.0
6607.303781150625,138119.0
6607.483184875818,138144.0
6607.662588601011,136702.0
6607.841992326204,136249.0
6608.021396051397,136443.0
6608.2007997765895,135777.0
6608.3802035017825,136770.0
6608.5596072269755,135410.0
6608.739010952168,136196.0
6608.918414677361,136565.0
6609.097818402554,137805.0
6609.277222127747,136222.0
6609.45662585294,134920.0
6609.636029578133,134995.0
6609.815433303326,136546.0
6609.994837028519,136271.0
6610.174240753712,136320.0
6610.353644478905,136649.0
6610.533048204098,135175.0
6610.712451929291,135562.0
6610.891855654484,135730.0
6611.071259379677,135878.0
6611.25066310487,136089.0
6611.430066830063,135731.0
6611.609470555256,134703.0
6611.788874280449,135005.0
6611.968278005642,134190.0
6612.147681730835,135134.0
6612.327085456028,135551.0
6612.506489181221,135267.0
6612.685892906414,134154.0
6612.865296631607,133700.0
6613.0447003568,132730.0
6613.224104081993,131563.0
6613.403507807186,131754.0
6613.582911532379,129686.0
6613.762315257572,127251.0
6613.9417189827645,129083.0
6614.1211227079575,129798.0
6614.3005264331505,130983.0
6614.479930158343,132996.0
6614.659333883536,131104.0
6614.838737608729,132680.0
6615.018141333922,134795.0
6615.197545059115,133998.0
6615.376948784308,132689.0
6615.556352509501,131197.0
6615.735756234694,133116.0
6615.915159959887,134792.0
6616.09456368508,134403.0
6616.273967410273,133414.0
6616.453371135466,133731.0
6616.632774860659,133748.0
6616.812178585852,132800.0
6616.991582311045,132426.0
6617.170986036238,132157.0
6617.350389761431,132374.0
6617.529793486624,133389.0
6617.709197211817,130922.0
6617.88860093701,129245.0
6618.068004662203,130245.0
6618.247408387396,130295.0
6618.426812112589,130616.0
6618.606215837782,129829.0
6618.785619562975,129627.0
6618.965023288168,130683.0
6619.144427013361,130634.0
6619.323830738554,130470.0
6619.503234463747,130972.0
6619.68263818894,130434.0
6619.8620419141325,129631.0
6620.0414456393255,129630.0
6620.2208493645185,129196.0
6620.400253089711,128504.0
6620.579656814904,128215.0
6620.759060540097,127295.0
6620.93846426529,128398.0
6621.117867990483,131789.0
6621.297271715676,132025.0
6621.476675440869,129212.0
6621.656079166062,129494.0
6621.835482891255,131250.0
6622.014886616448,130776.0
6622.194290341641,131107.0
6622.373694066834,130114.0
6622.553097792027,127969.0
6622.73250151722,128560.0
6622.911905242413,129278.0
6623.091308967606,129969.0
6623.270712692799,130582.0
6623.450116417992,130232.0
6623.629520143185,128018.0
6623.808923868378,128670.0
6623.988327593571,131564.0
6624.167731318764,130292.0
6624.347135043957,127653.0
6624.52653876915,126772.0
6624.705942494343,127013.0
6624.885346219536,126019.0
6625.064749944729,126569.0
6625.244153669922,127620.0
6625.423557395115,128100.0
6625.602961120308,128150.0
6625.7823648455005,127346.0
6625.9617685706935,127382.0
6626.1411722958865,126497.0
6626.320576021079,125553.0
6626.499979746272,125413.0
6626.679383471465,125858.0
6626.858787196658,126472.0
6627.038190921851,126179.0
6627.217594647044,126356.0
6627.396998372237,127714.0
6627.57640209743,128188.0
6627.755805822623,126355.0
6627.935209547816,125831.0
6628.114613273009,125755.0
6628.294016998202,126262.0
6628.473420723395,125392.0
6628.652824448588,124116.0
6628.832228173781,125109.0
6629.011631898974,126281.0
6629.191035624167,126492.0
6629.37043934936,126793.0
6629.549843074553,126028.0
6629.729246799746,125390.0
6629.908650524939,126192.0
6630.088054250132,125820.0
6630.267457975325,124777.0
6630.446861700519,124698.0
6630.626265425712,126391.0
6630.805669150905,125437.0
6630.985072876098,124334.0
6631.1644766012905,124600.0
6631.3438803264835,124458.0
6631.5232840516765,124058.0
6631.702687776869,124465.0
6631.882091502062,123099.0
6632.061495227255,124531.0
6632.240898952448,121809.0
6632.420302677641,121499.0
6632.599706402834,121997.0
6632.779110128027,123883.0
6632.95851385322,123771.0
6633.137917578413,122268.0
6633.317321303606,122903.0
6633.496725028799,123235.0
6633.676128753992,122410.0
6633.855532479185,123298.0
6634.034936204378,122688.0
6634.214339929571,121874.0
6634.393743654764,122163.0
6634.573147379957,122777.0
6634.75255110515,121624.0
6634.931954830343,121242.0
6635.111358555536,121044.0
6635.290762280729,122154.0
6635.470166005922,120804.0
6635.649569731115,120608.0
6635.828973456308,120441.0
6636.008377181501,122021.0
6636.187780906694,121536.0
6636.367184631887,120396.0
6636.54658835708,120615.0
6636.725992082273,120637.0
6636.9053958074655,118748.0
6637.0847995326585,119017.0
6637.2642032578515,118895.0
6637.443606983044,118264.0
6637.623010708237,118415.0
6637.80241443343,119615.0
6637.981818158623,120101.0
6638.161221883816,118963.0
6638.340625609009,118179.0
6638.520029334202,118867.0
6638.699433059395,119515.0
6638.878836784588,118880.0
6639.058240509781,119001.0
6639.237644234974,119960.0
6639.417047960167,117899.0
6639.59645168536,117583.0
6639.775855410553,116507.0
6639.955259135746,116100.0
6640.134662860939,117892.0
6640.314066586132,117387.0
6640.493470311325,116915.0
6640.672874036518,116228.0
6640.852277761711,117436.0
6641.031681486904,118398.0
6641.211085212097,118227.0
6641.39048893729,116914.0
6641.569892662483,115094.0
6641.749296387676,113863.0
6641.928700112869,114762.0
6642.108103838062,116422.0
6642.287507563255,116602.0
6642.466911288448,115188.0
6642.646315013641,112331.0
6642.8257187388335,111400.0
6643.0051224640265,111204.0
6643.1845261892195,111571.0
6643.363929914412,113369.0
6643.543333639605,113473.0
6643.722737364798,112825.0
6643.902141089991,113682.0
6644.081544815184,113964.0
6644.260948540377,112929.0
6644.44035226557,115117.0
6644.619755990763,114795.0
6644.799159715956,113278.0
6644.978563441149,113997.0
6645.157967166342,114787.0
6645.337370891535,113730.0
6645.516774616728,112175.0
6645.696178341921,113234.0
6645.875582067114,111791.0
6646.054985792307,110817.0
6646.2343895175,112153.0
6646.413793242693,112834.0
6646.593196967886,111686.0
6646.772600693079,110954.0
6646.952004418272,112074.0
6647.131408143465,112047.0
6647.310811868658,111331.0
6647.490215593851,112054.0
6647.669619319044,112680.0
6647.849023044237,112004.0
6648.02842676943,112721.0
6648.207830494623,110753.0
6648.387234219816,109441.0
6648.566637945009,111019.0
6648.7460416702015,110573.0
6648.9254453953945,110263.0
6649.1048491205875,111169.0
6649.28425284578,110661.0
6649.463656570973,110961.0
6649.643060296166,110996.0
6649.822464021359,109235.0
6650.001867746552,109187.0
6650.181271471745,108658.0
6650.360675196938,108631.0
6650.540078922131,109497.0
6650.719482647324,108339.0
6650.898886372517,106948.0
6651.07829009771,107130.0
6651.257693822903,106774.0
6651.437097548096,107184.0
6651.616501273289,106661.0
6651.795904998482,107214.0
6651.975308723675,107041.0
6652.154712448868,106403.0
6652.334116174061,106523.0
6652.513519899254,105664.0
6652.692923624447,106507.0
6652.87232734964,106926.0
6653.051731074833,106616.0
6653.231134800026,106467.0
6653.410538525219,106471.0
6653.589942250412,105668.0
6653.769345975605,106665.0
6653.948749700798,105578.0
6654.128153425991,105623.0
6654.307557151184,106951.0
6654.4869608763765,104992.0
6654.6663646015695,103715.0
6654.8457683267625,104933.0
6655.025172051955,106304.0
6655.204575777148,106411.0
6655.383979502341,105591.0
6655.563383227534,103999.0
6655.742786952727,102624.0
6655.92219067792,102873.0
6656.101594403113,104166.0
6656.280998128306,103576.0
6656.460401853499,103749.0
6656.639805578692,103141.0
6656.819209303885,102246.0
6656.998613029078,102274.0
6657.178016754271,103986.0
6657.357420479464,104381.0
6657.536824204657,101693.0
6657.71622792985,100166.0
6657.895631655043,99915.6
6658.075035380236,99806.3
6658.254439105429,99623.6
6658.433842830622,99393.1
6658.613246555815,97568.4
6658.792650281008,98523.5
6658.972054006201,98512.7
6659.151457731394,97741.7
6659.330861456587,99208.6
6659.51026518178,99808.1
6659.689668906973,99289.9
6659.869072632166,99478.1
6660.048476357359,99168.8
6660.227880082552,99121.0
6660.4072838077445,99817.5
6660.5866875329375,97901.7
6660.7660912581305,98791.0
6660.945494983323,100515.0
6661.124898708516,100379.0
6661.304302433709,99795.8
6661.483706158902,98923.4
6661.663109884095,98231.0
6661.842513609288,96163.0
6662.021917334481,96342.0
6662.201321059674,96466.3
6662.380724784867,95558.5
6662.56012851006,97308.1
6662.739532235253,96684.0
6662.918935960446,95877.3
6663.098339685639,94084.9
6663.277743410832,94642.2
6663.457147136025,96102.7
6663.636550861218,96402.3
6663.815954586411,95057.1
6663.995358311604,93437.8
6664.174762036797,95720.1
6664.35416576199,96792.3
6664.533569487183,96387.8
6664.712973212376,95704.1
6664.892376937569,93945.5
6665.071780662762,93617.1
6665.251184387955,94238.1
6665.430588113148,94965.0
6665.609991838341,94795.7
6665.789395563534,93913.9
6665.968799288727,93248.0
6666.14820301392,93407.9
6666.3276067391125,93643.3
6666.5070104643055,95093.2
6666.6864141894985,93848.9
6666.865817914691,92147.4
6667.045221639884,92926.9
6667.224625365077,91834.0
6667.40402909027,92748.2
6667.583432815463,92784.4
6667.762836540656,92012.7
6667.942240265849,92575.0
6668.121643991042,91746.9
6668.301047716235,91369.6
6668.480451441428,90383.7
6668.659855166621,90205.7
6668.839258891814,90786.2
6669.018662617007,90788.3
6669.1980663422,90300.0
6669.377470067393,87172.0
6669.556873792586,86432.9
6669.736277517779,85542.0
6669.915681242972,84797.6
6670.095084968165,85034.2
6670.274488693358,86056.4
6670.453892418551,86873.2
6670.633296143744,86796.3
6670.812699868937,87955.5
6670.99210359413,87901.3
6671.171507319323,86544.2
6671.350911044516,86802.6
6671.530314769709,87322.6
6671.709718494902,86475.4
6671.889122220095,86547.4
6672.068525945288,87791.8
6672.2479296704805,86822.6
6672.4273333956735,85786.6
6672.6067371208665,84509.8
6672.786140846059,85293.8
6672.965544571252,85242.0
6673.144948296445,85072.7
6673.324352021638,84891.3
6673.503755746831,84437.0
6673.683159472024,84237.1
6673.862563197217,83633.5
6674.04196692241,84337.6
6674.221370647603,84792.8
6674.400774372796,83742.9
6674.580178097989,83742.8
6674.759581823182,83620.5
6674.938985548375,81121.0
6675.118389273568,78721.4
6675.297792998761,77280.1
6675.477196723954,74369.2
6675.656600449147,72275.2
6675.83600417434,68485.3
6676.015407899533,64176.8
6676.194811624726,67181.3
6676.374215349919,63334.1
6676.553619075112,65863.2
6676.733022800305,69912.9
6676.912426525498,72467.0
6677.091830250691,75627.8
6677.271233975884,77466.3
6677.450637701077,77295.8
6677.63004142627,78089.8
6677.809445151463,79097.5
6677.9888488766555,79237.9
6678.1682526018485,78967.4
6678.3476563270415,77760.9
6678.527060052234,78726.4
6678.706463777427,79606.5
6678.88586750262,79537.1
6679.065271227813,78119.3
6679.244674953006,78070.2
6679.424078678199,78893.7
6679.603482403392,78593.5
6679.782886128585,77741.9
6679.962289853778,77259.6
6680.141693578971,77473.9
6680.321097304164,77154.1
6680.500501029357,76944.4
6680.67990475455,76265.3
6680.859308479743,77239.0
6681.038712204936,75977.7
6681.218115930129,75541.9
6681.397519655322,75328.8
6681.576923380515,75181.6
6681.756327105708,74964.5
6681.935730830901,76382.4
6682.115134556094,74796.4
6682.294538281287,73849.7
6682.47394200648,74041.9
6682.653345731673,74446.8
6682.832749456866,75368.5
6683.012153182059,74266.7
6683.191556907252,73809.2
6683.370960632445,74581.0
6683.550364357638,73301.7
6683.729768082831,72684.7
6683.9091718080235,72783.9
6684.0885755332165,73482.1
6684.2679792584095,73643.0
6684.447382983602,73511.6
6684.626786708795,72257.2
6684.806190433988,71733.0
6684.985594159181,71136.5
6685.164997884374,71541.4
6685.344401609567,71586.1
6685.52380533476,71475.1
6685.703209059953,71648.2
6685.882612785146,71145.4
6686.062016510339,70096.5
6686.241420235532,70033.8
6686.420823960725,70330.7
6686.600227685918,70947.6
6686.779631411111,70105.4
6686.959035136304,68227.3
6687.138438861497,68622.6
6687.31784258669,67634.4
6687.497246311883,67462.6
6687.676650037076,68401.8
6687.856053762269,68055.3
6688.035457487462,66952.6
6688.214861212655,67579.0
6688.394264937848,68010.0
6688.573668663041,67738.5
6688.753072388234,67242.3
6688.932476113427,67874.6
6689.11187983862,67334.0
6689.291283563813,65550.4
6689.470687289006,66354.7
6689.650091014199,65885.4
6689.8294947393915,65539.4
6690.0088984645845,65642.6
6690.1883021897775,65962.8
6690.36770591497,65472.1
6690.547109640163,64516.2
6690.726513365356,64082.8
6690.905917090549,64082.6
6691.085320815742,65350.2
6691.264724540935,65628.1
6691.444128266128,65756.5
6691.623531991321,64329.3
6691.802935716514,63051.3
6691.982339441707,62715.2
6692.1617431669,63876.0
6692.341146892093,63108.1
6692.520550617286,63606.0
6692.699954342479,63515.6
6692.879358067672,62900.8
6693.058761792865,62482.6
6693.238165518058,63223.0
6693.417569243251,62366.3
6693.596972968444,61858.5
6693.776376693637,61521.5
6693.95578041883,60765.5
6694.135184144023,60514.5
6694.314587869216,60214.8
6694.493991594409,60474.9
6694.673395319602,60537.4
6694.852799044795,59153.4
6695.032202769988,61200.7
6695.211606495181,60405.6
6695.391010220374,59286.4
6695.5704139455665,58101.3
6695.7498176707595,59521.5
6695.9292213959525,60350.9
6696.108625121145,58904.9
6696.288028846338,58264.7
6696.467432571531,58505.2
6696.646836296724,57026.0
6696.826240021917,56860.4
6697.00564374711,56964.0
6697.185047472303,56078.1
6697.364451197496,55457.8
6697.543854922689,55920.0
6697.723258647882,56399.6
6697.902662373075,56520.0
6698.082066098268,56272.8
6698.261469823461,56369.5
6698.440873548654,55999.2
6698.620277273847,55125.8
6698.79968099904,54496.0
6698.979084724233,55073.6
6699.158488449426,54808.9
6699.337892174619,53453.8
6699.517295899812,53823.0
6699.696699625005,53682.7
6699.876103350198,53574.8
6700.055507075391,52177.3
6700.234910800584,53335.8
6700.414314525777,52913.0
6700.59371825097,51953.7
6700.773121976163,51426.9
6700.952525701356,52153.3
6701.131929426549,52300.2
6701.311333151742,51638.2
6701.4907368769345,52432.4
6701.6701406021275,51264.8
6701.8495443273205,50850.5
6702.028948052513,51003.5
6702.208351777706,50719.7
6702.387755502899,50346.4
6702.567159228092,50301.3
6702.746562953285,49990.2
6702.925966678478,50467.8
6703.105370403671,51023.8
6703.284774128864,50106.4
6703.464177854057,48505.0
6703.64358157925,48158.5
6703.822985304443,47656.8
6704.002389029636,47765.7
6704.181792754829,48637.9
6704.361196480022,48085.2
6704.540600205215,47649.1
6704.720003930408,47710.2
6704.899407655601,47182.8
6705.078811380794,46627.6
6705.258215105987,45919.5
6705.43761883118,46470.9
6705.617022556373,47318.7
6705.796426281566,46328.5
6705.975830006759,46054.9
6706.155233731952,46066.5
6706.334637457145,46297.5
6706.514041182338,44600.4
6706.693444907531,44603.4
6706.872848632724,44979.0
6707.052252357917,45228.1
6707.23165608311,44147.6
6707.4110598083025,44066.4
6707.5904635334955,43515.1
6707.7698672586885,43317.2
6707.949270983881,43141.3
6708.128674709074,43810.8
6708.308078434267,42599.3
6708.48748215946,42863.2
6708.666885884653,42524.2
6708.846289609846,42573.2
6709.025693335039,41982.3
6709.205097060232,42500.1
6709.384500785425,42845.9
6709.563904510618,41253.6
6709.743308235811,41775.3
6709.922711961004,42127.4
6710.102115686197,41293.5
6710.28151941139,40602.9
6710.460923136583,41137.8
6710.640326861776,40263.3
6710.819730586969,40332.0
6710.999134312162,40605.0
6711.178538037355,39928.3
6711.357941762548,40131.4
6711.537345487741,39779.0
6711.716749212934,39444.2
6711.896152938127,39855.6
6712.07555666332,39039.7
6712.254960388513,39287.5
6712.434364113706,39116.8
6712.613767838899,39468.2
6712.793171564092,38572.8
6712.972575289285,38561.6
6713.151979014478,38885.0
6713.3313827396705,37775.2
6713.5107864648635,37543.7
6713.6901901900565,37170.9
6713.869593915249,36563.0
6714.048997640442,36636.8
6714.228401365635,37107.0
6714.407805090828,36833.2
6714.587208816021,36120.7
6714.766612541214,35312.3
6714.946016266407,34225.8
6715.1254199916,34275.4
6715.304823716793,34316.4
6715.484227441986,34222.2
6715.663631167179,34467.1
6715.843034892372,34626.5
6716.022438617565,34907.9
6716.201842342758,34762.5
6716.381246067951,34163.9
6716.560649793144,34008.3
6716.740053518337,33345.5
6716.91945724353,33293.0
6717.098860968723,33144.1
6717.278264693916,33037.4
6717.457668419109,32395.5
6717.637072144302,32672.6
6717.816475869495,33062.2
6717.995879594688,32566.9
6718.175283319881,31458.3
6718.354687045074,31136.0
6718.534090770267,31255.5
6718.71349449546,31068.3
6718.892898220653,30503.8
6719.0723019458455,31088.8
6719.2517056710385,31195.3
6719.4311093962315,30437.9
6719.610513121424,31222.4
6719.789916846617,30696.7
6719.96932057181,30634.1
6720.148724297003,29577.8
6720.328128022196,29286.8
6720.507531747389,29578.0
6720.686935472582,28150.6
6720.866339197775,27756.4
6721.045742922968,28290.8
6721.225146648161,28259.1
6721.404550373354,28342.0
6721.583954098547,28407.7
6721.76335782374,27783.8
6721.942761548933,27443.5
6722.122165274126,27440.4
6722.301568999319,27681.1
6722.480972724512,27676.3
6722.660376449705,27514.7
6722.839780174898,27469.3
6723.019183900091,27411.9
6723.198587625284,27338.2
6723.377991350477,27055.9
6723.55739507567,26350.9
6723.736798800863,26973.2
6723.916202526056,26912.3
6724.095606251249,26230.2
6724.275009976442,24773.1
6724.454413701635,25321.9
6724.633817426828,25612.6
6724.813221152021,25478.6
6724.9926248772135,25137.5
6725.1720286024065,24847.1
6725.3514323275995,24922.7
6725.530836052792,24439.9
6725.710239777985,24977.8
6725.889643503178,24997.1
6726.069047228371,24734.8
6726.248450953564,24027.0
6726.427854678757,24063.3
6726.60725840395,23815.5
6726.786662129143,23778.8
6726.966065854336,23156.7
6727.145469579529,23875.4
6727.324873304722,23128.7
6727.504277029915,23310.7
6727.683680755108,23293.1
6727.863084480301,23573.5
6728.042488205494,23133.8
6728.221891930687,23025.3
6728.40129565588,21705.7
6728.580699381073,22069.6
6728.760103106266,21556.8
6728.939506831459,21613.8
6729.118910556652,21669.6
6729.298314281845,21656.0
6729.477718007038,21597.0
6729.657121732231,21622.2
6729.836525457424,21336.2
6730.015929182617,20898.5
6730.19533290781,21294.5
6730.374736633003,20534.3
6730.554140358196,20114.0
6730.733544083389,20090.7
6730.9129478085815,20043.1
6731.0923515337745,20220.9
6731.2717552589675,19905.9
6731.45115898416,19699.1
6731.630562709353,19181.6
6731.809966434546,19316.2
6731.989370159739,19593.4
6732.168773884932,18911.3
6732.348177610125,18810.2
6732.527581335318,18270.3
6732.706985060511,18377.4
6732.886388785704,18195.2
6733.065792510897,17783.4
6733.24519623609,18462.2
6733.424599961283,18377.0
6733.604003686476,17976.6
6733.783407411669,17782.9
6733.962811136862,17698.0
6734.142214862055,17522.5
6734.321618587248,15727.5
