7606.1128883049,4236.14
7606.323078260236,3324.92
7606.533268215573,2097.98
7606.743458170909,2209.76
7606.953648126247,3388.04
7607.163838081583,4435.86
7607.37402803692,4510.57
7607.5842179922565,3465.27
7607.794407947594,2637.73
7608.00459790293,3610.57
7608.214787858267,5344.81
7608.424977813604,7123.47
7608.635167768941,6889.88
7608.845357724277,4875.12
7609.0555476796135,2950.99
7609.265737634951,2366.08
7609.475927590287,3620.59
7609.686117545624,5280.34
7609.896307500961,5716.37
7610.106497456298,4074.13
7610.316687411634,3564.39
7610.526877366971,4875.16
7610.737067322308,7294.02
7610.947257277645,10161.4
7611.157447232981,11462.8
7611.367637188318,10297.4
7611.577827143655,7383.65
7611.788017098992,4582.52
7611.998207054328,3604.4
7612.208397009665,4913.96
7612.418586965002,6930.58
7612.628776920338,7374.76
7612.838966875675,6117.43
7613.049156831012,5282.15
7613.259346786349,6260.01
7613.469536741685,9841.73
7613.6797266970225,14085.0
7613.889916652359,17095.1
7614.100106607696,18000.0
7614.310296563032,16394.7
7614.52048651837,12600.8
7614.730676473706,8492.76
7614.940866429042,6574.87
7615.151056384379,7391.03
7615.361246339716,10267.3
7615.571436295053,11610.6
7615.781626250389,10872.1
7615.9918162057265,9816.77
7616.202006161063,11235.1
7616.4121961164,15923.4
7616.622386071736,20107.0
7616.832576027074,22365.1
7617.04276598241,24075.8
7617.252955937747,24852.1
7617.4631458930835,24732.2
7617.673335848421,24831.6
7617.883525803757,25168.2
7618.093715759093,25193.6
7618.303905714431,25491.7
7618.514095669767,26260.3
7618.724285625104,26442.6
7618.93447558044,26117.3
7619.144665535778,25280.7
7619.354855491114,25071.7
7619.565045446451,24534.9
7619.7752354017875,23687.3
7619.985425357125,23349.6
7620.195615312461,21580.0
7620.405805267798,17979.3
7620.615995223135,12840.9
7620.826185178471,8991.03
7621.036375133808,9089.65
7621.2465650891445,12531.0
7621.456755044482,17281.7
7621.666944999818,20894.5
7621.877134955155,22372.2
7622.087324910492,23173.1
7622.297514865829,22628.5
7622.507704821165,20048.9
7622.717894776502,15713.6
7622.928084731839,11133.2
7623.138274687176,7418.62
7623.348464642512,6673.13
7623.5586545978485,9621.68
7623.768844553186,12239.7
7623.979034508522,10700.2
7624.189224463859,7272.49
7624.399414419196,4923.07
7624.609604374533,7707.93
7624.819794329869,12317.4
7625.029984285206,16661.4
7625.240174240543,20536.4
7625.45036419588,22670.2
7625.660554151216,23164.0
7625.8707441065535,23109.1
7626.08093406189,21313.8
7626.291124017227,17961.0
7626.501313972563,13606.9
7626.7115039279,8669.19
7626.921693883237,5301.67
7627.131883838573,8937.1
7627.3420737939105,12761.0
7627.552263749247,8749.69
7627.762453704584,7575.46
7627.97264365992,5506.44
7628.182833615258,4809.05
7628.393023570594,8541.72
7628.603213525931,13361.8
7628.813403481267,17766.2
7629.023593436605,21734.4
7629.233783391941,24102.8
7629.443973347277,24793.0
7629.6541633026145,24958.8
7629.864353257951,24392.6
7630.074543213288,21284.7
7630.284733168624,17051.0
7630.494923123962,12688.8
7630.705113079298,8237.32
7630.915303034635,5462.6
7631.1254929899715,5920.22
7631.335682945309,7922.9
7631.545872900645,8374.04
7631.756062855982,6644.54
7631.966252811319,5455.71
7632.176442766656,5874.02
7632.386632721992,9130.39
7632.596822677328,14175.3
7632.807012632666,19584.9
7633.017202588002,23425.1
7633.227392543339,25220.9
7633.4375824986755,26866.1
7633.647772454013,27423.2
7633.857962409349,26090.4
7634.068152364686,25477.1
7634.278342320023,23201.3
7634.48853227536,19778.2
7634.698722230696,15275.2
7634.908912186033,10127.9
7635.11910214137,6596.64
7635.329292096706,6289.76
7635.539482052043,8411.3
7635.74967200738,9080.22
7635.959861962717,7103.91
7636.170051918053,5844.95
7636.38024187339,6920.45
7636.590431828727,10957.7
7636.800621784064,16564.3
7637.0108117394,21861.2
7637.221001694737,26274.5
7637.431191650074,29200.9
7637.641381605411,30053.8
7637.851571560747,29807.7
7638.061761516084,29613.6
7638.271951471421,28984.4
7638.482141426757,28093.5
7638.692331382094,25950.4
7638.902521337431,22000.7
7639.112711292768,16244.0
7639.322901248104,10236.6
7639.5330912034415,7502.04
7639.743281158778,8129.97
7639.953471114115,10431.7
7640.163661069451,10760.6
7640.373851024789,8617.4
7640.584040980125,7254.43
7640.794230935462,9151.37
7641.004420890798,14381.3
7641.214610846135,21037.7
7641.424800801472,25965.3
7641.634990756808,28813.6
7641.8451807121455,32357.3
7642.055370667482,33256.6
7642.265560622819,33356.9
7642.475750578155,34234.4
7642.685940533493,33596.7
7642.896130488829,32227.6
7643.106320444166,31703.2
7643.3165103995025,29982.1
7643.52670035484,25436.3
7643.736890310176,19511.1
7643.947080265512,13627.0
7644.15727022085,9991.42
7644.367460176186,11008.9
7644.577650131523,13034.7
7644.787840086859,13094.3
7644.998030042197,11520.9
7645.208219997533,10073.0
7645.41840995287,11904.3
7645.6285999082065,18219.4
7645.838789863544,25159.9
7646.04897981888,30071.1
7646.259169774217,33227.6
7646.469359729554,35113.2
7646.67954968489,36336.4
7646.889739640227,36867.4
7647.0999295955635,37090.1
7647.310119550901,37372.9
7647.520309506237,37203.0
7647.730499461574,36524.4
7647.940689416911,35413.6
7648.150879372248,32650.8
7648.361069327584,28994.8
7648.571259282921,23382.1
7648.781449238258,17048.6
7648.991639193595,13708.7
7649.201829148931,14328.1
7649.412019104268,16788.7
7649.622209059605,17713.0
7649.832399014941,15894.1
7650.042588970278,14548.6
7650.252778925615,16780.1
7650.462968880952,21867.4
7650.673158836288,29146.6
7650.883348791625,35275.1
7651.093538746962,38221.3
7651.303728702299,39725.2
7651.513918657635,40318.1
7651.7241086129725,40770.4
7651.934298568309,40954.1
7652.144488523646,40839.0
7652.354678478982,41506.5
7652.564868434319,40890.7
7652.775058389656,41047.7
7652.985248344992,40106.5
7653.195438300329,39184.7
7653.405628255666,35429.0
7653.615818211003,29917.5
7653.826008166339,24196.2
7654.0361981216765,19939.2
7654.246388077013,20085.6
7654.45657803235,22386.8
7654.666767987686,22077.6
7654.876957943024,21164.9
7655.08714789836,19950.1
7655.297337853697,21272.4
7655.5075278090335,26869.4
7655.71771776437,33516.7
7655.927907719707,38727.9
7656.138097675043,42003.3
7656.348287630381,43940.1
7656.558477585717,45069.4
7656.768667541054,45015.6
7656.97885749639,44634.7
7657.189047451728,45076.0
7657.399237407064,44337.3
7657.609427362401,45395.5
7657.8196173177375,45124.1
7658.029807273075,45314.6
7658.239997228411,45108.3
7658.450187183747,43198.8
7658.660377139085,39890.9
7658.870567094421,35741.3
7659.080757049758,30691.9
7659.2909470050945,26101.6
7659.501136960432,26195.8
7659.711326915768,28241.2
7659.921516871105,28460.1
7660.131706826442,27048.2
7660.341896781779,26444.7
7660.552086737115,27089.7
7660.762276692452,31431.9
7660.972466647789,37685.8
7661.182656603125,42572.6
7661.392846558462,45804.6
7661.6030365137985,46977.4
7661.813226469136,47288.4
7662.023416424472,47773.9
7662.233606379809,47631.2
7662.443796335146,47489.9
7662.653986290483,47830.3
7662.864176245819,48123.8
7663.074366201156,48146.2
7663.284556156493,47935.3
7663.49474611183,47931.5
7663.704936067166,47848.9
7663.9151260225035,46580.8
7664.12531597784,43725.3
7664.335505933176,39428.3
7664.545695888513,34912.0
7664.75588584385,31498.5
7664.966075799187,31472.2
7665.176265754523,32917.8
7665.3864557098605,33811.1
7665.596645665197,34489.8
7665.806835620534,33163.0
7666.01702557587,32808.4
7666.227215531208,36469.3
7666.437405486544,41424.1
7666.647595441881,45829.2
7666.857785397217,48297.0
7667.067975352554,49939.7
7667.278165307891,49765.7
7667.488355263227,49788.7
7667.6985452185645,50127.1
7667.908735173901,50227.9
7668.118925129238,50229.5
7668.329115084574,50062.9
7668.539305039912,50923.2
7668.749494995248,51121.6
7668.959684950585,49740.7
7669.1698749059215,50264.4
7669.380064861259,51035.7
7669.590254816595,50211.4
7669.800444771932,49090.5
7670.010634727269,46212.1
7670.220824682605,42545.0
7670.431014637942,39407.5
7670.641204593278,39306.7
7670.851394548616,39717.1
7671.061584503952,39930.4
7671.271774459289,40054.9
7671.4819644146255,38966.7
7671.692154369963,38408.0
7671.902344325299,39924.2
7672.112534280636,43051.8
7672.322724235973,46900.8
7672.53291419131,50514.0
7672.743104146646,51481.5
7672.9532941019825,51691.6
7673.16348405732,52359.9
7673.373674012656,52547.5
7673.583863967993,52583.3
7673.79405392333,52018.5
7674.004243878667,51720.2
7674.214433834003,51819.2
7674.42462378934,51443.9
7674.634813744677,52049.3
7674.845003700014,52354.5
7675.05519365535,52823.7
7675.265383610687,52188.7
7675.475573566024,52972.4
7675.68576352136,52003.1
7675.895953476697,50175.1
7676.106143432034,47325.0
7676.316333387371,45027.2
7676.526523342707,44299.5
7676.736713298044,44308.1
7676.946903253381,44201.5
7677.157093208718,44124.3
7677.367283164054,44756.4
7677.5774731193915,44630.6
7677.787663074728,44428.6
7677.997853030065,47496.4
7678.208042985401,49569.3
7678.418232940739,52580.9
7678.628422896075,54074.1
7678.838612851411,54394.0
7679.048802806748,54174.5
7679.258992762085,54782.7
7679.469182717422,55218.9
7679.679372672758,54172.7
7679.8895626280955,53614.5
7680.099752583432,54167.9
7680.309942538769,53772.1
7680.520132494105,53042.0
7680.730322449443,53782.7
7680.940512404779,54484.1
7681.150702360116,54453.6
7681.3608923154525,54112.0
7681.571082270789,55014.4
7681.781272226126,55968.0
7681.991462181462,54608.9
7682.2016521368,52716.0
7682.411842092136,50720.3
7682.622032047473,48779.7
7682.832222002809,48556.2
7683.042411958147,49336.1
7683.252601913483,49350.4
7683.46279186882,49012.3
7683.6729818241565,49176.8
7683.883171779494,48295.4
7684.09336173483,49274.9
7684.303551690167,49923.2
7684.513741645504,53611.7
7684.72393160084,55348.8
7684.934121556177,55331.4
7685.1443115115135,55128.2
7685.354501466851,54886.1
7685.564691422187,55516.1
7685.774881377524,55895.4
7685.985071332861,55139.0
7686.195261288198,55514.3
7686.405451243534,56524.6
7686.615641198871,55671.5
7686.825831154208,55471.2
7687.036021109545,55837.6
7687.246211064881,55182.7
7687.4564010202175,54786.8
7687.666590975555,55350.9
7687.876780930891,55781.7
7688.086970886228,56893.7
7688.297160841565,56528.3
7688.507350796902,54937.3
7688.717540752238,53758.8
7688.927730707575,53261.4
7689.137920662912,53156.4
7689.348110618249,52954.7
7689.558300573585,52619.9
7689.7684905289225,52189.6
7689.978680484259,51906.1
7690.188870439595,51534.8
7690.399060394932,52131.0
7690.609250350269,53625.5
7690.819440305606,54422.0
7691.029630260942,54258.3
7691.239820216279,54963.9
7691.450010171616,56263.4
7691.660200126953,56758.0
7691.870390082289,56672.8
7692.0805800376265,57268.2
7692.290769992963,57420.8
7692.5009599483,56471.3
7692.711149903636,56480.0
7692.921339858974,57644.7
7693.13152981431,57879.2
7693.341719769646,57103.2
7693.5519097249835,57362.0
7693.76209968032,57145.2
7693.972289635657,57128.4
7694.182479590993,56695.1
7694.392669546331,56856.8
7694.602859501667,57364.5
7694.813049457004,58078.9
7695.02323941234,57489.2
7695.233429367678,56137.7
7695.443619323014,55743.3
7695.653809278351,55614.9
7695.8639992336875,55630.6
7696.074189189024,56215.6
7696.284379144361,55730.1
7696.494569099697,55012.7
7696.704759055035,55382.3
7696.914949010371,54580.3
7697.125138965708,54858.3
7697.3353289210445,55919.6
7697.545518876382,58101.0
7697.755708831718,56554.9
7697.965898787055,56251.8
7698.176088742392,55609.2
7698.386278697729,54604.9
7698.596468653065,54650.9
7698.806658608402,54152.9
7699.016848563739,54805.5
7699.227038519075,54622.7
7699.437228474412,55683.2
7699.6474184297485,58073.4
7699.857608385086,57661.3
7700.067798340422,57015.7
7700.277988295759,57071.5
7700.488178251096,56933.8
7700.698368206433,58010.5
7700.908558161769,59156.0
7701.118748117106,58826.4
7701.328938072443,57547.4
7701.53912802778,57367.6
7701.749317983116,58054.8
7701.959507938453,57379.6
7702.16969789379,56804.7
7702.379887849126,58073.6
7702.590077804463,57598.1
7702.8002677598,56433.8
7703.010457715137,56383.9
7703.220647670473,57037.4
7703.43083762581,56921.0
7703.641027581147,56892.6
7703.851217536484,57842.8
7704.06140749182,57919.3
7704.271597447158,58069.5
7704.481787402494,58452.8
7704.69197735783,57845.7
7704.902167313167,58391.2
7705.112357268504,57928.9
7705.322547223841,58641.0
7705.532737179177,58423.7
7705.7429271345145,58416.1
7705.953117089851,58886.7
7706.163307045188,58035.9
7706.373497000524,59093.8
7706.583686955862,59195.4
7706.793876911198,58035.4
7707.004066866535,58860.8
7707.2142568218715,60286.4
7707.424446777209,60648.0
7707.634636732545,60146.9
7707.844826687881,60099.4
7708.055016643219,61093.0
7708.265206598555,60539.1
7708.475396553892,59097.1
7708.685586509228,59791.3
7708.895776464566,60290.0
7709.105966419902,59165.2
7709.316156375239,57588.1
7709.5263463305755,57657.6
7709.736536285913,57914.2
7709.946726241249,57681.8
7710.156916196586,57545.2
7710.367106151923,58205.7
7710.577296107259,57742.8
7710.787486062596,58874.7
7710.9976760179325,59487.0
7711.20786597327,59981.8
7711.418055928606,59154.7
7711.628245883943,58831.0
7711.83843583928,58983.9
7712.048625794617,58858.3
7712.258815749953,59127.2
7712.46900570529,59430.9
7712.679195660627,59579.0
7712.889385615964,59457.7
7713.0995755713,59561.4
7713.309765526637,60070.8
7713.519955481974,59529.0
7713.73014543731,59424.8
7713.940335392647,60364.3
7714.150525347984,60130.1
7714.360715303321,60801.9
7714.570905258657,61509.6
7714.781095213994,60603.8
7714.991285169331,59091.5
7715.201475124668,59400.8
7715.411665080004,59569.0
7715.6218550353415,60141.9
7715.832044990678,60477.9
7716.042234946015,60414.5
7716.252424901351,59833.3
7716.462614856688,59616.3
7716.672804812025,59616.1
7716.882994767361,60024.9
7717.093184722698,60280.5
7717.303374678035,58876.9
7717.513564633372,57905.0
7717.723754588708,58183.9
7717.9339445440455,58251.3
7718.144134499382,58261.4
7718.354324454719,58395.8
7718.564514410055,58439.8
7718.774704365393,58487.4
7718.984894320729,59192.5
7719.195084276065,59524.1
7719.4052742314025,58846.5
7719.615464186739,58182.1
7719.825654142076,57976.7
7720.035844097412,57749.8
7720.24603405275,55920.3
7720.456224008086,57308.9
7720.666413963423,57873.0
7720.876603918759,57664.7
7721.086793874097,57922.3
7721.296983829433,56939.8
7721.50717378477,57734.3
7721.7173637401065,57482.0
7721.927553695444,56555.5
7722.13774365078,57050.6
7722.347933606116,58105.8
7722.558123561454,58319.1
7722.76831351679,58358.7
7722.978503472127,58050.9
7723.1886934274635,57590.6
7723.398883382801,56928.9
7723.609073338137,57201.1
7723.819263293474,58923.0
7724.029453248811,59311.1
7724.239643204148,58907.7
7724.449833159484,58596.7
7724.660023114821,57125.2
7724.870213070158,56975.0
7725.080403025494,58144.7
7725.290592980831,58938.4
7725.5007829361675,59636.2
7725.710972891505,59591.9
7725.921162846841,57343.3
7726.131352802178,58410.9
7726.341542757515,58347.6
7726.551732712852,58021.3
7726.761922668188,58735.4
7726.972112623525,57807.2
7727.182302578862,58573.9
7727.392492534199,59080.1
7727.602682489535,57594.3
7727.8128724448725,58537.4
7728.023062400209,58793.1
7728.233252355545,57998.9
7728.443442310882,57471.0
7728.653632266219,57562.5
7728.863822221556,57468.9
7729.074012176892,58153.7
7729.284202132229,58470.0
7729.494392087566,58201.3
7729.704582042903,58956.0
7729.914771998239,58187.6
7730.1249619535765,57621.9
7730.335151908913,58080.1
7730.54534186425,58398.7
7730.755531819586,57420.0
7730.965721774923,56688.1
7731.17591173026,57706.2
7731.386101685596,57189.1
7731.5962916409335,56226.3
7731.80648159627,56894.3
7732.016671551607,57891.1
7732.226861506943,58508.8
7732.437051462281,58310.5
7732.647241417617,57955.4
7732.857431372954,56912.2
7733.06762132829,57307.0
7733.277811283628,57850.5
7733.488001238964,56923.3
7733.6981911943,57726.3
7733.9083811496375,58022.7
7734.118571104974,57910.4
7734.328761060311,57354.5
7734.538951015647,57845.8
7734.749140970985,57262.6
7734.959330926321,56516.7
7735.169520881658,57046.2
7735.3797108369945,57613.5
7735.589900792332,58410.7
7735.800090747668,56922.7
7736.010280703005,56175.6
7736.220470658342,55534.7
7736.430660613679,56647.4
7736.640850569015,56591.8
7736.851040524351,56233.9
7737.061230479689,57437.5
7737.271420435025,58096.2
7737.481610390362,57463.5
7737.6918003456985,56417.3
7737.901990301036,56234.8
7738.112180256372,56129.2
7738.322370211709,56871.2
7738.532560167046,56956.6
7738.742750122383,56785.1
7738.952940077719,57112.2
7739.163130033056,56965.3
7739.373319988393,56542.6
7739.583509943729,56049.9
7739.793699899066,56789.0
7740.003889854403,57044.0
7740.21407980974,56555.9
7740.424269765076,55977.6
7740.634459720413,55872.2
7740.84464967575,55976.0
7741.054839631087,56535.1
7741.265029586423,56893.7
7741.47521954176,56080.2
7741.685409497097,55758.0
7741.895599452434,55767.9
7742.10578940777,55708.1
7742.3159793631075,56033.4
7742.526169318444,56419.4
7742.73635927378,56196.8
7742.946549229117,56837.7
7743.156739184454,56124.7
7743.366929139791,56013.1
7743.577119095127,56789.4
7743.7873090504645,55629.0
7743.997499005801,55250.4
7744.207688961138,54855.8
7744.417878916474,54864.9
7744.628068871812,55936.3
7744.838258827148,54745.5
7745.048448782485,55134.9
7745.2586387378215,54154.4
7745.468828693158,55670.1
7745.679018648495,56295.2
7745.889208603831,55523.9
7746.099398559169,54842.7
7746.309588514505,55357.8
7746.519778469842,55291.9
7746.729968425178,54574.8
7746.940158380516,54591.3
7747.150348335852,54970.2
7747.360538291189,54857.4
7747.5707282465255,54511.3
7747.780918201863,54899.7
7747.991108157199,55804.7
7748.201298112535,54437.1
7748.411488067873,53762.7
7748.621678023209,53482.5
7748.831867978546,54476.0
7749.0420579338825,54540.9
7749.25224788922,53764.7
7749.462437844556,53761.1
7749.672627799893,54562.4
7749.88281775523,54688.3
7750.093007710567,54446.4
7750.303197665903,52841.7
7750.51338762124,52939.0
7750.723577576577,55379.9
7750.933767531914,54794.4
7751.14395748725,54009.5
7751.3541474425865,53940.1
7751.564337397924,54107.8
7751.77452735326,54631.7
7751.984717308597,55236.4
7752.194907263934,54840.9
7752.405097219271,54648.8
7752.615287174607,53890.6
7752.825477129944,54678.1
7753.035667085281,54307.1
7753.245857040618,54254.3
7753.456046995954,53388.2
7753.6662369512915,53906.8
7753.876426906628,54883.8
7754.086616861964,53549.8
7754.296806817301,53955.1
7754.506996772638,54114.5
7754.717186727975,54571.8
7754.927376683311,54014.4
7755.137566638648,52972.2
7755.347756593985,53807.9
7755.557946549322,53672.0
7755.768136504658,53196.8
7755.9783264599955,52618.4
7756.188516415332,53075.6
7756.398706370669,52975.3
7756.608896326005,52962.5
7756.819086281343,52634.0
7757.029276236679,53642.7
7757.239466192015,53009.0
7757.4496561473525,51917.7
7757.659846102689,51982.4
7757.870036058026,52463.1
7758.080226013362,53082.8
7758.2904159687,53097.7
7758.500605924036,53069.3
7758.710795879373,52693.6
7758.920985834709,52411.6
7759.131175790047,52296.1
7759.341365745383,52712.7
7759.55155570072,53171.9
7759.7617456560565,53288.9
7759.971935611393,52837.8
7760.18212556673,52365.2
7760.392315522066,51397.3
7760.602505477404,51662.8
7760.81269543274,51259.3
7761.022885388077,51452.3
7761.2330753434135,52094.2
7761.443265298751,52454.0
7761.653455254087,52140.6
7761.863645209424,50947.4
7762.073835164761,51871.6
7762.284025120098,52570.2
7762.494215075434,51678.1
7762.70440503077,51210.2
7762.914594986108,51297.2
7763.124784941444,51805.2
7763.334974896781,51641.2
7763.5451648521175,50944.7
7763.755354807455,50869.7
7763.965544762791,49679.1
7764.175734718128,49784.1
7764.385924673465,50310.1
7764.596114628802,50642.8
7764.806304584138,50777.5
7765.016494539475,50825.6
7765.226684494812,51431.3
7765.436874450149,51276.1
7765.647064405485,50791.6
7765.857254360822,51509.3
7766.067444316159,51313.2
7766.277634271495,50617.7
7766.487824226832,50712.6
7766.698014182169,50991.3
7766.908204137506,51284.1
7767.118394092842,51426.1
7767.328584048179,51221.7
7767.538774003516,49724.0
7767.748963958853,50914.3
7767.959153914189,51025.2
7768.1693438695265,51493.6
7768.379533824863,51446.0
7768.589723780199,51637.2
7768.799913735536,52105.6
7769.010103690873,50772.0
7769.22029364621,49663.2
7769.430483601546,50043.4
7769.6406735568835,49455.3
7769.85086351222,48959.7
7770.061053467557,49317.5
7770.271243422893,49344.3
7770.481433378231,50399.4
7770.691623333567,50667.8
7770.901813288904,49908.4
7771.11200324424,51120.9
7771.322193199578,50340.7
7771.532383154914,50879.6
7771.74257311025,49572.9
7771.9527630655875,48722.6
7772.162953020924,48905.4
7772.373142976261,49185.8
7772.583332931597,49796.4
7772.793522886935,49585.0
7773.003712842271,48477.2
7773.213902797608,49035.2
7773.4240927529445,49565.6
7773.634282708282,49829.9
7773.844472663618,50297.6
7774.054662618955,51000.5
7774.264852574292,50631.9
7774.475042529628,49945.1
7774.685232484965,49483.4
7774.895422440301,49526.1
7775.105612395639,49690.1
7775.315802350975,49475.3
7775.525992306312,49569.9
7775.7361822616485,50111.1
7775.946372216986,50624.3
7776.156562172322,49742.3
7776.366752127659,48782.6
7776.576942082996,49752.0
7776.787132038333,50374.8
7776.997321993669,50316.8
7777.2075119490055,49176.1
7777.417701904343,49018.2
7777.627891859679,49906.8
7777.838081815016,48615.0
7778.048271770353,48328.5
7778.25846172569,47759.6
7778.468651681026,48098.9
7778.678841636363,48961.9
7778.8890315917,48837.0
7779.099221547037,48430.7
7779.309411502373,48669.6
7779.51960145771,48765.0
7779.729791413047,47710.5
7779.939981368384,46931.4
7780.15017132372,46559.4
7780.360361279057,45976.7
7780.570551234394,46946.5
7780.78074118973,47501.4
7780.990931145067,47278.0
7781.201121100404,47314.6
7781.411311055741,47248.0
7781.621501011077,46635.5
7781.8316909664145,47112.1
7782.041880921751,46277.5
7782.252070877088,45590.6
7782.462260832424,45998.1
7782.672450787762,46191.8
7782.882640743098,46053.6
7783.092830698434,46016.9
7783.3030206537715,45920.6
7783.513210609108,46127.3
7783.723400564445,46198.3
7783.933590519781,45811.9
7784.143780475119,45797.7
7784.353970430455,46311.6
7784.564160385792,46066.4
7784.774350341128,45687.6
7784.984540296466,45459.8
7785.194730251802,45219.0
7785.404920207139,45510.6
7785.6151101624755,45076.2
7785.825300117813,45034.9
7786.035490073149,46178.7
7786.245680028485,45304.6
7786.455869983823,45090.5
7786.666059939159,44653.3
7786.876249894496,44381.2
7787.0864398498325,45250.3
7787.29662980517,45234.5
7787.506819760506,45854.7
7787.717009715843,45319.7
7787.92719967118,44178.7
7788.137389626517,44588.5
7788.347579581853,44535.1
7788.55776953719,44846.6
7788.767959492527,43773.7
7788.978149447863,43769.1
7789.1883394032,44677.9
7789.3985293585365,44723.8
7789.608719313874,43899.9
7789.81890926921,44461.7
7790.029099224547,44161.3
7790.239289179884,44024.3
7790.449479135221,44118.6
7790.659669090557,44742.0
7790.869859045894,43189.2
7791.080049001231,43050.3
7791.290238956568,44124.1
7791.500428911904,44066.1
7791.710618867241,43419.8
7791.920808822578,42253.0
7792.130998777914,43391.8
7792.341188733251,43479.8
7792.551378688588,43373.5
7792.761568643925,44066.4
7792.971758599261,43355.0
7793.181948554598,41802.7
7793.392138509935,42520.7
7793.602328465272,42990.5
7793.812518420608,43611.5
7794.0227083759455,43348.2
7794.232898331282,42969.1
7794.443088286618,43545.6
7794.653278241955,42536.8
7794.863468197292,41838.4
7795.073658152629,42652.9
7795.283848107965,42793.1
7795.4940380633025,42805.5
7795.704228018639,42485.7
7795.914417973976,42871.4
7796.124607929312,42523.7
7796.33479788465,42199.9
7796.544987839986,41720.2
7796.755177795323,41876.8
7796.965367750659,41624.2
7797.175557705997,41715.6
7797.385747661333,41553.4
7797.595937616669,42669.8
7797.8061275720065,42723.0
7798.016317527343,41796.1
7798.22650748268,41163.6
7798.436697438016,41769.8
7798.646887393354,41780.7
7798.85707734869,41567.0
7799.067267304027,41463.7
7799.2774572593635,41304.5
7799.487647214701,40745.4
7799.697837170037,41314.4
7799.908027125374,41432.8
7800.118217080711,41991.1
7800.328407036048,40757.5
7800.538596991384,40399.8
7800.74878694672,40452.8
7800.958976902058,40981.3
7801.169166857394,40856.7
7801.379356812731,40834.4
7801.5895467680675,40732.7
7801.799736723405,40234.1
7802.009926678741,39642.2
7802.220116634078,39782.5
7802.430306589415,38954.6
7802.640496544752,39099.7
7802.850686500088,39692.7
7803.060876455425,39113.7
7803.271066410762,39034.3
7803.481256366098,40228.1
7803.691446321435,39792.4
7803.901636276772,39448.9
7804.111826232109,39638.5
7804.322016187445,39132.7
7804.532206142782,39572.4
7804.742396098119,39316.9
7804.952586053456,38217.7
7805.162776008792,37993.1
7805.372965964129,38987.0
7805.583155919466,39116.1
7805.793345874803,38644.5
7806.003535830139,37234.7
7806.213725785476,37840.2
7806.423915740813,38568.4
7806.634105696149,38025.4
7806.844295651486,38129.0
7807.054485606823,38558.5
7807.26467556216,37731.4
7807.474865517496,37915.0
7807.6850554728335,38306.1
7807.89524542817,38863.2
7808.105435383507,38195.8
7808.315625338843,37525.4
7808.525815294181,37155.5
7808.736005249517,37432.6
7808.946195204853,37227.8
7809.15638516019,37043.0
7809.366575115527,37034.3
7809.576765070864,37495.6
7809.7869550262,37804.5
7809.9971449815375,37107.6
7810.207334936874,36771.9
7810.417524892211,37445.2
7810.627714847547,36221.4
7810.837904802885,35778.4
7811.048094758221,36824.0
7811.258284713558,37150.4
7811.4684746688945,36869.0
7811.678664624232,36862.5
7811.888854579568,36223.2
7812.099044534904,36179.7
7812.309234490242,35702.4
7812.519424445578,35860.1
7812.729614400915,36449.7
7812.939804356251,36658.8
7813.149994311589,36526.8
7813.360184266925,36205.0
7813.570374222262,36165.8
7813.7805641775985,36412.1
7813.990754132936,34825.9
7814.200944088272,34904.3
7814.411134043609,34896.2
7814.621323998946,35205.4
7814.831513954283,35622.9
7815.041703909619,35008.4
7815.2518938649555,35247.8
7815.462083820293,35826.6
7815.672273775629,35023.2
7815.882463730966,34407.1
7816.092653686303,34469.7
7816.30284364164,34329.9
7816.513033596976,34930.0
7816.723223552313,34951.5
7816.93341350765,34885.1
7817.143603462987,34814.3
7817.353793418323,35307.4
7817.56398337366,34906.3
7817.774173328997,34406.4
7817.984363284333,34311.0
7818.19455323967,34070.0
7818.404743195007,33766.2
7818.614933150344,33910.9
7818.82512310568,34497.3
7819.035313061017,34030.7
7819.245503016354,33227.1
7819.455692971691,33295.0
7819.665882927027,33960.2
7819.8760728823645,33961.1
7820.086262837701,34571.2
7820.296452793038,33937.3
7820.506642748374,33327.5
7820.716832703711,34008.2
7820.927022659048,34083.1
7821.137212614384,33753.4
7821.347402569721,32947.7
7821.557592525058,32408.0
7821.767782480395,32661.0
7821.977972435731,33218.9
7822.1881623910685,34331.2
7822.398352346405,33434.1
7822.608542301742,32924.5
7822.818732257078,32640.4
7823.028922212416,32797.2
7823.239112167752,32918.0
7823.449302123088,32455.0
7823.6594920784255,32181.8
7823.869682033762,31764.7
7824.079871989099,32230.0
7824.290061944435,32005.4
7824.500251899773,31403.7
7824.710441855109,31253.1
7824.920631810446,31917.3
7825.1308217657825,32135.9
7825.34101172112,32489.6
7825.551201676456,32243.3
7825.761391631793,31136.4
7825.97158158713,30700.4
7826.181771542467,30955.4
7826.391961497803,31615.9
7826.602151453139,31970.6
7826.812341408477,31431.3
7827.022531363813,30571.0
7827.23272131915,31153.5
7827.4429112744865,30454.2
7827.653101229824,30362.4
7827.86329118516,31359.6
7828.073481140497,31386.4
7828.283671095834,31074.4
7828.493861051171,30236.2
7828.704051006507,30209.1
7828.914240961844,30569.4
7829.124430917181,30271.7
7829.334620872518,30492.3
7829.544810827854,30257.9
7829.755000783191,29695.3
7829.965190738528,29231.4
7830.175380693864,28960.6
7830.385570649201,30239.8
7830.595760604538,30080.3
7830.805950559875,30230.4
7831.016140515211,29066.8
7831.226330470548,29147.2
7831.436520425885,29576.7
7831.646710381222,29191.9
7831.856900336558,28812.5
7832.0670902918955,28879.2
7832.277280247232,29454.3
7832.487470202568,28787.7
7832.697660157905,28553.3
7832.907850113242,28269.9
7833.118040068579,28339.2
7833.328230023915,28668.0
7833.5384199792525,28695.9
7833.748609934589,29444.2
7833.958799889926,29699.9
7834.168989845262,28295.3
7834.3791798006,28862.6
7834.589369755936,28983.5
7834.799559711273,28669.8
7835.009749666609,27687.4
7835.219939621946,27976.5
7835.430129577283,28398.3
7835.640319532619,28358.4
7835.8505094879565,27846.4
7836.060699443293,27551.3
7836.27088939863,28206.6
7836.481079353966,28370.5
7836.691269309304,27786.8
7836.90145926464,27930.0
7837.111649219977,27885.1
7837.3218391753135,27366.0
7837.532029130651,27267.5
7837.742219085987,27591.0
7837.952409041323,27813.6
7838.162598996661,27526.7
7838.372788951997,27832.5
7838.582978907334,27127.4
7838.79316886267,26955.4
7839.003358818008,26646.3
7839.213548773344,26583.3
7839.423738728681,26611.2
7839.6339286840175,25639.5
7839.844118639355,25854.1
7840.054308594691,26152.5
7840.264498550028,25876.3
7840.474688505365,25654.1
7840.684878460702,26291.6
7840.895068416038,26151.9
7841.1052583713745,26512.3
7841.315448326712,26053.0
7841.525638282048,25650.4
7841.735828237385,25719.0
7841.946018192722,25257.3
7842.156208148059,25187.0
7842.366398103395,25000.8
7842.576588058732,25644.4
7842.786778014069,25598.5
7842.996967969406,25140.7
7843.207157924742,24819.0
7843.417347880079,24931.4
7843.627537835416,24650.6
7843.837727790753,25551.8
7844.047917746089,25104.0
7844.258107701426,25110.1
7844.468297656763,24476.1
7844.678487612099,24517.3
7844.888677567436,24363.4
7845.098867522773,24147.5
7845.30905747811,24219.3
7845.519247433446,24335.3
7845.7294373887835,23824.2
7845.93962734412,23371.7
7846.149817299457,23588.4
7846.360007254793,23807.7
7846.570197210131,23821.4
7846.780387165467,22992.3
7846.990577120803,23691.0
7847.20076707614,23822.4
7847.410957031477,23430.6
7847.621146986814,22920.4
7847.83133694215,22812.3
7848.0415268974875,23107.3
7848.251716852824,23168.9
7848.461906808161,23353.8
7848.672096763497,23160.8
7848.882286718835,22209.8
7849.092476674171,22903.4
7849.302666629508,23715.7
7849.5128565848445,23205.8
7849.723046540181,22718.6
7849.933236495518,23084.9
7850.143426450854,22702.9
7850.353616406192,22182.4
7850.563806361528,22363.0
7850.773996316865,22356.9
7850.984186272201,22602.8
7851.194376227539,22435.6
7851.404566182875,22239.1
7851.614756138212,22634.5
7851.8249460935485,22561.4
7852.035136048886,22078.8
7852.245326004222,21410.9
7852.455515959558,21567.1
7852.665705914896,22440.9
7852.875895870232,21200.9
7853.086085825569,21360.8
7853.2962757809055,22554.3
7853.506465736243,21979.7
7853.716655691579,21193.8
7853.926845646916,21421.6
7854.137035602253,21902.7
7854.34722555759,21076.1
7854.557415512926,20668.3
7854.767605468263,21296.2
7854.9777954236,20467.6
7855.187985378937,20931.1
7855.398175334273,20185.1
7855.6083652896095,20563.7
7855.818555244947,20657.3
7856.028745200283,20379.6
7856.23893515562,20085.3
7856.449125110957,20438.9
7856.659315066294,20145.3
7856.86950502163,19981.5
7857.079694976967,20242.2
7857.289884932304,20340.8
7857.500074887641,20400.0
7857.710264842977,20514.1
7857.9204547983145,20059.2
7858.130644753651,19536.6
7858.340834708988,19977.4
7858.551024664324,20355.5
7858.761214619661,18876.3
7858.971404574998,19679.6
7859.181594530334,19396.0
7859.391784485671,18702.6
7859.601974441008,19099.9
7859.812164396345,19549.7
7860.022354351681,19200.5
7860.2325443070185,18829.4
7860.442734262355,19073.2
7860.652924217692,18806.8
7860.863114173028,18954.3
7861.073304128366,19171.9
7861.283494083702,19108.9
7861.493684039038,18171.4
7861.7038739943755,18730.3
7861.914063949712,18639.9
7862.124253905049,18070.8
7862.334443860385,18613.4
7862.544633815723,18843.2
7862.754823771059,18833.8
7862.965013726396,18593.1
7863.1752036817325,18383.5
7863.38539363707,17546.0
7863.595583592406,17258.4
7863.805773547743,17520.8
7864.01596350308,17480.2
7864.226153458416,17629.4
7864.436343413753,17755.3
7864.646533369089,17864.2
7864.856723324427,17073.3
7865.066913279763,17063.9
7865.2771032351,17572.6
7865.4872931904365,18099.7
7865.697483145774,17077.5
7865.90767310111,16645.3
7866.117863056447,16852.6
7866.328053011784,16651.6
7866.538242967121,16851.9
7866.748432922457,16632.7
7866.9586228777935,16359.3
7867.168812833131,16425.7
7867.379002788467,16846.5
7867.589192743804,17010.3
7867.799382699141,16393.8
7868.009572654478,16549.9
7868.219762609814,16750.4
7868.429952565151,16671.8
7868.640142520488,15784.0
7868.850332475825,15582.7
7869.060522431161,15981.7
7869.270712386498,16339.0
7869.480902341835,16427.3
7869.691092297172,16309.1
7869.901282252508,15509.8
7870.111472207845,15767.1
7870.321662163182,16062.1
7870.531852118518,15520.7
7870.742042073855,15379.4
7870.952232029192,15249.8
7871.162421984529,15885.8
7871.372611939865,15455.6
7871.5828018952025,15044.8
7871.792991850539,14914.5
7872.003181805876,15626.4
7872.213371761212,15198.2
7872.42356171655,15462.5
7872.633751671886,14944.0
7872.843941627223,15065.2
7873.054131582559,14574.2
7873.264321537896,14414.2
7873.474511493233,15132.5
7873.684701448569,14717.8
7873.8948914039065,14568.1
7874.105081359243,13970.8
7874.31527131458,14304.1
7874.525461269916,14047.0
7874.735651225254,13387.4
7874.94584118059,13587.2
7875.156031135927,13050.3
7875.3662210912635,13366.4
7875.576411046601,13721.4
7875.786601001937,13804.0
7875.996790957273,13596.9
7876.206980912611,12866.1
7876.417170867947,13172.7
7876.627360823284,13453.6
7876.83755077862,12773.2
7877.047740733958,12721.6
7877.257930689294,12859.1
7877.468120644631,13220.0
7877.6783105999675,12872.9
7877.888500555305,12697.8
7878.098690510641,12585.0
7878.308880465978,13071.5
7878.519070421315,13488.2
7878.729260376651,12991.0
7878.939450331988,12399.3
7879.1496402873245,12588.1
7879.359830242662,12997.9
7879.570020197998,12681.2
7879.780210153335,12715.2
7879.990400108672,12581.5
7880.200590064009,12486.3
7880.410780019345,12589.9
7880.620969974682,11953.8
7880.831159930019,12314.2
7881.041349885356,12511.9
7881.251539840692,12395.1
7881.4617297960285,11907.9
7881.671919751366,11776.6
7881.882109706702,11232.8
7882.092299662039,11139.5
7882.302489617376,11804.0
7882.512679572713,11677.6
7882.722869528049,11681.1
7882.933059483386,12099.7
7883.143249438723,11491.4
7883.35343939406,11400.1
7883.563629349396,11479.1
7883.7738193047335,11507.8
7883.98400926007,10970.1
7884.194199215407,11231.6
7884.404389170743,11581.1
7884.61457912608,11434.9
7884.824769081417,10872.1
7885.034959036753,10256.9
7885.24514899209,10130.2
7885.455338947427,10866.8
7885.665528902764,11038.3
7885.8757188581,10903.6
7886.0859088134375,10331.1
7886.296098768774,9873.67
7886.506288724111,9968.0
7886.716478679447,10095.3
7886.926668634785,10319.1
7887.136858590121,10059.0
7887.347048545458,10019.6
7887.5572385007945,9855.45
7887.767428456131,9820.33
7887.977618411468,9505.85
7888.187808366804,10088.2
7888.397998322142,9893.71
7888.608188277478,10128.5
7888.818378232815,9375.7
7889.028568188151,9059.04
7889.238758143489,9959.97
7889.448948098825,9821.51
7889.659138054162,9956.28
7889.8693280094985,9560.74
7890.079517964836,10170.7
7890.289707920172,9915.21
7890.499897875508,9168.3
7890.710087830846,8951.17
7890.920277786182,8994.13
7891.130467741519,8754.04
7891.3406576968555,9318.77
7891.550847652193,9221.97
7891.761037607529,8620.38
7891.971227562866,8858.51
7892.181417518203,8890.63
7892.39160747354,9335.59
7892.601797428876,8457.46
7892.811987384213,8320.33
7893.02217733955,8003.9
7893.232367294886,9020.3
7893.442557250223,8159.18
7893.6527472055595,7328.34
7893.862937160897,7482.54
7894.073127116233,7374.93
7894.28331707157,7214.93
7894.493507026907,6906.0
7894.703696982244,6836.65
