7606.4159897848,2129.74
7606.626925460201,2122.99
7606.837861135602,3371.28
7607.048796811002,3882.87
7607.259732486403,3262.78
7607.470668161804,2436.36
7607.681603837204,2353.42
7607.892539512605,3779.85
7608.103475188005,5375.73
7608.314410863406,5403.14
7608.525346538807,5455.61
7608.736282214208,3080.65
7608.9472178896085,1678.47
7609.158153565009,2754.03
7609.369089240409,3182.99
7609.58002491581,4057.01
7609.790960591211,4179.84
7610.001896266612,2956.18
7610.212831942013,2936.31
7610.4237676174125,4398.94
7610.634703292813,6936.68
7610.845638968214,8852.56
7611.056574643615,8608.61
7611.267510319016,7689.96
7611.478445994416,5273.37
7611.689381669817,3743.2
7611.900317345217,3478.92
7612.111253020618,4338.51
7612.322188696019,5450.91
7612.533124371419,5398.33
7612.74406004682,4616.87
7612.954995722221,4995.06
7613.1659313976215,6357.95
7613.376867073022,9357.35
7613.587802748423,12081.1
7613.798738423823,13494.3
7614.009674099224,13453.0
7614.220609774625,11760.4
7614.431545450026,9085.09
7614.6424811254265,6848.35
7614.853416800826,5913.64
7615.064352476227,7369.7
7615.275288151628,9054.12
7615.486223827029,9654.18
7615.69715950243,8811.54
7615.90809517783,8312.42
7616.1190308532305,10430.3
7616.329966528631,13708.4
7616.540902204032,16999.9
7616.751837879433,18423.5
7616.962773554833,19261.5
7617.173709230234,19784.6
7617.384644905635,20005.4
7617.595580581035,20428.3
7617.806516256436,20725.6
7618.017451931837,20486.6
7618.228387607237,20605.0
7618.439323282638,21148.9
7618.650258958039,21247.1
7618.8611946334395,20518.7
7619.07213030884,20381.4
7619.28306598424,20318.2
7619.494001659641,19775.1
7619.704937335042,19945.5
7619.915873010443,18731.5
7620.126808685844,16847.3
7620.3377443612435,13534.9
7620.548680036644,9816.16
7620.759615712045,7341.17
7620.970551387446,7829.77
7621.181487062847,10726.3
7621.392422738247,13949.4
7621.603358413648,17092.8
7621.814294089048,18611.0
7622.025229764449,19064.9
7622.23616543985,18065.3
7622.447101115251,15792.4
7622.658036790651,12574.7
7622.868972466052,9080.12
7623.0799081414525,6389.21
7623.290843816853,5829.32
7623.501779492254,7778.98
7623.712715167654,8494.71
7623.923650843055,8510.57
7624.134586518456,6318.63
7624.345522193857,5562.13
7624.556457869257,7227.23
7624.767393544657,10056.3
7624.978329220058,13739.8
7625.189264895459,16224.8
7625.40020057086,17900.2
7625.611136246261,18550.2
7625.822071921661,17937.0
7626.033007597061,16950.7
7626.243943272462,14439.5
7626.454878947863,10408.6
7626.665814623264,7210.98
7626.876750298665,5555.97
7627.087685974065,4808.24
7627.2986216494655,6039.59
7627.509557324866,6941.62
7627.720493000267,6788.77
7627.931428675668,5518.03
7628.142364351068,5530.34
7628.353300026469,7965.85
7628.56423570187,11321.4
7628.77517137727,14392.8
7628.986107052671,16978.8
7629.197042728071,18805.9
7629.407978403472,19665.6
7629.618914078873,19952.6
7629.829849754274,18829.5
7630.0407854296745,16589.6
7630.2517211050745,13490.6
7630.462656780475,10199.2
7630.673592455876,7535.48
7630.884528131277,5721.94
7631.095463806678,5920.16
7631.306399482079,6260.92
7631.517335157479,6728.87
7631.728270832879,5860.31
7631.93920650828,5178.95
7632.150142183681,6298.17
7632.361077859082,9165.68
7632.572013534482,13125.4
7632.782949209883,16843.6
7632.9938848852835,19474.1
7633.204820560684,21520.6
7633.415756236085,22009.8
7633.626691911485,21649.2
7633.837627586886,21049.7
7634.048563262287,19824.3
7634.259498937688,18132.9
7634.470434613088,15192.1
7634.681370288488,10880.8
7634.892305963889,7874.07
7635.10324163929,6278.8
7635.314177314691,5888.85
7635.525112990092,6566.43
7635.7360486654925,7350.76
7635.946984340892,6539.07
7636.157920016293,5955.76
7636.368855691694,7344.84
7636.579791367095,10543.1
7636.790727042496,14923.6
7637.001662717896,18568.3
7637.2125983932965,21372.3
7637.423534068697,22861.2
7637.634469744098,23997.7
7637.845405419499,24377.4
7638.056341094899,23771.2
7638.2672767703,22748.6
7638.478212445701,21788.9
7638.689148121101,20013.2
7638.900083796502,16427.5
7639.111019471902,12550.8
7639.321955147303,9660.22
7639.532890822704,7282.03
7639.743826498105,6729.94
7639.9547621735055,7586.41
7640.165697848906,7556.46
7640.376633524306,7335.45
7640.587569199707,8223.63
7640.798504875108,10009.8
7641.009440550509,12962.1
7641.22037622591,17021.4
7641.4313119013095,21474.3
7641.64224757671,24118.3
7641.853183252111,25196.9
7642.064118927512,26779.3
7642.275054602913,27413.7
7642.485990278313,27255.4
7642.696925953714,26925.5
7642.907861629114,26249.1
7643.118797304515,25040.9
7643.329732979916,21879.2
7643.540668655316,18277.7
7643.751604330717,15170.1
7643.962540006118,11362.6
7644.1734756815185,9602.44
7644.384411356919,9417.38
7644.59534703232,10037.7
7644.80628270772,10251.7
7645.017218383121,9738.3
7645.228154058522,9929.76
7645.439089733923,11922.6
7645.6500254093235,16791.9
7645.860961084723,21450.1
7646.071896760124,25420.2
7646.282832435525,27702.8
7646.493768110926,28991.7
7646.704703786327,30466.0
7646.915639461727,30734.1
7647.1265751371275,30257.7
7647.337510812528,29849.9
7647.548446487929,29376.4
7647.75938216333,30046.0
7647.97031783873,28803.0
7648.181253514131,26153.3
7648.392189189532,21647.8
7648.603124864932,17674.5
7648.814060540333,14460.4
7649.024996215734,12968.0
7649.235931891134,12998.3
7649.446867566535,13724.6
7649.657803241936,13991.3
7649.8687389173365,13344.2
7650.079674592737,14355.7
7650.290610268137,16743.8
7650.501545943538,20408.5
7650.712481618939,25810.4
7650.92341729434,29553.2
7651.134352969741,31787.3
7651.3452886451405,32875.2
7651.556224320541,33880.5
7651.767159995942,34069.1
7651.978095671343,33072.5
7652.189031346744,32915.5
7652.399967022144,33180.0
7652.610902697545,34096.6
7652.821838372945,34763.7
7653.032774048346,32898.4
7653.243709723747,29731.4
7653.454645399148,25858.4
7653.665581074548,21480.1
7653.876516749949,18201.0
7654.0874524253495,17454.0
7654.29838810075,17568.3
7654.509323776151,17209.9
7654.720259451551,17771.7
7654.931195126952,18225.6
7655.142130802353,18866.3
7655.353066477754,21810.3
7655.564002153154,26170.6
7655.774937828554,30624.2
7655.985873503955,33550.3
7656.196809179356,35029.2
7656.407744854757,35939.7
7656.618680530158,36352.2
7656.829616205558,36689.5
7657.040551880958,37463.3
7657.251487556359,37757.9
7657.46242323176,37225.7
7657.673358907161,36570.7
7657.884294582562,36783.4
7658.095230257962,37027.5
7658.3061659333625,35784.5
7658.517101608763,33648.2
7658.728037284164,29817.2
7658.938972959565,25958.4
7659.149908634965,23402.8
7659.360844310366,22157.5
7659.571779985767,22825.1
7659.7827156611675,23096.3
7659.993651336568,23151.3
7660.204587011968,23219.8
7660.415522687369,23807.7
7660.62645836277,26193.3
7660.837394038171,30160.8
7661.048329713572,33785.6
7661.259265388972,36538.9
7661.470201064372,38471.9
7661.681136739773,39458.6
7661.892072415174,39991.7
7662.103008090575,39724.6
7662.313943765976,38972.8
7662.524879441376,39703.5
7662.735815116776,39118.7
7662.946750792177,39409.1
7663.157686467578,40325.6
7663.368622142979,40219.2
7663.579557818379,39804.4
7663.79049349378,39200.5
7664.0014291691805,36521.9
7664.212364844581,32990.7
7664.423300519982,30113.5
7664.634236195382,27116.7
7664.845171870783,24652.4
7665.056107546184,23555.8
7665.267043221585,24996.3
7665.477978896985,27348.6
7665.688914572386,27950.8
7665.899850247786,29141.0
7666.110785923187,30955.4
7666.321721598588,33595.1
7666.532657273989,36392.2
7666.7435929493895,39134.9
7666.954528624789,41083.7
7667.16546430019,41442.2
7667.376399975591,41404.9
7667.587335650992,41793.9
7667.798271326393,41892.7
7668.009207001793,41209.7
7668.2201426771935,41468.8
7668.431078352594,41835.5
7668.642014027995,42067.4
7668.852949703396,42371.6
7669.063885378796,42020.6
7669.274821054197,41389.4
7669.485756729598,41051.8
7669.696692404998,40042.7
7669.907628080399,37942.6
7670.1185637558,35278.3
7670.3294994312,33263.6
7670.540435106601,33050.3
7670.751370782002,32179.5
7670.9623064574025,31741.1
7671.173242132803,32425.1
7671.384177808203,33237.7
7671.595113483604,33213.9
7671.806049159005,34068.2
7672.016984834406,36588.1
7672.227920509807,39207.5
7672.4388561852065,41830.1
7672.649791860607,43515.5
7672.860727536008,43755.0
7673.071663211409,43567.7
7673.28259888681,42842.2
7673.49353456221,43480.6
7673.704470237611,44222.6
7673.915405913011,44621.8
7674.126341588412,43688.5
7674.337277263813,43337.4
7674.548212939214,43438.0
7674.759148614614,43430.5
7674.970084290015,43000.8
7675.1810199654155,43348.0
7675.391955640816,43900.9
7675.602891316217,42837.7
7675.813826991617,41011.9
7676.024762667018,39788.0
7676.235698342419,38687.8
7676.44663401782,37913.7
7676.6575696932205,37641.3
7676.86850536862,37096.7
7677.079441044021,36893.9
7677.290376719422,37360.3
7677.501312394823,37580.2
7677.712248070224,38095.0
7677.923183745624,39037.5
7678.1341194210245,40596.6
7678.345055096425,43130.7
7678.555990771826,45295.0
7678.766926447227,46132.0
7678.977862122628,46145.8
7679.188797798028,45493.8
7679.399733473429,44900.3
7679.610669148829,45156.3
7679.82160482423,45520.5
7680.032540499631,44051.3
7680.243476175031,44116.3
7680.454411850432,45432.8
7680.665347525833,45151.8
7680.8762832012335,45455.0
7681.087218876634,45168.0
7681.298154552034,45886.8
7681.509090227435,46654.3
7681.720025902836,45419.9
7681.930961578237,43963.8
7682.141897253638,42886.2
7682.3528329290375,41636.7
7682.563768604438,41222.5
7682.774704279839,41561.8
7682.98563995524,40807.3
7683.196575630641,40240.8
7683.407511306042,41574.4
7683.618446981442,41624.7
7683.829382656842,42293.1
7684.040318332243,42840.9
7684.251254007644,43922.0
7684.462189683045,45348.1
7684.673125358445,46030.6
7684.884061033846,46498.9
7685.0949967092465,46473.3
7685.305932384647,46458.7
7685.516868060048,47380.9
7685.727803735448,47344.6
7685.938739410849,46773.2
7686.14967508625,46931.3
7686.360610761651,47166.0
7686.571546437051,47345.1
7686.782482112451,46939.2
7686.993417787852,47258.5
7687.204353463253,46950.5
7687.415289138654,47458.5
7687.626224814055,47449.4
7687.8371604894555,46511.6
7688.048096164855,46324.5
7688.259031840256,46711.0
7688.469967515657,45737.5
7688.680903191058,44347.2
7688.891838866459,44269.9
7689.102774541859,44573.4
7689.3137102172595,44490.8
7689.52464589266,43707.9
7689.735581568061,43904.9
7689.946517243462,43937.9
7690.157452918862,45054.2
7690.368388594263,46280.8
7690.579324269664,46041.6
7690.7902599450645,47141.4
7691.001195620465,47774.3
7691.212131295865,47991.6
7691.423066971266,48427.0
7691.634002646667,48233.4
7691.844938322068,48036.0
7692.055873997469,48260.6
7692.266809672869,47901.3
7692.477745348269,47707.5
7692.68868102367,48331.8
7692.899616699071,47983.9
7693.110552374472,47690.6
7693.321488049873,48467.2
7693.532423725273,47613.3
7693.743359400673,47304.8
7693.954295076074,47155.3
7694.165230751475,48171.5
7694.376166426876,48655.4
7694.587102102276,48116.9
7694.798037777677,47770.5
7695.0089734530775,47870.9
7695.219909128478,46906.7
7695.430844803879,47047.7
7695.641780479279,47238.3
7695.85271615468,46778.1
7696.063651830081,46688.2
7696.274587505482,46342.3
7696.485523180882,46812.8
7696.696458856283,46659.4
7696.907394531683,45960.0
7697.118330207084,46472.0
7697.329265882485,46977.8
7697.540201557886,48699.9
7697.7511372332865,49422.0
7697.962072908686,48225.2
7698.173008584087,47549.6
7698.383944259488,47126.4
7698.594879934889,46496.4
7698.80581561029,46674.8
7699.01675128569,47196.8
7699.2276869610905,47145.7
7699.438622636491,47024.1
7699.649558311892,47765.8
7699.860493987293,48586.9
7700.071429662693,48806.7
7700.282365338094,48684.8
7700.493301013495,48120.0
7700.704236688895,48338.2
7700.915172364296,49688.7
7701.126108039697,49903.6
7701.337043715097,48609.6
7701.547979390498,47754.9
7701.758915065899,47255.6
7701.9698507412995,49379.2
7702.1807864167,48627.4
7702.3917220921,47329.0
7702.602657767501,47572.3
7702.813593442902,48350.3
7703.024529118303,49039.1
7703.235464793704,48876.5
7703.4464004691035,48705.1
7703.657336144504,48561.0
7703.868271819905,48634.1
7704.079207495306,49257.5
7704.290143170707,49048.6
7704.501078846107,48190.1
7704.712014521508,48419.4
7704.9229501969085,49412.6
7705.133885872309,49683.6
7705.34482154771,49551.1
7705.555757223111,50032.4
7705.766692898511,49484.3
7705.977628573912,50012.6
7706.188564249313,49648.1
7706.399499924713,50332.7
7706.610435600114,51081.5
7706.821371275514,50675.7
7707.032306950915,50399.6
7707.243242626316,50302.4
7707.454178301717,49887.3
7707.6651139771175,50138.7
7707.876049652517,50270.4
7708.086985327918,50141.9
7708.297921003319,50585.1
7708.50885667872,51402.7
7708.719792354121,50610.0
7708.930728029521,49958.8
7709.1416637049215,50843.7
7709.352599380322,50482.7
7709.563535055723,50547.9
7709.774470731124,50617.1
7709.985406406525,50405.0
7710.196342081925,50865.1
7710.407277757326,51342.4
7710.618213432726,51581.6
7710.829149108127,51185.2
7711.040084783528,50908.0
7711.251020458928,50222.7
7711.461956134329,50531.3
7711.67289180973,49453.2
7711.8838274851305,49675.1
7712.094763160531,50410.1
7712.305698835931,50334.0
7712.516634511332,50004.5
7712.727570186733,50205.3
7712.938505862134,49773.7
7713.149441537535,49884.1
7713.3603772129345,50543.9
7713.571312888335,51604.8
7713.782248563736,52407.4
7713.993184239137,52055.8
7714.204119914538,52079.4
7714.415055589939,51630.5
7714.625991265339,51432.6
7714.836926940739,52522.5
7715.04786261614,52881.4
7715.258798291541,51022.2
7715.469733966942,50950.7
7715.680669642342,50281.5
7715.891605317743,50264.2
7716.1025409931435,50469.9
7716.313476668544,50467.1
7716.524412343945,49687.5
7716.735348019345,49836.8
7716.946283694746,48766.2
7717.157219370147,49655.1
7717.368155045548,50771.4
7717.579090720948,51095.8
7717.790026396348,50920.1
7718.000962071749,50115.2
7718.21189774715,50092.9
7718.422833422551,50274.1
7718.633769097952,50161.8
7718.8447047733525,49729.2
7719.0556404487525,49148.0
7719.266576124153,49619.0
7719.477511799554,49690.4
7719.688447474955,49596.5
7719.899383150356,49998.9
7720.110318825756,48793.6
7720.321254501157,48508.2
7720.532190176557,48696.7
7720.743125851958,48971.0
7720.954061527359,48953.4
7721.164997202759,49656.8
7721.37593287816,49125.7
7721.586868553561,49660.1
7721.7978042289615,49778.8
7722.008739904362,49608.8
7722.219675579762,49644.0
7722.430611255163,50236.5
7722.641546930564,49454.2
7722.852482605965,49083.4
7723.063418281366,49412.2
7723.274353956766,49663.0
7723.485289632166,48043.5
7723.696225307567,48210.1
7723.907160982968,48825.9
7724.118096658369,49847.4
7724.32903233377,49390.4
7724.53996800917,48526.4
7724.75090368457,49409.6
7724.961839359971,49731.2
7725.172775035372,48698.7
7725.383710710773,48678.1
7725.594646386173,49007.3
7725.805582061574,48540.6
7726.0165177369745,48258.4
7726.227453412375,49228.5
7726.438389087776,50898.2
7726.649324763176,50752.7
7726.860260438577,50262.5
7727.071196113978,49550.2
7727.282131789379,48933.0
7727.493067464779,49056.5
7727.70400314018,48868.1
7727.91493881558,49550.7
7728.125874490981,49311.5
7728.336810166382,49064.1
7728.547745841783,49189.0
7728.7586815171835,48804.9
7728.969617192583,49748.7
7729.180552867984,49558.2
7729.391488543385,48731.4
7729.602424218786,50163.4
7729.813359894187,50181.7
7730.024295569587,48443.5
7730.2352312449875,48066.7
7730.446166920388,48760.1
7730.657102595789,48794.6
7730.86803827119,48090.5
7731.07897394659,47929.2
7731.289909621991,48181.4
7731.500845297392,48607.8
7731.711780972792,49594.9
7731.922716648193,49720.0
7732.133652323594,49097.0
7732.344587998994,48986.3
7732.555523674395,48543.2
7732.766459349796,48168.4
7732.9773950251965,49363.8
7733.188330700597,49539.5
7733.399266375997,48843.2
7733.610202051398,49152.9
7733.821137726799,49251.7
7734.0320734022,48919.4
7734.243009077601,48189.4
7734.4539447530005,47937.3
7734.664880428401,48007.4
7734.875816103802,47894.0
7735.086751779203,47253.8
7735.297687454604,47356.4
7735.508623130005,48224.9
7735.719558805405,48673.5
7735.9304944808055,48958.9
7736.141430156206,48540.1
7736.352365831607,48810.8
7736.563301507008,48887.8
7736.774237182408,49008.9
7736.985172857809,47752.5
7737.19610853321,47671.2
7737.40704420861,48425.7
7737.617979884011,48858.1
7737.828915559411,48642.9
7738.039851234812,48738.7
7738.250786910213,48339.3
7738.461722585614,48401.9
7738.6726582610145,48874.8
7738.883593936414,49138.1
7739.094529611815,49289.0
7739.305465287216,47965.3
7739.516400962617,48365.1
7739.727336638018,47508.8
7739.938272313419,47787.2
7740.1492079888185,47464.5
7740.360143664219,48322.4
7740.57107933962,48590.4
7740.782015015021,47359.9
7740.992950690422,47642.1
7741.203886365822,48100.0
7741.414822041223,47082.3
7741.625757716623,47189.4
7741.836693392024,47200.3
7742.047629067425,47853.3
7742.258564742825,48122.7
7742.469500418226,47378.3
7742.680436093627,46824.7
7742.8913717690275,46910.2
7743.102307444428,47513.2
7743.313243119828,48055.5
7743.524178795229,47165.9
7743.73511447063,46818.0
7743.946050146031,47433.2
7744.156985821432,47765.1
7744.367921496832,47541.1
7744.578857172232,46773.5
7744.789792847633,45985.9
7745.000728523034,46286.1
7745.211664198435,47566.5
7745.422599873836,47744.6
7745.633535549236,47383.3
7745.844471224636,46802.1
7746.055406900037,46551.7
7746.266342575438,46833.2
7746.477278250839,47305.8
7746.688213926239,48443.3
7746.89914960164,47856.2
7747.1100852770405,47248.2
7747.321020952441,47728.8
7747.531956627842,46873.2
7747.742892303242,46477.5
7747.953827978643,46521.0
7748.164763654044,45929.1
7748.375699329445,46072.9
7748.586635004845,45575.3
7748.797570680246,46619.2
7749.008506355646,46809.5
7749.219442031047,47076.0
7749.430377706448,45990.8
7749.641313381849,45905.1
7749.8522490572495,45216.9
7750.0631847326495,46367.7
7750.27412040805,46789.9
7750.485056083451,45651.8
7750.695991758852,46853.9
7750.906927434253,46374.8
7751.117863109653,44927.4
7751.328798785054,45087.3
7751.539734460454,45668.4
7751.750670135855,46919.1
7751.961605811256,47752.4
7752.172541486656,47219.2
7752.383477162057,45642.1
7752.594412837458,46519.9
7752.8053485128585,46303.2
7753.016284188259,45727.1
7753.22721986366,46271.0
7753.43815553906,45893.6
7753.649091214461,45747.4
7753.860026889862,45714.9
7754.070962565263,44066.1
7754.281898240663,44226.6
7754.492833916063,44965.5
7754.703769591464,46538.7
7754.914705266865,46048.2
7755.125640942266,45336.9
7755.336576617667,45540.9
7755.547512293067,44774.2
7755.758447968467,44991.9
7755.969383643868,45627.9
7756.180319319269,45659.1
7756.39125499467,45648.6
7756.60219067007,45978.7
7756.813126345471,45426.3
7757.0240620208715,45511.3
7757.234997696272,45441.1
7757.445933371673,45548.9
7757.656869047074,46166.5
7757.867804722474,44910.8
7758.078740397875,44982.1
7758.289676073276,45478.8
7758.500611748676,44800.4
7758.711547424077,44478.7
7758.922483099477,44747.7
7759.133418774878,44242.0
7759.344354450279,44411.6
7759.55529012568,43881.9
7759.7662258010805,44280.0
7759.97716147648,44636.0
7760.188097151881,45569.0
7760.399032827282,45415.9
7760.609968502683,44617.0
7760.820904178084,45028.5
7761.031839853484,44653.3
7761.2427755288845,44867.8
7761.453711204285,44180.2
7761.664646879686,43695.1
7761.875582555087,44030.6
7762.086518230488,44442.1
7762.297453905888,43545.0
7762.508389581289,43056.3
7762.719325256689,43370.3
7762.93026093209,43521.6
7763.141196607491,44424.3
7763.352132282891,45348.8
7763.563067958292,45011.8
7763.774003633693,44696.4
7763.9849393090935,44346.9
7764.195874984494,43674.2
7764.406810659894,41960.5
7764.617746335295,42141.1
7764.828682010696,42482.5
7765.039617686097,43086.4
7765.250553361498,43674.8
7765.461489036898,44165.0
7765.672424712298,44494.2
7765.883360387699,44266.9
7766.0942960631,44486.3
7766.305231738501,43582.5
7766.516167413902,43109.2
7766.727103089302,43385.1
7766.9380387647025,43163.9
7767.148974440103,42766.8
7767.359910115504,42979.0
7767.570845790905,43328.9
7767.781781466305,44468.0
7767.992717141706,44422.0
7768.203652817107,44528.7
7768.414588492507,44273.3
7768.625524167908,44021.2
7768.836459843308,43622.5
7769.047395518709,43224.5
7769.25833119411,42753.8
7769.469266869511,43305.1
7769.6802025449115,43682.1
7769.891138220311,43514.0
7770.102073895712,43838.1
7770.313009571113,43833.1
7770.523945246514,43511.6
7770.734880921915,43261.1
7770.945816597316,43820.3
7771.1567522727155,43917.8
7771.367687948116,44000.1
7771.578623623517,43435.7
7771.789559298918,43268.4
7772.000494974319,42352.1
7772.211430649719,42045.5
7772.42236632512,42059.8
7772.63330200052,41955.6
7772.844237675921,42501.8
7773.055173351322,42704.1
7773.266109026722,42254.2
7773.477044702123,42677.2
7773.687980377524,42780.8
7773.8989160529245,42576.2
7774.109851728325,42602.3
7774.320787403725,41909.8
7774.531723079126,42575.4
7774.742658754527,42815.4
7774.953594429928,42438.2
7775.164530105329,42297.5
7775.375465780729,41809.1
7775.586401456129,41144.5
7775.79733713153,41743.3
7776.008272806931,41673.6
7776.219208482332,41939.8
7776.430144157733,41998.9
7776.641079833133,41870.3
7776.852015508533,42036.4
7777.062951183934,43409.0
7777.273886859335,42323.2
7777.484822534736,41959.9
7777.695758210136,42421.0
7777.906693885537,42587.0
7778.1176295609375,41882.8
7778.328565236338,41642.5
7778.539500911739,42195.2
7778.750436587139,41598.2
7778.96137226254,41114.8
7779.172307937941,41207.2
7779.383243613342,41467.0
7779.594179288742,41122.3
7779.805114964143,40239.8
7780.016050639543,40570.6
7780.226986314944,40155.7
7780.437921990345,39251.5
7780.648857665746,40254.6
7780.8597933411465,39912.5
7781.0707290165465,39699.0
7781.281664691947,39630.0
7781.492600367348,40029.2
7781.703536042749,40386.6
7781.91447171815,39212.9
7782.12540739355,39076.0
7782.336343068951,39607.7
7782.547278744351,39775.8
7782.758214419752,39917.7
7782.969150095153,39746.0
7783.180085770553,39270.2
7783.391021445954,39071.5
7783.601957121355,39419.0
7783.8128927967555,39342.7
7784.023828472156,38972.8
7784.234764147557,38631.8
7784.445699822957,38172.1
7784.656635498358,37903.0
7784.867571173759,39454.1
7785.07850684916,38794.3
7785.28944252456,39432.7
7785.50037819996,39161.8
7785.711313875361,38313.0
7785.922249550762,38022.1
7786.133185226163,37925.6
7786.344120901564,38160.9
7786.555056576964,38050.4
7786.765992252364,39057.2
7786.976927927765,38449.2
7787.187863603166,38013.6
7787.398799278567,38221.1
7787.609734953967,37815.7
7787.820670629368,38227.7
7788.0316063047685,37971.0
7788.242541980169,37963.7
7788.45347765557,38350.8
7788.664413330971,38335.6
7788.875349006371,37696.4
7789.086284681772,37643.9
7789.297220357173,38595.3
7789.508156032573,38062.9
7789.719091707974,37848.5
7789.930027383374,37951.4
7790.140963058775,38295.9
7790.351898734176,38591.0
7790.562834409577,37291.9
7790.7737700849775,38114.8
7790.984705760377,37765.8
7791.195641435778,36979.6
7791.406577111179,36754.2
7791.61751278658,37260.4
7791.828448461981,37201.4
7792.039384137381,37411.8
7792.2503198127815,36971.4
7792.461255488182,36897.3
7792.672191163583,36680.4
7792.883126838984,37075.9
7793.094062514385,37612.3
7793.304998189785,36611.7
7793.515933865186,37019.0
7793.726869540586,37469.1
7793.937805215987,36724.0
7794.148740891388,36190.5
7794.359676566788,37321.1
7794.570612242189,37322.1
7794.78154791759,36761.6
7794.9924835929905,36827.5
7795.203419268391,37578.0
7795.414354943791,37304.6
7795.625290619192,36579.0
7795.836226294593,37352.4
7796.047161969994,37228.5
7796.258097645395,36426.8
7796.469033320795,36728.4
7796.679968996195,36998.3
7796.890904671596,35954.6
7797.101840346997,35820.0
7797.312776022398,35711.1
7797.523711697799,35761.5
7797.734647373199,35353.4
7797.9455830485995,35255.5
7798.156518724,35480.9
7798.367454399401,36088.2
7798.578390074802,35172.5
7798.789325750202,35432.1
7799.000261425603,36050.4
7799.211197101004,35241.2
7799.422132776404,36240.4
7799.633068451805,36195.4
7799.844004127205,34615.2
7800.054939802606,34327.4
7800.265875478007,35242.3
7800.476811153408,35802.6
7800.6877468288085,36112.8
7800.898682504208,35899.8
7801.109618179609,35255.7
7801.32055385501,34836.1
7801.531489530411,34235.9
7801.742425205812,34229.7
7801.953360881213,34356.4
7802.1642965566125,33677.2
7802.375232232013,33273.3
7802.586167907414,33256.0
7802.797103582815,34447.0
7803.008039258216,34434.5
7803.218974933616,34102.9
7803.429910609017,33430.8
7803.640846284417,33881.3
7803.851781959818,34649.7
7804.062717635219,33814.1
7804.273653310619,33831.9
7804.48458898602,33751.5
7804.695524661421,32980.1
7804.9064603368215,32715.0
7805.117396012222,32599.3
7805.328331687622,32674.9
7805.539267363023,32667.6
7805.750203038424,33528.5
7805.961138713825,33930.2
7806.172074389226,32767.7
7806.383010064626,32894.3
7806.593945740026,33451.8
7806.804881415427,32564.4
7807.015817090828,31896.6
7807.226752766229,32351.9
7807.43768844163,33473.4
7807.64862411703,32770.9
7807.85955979243,32823.1
7808.070495467831,32568.4
7808.281431143232,32032.2
7808.492366818633,31085.5
7808.703302494033,32107.2
7808.914238169434,32227.6
7809.1251738448345,31418.2
7809.336109520235,31315.7
7809.547045195636,32192.9
7809.757980871036,31921.9
7809.968916546437,31415.3
7810.179852221838,31817.3
7810.390787897239,32015.3
7810.6017235726395,31976.7
7810.81265924804,31657.1
7811.02359492344,31477.4
7811.234530598841,31617.1
7811.445466274242,31295.9
7811.656401949643,31513.9
7811.867337625044,32188.2
7812.0782733004435,31122.6
7812.289208975844,31439.6
7812.500144651245,32416.0
7812.711080326646,31453.9
7812.922016002047,30180.3
7813.132951677447,30586.6
7813.343887352848,29962.9
7813.554823028248,29719.3
7813.765758703649,29243.4
7813.97669437905,30496.4
7814.18763005445,31035.2
7814.398565729851,31245.2
7814.609501405252,30508.4
7814.8204370806525,30025.6
7815.031372756053,30335.0
7815.242308431454,30061.5
7815.453244106854,29809.5
7815.664179782255,29766.3
7815.875115457656,29000.3
7816.086051133057,29665.1
7816.296986808457,30389.7
7816.507922483857,30075.3
7816.718858159258,29687.8
7816.929793834659,29580.5
7817.14072951006,29656.6
7817.351665185461,28681.9
7817.562600860861,29077.9
7817.773536536261,29448.2
7817.984472211662,28397.2
7818.195407887063,28581.4
7818.406343562464,29674.6
7818.617279237864,29574.6
7818.828214913265,28636.2
7819.0391505886655,28599.9
7819.250086264066,28460.1
7819.461021939467,28297.3
7819.671957614868,28451.7
7819.882893290268,29084.5
7820.093828965669,29184.8
7820.30476464107,28549.6
7820.51570031647,29086.8
7820.726635991871,28967.4
7820.937571667271,28594.2
7821.148507342672,28684.9
7821.359443018073,28053.5
7821.570378693474,28187.7
7821.7813143688745,29224.3
7821.992250044274,28131.1
7822.203185719675,28752.0
7822.414121395076,28261.9
7822.625057070477,27905.9
7822.835992745878,27571.0
7823.046928421278,27321.1
7823.2578640966785,26853.7
7823.468799772079,27314.9
7823.67973544748,27351.5
7823.890671122881,27130.6
7824.101606798282,28102.4
7824.312542473682,27862.0
7824.523478149083,27032.8
7824.734413824483,27012.1
7824.945349499884,26644.7
7825.156285175285,26591.0
7825.367220850685,26564.0
7825.578156526086,27086.1
7825.789092201487,27836.0
7826.0000278768875,27497.3
7826.210963552288,26966.3
7826.421899227688,27051.5
7826.632834903089,26654.0
7826.84377057849,26805.9
7827.054706253891,26161.9
7827.265641929292,25992.5
7827.476577604692,25608.5
7827.687513280092,25779.6
7827.898448955493,26174.3
7828.109384630894,26157.2
7828.320320306295,25538.1
7828.531255981696,26764.8
7828.742191657096,26186.7
7828.9531273324965,26270.9
7829.164063007897,26251.6
7829.374998683298,25650.1
7829.585934358699,25299.0
7829.796870034099,25204.1
7830.0078057095,25858.4
7830.218741384901,26483.0
7830.429677060301,26140.1
7830.640612735702,24502.8
7830.851548411102,24168.7
7831.062484086503,25090.7
7831.273419761904,24806.1
7831.484355437305,25183.9
7831.6952911127055,25245.5
7831.906226788105,25364.5
7832.117162463506,24347.0
7832.328098138907,24266.2
7832.539033814308,24464.1
7832.749969489709,24480.8
7832.96090516511,24204.4
7833.1718408405095,25156.5
7833.38277651591,24653.6
7833.593712191311,24945.4
7833.804647866712,24690.4
7834.015583542113,23831.1
7834.226519217513,24519.6
7834.437454892914,24361.1
7834.648390568314,23545.8
7834.859326243715,24096.8
7835.070261919116,24247.2
7835.281197594516,23635.5
7835.492133269917,24255.5
7835.703068945318,24500.3
7835.9140046207185,23361.1
7836.124940296119,23922.7
7836.335875971519,23703.5
7836.54681164692,23950.3
7836.757747322321,23736.9
7836.968682997722,23476.4
7837.179618673123,23224.0
7837.390554348523,22734.1
7837.601490023923,24046.5
7837.812425699324,23830.9
7838.023361374725,23709.0
7838.234297050126,23184.1
7838.445232725527,22609.2
7838.656168400927,23034.4
7838.867104076327,22618.5
7839.078039751728,22217.3
7839.288975427129,22548.6
7839.49991110253,22288.3
7839.71084677793,23188.3
7839.921782453331,22379.8
7840.1327181287315,21650.6
7840.343653804132,22817.4
7840.554589479533,22264.0
7840.765525154933,21729.5
7840.976460830334,22119.0
7841.187396505735,21281.5
7841.398332181136,22037.3
7841.6092678565365,21853.8
7841.820203531937,20930.1
7842.031139207337,20960.7
7842.242074882738,21253.6
7842.453010558139,21559.4
7842.66394623354,21390.0
7842.874881908941,21395.7
7843.0858175843405,20958.5
7843.296753259741,21093.9
7843.507688935142,21357.6
7843.718624610543,21876.2
7843.929560285944,21583.7
7844.140495961344,20932.8
7844.351431636745,20674.8
7844.562367312145,20898.0
7844.773302987546,21491.6
7844.984238662947,20876.7
7845.195174338347,20079.5
7845.406110013748,20071.6
7845.617045689149,20563.3
7845.8279813645495,20691.4
7846.03891703995,19662.1
7846.249852715351,19766.6
7846.460788390751,20710.6
7846.671724066152,20533.2
7846.882659741553,20293.9
7847.093595416954,20691.8
7847.304531092354,19443.7
7847.515466767754,19219.2
7847.726402443155,19904.6
7847.937338118556,19958.7
7848.148273793957,19708.8
7848.359209469358,19270.4
7848.570145144758,19469.8
7848.781080820158,19805.4
7848.992016495559,19262.3
7849.20295217096,19671.0
7849.413887846361,19865.9
7849.624823521761,19581.5
7849.835759197162,19308.4
7850.0466948725625,18730.3
7850.257630547963,18758.5
7850.468566223364,19265.4
7850.679501898765,19348.0
7850.890437574165,18902.0
7851.101373249566,18826.4
7851.312308924967,18689.6
7851.523244600367,18077.3
7851.734180275768,18477.7
7851.945115951168,18154.6
7852.156051626569,18524.2
7852.36698730197,18092.5
7852.577922977371,17847.7
7852.7888586527715,18066.6
7852.999794328171,18386.6
7853.210730003572,18315.7
7853.421665678973,18327.3
7853.632601354374,18619.1
7853.843537029775,17666.0
7854.054472705175,17185.8
7854.2654083805755,17320.4
7854.476344055976,17256.0
7854.687279731377,16755.7
7854.898215406778,17334.7
7855.109151082179,18266.8
7855.320086757579,18028.2
7855.53102243298,17179.5
7855.7419581083805,16699.2
7855.952893783781,17075.5
7856.163829459182,17094.2
7856.374765134582,16854.3
7856.585700809983,16786.2
7856.796636485384,17098.1
7857.007572160785,17484.0
7857.218507836185,17517.2
7857.429443511585,16638.7
7857.640379186986,16133.0
7857.851314862387,16017.5
7858.062250537788,16263.9
7858.273186213189,16691.4
7858.484121888589,17265.6
7858.695057563989,16171.2
7858.90599323939,15613.9
7859.116928914791,15631.1
7859.327864590192,16201.6
7859.538800265593,16419.5
7859.749735940993,16650.1
7859.9606716163935,15938.0
7860.171607291794,15836.8
7860.382542967195,15722.1
7860.593478642596,15589.9
7860.804414317996,15992.3
7861.015349993397,15797.2
7861.226285668798,15253.5
7861.437221344198,15847.8
7861.648157019599,15319.0
7861.859092694999,15418.5
7862.0700283704,15586.0
7862.280964045801,15407.3
7862.491899721202,15231.9
7862.7028353966025,15277.3
7862.913771072002,14954.1
7863.124706747403,14767.0
7863.335642422804,14976.0
7863.546578098205,15517.3
7863.757513773606,15184.0
7863.968449449007,15364.5
7864.1793851244065,15860.1
7864.390320799807,14873.5
7864.601256475208,14776.0
7864.812192150609,14395.0
7865.02312782601,13702.4
7865.23406350141,14552.9
7865.444999176811,14224.3
7865.655934852211,14302.4
7865.866870527612,13706.5
7866.077806203013,13874.4
7866.288741878413,14341.5
7866.499677553814,13445.2
7866.710613229215,14054.6
7866.9215489046155,14269.4
7867.132484580016,14208.1
7867.343420255416,14456.0
7867.554355930817,13998.7
7867.765291606218,13497.9
7867.976227281619,13091.9
7868.18716295702,13761.4
7868.39809863242,13328.9
7868.60903430782,13225.0
7868.819969983221,13344.7
7869.030905658622,13889.9
7869.241841334023,13790.7
7869.452777009424,13864.2
7869.663712684824,13241.3
7869.8746483602245,12842.4
7870.085584035625,13109.9
7870.296519711026,13051.9
7870.507455386427,12943.7
7870.718391061827,12788.7
7870.929326737228,13006.9
7871.1402624126285,13176.9
7871.351198088029,13196.8
7871.56213376343,12815.2
7871.77306943883,12820.8
7871.984005114231,12530.1
7872.194940789632,13259.6
7872.405876465033,12583.4
7872.6168121404335,11775.0
7872.827747815834,13242.0
7873.038683491234,12566.6
7873.249619166635,11816.0
7873.460554842036,11880.5
7873.671490517437,12027.2
7873.882426192838,12298.7
7874.0933618682375,12149.3
7874.304297543638,11571.9
7874.515233219039,11918.9
7874.72616889444,11764.5
7874.937104569841,11486.8
7875.148040245242,11072.7
7875.358975920642,11939.3
7875.569911596042,11565.3
7875.780847271443,10970.6
7875.991782946844,11025.7
7876.202718622244,11367.6
7876.413654297645,11584.0
7876.624589973046,10968.8
7876.8355256484465,10429.3
7877.046461323847,11151.5
7877.257396999248,10686.6
7877.468332674648,9961.93
7877.679268350049,10911.5
7877.89020402545,10615.5
7878.101139700851,9846.78
7878.312075376251,10344.0
7878.523011051651,9805.49
7878.733946727052,10393.1
7878.944882402453,10467.1
7879.155818077854,10100.5
7879.366753753255,10620.9
7879.5776894286555,10496.3
7879.788625104055,10256.2
7879.999560779456,9764.79
7880.210496454857,10063.8
7880.421432130258,10419.8
7880.632367805658,9494.81
7880.843303481059,9957.42
7881.0542391564595,9550.99
7881.26517483186,9886.16
7881.476110507261,9649.57
7881.687046182662,9723.98
7881.897981858062,9534.95
7882.108917533463,9912.54
7882.319853208864,9114.72
7882.530788884264,9412.92
7882.741724559665,9649.27
7882.952660235065,9768.63
7883.163595910466,9084.18
7883.374531585867,8718.19
7883.585467261268,9268.47
7883.7964029366685,9246.67
7884.007338612069,9252.95
7884.218274287469,8925.5
7884.42920996287,8948.94
7884.640145638271,7975.41
7884.851081313672,8600.15
7885.062016989072,8332.44
7885.2729526644725,9029.06
7885.483888339873,8889.9
7885.694824015274,8307.68
7885.905759690675,8605.0
7886.116695366076,8087.79
7886.327631041476,8949.51
7886.538566716877,8392.16
7886.7495023922775,9000.04
7886.960438067678,8868.14
7887.171373743079,8589.44
7887.382309418479,7881.92
7887.59324509388,7523.4
7887.804180769281,8067.69
7888.015116444682,8231.53
7888.226052120082,8024.79
7888.436987795483,8233.86
7888.647923470883,8445.16
7888.858859146284,8188.79
7889.069794821685,8156.54
7889.280730497086,7805.02
7889.491666172486,7624.1
7889.702601847886,7216.47
7889.913537523287,8050.52
7890.124473198688,7589.9
7890.335408874089,7182.27
7890.54634454949,6661.49
7890.75728022489,7257.72
7890.9682159002905,7179.98
7891.179151575691,7229.27
7891.390087251092,7052.96
7891.601022926493,7075.76
7891.811958601893,7034.29
7892.022894277294,7074.08
7892.233829952695,7328.97
7892.444765628095,7164.04
7892.655701303496,6953.61
7892.866636978897,7000.71
7893.077572654297,6681.49
7893.288508329698,6799.67
7893.499444005099,6641.49
7893.7103796804995,6806.97
7893.921315355899,7208.6
7894.1322510313,6481.39
7894.343186706701,7160.48
7894.554122382102,7150.97
7894.765058057503,6436.91
7894.975993732904,6587.09
7895.1869294083035,6269.69
7895.397865083704,6594.11
7895.608800759105,6899.44
7895.819736434506,6556.65
7896.030672109907,5747.91
