6488.8841058251,28650.8
6489.0634931025415,27948.6
6489.242880379983,28110.1
6489.4222676574245,29376.2
6489.601654934865,30481.7
6489.781042212307,30740.0
6489.960429489748,30734.9
6490.13981676719,30876.8
6490.319204044631,30387.9
6490.498591322073,28508.5
6490.677978599513,26447.1
6490.857365876955,25641.8
6491.036753154396,27547.8
6491.216140431838,30555.6
6491.395527709279,32133.5
6491.574914986721,32024.3
6491.754302264161,32100.2
6491.933689541603,32832.7
6492.113076819044,31755.0
6492.292464096486,32190.0
6492.471851373927,32029.6
6492.651238651369,30766.7
6492.83062592881,29069.9
6493.010013206251,28473.5
6493.189400483692,30206.9
6493.368787761134,32471.4
6493.548175038575,33589.6
6493.727562316017,34817.4
6493.906949593458,34704.8
6494.086336870899,34646.1
6494.26572414834,34306.9
6494.445111425782,34095.9
6494.624498703223,34826.4
6494.803885980665,35389.5
6494.983273258106,35144.5
6495.162660535548,35128.9
6495.342047812988,35473.8
6495.52143509043,34032.4
6495.700822367871,31849.5
6495.880209645313,30935.0
6496.059596922754,32502.2
6496.238984200196,35458.7
6496.418371477636,37071.8
6496.597758755078,36993.5
6496.777146032519,37366.6
6496.956533309961,37868.2
6497.135920587402,36991.9
6497.315307864844,36244.1
6497.494695142284,34968.9
6497.674082419726,35014.8
6497.853469697167,37140.7
6498.032856974609,38228.3
6498.21224425205,38235.5
6498.391631529492,38749.5
6498.571018806933,39147.8
6498.750406084374,39445.8
6498.929793361815,39560.4
6499.109180639257,39226.5
6499.288567916698,39223.8
6499.46795519414,39471.7
6499.647342471581,39390.3
6499.826729749022,39974.3
6500.0061170264635,40749.7
6500.185504303905,40546.9
6500.3648915813465,41412.2
6500.544278858788,41487.5
6500.723666136229,40865.2
6500.903053413671,41236.6
6501.0824406911115,41456.1
6501.261827968553,40976.4
6501.4412152459945,41462.1
6501.620602523436,41828.4
6501.7999898008775,42846.2
6501.979377078319,42768.9
6502.15876435576,42562.4
6502.338151633201,42560.7
6502.5175389106425,43229.4
6502.696926188084,43953.0
6502.8763134655255,43743.6
6503.055700742967,43293.3
6503.235088020408,43022.7
6503.414475297849,43142.9
6503.593862575291,43725.2
6503.773249852732,43998.6
6503.952637130174,43323.3
6504.132024407615,43445.5
6504.311411685057,44351.5
6504.490798962497,45555.4
6504.670186239939,46602.9
6504.84957351738,46140.8
6505.028960794822,46614.8
6505.208348072263,46332.4
6505.387735349705,47338.2
6505.567122627145,47817.6
6505.746509904587,47912.3
6505.925897182028,48247.1
6506.10528445947,47772.5
6506.284671736911,47671.1
6506.464059014353,48963.2
6506.643446291794,48455.7
6506.822833569235,48175.4
6507.002220846676,49461.5
6507.181608124118,49601.6
6507.360995401559,49223.6
6507.540382679001,48961.6
6507.719769956442,48318.9
6507.899157233883,48012.9
6508.078544511324,48853.3
6508.257931788766,49270.9
6508.437319066207,47769.5
6508.616706343649,46981.2
6508.79609362109,47731.0
6508.975480898531,50589.0
6509.154868175972,51808.1
6509.334255453414,52201.4
6509.513642730855,53264.9
6509.693030008297,53543.7
6509.872417285738,53325.9
6510.05180456318,53757.0
6510.23119184062,54428.4
6510.410579118062,53904.1
6510.589966395503,54328.5
6510.769353672945,54733.3
6510.948740950386,55414.4
6511.128128227828,55908.1
6511.307515505268,55736.7
6511.48690278271,55935.3
6511.666290060151,56067.8
6511.845677337593,54661.1
6512.025064615034,52803.1
6512.204451892476,52761.8
6512.383839169917,54138.9
6512.563226447358,57698.3
6512.742613724799,59061.9
6512.922001002241,59564.9
6513.101388279682,60567.4
6513.280775557124,60272.8
6513.460162834565,60091.6
6513.639550112006,59981.7
6513.8189373894475,60347.8
6513.998324666889,60192.6
6514.17771194433,59469.3
6514.357099221772,56622.6
6514.536486499213,52786.5
6514.715873776654,50589.0
6514.8952610540955,52450.4
6515.074648331537,57349.3
6515.2540356089785,60397.0
6515.43342288642,59886.3
6515.6128101638615,58331.3
6515.792197441303,56863.1
6515.9715847187435,56864.6
6516.150971996185,56153.3
6516.3303592736265,51251.4
6516.509746551068,46662.5
6516.6891338285095,47031.0
6516.868521105951,51494.0
6517.047908383392,56808.6
6517.227295660833,60295.4
6517.406682938275,63349.1
6517.586070215716,64439.9
6517.765457493158,63368.4
6517.944844770599,62406.5
6518.1242320480405,63084.9
6518.303619325481,65113.0
6518.483006602923,65980.4
6518.662393880364,64949.6
6518.841781157806,63998.3
6519.021168435247,63707.5
6519.200555712689,62326.0
6519.379942990129,58495.9
6519.559330267571,58916.2
6519.738717545012,62134.7
6519.918104822454,66196.2
6520.097492099895,67472.0
6520.276879377337,67517.0
6520.456266654777,67443.5
6520.635653932219,67100.5
6520.81504120966,67432.9
6520.994428487102,67209.8
6521.173815764543,68425.9
6521.353203041985,68313.3
6521.532590319426,68191.3
6521.711977596867,68038.3
6521.891364874308,67633.1
6522.07075215175,66406.3
6522.250139429191,66901.1
6522.429526706633,68305.5
6522.608913984074,68932.1
6522.788301261515,70200.5
6522.967688538956,69707.6
6523.147075816398,68407.7
6523.326463093839,67189.5
6523.505850371281,65103.6
6523.685237648722,63079.6
6523.864624926164,62405.3
6524.044012203604,64533.1
6524.223399481046,69015.9
6524.402786758487,71910.7
6524.582174035929,72284.4
6524.76156131337,73097.0
6524.940948590812,73012.6
6525.120335868252,72115.6
6525.299723145694,73789.0
6525.479110423135,73816.4
6525.658497700577,72830.0
6525.837884978018,72733.8
6526.01727225546,73185.8
6526.1966595329,74174.9
6526.376046810342,74699.0
6526.555434087783,74719.7
6526.734821365225,75353.1
6526.914208642666,75295.1
6527.093595920108,75661.5
6527.272983197549,74784.4
6527.45237047499,74912.1
6527.631757752431,75177.7
6527.811145029873,74892.1
6527.990532307314,76281.4
6528.169919584756,78208.1
6528.349306862197,78127.8
6528.528694139638,76808.6
6528.7080814170795,76617.2
6528.887468694521,78133.0
6529.0668559719625,78780.2
6529.246243249404,77314.4
6529.425630526845,78141.0
6529.605017804287,77926.2
6529.7844050817275,77680.0
6529.963792359169,79443.6
6530.1431796366105,78987.5
6530.322566914052,77316.0
6530.5019541914935,76612.1
6530.681341468935,76215.2
6530.860728746376,77968.5
6531.040116023817,79386.2
6531.219503301259,80352.7
6531.3988905787,80716.0
6531.5782778561415,81294.6
6531.757665133583,81753.6
6531.937052411024,79514.0
6532.116439688465,75297.1
6532.295826965907,71896.6
6532.475214243348,72164.2
6532.65460152079,76845.7
6532.833988798231,81105.7
6533.013376075673,82070.1
6533.192763353113,84075.9
6533.372150630555,84235.3
6533.551537907996,82880.1
6533.730925185438,81102.7
6533.910312462879,79481.7
6534.089699740321,77977.7
6534.269087017761,79342.3
6534.448474295203,81918.7
6534.627861572644,83253.4
6534.807248850086,83795.7
6534.986636127527,84111.0
6535.166023404969,84714.0
6535.34541068241,85260.4
6535.524797959851,87633.1
6535.704185237292,88170.7
6535.883572514734,88224.1
6536.062959792175,88675.2
6536.242347069617,88646.3
6536.421734347058,86270.3
6536.601121624499,84944.9
6536.78050890194,85329.9
6536.959896179382,85608.2
6537.139283456823,87277.7
6537.318670734265,89214.5
6537.498058011706,89901.7
6537.677445289147,90229.6
6537.856832566588,90671.8
6538.03621984403,91695.6
6538.215607121471,91824.0
6538.394994398913,91110.8
6538.574381676354,92154.2
6538.753768953796,93002.3
6538.933156231236,92369.8
6539.112543508678,92032.7
6539.291930786119,91786.8
6539.471318063561,91614.9
6539.650705341002,92900.0
6539.830092618444,93501.9
6540.009479895884,92951.0
6540.188867173326,94492.0
6540.368254450767,93859.4
6540.547641728209,93959.1
6540.72702900565,94504.5
6540.906416283092,95465.6
6541.085803560533,96668.7
6541.265190837974,96517.6
6541.444578115415,95944.7
6541.623965392857,96306.8
6541.803352670298,96274.5
6541.98273994774,94540.0
6542.162127225181,91592.9
6542.341514502622,90791.9
6542.5209017800635,91606.5
6542.700289057505,95519.0
6542.879676334946,96905.6
6543.059063612388,97655.8
6543.238450889829,97808.1
6543.41783816727,96517.2
6543.5972254447115,91751.8
6543.776612722153,85054.3
6543.9559999995945,82859.5
6544.135387277036,87324.7
6544.3147745544775,95483.2
6544.494161831919,99892.0
6544.67354910936,101138.0
6544.852936386801,100296.0
6545.0323236642425,100800.0
6545.211710941684,102875.0
6545.3910982191255,102600.0
6545.570485496567,101545.0
6545.749872774008,101468.0
6545.929260051449,102492.0
6546.108647328891,103767.0
6546.288034606332,104543.0
6546.467421883774,105790.0
6546.646809161215,106438.0
6546.826196438657,106534.0
6547.005583716097,108026.0
6547.184970993539,106718.0
6547.36435827098,106016.0
6547.543745548422,102360.0
6547.723132825863,100147.0
6547.902520103305,103197.0
6548.081907380745,107040.0
6548.261294658187,104686.0
6548.440681935628,98663.6
6548.62006921307,96032.8
6548.799456490511,99136.6
6548.978843767953,105769.0
6549.158231045393,110900.0
6549.337618322835,114306.0
6549.517005600276,115342.0
6549.696392877718,114183.0
6549.875780155159,113446.0
6550.055167432601,116270.0
6550.234554710042,119158.0
6550.413941987483,119101.0
6550.593329264924,119603.0
6550.772716542366,120397.0
6550.952103819807,120585.0
6551.131491097249,121237.0
6551.31087837469,122456.0
6551.490265652131,124239.0
6551.669652929572,124886.0
6551.849040207014,124102.0
6552.028427484455,123024.0
6552.207814761897,121874.0
6552.387202039338,115894.0
6552.566589316779,111967.0
6552.74597659422,113945.0
6552.925363871662,122784.0
6553.104751149103,133208.0
6553.284138426545,139172.0
6553.463525703986,137593.0
6553.642912981428,135340.0
6553.822300258868,137883.0
6554.00168753631,141581.0
6554.181074813751,146891.0
6554.360462091193,152702.0
6554.539849368634,153886.0
6554.719236646076,154975.0
6554.898623923516,160256.0
6555.078011200958,165442.0
6555.257398478399,167696.0
6555.436785755841,172272.0
6555.616173033282,179509.0
6555.795560310724,185678.0
6555.974947588165,190974.0
6556.154334865606,196511.0
6556.333722143047,204347.0
6556.513109420489,215364.0
6556.69249669793,223057.0
6556.871883975372,221645.0
6557.051271252813,219706.0
6557.230658530254,229248.0
6557.4100458076955,247844.0
6557.589433085137,272441.0
6557.7688203625785,286723.0
6557.94820764002,294268.0
6558.1275949174615,308270.0
6558.306982194903,328222.0
6558.4863694723435,354827.0
6558.665756749785,384325.0
6558.8451440272265,407120.0
6559.024531304668,430792.0
6559.2039185821095,459605.0
6559.383305859551,487967.0
6559.562693136992,516676.0
6559.742080414433,546274.0
6559.921467691875,578538.0
6560.100854969316,605917.0
6560.280242246758,615922.0
6560.459629524199,621838.0
6560.63901680164,628109.0
6560.818404079081,641611.0
6560.997791356523,642971.0
6561.177178633964,642169.0
6561.356565911406,633729.0
6561.535953188847,594175.0
6561.715340466289,510747.0
6561.894727743729,406080.0
6562.074115021171,313885.0
6562.253502298612,266439.0
6562.432889576054,284823.0
6562.612276853495,357895.0
6562.791664130937,459922.0
6562.971051408377,555905.0
6563.150438685819,620991.0
6563.32982596326,642566.0
6563.509213240702,650072.0
6563.688600518143,651931.0
6563.867987795585,637435.0
6564.047375073025,604835.0
6564.226762350467,584052.0
6564.406149627908,589071.0
6564.58553690535,602106.0
6564.764924182791,589381.0
6564.944311460233,562581.0
6565.123698737674,534428.0
6565.303086015115,502098.0
6565.482473292556,475081.0
6565.661860569998,450209.0
6565.841247847439,424369.0
6566.020635124881,400758.0
6566.200022402322,380745.0
6566.379409679763,357348.0
6566.558796957204,335430.0
6566.738184234646,321993.0
6566.917571512087,309136.0
6567.096958789529,292501.0
6567.27634606697,279211.0
6567.455733344412,267700.0
6567.635120621852,255680.0
6567.814507899294,247163.0
6567.993895176735,236626.0
6568.173282454177,225138.0
6568.352669731618,218079.0
6568.53205700906,209945.0
6568.7114442865,199620.0
6568.890831563942,192507.0
6569.070218841383,188797.0
6569.249606118825,186902.0
6569.428993396266,183537.0
6569.608380673708,178719.0
6569.787767951148,178784.0
6569.96715522859,176033.0
6570.146542506031,172322.0
6570.325929783473,167966.0
6570.505317060914,161265.0
6570.684704338356,159345.0
6570.864091615797,158765.0
6571.043478893238,156524.0
6571.2228661706795,155987.0
6571.402253448121,154015.0
6571.5816407255625,149670.0
6571.761028003004,142160.0
6571.940415280445,133543.0
6572.119802557886,129306.0
6572.2991898353275,131759.0
6572.478577112769,140219.0
6572.6579643902105,141958.0
6572.837351667652,141773.0
6573.0167389450935,139880.0
6573.196126222535,137089.0
6573.375513499976,137231.0
6573.554900777417,135628.0
6573.734288054859,136460.0
6573.9136753323,135536.0
6574.0930626097415,133007.0
6574.272449887183,133655.0
6574.451837164624,130216.0
6574.631224442065,118796.0
6574.810611719507,110152.0
6574.989998996948,111490.0
6575.16938627439,121516.0
6575.348773551831,129458.0
6575.528160829272,130595.0
6575.707548106713,131733.0
6575.886935384155,131126.0
6576.066322661596,128141.0
6576.245709939038,127296.0
6576.425097216479,128145.0
6576.604484493921,127898.0
6576.783871771361,127102.0
6576.963259048803,126844.0
6577.142646326244,126734.0
6577.322033603686,126931.0
6577.501420881127,126814.0
6577.680808158569,127096.0
6577.860195436009,127674.0
6578.039582713451,127615.0
6578.218969990892,127094.0
6578.398357268334,125442.0
6578.577744545775,125639.0
6578.757131823217,125251.0
6578.936519100658,124493.0
6579.115906378099,124904.0
6579.29529365554,125253.0
6579.474680932982,125478.0
6579.654068210423,124788.0
6579.833455487865,124429.0
6580.012842765306,124165.0
6580.192230042747,124126.0
6580.371617320188,125141.0
6580.55100459763,120562.0
6580.730391875071,118384.0
6580.909779152513,118204.0
6581.089166429954,121358.0
6581.268553707395,122830.0
6581.447940984836,124933.0
6581.627328262278,124519.0
6581.806715539719,123018.0
6581.986102817161,123147.0
6582.165490094602,124080.0
6582.344877372044,123446.0
6582.524264649484,125037.0
6582.703651926926,125166.0
6582.883039204367,123309.0
6583.062426481809,123140.0
6583.24181375925,121990.0
6583.421201036692,119198.0
6583.600588314132,119707.0
6583.779975591574,123348.0
6583.959362869015,124954.0
6584.138750146457,125471.0
6584.318137423898,125773.0
6584.49752470134,124677.0
6584.676911978781,126469.0
6584.856299256222,126100.0
6585.0356865336635,124243.0
6585.215073811105,123065.0
6585.394461088546,123011.0
6585.573848365988,121922.0
6585.753235643429,121681.0
6585.93262292087,123441.0
6586.1120101983115,122729.0
6586.291397475753,117132.0
6586.4707847531945,113005.0
6586.650172030636,113186.0
6586.8295593080775,118094.0
6587.008946585518,120413.0
6587.18833386296,124561.0
6587.367721140401,124883.0
6587.5471084178425,124002.0
6587.726495695284,124524.0
6587.9058829727255,124592.0
6588.085270250167,125553.0
6588.264657527608,124834.0
6588.444044805049,124128.0
6588.623432082491,123984.0
6588.802819359932,123426.0
6588.982206637374,124018.0
6589.161593914815,124940.0
6589.340981192256,123876.0
6589.520368469697,123600.0
6589.699755747139,124601.0
6589.87914302458,123048.0
6590.058530302022,123882.0
6590.237917579463,124780.0
6590.417304856905,124159.0
6590.596692134345,123695.0
6590.776079411787,124173.0
6590.955466689228,123089.0
6591.13485396667,123284.0
6591.314241244111,124048.0
6591.493628521553,123563.0
6591.673015798993,124338.0
6591.852403076435,124308.0
6592.031790353876,122905.0
6592.211177631318,122146.0
6592.390564908759,121986.0
6592.569952186201,122379.0
6592.749339463641,121772.0
6592.928726741083,120975.0
6593.108114018524,121269.0
6593.287501295966,122673.0
6593.466888573407,123760.0
6593.646275850849,122764.0
6593.82566312829,122290.0
6594.005050405731,121473.0
6594.184437683172,119127.0
6594.363824960614,119346.0
6594.543212238055,120814.0
6594.722599515497,121250.0
6594.901986792938,121261.0
6595.081374070379,123168.0
6595.26076134782,123141.0
6595.440148625262,123161.0
6595.619535902703,123368.0
6595.798923180145,122246.0
6595.978310457586,122038.0
6596.157697735027,122538.0
6596.337085012468,122387.0
6596.51647228991,120945.0
6596.695859567351,120743.0
6596.875246844793,121205.0
6597.054634122234,122552.0
6597.234021399676,122257.0
6597.413408677116,122608.0
6597.592795954558,123649.0
6597.772183231999,121868.0
6597.951570509441,121178.0
6598.130957786882,123607.0
6598.310345064324,122206.0
6598.4897323417645,122586.0
6598.669119619206,123316.0
6598.848506896647,122041.0
6599.027894174089,120200.0
6599.20728145153,118308.0
6599.386668728972,117510.0
6599.566056006413,117862.0
6599.745443283854,119514.0
6599.9248305612955,120652.0
6600.104217838737,121201.0
6600.2836051161785,121099.0
6600.46299239362,121546.0
6600.6423796710615,123035.0
6600.821766948502,122122.0
6601.0011542259435,122629.0
6601.180541503385,122317.0
6601.3599287808265,121422.0
6601.539316058268,121851.0
6601.7187033357095,119665.0
6601.898090613151,116847.0
6602.077477890592,116095.0
6602.256865168033,117962.0
6602.436252445475,119653.0
6602.615639722916,121749.0
6602.795027000358,121364.0
6602.974414277799,121678.0
6603.15380155524,121474.0
6603.333188832681,122397.0
6603.512576110123,120911.0
6603.691963387564,120515.0
6603.871350665006,120686.0
6604.050737942447,120887.0
6604.230125219888,121199.0
6604.409512497329,119775.0
6604.588899774771,118379.0
6604.768287052212,117813.0
6604.947674329654,118472.0
6605.127061607095,118826.0
6605.306448884537,120597.0
6605.485836161977,118525.0
6605.665223439419,118484.0
6605.84461071686,119832.0
6606.023997994302,119173.0
6606.203385271743,118826.0
6606.382772549185,119413.0
6606.562159826625,118628.0
6606.741547104067,119292.0
6606.920934381508,119606.0
6607.10032165895,120093.0
6607.279708936391,119335.0
6607.459096213833,118392.0
6607.638483491273,117756.0
6607.817870768715,118339.0
6607.997258046156,119884.0
6608.176645323598,119413.0
6608.356032601039,118272.0
6608.535419878481,118291.0
6608.714807155922,118659.0
6608.894194433363,119303.0
6609.073581710804,119623.0
6609.252968988246,119120.0
6609.432356265687,117643.0
6609.611743543129,115907.0
6609.79113082057,117672.0
6609.970518098011,119073.0
6610.149905375452,117934.0
6610.329292652894,118360.0
6610.508679930335,118540.0
6610.688067207777,118078.0
6610.867454485218,118972.0
6611.04684176266,117692.0
6611.2262290401,117250.0
6611.405616317542,116861.0
6611.585003594983,118630.0
6611.764390872425,117905.0
6611.943778149866,117341.0
6612.123165427308,116528.0
6612.302552704748,114852.0
6612.48193998219,114954.0
6612.661327259631,114533.0
6612.840714537073,114863.0
6613.020101814514,115229.0
6613.199489091956,116328.0
6613.378876369397,116542.0
6613.558263646838,116078.0
6613.7376509242795,117629.0
6613.917038201721,116080.0
6614.0964254791625,117463.0
6614.275812756604,117521.0
6614.455200034045,117156.0
6614.634587311486,117018.0
6614.8139745889275,118684.0
6614.993361866369,116745.0
6615.1727491438105,114541.0
6615.352136421252,116640.0
6615.5315236986935,117755.0
6615.710910976134,116063.0
6615.890298253576,116160.0
6616.069685531017,117783.0
6616.249072808459,116922.0
6616.4284600859,117782.0
6616.6078473633415,116484.0
6616.787234640783,116226.0
6616.966621918224,115866.0
6617.146009195665,116148.0
6617.325396473107,115604.0
6617.504783750548,114085.0
6617.68417102799,115463.0
6617.863558305431,115523.0
6618.042945582872,116803.0
6618.222332860313,115828.0
6618.401720137755,115385.0
6618.581107415196,116682.0
6618.760494692638,114122.0
6618.939881970079,114197.0
6619.11926924752,116016.0
6619.298656524961,114339.0
6619.478043802403,113671.0
6619.657431079844,114074.0
6619.836818357286,113437.0
6620.016205634727,114518.0
6620.195592912169,115264.0
6620.374980189609,114552.0
6620.554367467051,115189.0
6620.733754744492,115285.0
6620.913142021934,114334.0
6621.092529299375,113927.0
6621.271916576817,113031.0
6621.451303854257,113759.0
6621.630691131699,114733.0
6621.81007840914,114985.0
6621.989465686582,114296.0
6622.168852964023,114495.0
6622.348240241465,114441.0
6622.527627518906,113788.0
6622.707014796347,113354.0
6622.886402073788,112372.0
6623.06578935123,112400.0
6623.245176628671,113539.0
6623.424563906113,113579.0
6623.603951183554,113669.0
6623.783338460995,113672.0
6623.962725738436,113784.0
6624.142113015878,112528.0
6624.321500293319,111715.0
6624.500887570761,112431.0
6624.680274848202,113811.0
6624.859662125644,113050.0
6625.039049403084,111373.0
6625.218436680526,112244.0
6625.397823957967,112889.0
6625.577211235409,111985.0
6625.75659851285,111501.0
6625.935985790292,112156.0
6626.115373067732,112038.0
6626.294760345174,111041.0
6626.474147622615,109561.0
6626.653534900057,110983.0
6626.832922177498,111749.0
6627.01230945494,110976.0
6627.1916967323805,110255.0
6627.371084009822,111168.0
6627.5504712872635,110218.0
6627.729858564705,109147.0
6627.909245842146,110505.0
6628.088633119588,111776.0
6628.268020397029,110365.0
6628.44740767447,110609.0
6628.6267949519115,109916.0
6628.806182229353,109662.0
6628.9855695067945,109086.0
6629.164956784236,109704.0
6629.3443440616775,110411.0
6629.523731339118,110325.0
6629.70311861656,110965.0
6629.882505894001,110343.0
6630.0618931714425,110661.0
6630.241280448884,109480.0
6630.4206677263255,109063.0
6630.600055003766,108508.0
6630.779442281208,109698.0
6630.958829558649,110096.0
6631.138216836091,109530.0
6631.317604113532,108247.0
6631.496991390974,109343.0
6631.676378668415,108219.0
6631.855765945856,107811.0
6632.035153223297,108656.0
6632.214540500739,108560.0
6632.39392777818,107469.0
6632.573315055622,107492.0
6632.752702333063,107604.0
6632.932089610504,107631.0
6633.111476887945,107536.0
6633.290864165387,108091.0
6633.470251442828,107556.0
6633.64963872027,108457.0
6633.829025997711,108084.0
6634.008413275153,107318.0
6634.187800552593,107232.0
6634.367187830035,107835.0
6634.546575107476,107524.0
6634.725962384918,107558.0
6634.905349662359,106270.0
6635.084736939801,106823.0
6635.264124217241,107023.0
6635.443511494683,106451.0
6635.622898772124,106620.0
6635.802286049566,107557.0
6635.981673327007,107224.0
6636.161060604449,107154.0
6636.34044788189,106627.0
6636.519835159331,107323.0
6636.699222436772,106866.0
6636.878609714214,106200.0
6637.057996991655,106085.0
6637.237384269097,105722.0
6637.416771546538,106135.0
6637.596158823979,105049.0
6637.77554610142,105487.0
6637.954933378862,106182.0
6638.134320656303,104503.0
6638.313707933745,103660.0
6638.493095211186,105491.0
6638.672482488627,105304.0
6638.851869766068,103988.0
6639.03125704351,105740.0
6639.210644320951,105492.0
6639.390031598393,103122.0
6639.569418875834,104138.0
6639.748806153276,105411.0
6639.928193430716,104837.0
6640.107580708158,103964.0
6640.286967985599,104854.0
6640.466355263041,104656.0
6640.645742540482,103114.0
6640.825129817924,102323.0
6641.0045170953645,102227.0
6641.183904372806,103543.0
6641.363291650247,103300.0
6641.542678927689,103211.0
6641.72206620513,103931.0
6641.901453482572,103563.0
6642.0808407600125,101480.0
6642.260228037454,100066.0
6642.4396153148955,101635.0
6642.619002592337,101431.0
6642.7983898697785,100044.0
6642.97777714722,99948.3
6643.1571644246615,102571.0
6643.336551702102,102539.0
6643.5159389795435,101336.0
6643.695326256985,100656.0
6643.8747135344265,100891.0
6644.054100811868,100010.0
6644.2334880893095,101096.0
6644.41287536675,102264.0
6644.592262644192,101228.0
6644.771649921633,100893.0
6644.951037199075,101190.0
6645.130424476516,101157.0
6645.309811753958,101381.0
6645.489199031399,100129.0
6645.66858630884,100039.0
6645.847973586281,100221.0
6646.027360863723,98451.7
6646.206748141164,99606.3
6646.386135418606,100957.0
6646.565522696047,99529.9
6646.744909973488,98921.8
6646.924297250929,100521.0
6647.103684528371,99912.3
6647.283071805812,99086.6
6647.462459083254,99056.1
6647.641846360695,98823.0
6647.821233638136,99194.5
6648.000620915577,98511.8
6648.180008193019,96752.4
6648.35939547046,97989.1
6648.538782747902,99279.0
6648.718170025343,98556.1
6648.897557302785,96939.4
6649.076944580225,96921.8
6649.256331857667,97280.1
6649.435719135108,95995.2
6649.61510641255,97555.8
6649.794493689991,97506.4
6649.973880967433,97848.7
6650.153268244873,96885.3
6650.332655522315,97984.2
6650.512042799756,97782.6
6650.691430077198,96440.4
6650.870817354639,96352.4
6651.050204632081,95976.2
6651.229591909521,94766.9
6651.408979186963,94685.8
6651.588366464404,95159.4
6651.767753741846,94635.3
6651.947141019287,94628.9
6652.126528296729,95159.1
6652.30591557417,94609.0
6652.485302851611,95515.1
6652.664690129052,95804.5
6652.844077406494,94886.6
6653.023464683935,94634.0
6653.202851961377,93255.3
6653.382239238818,93875.7
6653.561626516259,94219.0
6653.7410137937,94319.1
6653.920401071142,94070.9
6654.099788348583,93307.4
6654.279175626025,93187.5
6654.458562903466,94316.7
6654.637950180908,93616.9
6654.817337458348,93079.7
6654.99672473579,93320.3
6655.176112013231,92298.2
6655.355499290673,92184.4
6655.534886568114,92667.9
6655.714273845556,92506.1
6655.8936611229965,91725.7
6656.073048400438,92197.9
6656.2524356778795,92221.7
6656.431822955321,91403.3
6656.6112102327625,92307.1
6656.790597510204,92265.2
6656.969984787645,90893.0
6657.149372065086,91912.2
6657.3287593425275,91665.0
6657.508146619969,90993.5
6657.6875338974105,90442.6
6657.866921174852,89962.3
6658.0463084522935,91584.1
6658.225695729734,92102.6
6658.405083007176,92311.8
6658.584470284617,90250.7
6658.763857562059,89159.4
6658.9432448395,90292.0
6659.1226321169415,89068.9
6659.302019394382,90335.9
6659.481406671824,89695.0
6659.660793949265,88955.4
6659.840181226707,88705.1
6660.019568504148,88615.3
6660.19895578159,87265.9
6660.378343059031,86955.4
6660.557730336472,88590.1
6660.737117613913,89132.3
6660.916504891355,88964.2
6661.095892168796,89117.7
6661.275279446238,86994.1
6661.454666723679,86079.0
6661.63405400112,85630.3
6661.813441278561,85830.7
6661.992828556003,87011.5
6662.172215833444,86770.8
6662.351603110886,86023.8
6662.530990388327,85046.1
6662.710377665768,85310.7
6662.889764943209,85355.6
6663.069152220651,85569.7
6663.248539498092,84669.5
6663.427926775534,84931.3
6663.607314052975,84730.4
6663.786701330417,84558.8
6663.966088607857,84553.4
6664.145475885299,84409.2
6664.32486316274,84534.1
6664.504250440182,85278.3
6664.683637717623,84799.5
6664.863024995065,83108.5
6665.042412272505,82709.3
6665.221799549947,82677.9
6665.401186827388,83034.0
6665.58057410483,82920.8
6665.759961382271,82270.7
6665.939348659713,83175.6
6666.118735937154,83217.7
6666.298123214595,83469.8
6666.477510492036,83744.8
6666.656897769478,84060.7
6666.836285046919,82960.2
6667.015672324361,82311.0
6667.195059601802,83499.6
6667.374446879243,82898.0
6667.553834156684,81541.8
6667.733221434126,81877.9
6667.912608711567,80815.9
6668.091995989009,80514.9
6668.27138326645,80498.0
6668.450770543892,79730.2
6668.630157821332,80075.6
6668.809545098774,80294.4
6668.988932376215,80640.4
6669.168319653657,80293.9
6669.347706931098,78904.8
6669.52709420854,78539.3
6669.7064814859805,79149.9
6669.885868763422,80036.1
6670.0652560408635,78824.8
6670.244643318305,78782.2
6670.424030595746,78988.5
6670.603417873188,78847.1
6670.7828051506285,77607.5
6670.96219242807,76956.5
6671.1415797055115,77614.7
6671.320966982953,78469.2
6671.5003542603945,77806.7
6671.679741537836,76781.2
6671.8591288152775,76423.5
6672.038516092718,75391.2
6672.21790337016,74552.7
6672.397290647601,75336.4
6672.5766779250425,75473.5
6672.756065202484,74903.6
6672.9354524799255,74334.9
6673.114839757366,73758.7
6673.294227034808,73368.1
6673.473614312249,74844.9
6673.653001589691,74540.4
6673.832388867132,73683.4
6674.011776144574,73074.7
6674.191163422014,72862.6
6674.370550699456,72037.2
6674.549937976897,72628.7
6674.729325254339,72668.4
6674.90871253178,72551.4
6675.088099809222,72135.5
6675.267487086663,70479.8
6675.446874364104,70857.4
6675.626261641545,71777.0
6675.805648918987,70570.5
6675.985036196428,70326.4
6676.16442347387,71610.0
6676.343810751311,71061.2
6676.523198028752,69381.0
6676.702585306193,69581.1
6676.881972583635,69402.0
6677.061359861076,69750.5
6677.240747138518,69530.6
6677.420134415959,68445.8
6677.599521693401,70183.1
6677.778908970841,68671.0
6677.958296248283,68882.2
6678.137683525724,68476.2
6678.317070803166,67739.2
6678.496458080607,67799.8
6678.675845358049,68409.6
6678.855232635489,67846.6
6679.034619912931,67479.4
6679.214007190372,67191.5
6679.393394467814,68130.2
6679.572781745255,68967.6
6679.752169022697,67458.7
6679.931556300138,67277.6
6680.110943577579,65521.3
6680.29033085502,67222.0
6680.469718132462,67388.8
6680.649105409903,66739.3
6680.828492687345,66979.6
6681.007879964786,66750.9
6681.187267242227,65517.8
6681.366654519668,66485.6
6681.54604179711,66902.7
6681.725429074551,65802.7
6681.904816351993,64815.2
6682.084203629434,65693.5
6682.263590906875,65810.0
6682.442978184316,65198.2
6682.622365461758,66777.1
6682.801752739199,65766.2
6682.981140016641,64889.1
6683.160527294082,64901.3
6683.339914571524,64317.4
6683.5193018489645,63335.3
6683.698689126406,64261.9
6683.878076403847,65011.7
6684.057463681289,65416.6
6684.23685095873,64003.0
6684.416238236172,64707.4
6684.5956255136125,64326.5
6684.775012791054,64884.9
6684.9544000684955,64569.1
6685.133787345937,62907.2
6685.3131746233785,64152.3
6685.49256190082,64855.2
6685.671949178261,63643.8
6685.851336455702,63647.7
6686.0307237331435,64005.5
6686.210111010585,62549.4
6686.3894982880265,62076.3
6686.568885565468,62402.8
6686.7482728429095,62139.3
6686.92766012035,61840.6
6687.107047397792,61890.1
6687.286434675233,61382.2
6687.465821952675,61254.2
6687.645209230116,60239.9
6687.8245965075575,60475.8
6688.003983784998,61200.9
6688.18337106244,60971.8
6688.362758339881,60031.5
6688.542145617323,59433.3
6688.721532894764,59933.7
6688.900920172206,61260.5
6689.080307449647,60062.4
6689.259694727088,59158.1
6689.439082004529,58634.5
6689.618469281971,59371.0
6689.797856559412,58704.9
6689.977243836854,58146.0
6690.156631114295,58837.2
6690.336018391736,58176.9
6690.515405669177,57883.4
6690.694792946619,58494.4
6690.87418022406,58470.5
6691.053567501502,57636.3
6691.232954778943,57121.3
6691.412342056385,56905.9
6691.591729333825,56625.0
6691.771116611267,56761.9
6691.950503888708,56461.2
6692.12989116615,56639.4
6692.309278443591,56923.2
6692.488665721033,55400.9
6692.668052998473,55001.8
6692.847440275915,55567.3
6693.026827553356,55725.8
6693.206214830798,55647.1
6693.385602108239,56474.5
6693.564989385681,55355.1
6693.744376663121,54989.7
6693.923763940563,54700.1
6694.103151218004,53561.5
6694.282538495446,53725.5
6694.461925772887,54085.9
6694.641313050329,54402.9
6694.82070032777,54134.9
6695.000087605211,52645.5
6695.179474882652,53042.1
6695.358862160094,54030.1
6695.538249437535,52438.4
6695.717636714977,52330.4
6695.897023992418,52419.8
6696.076411269859,52819.1
6696.2557985473,52087.4
6696.435185824742,51440.5
6696.614573102183,51051.3
6696.793960379625,50347.6
6696.973347657066,50603.1
6697.152734934507,50500.9
6697.332122211948,50928.3
6697.51150948939,51223.1
6697.690896766831,49996.6
6697.870284044273,50315.4
6698.049671321714,49976.1
6698.229058599156,50005.2
6698.4084458765965,49954.7
6698.587833154038,48813.6
6698.7672204314795,48565.3
6698.946607708921,48297.1
6699.1259949863625,48155.0
6699.305382263804,49004.3
6699.4847695412445,48184.8
6699.664156818686,48065.8
6699.8435440961275,47964.6
6700.022931373569,47043.5
6700.2023186510105,46541.2
6700.381705928452,47228.4
6700.5610932058935,47367.9
6700.740480483334,47097.8
6700.919867760776,46178.5
6701.099255038217,46141.9
6701.2786423156585,46639.0
6701.4580295931,45838.0
6701.6374168705415,45832.7
6701.816804147982,46494.9
6701.996191425424,45752.2
6702.175578702865,45481.4
6702.354965980307,44578.2
6702.534353257748,44796.7
6702.71374053519,44911.9
6702.893127812631,44780.3
6703.072515090072,43932.4
6703.251902367513,43704.3
6703.431289644955,43953.7
6703.610676922396,43973.8
6703.790064199838,43452.9
6703.969451477279,43487.4
6704.14883875472,43078.7
6704.328226032161,43297.3
6704.507613309603,43049.9
6704.687000587044,42544.3
6704.866387864486,42798.8
6705.045775141927,41868.0
6705.225162419368,42179.7
6705.404549696809,42025.9
6705.583936974251,40794.9
6705.763324251692,41048.5
6705.942711529134,41289.7
6706.122098806575,42695.2
6706.301486084016,41456.8
6706.480873361457,40334.0
6706.660260638899,40644.8
6706.83964791634,39968.5
6707.019035193782,40768.3
6707.198422471223,40465.2
6707.377809748665,40058.1
6707.557197026105,39278.4
6707.736584303547,39232.7
6707.915971580988,39240.3
6708.09535885843,39950.4
6708.274746135871,39386.1
6708.454133413313,38927.5
6708.633520690753,38860.2
6708.812907968195,38440.3
6708.992295245636,37898.4
6709.171682523078,37335.1
6709.351069800519,37862.7
6709.530457077961,37219.2
6709.709844355402,36967.4
6709.889231632843,37598.1
6710.068618910284,37038.7
6710.248006187726,37244.4
6710.427393465167,36268.9
6710.606780742609,36402.5
6710.78616802005,36504.1
6710.965555297491,36783.1
6711.144942574932,36759.6
6711.324329852374,36319.1
6711.503717129815,35771.2
6711.683104407257,35411.2
6711.862491684698,35888.1
6712.04187896214,34532.8
6712.2212662395805,34764.7
6712.400653517022,34747.6
6712.5800407944635,35536.0
6712.759428071905,34693.7
6712.938815349346,33810.7
6713.118202626788,33491.2
6713.2975899042285,32849.9
6713.47697718167,32907.6
6713.6563644591115,33343.3
6713.835751736553,33135.5
6714.0151390139945,32322.9
6714.194526291436,32605.1
6714.373913568877,31826.1
6714.553300846318,32391.3
6714.7326881237595,31968.5
6714.912075401201,31172.1
6715.0914626786425,31708.0
6715.270849956084,31307.0
6715.4502372335255,31810.6
6715.629624510966,32426.8
6715.809011788408,31136.0
6715.988399065849,30527.6
6716.167786343291,30106.9
6716.347173620732,30433.2
6716.526560898174,30301.2
6716.705948175614,30161.8
6716.885335453056,29193.7
6717.064722730497,29775.2
6717.244110007939,29981.7
6717.42349728538,29585.8
6717.602884562822,29089.5
6717.782271840262,29167.1
6717.961659117704,29486.9
6718.141046395145,29405.6
6718.320433672587,28394.0
6718.499820950028,28985.4
6718.67920822747,28064.7
6718.858595504911,27499.0
6719.037982782352,27417.9
6719.217370059793,28072.9
6719.396757337235,27435.5
6719.576144614676,27315.6
6719.755531892118,27549.9
6719.934919169559,27373.4
6720.114306447,26823.1
6720.293693724441,26841.9
6720.473081001883,26813.1
6720.652468279324,26761.1
6720.831855556766,26865.5
6721.011242834207,26080.8
6721.190630111649,26190.4
6721.370017389089,24947.4
6721.549404666531,25614.5
6721.728791943972,25402.5
6721.908179221414,25405.9
6722.087566498855,25334.1
6722.266953776297,25438.9
6722.446341053737,25504.3
6722.625728331179,25349.0
6722.80511560862,24773.4
6722.984502886062,24081.3
6723.163890163503,24011.2
6723.343277440945,24179.9
6723.522664718386,24379.4
6723.702051995827,24286.9
6723.881439273268,24480.4
6724.06082655071,24205.0
6724.240213828151,23244.3
6724.419601105593,23689.4
6724.598988383034,23423.4
6724.778375660475,23134.4
6724.957762937916,23301.8
6725.137150215358,23000.2
6725.316537492799,22480.1
6725.495924770241,22609.5
6725.675312047682,22996.9
6725.854699325123,22034.1
6726.0340866025645,21519.0
6726.213473880006,22120.5
6726.392861157447,21955.5
6726.572248434889,22751.4
6726.75163571233,22125.8
6726.931022989772,21349.4
6727.1104102672125,21166.5
6727.289797544654,21110.4
6727.4691848220955,20982.3
6727.648572099537,21353.0
6727.8279593769785,20865.4
6728.00734665442,20116.1
6728.1867339318605,20262.9
6728.366121209302,20253.7
6728.5455084867435,20410.1
6728.724895764185,19894.1
6728.9042830416265,20340.9
6729.083670319068,20013.0
6729.263057596509,19230.1
6729.44244487395,19642.1
6729.621832151392,19365.2
6729.801219428833,19156.7
6729.980606706275,19002.0
6730.159993983716,18722.5
6730.3393812611575,18583.6
6730.518768538598,19098.0
6730.69815581604,19119.1
6730.877543093481,18352.4
6731.056930370923,17535.7
6731.236317648364,17718.9
6731.415704925806,18173.7
6731.595092203246,17350.3
6731.774479480688,17487.9
6731.953866758129,17106.3
6732.133254035571,16756.0
6732.312641313012,16820.0
6732.492028590454,16765.8
6732.671415867895,16623.3
6732.850803145336,16629.3
6733.030190422777,16609.4
6733.209577700219,16716.6
6733.38896497766,16081.3
6733.568352255102,16070.5
6733.747739532543,15722.0
6733.927126809984,15497.3
6734.106514087425,15448.8
6734.285901364867,15713.0
6734.465288642308,15978.1
6734.64467591975,15747.2
6734.824063197191,15235.0
6735.003450474633,15777.6
6735.182837752073,14015.0
