6487.3615819758,94984.3
6487.541002379162,95091.3
6487.720422782524,94929.0
6487.899843185886,94650.7
6488.079263589248,97504.4
6488.25868399261,99801.3
6488.438104395972,98542.7
6488.617524799334,98148.3
6488.796945202696,99349.7
6488.976365606059,99183.4
6489.15578600942,99436.5
6489.335206412782,101560.0
6489.514626816144,102844.0
6489.6940472195065,102943.0
6489.873467622869,104263.0
6490.052888026231,105616.0
6490.232308429592,105075.0
6490.411728832954,105369.0
6490.591149236317,102217.0
6490.770569639679,98575.9
6490.949990043041,98941.9
6491.129410446403,105502.0
6491.3088308497645,110183.0
6491.488251253127,109172.0
6491.667671656489,109410.0
6491.847092059851,110072.0
6492.026512463213,112525.0
6492.2059328665755,112873.0
6492.385353269937,111723.0
6492.564773673299,111441.0
6492.744194076661,110115.0
6492.923614480023,108315.0
6493.103034883386,109471.0
6493.282455286748,112047.0
6493.461875690109,114322.0
6493.641296093471,115620.0
6493.8207164968335,117772.0
6494.000136900196,119387.0
6494.179557303558,118596.0
6494.35897770692,118041.0
6494.538398110281,119697.0
6494.717818513644,122159.0
6494.897238917006,124178.0
6495.076659320368,122662.0
6495.25607972373,121642.0
6495.435500127092,121631.0
6495.614920530454,118572.0
6495.794340933816,115322.0
6495.973761337178,115102.0
6496.15318174054,117191.0
6496.3326021439025,121794.0
6496.512022547265,125436.0
6496.691442950626,126480.0
6496.870863353988,126319.0
6497.05028375735,127182.0
6497.229704160713,126626.0
6497.409124564075,124794.0
6497.588544967437,125608.0
6497.767965370798,127238.0
6497.9473857741605,127026.0
6498.126806177523,131129.0
6498.306226580885,130681.0
6498.485646984247,130285.0
6498.665067387609,130475.0
6498.844487790971,131241.0
6499.023908194333,133703.0
6499.203328597695,134866.0
6499.382749001057,134055.0
6499.562169404419,135442.0
6499.741589807782,134631.0
6499.921010211143,134934.0
6500.100430614505,136330.0
6500.279851017867,137434.0
6500.4592714212295,137618.0
6500.638691824592,138201.0
6500.818112227954,140558.0
6500.997532631315,142193.0
6501.176953034677,140621.0
6501.35637343804,140247.0
6501.535793841402,141060.0
6501.715214244764,142033.0
6501.894634648126,141948.0
6502.074055051487,142842.0
6502.25347545485,142746.0
6502.432895858212,143093.0
6502.612316261574,147157.0
6502.791736664936,146798.0
6502.971157068298,146489.0
6503.15057747166,148682.0
6503.329997875022,148633.0
6503.509418278384,149087.0
6503.688838681746,149707.0
6503.868259085109,149013.0
6504.047679488471,148988.0
6504.227099891832,149687.0
6504.406520295194,150254.0
6504.585940698556,152744.0
6504.765361101919,153122.0
6504.944781505281,154068.0
6505.124201908643,155088.0
6505.303622312004,156279.0
6505.4830427153665,157781.0
6505.662463118729,157059.0
6505.841883522091,155512.0
6506.021303925453,158000.0
6506.200724328815,159787.0
6506.380144732177,160254.0
6506.559565135539,162121.0
6506.738985538901,163408.0
6506.918405942263,163308.0
6507.097826345625,162309.0
6507.277246748988,162688.0
6507.456667152349,164251.0
6507.636087555711,163375.0
6507.815507959073,163511.0
6507.9949283624355,165726.0
6508.174348765798,165848.0
6508.35376916916,165195.0
6508.533189572521,162887.0
6508.712609975883,164288.0
6508.892030379246,168953.0
6509.071450782608,172214.0
6509.25087118597,174057.0
6509.430291589332,172845.0
6509.6097119926935,176390.0
6509.789132396056,176342.0
6509.968552799418,176138.0
6510.14797320278,178588.0
6510.327393606142,179080.0
6510.5068140095045,179424.0
6510.686234412866,182205.0
6510.865654816228,184051.0
6511.04507521959,184651.0
6511.224495622952,185134.0
6511.403916026315,186582.0
6511.583336429677,189239.0
6511.762756833038,189061.0
6511.9421772364,185973.0
6512.1215976397625,186150.0
6512.301018043125,190008.0
6512.480438446487,194538.0
6512.659858849849,197920.0
6512.83927925321,197138.0
6513.018699656573,198549.0
6513.198120059935,203712.0
6513.377540463297,205922.0
6513.556960866659,201868.0
6513.736381270021,201350.0
6513.915801673383,203337.0
6514.095222076745,202829.0
6514.274642480107,199871.0
6514.454062883469,192663.0
6514.6334832868315,186002.0
6514.812903690194,187401.0
6514.992324093555,197088.0
6515.171744496917,203308.0
6515.351164900279,205266.0
6515.530585303642,204456.0
6515.710005707004,201516.0
6515.889426110366,199299.0
6516.068846513727,200111.0
6516.2482669170895,197963.0
6516.427687320452,188112.0
6516.607107723814,186418.0
6516.786528127176,190935.0
6516.965948530538,201162.0
6517.1453689339,209600.0
6517.324789337262,212227.0
6517.504209740624,216500.0
6517.683630143986,222011.0
6517.863050547348,221778.0
6518.042470950711,219387.0
6518.221891354072,219441.0
6518.401311757434,221899.0
6518.580732160796,225584.0
6518.7601525641585,226277.0
6518.939572967521,223333.0
6519.118993370883,220174.0
6519.298413774244,217673.0
6519.477834177606,217765.0
6519.657254580969,221284.0
6519.836674984331,225137.0
6520.016095387693,228057.0
6520.195515791055,227878.0
6520.3749361944165,228131.0
6520.554356597779,227908.0
6520.733777001141,227979.0
6520.913197404503,229072.0
6521.092617807865,229335.0
6521.2720382112275,229144.0
6521.451458614589,228707.0
6521.630879017951,227542.0
6521.810299421313,227550.0
6521.989719824675,227478.0
6522.169140228038,228006.0
6522.3485606314,227880.0
6522.527981034761,229581.0
6522.707401438123,229340.0
6522.8868218414855,232612.0
6523.066242244848,233990.0
6523.24566264821,231068.0
6523.425083051572,228738.0
6523.604503454933,224702.0
6523.783923858296,224071.0
6523.963344261658,227161.0
6524.14276466502,232368.0
6524.322185068382,236220.0
6524.501605471744,239546.0
6524.681025875106,239624.0
6524.860446278468,241091.0
6525.03986668183,243179.0
6525.219287085192,242414.0
6525.3987074885545,242890.0
6525.578127891917,246186.0
6525.757548295278,250430.0
6525.93696869864,249709.0
6526.116389102002,246527.0
6526.295809505365,248771.0
6526.475229908727,248609.0
6526.654650312089,248594.0
6526.834070715451,251797.0
6527.013491118812,252837.0
6527.192911522175,251687.0
6527.372331925537,252351.0
6527.551752328899,253321.0
6527.731172732261,254371.0
6527.9105931356235,256752.0
6528.090013538985,258253.0
6528.269433942347,259219.0
6528.448854345709,258106.0
6528.628274749071,260836.0
6528.807695152434,262180.0
6528.987115555796,263935.0
6529.166535959157,267399.0
6529.345956362519,265775.0
6529.525376765881,264834.0
6529.704797169244,265588.0
6529.884217572606,265759.0
6530.063637975968,268097.0
6530.243058379329,267788.0
6530.4224787826915,265586.0
6530.601899186054,267164.0
6530.781319589416,269944.0
6530.960739992778,270910.0
6531.14016039614,271396.0
6531.319580799502,270681.0
6531.499001202864,271247.0
6531.678421606226,275187.0
6531.857842009588,272782.0
6532.03726241295,269477.0
6532.216682816313,264150.0
6532.396103219674,266386.0
6532.575523623036,270014.0
6532.754944026398,277139.0
6532.9343644297605,282138.0
6533.113784833123,281548.0
6533.293205236485,283958.0
6533.472625639846,286180.0
6533.652046043208,281824.0
6533.831466446571,278880.0
6534.010886849933,278368.0
6534.190307253295,281048.0
6534.369727656657,283324.0
6534.5491480600185,283713.0
6534.728568463381,284944.0
6534.907988866743,287709.0
6535.087409270105,288568.0
6535.266829673467,290829.0
6535.4462500768295,295574.0
6535.625670480191,296023.0
6535.805090883553,295839.0
6535.984511286915,298155.0
6536.163931690277,299951.0
6536.34335209364,298442.0
6536.522772497002,295273.0
6536.702192900363,297071.0
6536.881613303725,299072.0
6537.0610337070875,299900.0
6537.24045411045,301866.0
6537.419874513812,301817.0
6537.599294917174,301020.0
6537.778715320535,304078.0
6537.958135723898,306563.0
6538.13755612726,307993.0
6538.316976530622,309733.0
6538.496396933984,309760.0
6538.675817337346,308312.0
6538.855237740708,313668.0
6539.03465814407,319666.0
6539.214078547432,317127.0
6539.393498950794,313807.0
6539.5729193541565,314822.0
6539.752339757519,316225.0
6539.93176016088,318348.0
6540.111180564242,320487.0
6540.290600967604,321668.0
6540.470021370967,321335.0
6540.649441774329,320076.0
6540.828862177691,321685.0
6541.008282581052,325412.0
6541.1877029844145,326515.0
6541.367123387777,329692.0
6541.546543791139,329468.0
6541.725964194501,328793.0
6541.905384597863,330111.0
6542.084805001225,326793.0
6542.264225404587,326224.0
6542.443645807949,327861.0
6542.623066211311,327686.0
6542.802486614673,331535.0
6542.981907018036,336241.0
6543.161327421397,337200.0
6543.340747824759,335969.0
6543.520168228121,333731.0
6543.6995886314835,325174.0
6543.879009034846,316576.0
6544.058429438208,319983.0
6544.237849841569,331962.0
6544.417270244931,342169.0
6544.596690648294,347141.0
6544.776111051656,347065.0
6544.955531455018,347044.0
6545.13495185838,347450.0
6545.3143722617415,349762.0
6545.493792665104,346757.0
6545.673213068466,348183.0
6545.852633471828,350194.0
6546.03205387519,353758.0
6546.2114742785525,355176.0
6546.390894681914,353714.0
6546.570315085276,356496.0
6546.749735488638,361442.0
6546.929155892,362845.0
6547.108576295363,363162.0
6547.287996698725,367268.0
6547.467417102086,362176.0
6547.646837505448,356135.0
6547.8262579088105,358872.0
6548.005678312173,366795.0
6548.185098715535,370343.0
6548.364519118897,365013.0
6548.543939522258,355766.0
6548.723359925621,355683.0
6548.902780328983,369977.0
6549.082200732345,380850.0
6549.261621135707,381592.0
6549.441041539069,387966.0
6549.620461942431,391008.0
6549.799882345793,394122.0
6549.979302749155,400676.0
6550.158723152517,397420.0
6550.3381435558795,397685.0
6550.517563959242,401757.0
6550.696984362603,406353.0
6550.876404765965,408175.0
6551.055825169327,414610.0
6551.23524557269,419062.0
6551.414665976052,419378.0
6551.594086379414,423332.0
6551.773506782775,424909.0
6551.9529271861375,428391.0
6552.1323475895,432959.0
6552.311767992862,424506.0
6552.491188396224,421310.0
6552.670608799586,422300.0
6552.850029202948,431811.0
6553.02944960631,451176.0
6553.208870009672,463531.0
6553.388290413034,469304.0
6553.567710816396,475279.0
6553.747131219759,482417.0
6553.92655162312,490597.0
6554.105972026482,500607.0
6554.285392429844,510860.0
6554.464812833206,518579.0
6554.644233236569,530407.0
6554.823653639931,546802.0
6555.003074043292,551651.0
6555.182494446654,567223.0
6555.361914850017,581594.0
6555.541335253379,595279.0
6555.720755656741,613626.0
6555.900176060103,630411.0
6556.079596463464,650893.0
6556.259016866827,671535.0
6556.438437270189,693394.0
6556.617857673551,721732.0
6556.797278076913,749456.0
6556.976698480275,768039.0
6557.156118883637,788369.0
6557.335539286999,829948.0
6557.514959690361,880322.0
6557.694380093723,926767.0
6557.8738004970855,965524.0
6558.053220900448,1.02202e+06
6558.232641303809,1.085e+06
6558.412061707171,1.15357e+06
6558.591482110533,1.23474e+06
6558.770902513896,1.30157e+06
6558.950322917258,1.37476e+06
6559.12974332062,1.4671e+06
6559.309163723981,1.56509e+06
6559.4885841273435,1.65726e+06
6559.668004530706,1.7478e+06
6559.847424934068,1.85149e+06
6560.02684533743,1.9578e+06
6560.206265740792,2.0575e+06
6560.385686144154,2.13775e+06
6560.565106547516,2.19793e+06
6560.744526950878,2.24295e+06
6560.92394735424,2.26841e+06
6561.103367757602,2.27143e+06
6561.282788160965,2.27357e+06
6561.462208564326,2.2466e+06
6561.641628967688,2.09098e+06
6561.82104937105,1.8126e+06
6562.0004697744125,1.48209e+06
6562.179890177775,1.1845e+06
6562.359310581137,1.01879e+06
6562.538730984498,1.0207e+06
6562.71815138786,1.18232e+06
6562.897571791223,1.47368e+06
6563.076992194585,1.79152e+06
6563.256412597947,2.05083e+06
6563.435833001309,2.20017e+06
6563.6152534046705,2.27876e+06
6563.794673808033,2.3024e+06
6563.974094211395,2.26352e+06
6564.153514614757,2.25078e+06
6564.332935018119,2.24654e+06
6564.5123554214815,2.2171e+06
6564.691775824844,2.16603e+06
6564.871196228205,2.08087e+06
6565.050616631567,1.9731e+06
6565.230037034929,1.86992e+06
6565.409457438292,1.76863e+06
6565.588877841654,1.66941e+06
6565.768298245015,1.57243e+06
6565.947718648377,1.47627e+06
6566.1271390517395,1.39775e+06
6566.306559455102,1.31502e+06
6566.485979858464,1.2486e+06
6566.665400261826,1.17928e+06
6566.844820665188,1.1212e+06
6567.02424106855,1.07209e+06
6567.203661471912,1.02027e+06
6567.383081875274,968561.0
6567.562502278636,918531.0
6567.741922681998,878422.0
6567.921343085361,847763.0
6568.100763488722,818684.0
6568.280183892084,785600.0
6568.459604295446,750088.0
6568.6390246988085,720290.0
6568.818445102171,698589.0
6568.997865505533,682208.0
6569.177285908894,670901.0
6569.356706312256,654679.0
6569.536126715619,633914.0
6569.715547118981,617484.0
6569.894967522343,609192.0
6570.074387925705,599826.0
6570.2538083290665,582769.0
6570.433228732429,574118.0
6570.612649135791,569167.0
6570.792069539153,558174.0
6570.971489942515,543021.0
6571.1509103458775,535493.0
6571.330330749239,534046.0
6571.509751152601,526611.0
6571.689171555963,513873.0
6571.868591959325,497053.0
6572.048012362688,482790.0
6572.22743276605,482056.0
6572.406853169411,487690.0
6572.586273572773,490177.0
6572.7656939761355,486003.0
6572.945114379498,484798.0
6573.12453478286,484607.0
6573.303955186222,477510.0
6573.483375589583,469424.0
6573.662795992946,466427.0
6573.842216396308,470279.0
6574.02163679967,469863.0
6574.201057203032,464157.0
6574.380477606394,454951.0
6574.559898009756,441505.0
6574.739318413118,428277.0
6574.91873881648,423698.0
6575.098159219842,429749.0
6575.2775796232045,442210.0
6575.457000026567,449866.0
6575.636420429928,449091.0
6575.81584083329,447290.0
6575.995261236652,444259.0
6576.174681640015,441851.0
6576.354102043377,439651.0
6576.533522446739,434817.0
6576.7129428501,432245.0
6576.8923632534625,436166.0
6577.071783656825,436740.0
6577.251204060187,433797.0
6577.430624463549,430408.0
6577.610044866911,435787.0
6577.789465270273,434741.0
6577.968885673635,429654.0
6578.148306076997,427964.0
6578.327726480359,430482.0
6578.507146883721,427604.0
6578.686567287084,423279.0
6578.865987690445,426368.0
6579.045408093807,426866.0
6579.224828497169,424778.0
6579.4042489005315,423986.0
6579.583669303894,419956.0
6579.763089707256,421540.0
6579.942510110617,427342.0
6580.121930513979,425740.0
6580.301350917342,423746.0
6580.480771320704,418228.0
6580.660191724066,410528.0
6580.839612127428,411753.0
6581.019032530789,418724.0
6581.198452934152,419854.0
6581.377873337514,419517.0
6581.557293740876,424110.0
6581.736714144238,424354.0
6581.9161345476,420869.0
6582.095554950962,419067.0
6582.274975354324,424420.0
6582.454395757686,420785.0
6582.633816161048,417949.0
6582.8132365644105,418427.0
6582.992656967773,420409.0
6583.172077371134,422197.0
6583.351497774496,420765.0
6583.530918177858,417958.0
6583.710338581221,418438.0
6583.889758984583,423558.0
6584.069179387945,425628.0
6584.248599791306,423449.0
6584.4280201946685,425064.0
6584.607440598031,429457.0
6584.786861001393,427351.0
6584.966281404755,425463.0
6585.145701808117,426768.0
6585.325122211479,423475.0
6585.504542614841,424545.0
6585.683963018203,420198.0
6585.863383421565,419595.0
6586.042803824927,422376.0
6586.22222422829,417189.0
6586.401644631651,414747.0
6586.581065035013,412467.0
6586.760485438375,413987.0
6586.9399058417375,416460.0
6587.1193262451,421494.0
6587.298746648462,425339.0
6587.478167051823,424010.0
6587.657587455185,424339.0
6587.837007858548,424026.0
6588.01642826191,420246.0
6588.195848665272,418034.0
6588.375269068634,420650.0
6588.5546894719955,423539.0
6588.734109875358,423099.0
6588.91353027872,422218.0
6589.092950682082,419205.0
6589.272371085444,419461.0
6589.4517914888065,422377.0
6589.631211892168,420414.0
6589.81063229553,420820.0
6589.990052698892,426583.0
6590.169473102254,425177.0
6590.348893505617,421977.0
6590.528313908979,417432.0
6590.70773431234,422124.0
6590.887154715702,424535.0
6591.0665751190645,416406.0
6591.245995522427,416625.0
6591.425415925789,420457.0
6591.604836329151,421317.0
6591.784256732512,418401.0
6591.963677135875,413748.0
6592.143097539237,412432.0
6592.322517942599,414961.0
6592.501938345961,416409.0
6592.681358749323,417754.0
6592.860779152685,417274.0
6593.040199556047,412087.0
6593.219619959409,411039.0
6593.399040362771,415797.0
6593.5784607661335,415002.0
6593.757881169496,410661.0
6593.937301572857,409570.0
6594.116721976219,411540.0
6594.296142379581,412958.0
6594.475562782944,409913.0
6594.654983186306,408736.0
6594.834403589668,409292.0
6595.013823993029,410751.0
6595.1932443963915,413529.0
6595.372664799754,414590.0
6595.552085203116,416334.0
6595.731505606478,417270.0
6595.91092600984,413358.0
6596.090346413202,409288.0
6596.269766816564,411064.0
6596.449187219926,411861.0
6596.628607623288,411178.0
6596.80802802665,407438.0
6596.987448430013,408742.0
6597.166868833374,409033.0
6597.346289236736,412115.0
6597.525709640098,412863.0
6597.7051300434605,410677.0
6597.884550446823,410328.0
6598.063970850185,410962.0
6598.243391253546,412822.0
6598.422811656908,411609.0
6598.602232060271,410223.0
6598.781652463633,412197.0
6598.961072866995,410534.0
6599.140493270357,405925.0
6599.3199136737185,401314.0
6599.499334077081,404295.0
6599.678754480443,410979.0
6599.858174883805,409395.0
6600.037595287167,408225.0
6600.2170156905295,409491.0
6600.396436093891,405232.0
6600.575856497253,408523.0
6600.755276900615,413185.0
6600.934697303977,407495.0
6601.11411770734,409119.0
6601.293538110702,413146.0
6601.472958514063,410765.0
6601.652378917425,410168.0
6601.8317993207875,407779.0
6602.01121972415,403986.0
6602.190640127512,403861.0
6602.370060530874,404422.0
6602.549480934236,405966.0
6602.728901337598,406541.0
6602.90832174096,405458.0
6603.087742144322,409719.0
6603.267162547684,406200.0
6603.446582951046,408497.0
6603.626003354408,409246.0
6603.80542375777,406547.0
6603.984844161132,405586.0
6604.164264564494,407641.0
6604.3436849678565,404914.0
6604.523105371219,402769.0
6604.702525774581,400807.0
6604.881946177942,402157.0
6605.061366581304,402555.0
6605.240786984667,405340.0
6605.420207388029,400829.0
6605.599627791391,401089.0
6605.779048194753,405131.0
6605.958468598114,402458.0
6606.137889001477,402022.0
6606.317309404839,403424.0
6606.496729808201,402424.0
6606.676150211563,401153.0
6606.855570614925,400520.0
6607.034991018287,400287.0
6607.214411421649,401640.0
6607.393831825011,399314.0
6607.573252228373,398916.0
6607.752672631736,400695.0
6607.932093035098,406924.0
6608.111513438459,405983.0
6608.290933841821,401299.0
6608.470354245183,400666.0
6608.649774648546,400294.0
6608.829195051908,398006.0
6609.00861545527,398895.0
6609.188035858631,400278.0
6609.3674562619935,397947.0
6609.546876665356,397475.0
6609.726297068718,396517.0
6609.90571747208,396395.0
6610.085137875442,395566.0
6610.264558278804,396649.0
6610.443978682166,398146.0
6610.623399085528,397641.0
6610.80281948889,400583.0
6610.982239892252,402252.0
6611.161660295615,398603.0
6611.341080698976,396450.0
6611.520501102338,396602.0
6611.6999215057,395189.0
6611.8793419090625,393602.0
6612.058762312425,392988.0
6612.238182715787,392608.0
6612.417603119148,391733.0
6612.59702352251,388633.0
6612.776443925873,386970.0
6612.955864329235,391544.0
6613.135284732597,391899.0
6613.314705135959,386578.0
6613.4941255393205,384163.0
6613.673545942683,387555.0
6613.852966346045,390458.0
6614.032386749407,390585.0
6614.211807152769,390034.0
6614.3912275561315,391100.0
6614.570647959493,392829.0
6614.750068362855,395996.0
6614.929488766217,394688.0
6615.108909169579,390001.0
6615.288329572942,387624.0
6615.467749976304,390944.0
6615.647170379665,391586.0
6615.826590783027,394212.0
6616.0060111863895,389865.0
6616.185431589752,384346.0
6616.364851993114,392545.0
6616.544272396476,392715.0
6616.723692799837,388572.0
6616.9031132032,390499.0
6617.082533606562,389809.0
6617.261954009924,384895.0
6617.441374413286,388549.0
6617.620794816648,389547.0
6617.80021522001,385667.0
6617.979635623372,387837.0
6618.159056026734,389538.0
6618.338476430096,384540.0
6618.5178968334585,386202.0
6618.697317236821,386895.0
6618.876737640182,383786.0
6619.056158043544,383378.0
6619.235578446906,386158.0
6619.414998850269,385274.0
6619.594419253631,381370.0
6619.773839656993,381813.0
6619.953260060354,383097.0
6620.1326804637165,385920.0
6620.312100867079,383553.0
6620.491521270441,382022.0
6620.670941673803,383912.0
6620.850362077165,379704.0
6621.029782480527,380211.0
6621.209202883889,378923.0
6621.388623287251,375834.0
6621.568043690613,378741.0
6621.747464093975,381403.0
6621.926884497338,380950.0
6622.106304900699,380118.0
6622.285725304061,379017.0
6622.465145707423,377068.0
6622.6445661107855,375729.0
6622.823986514148,375705.0
6623.00340691751,377519.0
6623.182827320871,378180.0
6623.362247724233,379476.0
6623.541668127596,377133.0
6623.721088530958,377952.0
6623.90050893432,375814.0
6624.079929337682,375195.0
6624.2593497410435,379618.0
6624.438770144406,377627.0
6624.618190547768,375490.0
6624.79761095113,378750.0
6624.977031354492,379472.0
6625.1564517578545,372921.0
6625.335872161216,375061.0
6625.515292564578,376629.0
6625.69471296794,372406.0
6625.874133371302,369119.0
6626.053553774665,370469.0
6626.232974178027,369376.0
6626.412394581388,371240.0
6626.59181498475,373171.0
6626.7712353881125,370873.0
6626.950655791475,371255.0
6627.130076194837,372869.0
6627.309496598199,372697.0
6627.48891700156,372072.0
6627.668337404923,372015.0
6627.847757808285,367789.0
6628.027178211647,365316.0
6628.206598615009,372391.0
6628.386019018371,369571.0
6628.565439421733,366835.0
6628.744859825095,368124.0
6628.924280228457,370757.0
6629.103700631819,368304.0
6629.2831210351815,365204.0
6629.462541438544,366411.0
6629.641961841905,364979.0
6629.821382245267,362419.0
6630.000802648629,365798.0
6630.180223051992,366920.0
6630.359643455354,365466.0
6630.539063858716,366117.0
6630.718484262077,366371.0
6630.8979046654395,363475.0
6631.077325068802,364295.0
6631.256745472164,366137.0
6631.436165875526,365317.0
6631.615586278888,362324.0
6631.79500668225,359479.0
6631.974427085612,362526.0
6632.153847488974,362973.0
6632.333267892336,361283.0
6632.512688295698,358060.0
6632.692108699061,359107.0
6632.871529102422,360034.0
6633.050949505784,354377.0
6633.230369909146,355448.0
6633.409790312508,359771.0
6633.589210715871,361287.0
6633.768631119233,358821.0
6633.948051522594,357365.0
6634.127471925956,356173.0
6634.3068923293185,356849.0
6634.486312732681,356943.0
6634.665733136043,358638.0
6634.845153539405,357404.0
6635.024573942766,355890.0
6635.203994346129,354046.0
6635.383414749491,354304.0
6635.562835152853,355466.0
6635.742255556215,356982.0
6635.921675959577,355119.0
6636.101096362939,352555.0
6636.280516766301,350268.0
6636.459937169663,351835.0
6636.639357573025,352342.0
6636.8187779763875,352407.0
6636.99819837975,353470.0
6637.177618783111,356599.0
6637.357039186473,353326.0
6637.536459589835,348582.0
6637.715879993198,347573.0
6637.89530039656,348476.0
6638.074720799922,349190.0
6638.254141203283,348823.0
6638.4335616066455,349947.0
6638.612982010008,349639.0
6638.79240241337,349434.0
6638.971822816732,347624.0
6639.151243220094,345995.0
6639.330663623456,346938.0
6639.510084026818,344858.0
6639.68950443018,342597.0
6639.868924833542,341872.0
6640.048345236904,343920.0
6640.227765640267,341863.0
6640.407186043629,338393.0
6640.58660644699,339530.0
6640.766026850352,345945.0
6640.9454472537145,344870.0
6641.124867657077,342654.0
6641.304288060439,343573.0
6641.4837084638,338762.0
6641.663128867162,336463.0
6641.842549270525,337787.0
6642.021969673887,337994.0
6642.201390077249,335685.0
6642.380810480611,337269.0
6642.560230883973,339527.0
6642.739651287335,337173.0
6642.919071690697,337576.0
6643.098492094059,335845.0
6643.277912497421,334338.0
6643.4573329007835,337910.0
6643.636753304145,336519.0
6643.816173707507,334369.0
6643.995594110869,332881.0
6644.175014514231,333073.0
6644.354434917594,334771.0
6644.533855320956,333807.0
6644.713275724318,332397.0
6644.892696127679,333274.0
6645.0721165310415,332593.0
6645.251536934404,330972.0
6645.430957337766,326188.0
6645.610377741128,331232.0
6645.78979814449,333217.0
6645.969218547852,330520.0
6646.148638951214,330890.0
6646.328059354576,328491.0
6646.507479757938,327458.0
6646.6869001613,330131.0
6646.866320564663,330661.0
6647.045740968024,328821.0
6647.225161371386,325793.0
6647.404581774748,325192.0
6647.5840021781105,324330.0
6647.763422581473,323380.0
6647.942842984835,324540.0
6648.122263388196,322341.0
6648.301683791558,320723.0
6648.481104194921,320863.0
6648.660524598283,323590.0
6648.839945001645,323745.0
6649.019365405007,319950.0
6649.1987858083685,320349.0
6649.378206211731,321494.0
6649.557626615093,317057.0
6649.737047018455,317243.0
6649.916467421817,321423.0
6650.0958878251795,318034.0
6650.275308228541,318392.0
6650.454728631903,318686.0
6650.634149035265,317819.0
6650.813569438627,317521.0
6650.99298984199,315841.0
6651.172410245352,317095.0
6651.351830648713,316646.0
6651.531251052075,313754.0
6651.7106714554375,310973.0
6651.8900918588,312576.0
6652.069512262162,315366.0
6652.248932665524,314867.0
6652.428353068885,314203.0
6652.607773472248,314134.0
6652.78719387561,314137.0
6652.966614278972,311012.0
6653.146034682334,308023.0
6653.325455085696,310040.0
6653.504875489058,312411.0
6653.68429589242,309187.0
6653.863716295782,308295.0
6654.043136699144,307312.0
6654.2225571025065,309076.0
6654.401977505869,308324.0
6654.58139790923,305120.0
6654.760818312592,306653.0
6654.940238715954,306275.0
6655.119659119317,305368.0
6655.299079522679,303779.0
6655.478499926041,306900.0
6655.657920329402,305783.0
6655.8373407327645,305165.0
6656.016761136127,305764.0
6656.196181539489,302721.0
6656.375601942851,304070.0
6656.555022346213,304512.0
6656.734442749575,301802.0
6656.913863152937,298062.0
6657.093283556299,297616.0
6657.272703959661,301425.0
6657.452124363023,301701.0
6657.631544766386,299360.0
6657.810965169747,296611.0
6657.990385573109,298056.0
6658.169805976471,296222.0
6658.349226379833,297746.0
6658.528646783196,297000.0
6658.708067186558,295684.0
6658.887487589919,294154.0
6659.066907993281,296218.0
6659.246328396644,295300.0
6659.425748800006,291706.0
6659.605169203368,290738.0
6659.78458960673,291943.0
6659.964010010091,293181.0
6660.143430413454,293051.0
6660.322850816816,289973.0
6660.502271220178,289416.0
6660.68169162354,289218.0
6660.861112026902,289706.0
6661.040532430264,287049.0
6661.219952833626,289149.0
6661.399373236988,289992.0
6661.57879364035,288021.0
6661.7582140437125,288553.0
6661.937634447075,286598.0
6662.117054850436,285336.0
6662.296475253798,286718.0
6662.47589565716,283990.0
6662.655316060523,285222.0
6662.834736463885,285606.0
6663.014156867247,281649.0
6663.193577270608,283915.0
6663.3729976739705,281631.0
6663.552418077333,277246.0
6663.731838480695,280353.0
6663.911258884057,283703.0
6664.090679287419,282610.0
6664.270099690781,280116.0
6664.449520094143,277083.0
6664.628940497505,277653.0
6664.808360900867,278318.0
6664.987781304229,278157.0
6665.167201707592,277974.0
6665.346622110953,278838.0
6665.526042514315,274930.0
6665.705462917677,271353.0
6665.8848833210395,274518.0
6666.064303724402,273995.0
6666.243724127764,271797.0
6666.423144531125,271191.0
6666.602564934487,270812.0
6666.78198533785,272987.0
6666.961405741212,270366.0
6667.140826144574,270117.0
6667.320246547936,270883.0
6667.4996669512975,268840.0
6667.67908735466,267678.0
6667.858507758022,266116.0
6668.037928161384,268144.0
6668.217348564746,269276.0
6668.3967689681085,266831.0
6668.57618937147,266327.0
6668.755609774832,264934.0
6668.935030178194,263422.0
6669.114450581556,261002.0
6669.293870984919,259220.0
6669.473291388281,262233.0
6669.652711791642,261855.0
6669.832132195004,261370.0
6670.0115525983665,258884.0
6670.190973001729,259899.0
6670.370393405091,262914.0
6670.549813808453,258087.0
6670.729234211814,257602.0
6670.908654615177,257408.0
6671.088075018539,256112.0
6671.267495421901,254726.0
6671.446915825263,255120.0
6671.626336228625,253542.0
6671.805756631987,251702.0
6671.985177035349,249470.0
6672.164597438711,248800.0
6672.344017842073,248649.0
6672.5234382454355,247952.0
6672.702858648798,247595.0
6672.882279052159,246470.0
6673.061699455521,243520.0
6673.241119858883,245801.0
6673.420540262246,245027.0
6673.599960665608,242638.0
6673.77938106897,241366.0
6673.958801472331,240344.0
6674.1382218756935,239294.0
6674.317642279056,239612.0
6674.497062682418,240500.0
6674.67648308578,236809.0
6674.855903489142,235791.0
6675.035323892504,236388.0
6675.214744295866,235409.0
6675.394164699228,236515.0
6675.57358510259,234360.0
6675.753005505952,232314.0
6675.932425909315,231390.0
6676.111846312676,230669.0
6676.291266716038,227259.0
6676.4706871194,227574.0
6676.6501075227625,226450.0
6676.829527926125,228250.0
6677.008948329487,226700.0
6677.188368732848,226461.0
6677.36778913621,224562.0
6677.547209539573,222657.0
6677.726629942935,224173.0
6677.906050346297,223591.0
6678.085470749659,223848.0
6678.264891153021,220943.0
6678.444311556383,218236.0
6678.623731959745,219884.0
6678.803152363107,220919.0
6678.982572766469,220367.0
6679.1619931698315,219912.0
6679.341413573193,220457.0
6679.520833976555,219833.0
6679.700254379917,219236.0
6679.879674783279,217046.0
6680.059095186642,215677.0
6680.238515590004,216120.0
6680.417935993366,217678.0
6680.597356396727,216268.0
6680.7767768000895,213612.0
6680.956197203452,214158.0
6681.135617606814,216249.0
6681.315038010176,215513.0
6681.494458413537,212963.0
6681.6738788169,213586.0
6681.853299220262,213519.0
6682.032719623624,212937.0
6682.212140026986,213518.0
6682.391560430348,215845.0
6682.570980833711,213979.0
6682.750401237072,214468.0
6682.929821640434,212715.0
6683.109242043796,212670.0
6683.2886624471585,212407.0
6683.468082850521,212798.0
6683.647503253882,211490.0
6683.826923657244,209938.0
6684.006344060606,210044.0
6684.185764463969,209335.0
6684.365184867331,210819.0
6684.544605270693,213718.0
6684.724025674055,212585.0
6684.903446077416,208109.0
6685.082866480779,207814.0
6685.262286884141,208397.0
6685.441707287503,209625.0
6685.621127690865,206965.0
6685.800548094227,207452.0
6685.979968497589,208489.0
6686.159388900951,207303.0
6686.338809304313,203987.0
6686.518229707675,202717.0
6686.697650111038,203543.0
6686.8770705144,203297.0
6687.056490917761,202762.0
6687.235911321123,200490.0
6687.415331724485,200116.0
6687.594752127848,201235.0
6687.77417253121,199040.0
6687.953592934572,197186.0
6688.133013337933,198838.0
6688.3124337412955,199669.0
6688.491854144658,197454.0
6688.67127454802,197430.0
6688.850694951382,197896.0
6689.030115354744,196360.0
6689.209535758106,196471.0
6689.388956161468,196314.0
6689.56837656483,194934.0
6689.747796968192,194633.0
6689.927217371554,191022.0
6690.106637774917,191494.0
6690.286058178278,191515.0
6690.46547858164,192151.0
6690.644898985002,193464.0
6690.8243193883645,191761.0
6691.003739791727,189533.0
6691.183160195089,185704.0
6691.36258059845,188528.0
6691.542001001812,187050.0
6691.721421405175,184789.0
6691.900841808537,186506.0
6692.080262211899,185792.0
6692.259682615261,184800.0
6692.4391030186225,183179.0
6692.618523421985,182426.0
6692.797943825347,182091.0
6692.977364228709,183114.0
6693.156784632071,183792.0
6693.3362050354335,177979.0
6693.515625438795,178425.0
6693.695045842157,179633.0
6693.874466245519,178787.0
6694.053886648881,178432.0
6694.233307052244,176531.0
6694.412727455606,174946.0
6694.592147858967,175000.0
6694.771568262329,176515.0
6694.9509886656915,176320.0
6695.130409069054,175225.0
6695.309829472416,173044.0
6695.489249875778,172066.0
6695.668670279139,170801.0
6695.848090682502,170305.0
6696.027511085864,169937.0
6696.206931489226,167892.0
6696.386351892588,167817.0
6696.56577229595,166751.0
6696.745192699312,165557.0
6696.924613102674,165747.0
6697.104033506036,164639.0
6697.283453909398,162323.0
6697.4628743127605,164157.0
6697.642294716123,162438.0
6697.821715119484,163133.0
6698.001135522846,162026.0
6698.180555926208,159861.0
6698.359976329571,160965.0
6698.539396732933,160274.0
6698.718817136295,157861.0
6698.898237539656,157764.0
6699.0776579430185,155930.0
6699.257078346381,155829.0
6699.436498749743,155109.0
6699.615919153105,156894.0
6699.795339556467,156787.0
6699.974759959829,155666.0
6700.154180363191,153474.0
6700.333600766553,151734.0
6700.513021169915,152803.0
6700.692441573277,153888.0
6700.87186197664,152319.0
6701.051282380001,151042.0
6701.230702783363,149843.0
6701.410123186725,152885.0
6701.5895435900875,151401.0
6701.76896399345,147451.0
6701.948384396812,148160.0
6702.127804800173,146294.0
6702.307225203535,146175.0
6702.486645606898,146748.0
6702.66606601026,145497.0
6702.845486413622,142210.0
6703.024906816984,142055.0
6703.2043272203455,142778.0
6703.383747623708,143591.0
6703.56316802707,143435.0
6703.742588430432,141547.0
6703.922008833794,141392.0
6704.1014292371565,141035.0
6704.280849640518,139610.0
6704.46027004388,138784.0
6704.639690447242,137455.0
6704.819110850604,137443.0
6704.998531253967,137545.0
6705.177951657329,135557.0
6705.35737206069,137200.0
6705.536792464052,136977.0
6705.7162128674145,134800.0
6705.895633270777,133608.0
6706.075053674139,135310.0
6706.254474077501,133343.0
6706.433894480862,132196.0
6706.613314884225,132814.0
6706.792735287587,132589.0
6706.972155690949,132268.0
6707.151576094311,129860.0
6707.330996497673,129871.0
6707.510416901035,129294.0
6707.689837304397,129669.0
6707.869257707759,127177.0
6708.048678111121,125263.0
6708.2280985144835,126697.0
6708.407518917846,126926.0
6708.586939321207,125179.0
6708.766359724569,123042.0
6708.945780127931,122056.0
6709.125200531294,123310.0
6709.304620934656,123165.0
6709.484041338018,121318.0
6709.663461741379,120868.0
6709.842882144741,121399.0
6710.022302548104,119258.0
6710.201722951466,118068.0
6710.381143354828,117806.0
6710.56056375819,117947.0
6710.739984161552,116970.0
6710.919404564914,116805.0
6711.098824968276,113852.0
6711.278245371638,114257.0
6711.457665775,115458.0
6711.637086178363,114543.0
6711.816506581724,113763.0
6711.995926985086,113302.0
6712.175347388448,112090.0
6712.35476779181,111457.0
6712.534188195173,113660.0
6712.713608598535,110935.0
6712.893029001896,109619.0
6713.072449405258,109768.0
6713.2518698086205,108616.0
6713.431290211983,107532.0
6713.610710615345,107725.0
6713.790131018707,106663.0
6713.969551422068,104878.0
6714.148971825431,104412.0
6714.328392228793,104408.0
6714.507812632155,104187.0
6714.687233035517,104281.0
6714.866653438879,104438.0
6715.046073842241,102131.0
6715.225494245603,101377.0
6715.404914648965,101152.0
6715.584335052327,100703.0
6715.7637554556895,99489.0
6715.943175859052,98265.3
6716.122596262414,99478.6
6716.302016665775,97658.7
6716.481437069137,96536.0
6716.6608574725,97141.4
6716.840277875862,97347.6
6717.019698279224,96648.8
6717.199118682585,96483.4
6717.3785390859475,96439.2
6717.55795948931,94418.7
6717.737379892672,94036.0
6717.916800296034,93135.8
6718.096220699396,93358.4
6718.2756411027585,93892.8
6718.45506150612,91598.0
6718.634481909482,92210.5
6718.813902312844,92628.3
6718.993322716206,89604.6
6719.172743119569,88443.7
6719.35216352293,88381.1
6719.531583926292,89250.7
6719.711004329654,86629.9
6719.8904247330165,85858.6
6720.069845136379,87072.6
6720.249265539741,85798.4
6720.428685943103,85302.6
6720.608106346464,85792.0
6720.787526749827,84192.9
6720.966947153189,83536.8
6721.146367556551,82370.8
6721.325787959913,82683.8
6721.5052083632745,81810.7
6721.684628766637,81554.9
6721.864049169999,81355.6
6722.043469573361,81643.2
6722.222889976723,81578.8
6722.4023103800855,81049.0
6722.581730783448,80124.9
6722.761151186809,79208.0
6722.940571590171,79374.8
6723.119991993533,77466.9
6723.299412396896,76856.3
6723.478832800258,77101.7
6723.65825320362,77229.2
6723.837673606981,76173.4
6724.0170940103435,74999.0
6724.196514413706,74982.1
6724.375934817068,75120.1
6724.55535522043,74205.2
6724.734775623792,72795.4
6724.914196027154,74682.3
6725.093616430516,72169.5
6725.273036833878,71923.3
6725.45245723724,72024.8
6725.631877640602,71428.9
6725.811298043965,69640.2
6725.990718447326,69290.1
6726.170138850688,70351.9
6726.34955925405,69685.3
6726.5289796574125,68309.3
6726.708400060775,67730.1
6726.887820464137,67949.2
6727.067240867498,67785.3
6727.24666127086,68383.5
6727.426081674223,66773.8
6727.605502077585,65738.6
6727.784922480947,65790.3
6727.964342884309,65817.4
6728.1437632876705,64941.1
6728.323183691033,63179.9
6728.502604094395,63732.3
6728.682024497757,64710.0
6728.861444901119,62726.0
6729.0408653044815,62323.5
6729.220285707843,62238.1
6729.399706111205,59981.0
6729.579126514567,60212.0
6729.758546917929,60249.0
6729.937967321292,60990.8
6730.117387724654,60459.3
6730.296808128015,59384.1
6730.476228531377,58369.7
6730.6556489347395,58679.0
6730.835069338102,58301.7
6731.014489741464,56725.2
6731.193910144826,57010.3
6731.373330548187,57024.5
6731.55275095155,57906.3
6731.732171354912,56979.0
6731.911591758274,55348.9
6732.091012161636,55285.1
6732.270432564998,56103.6
6732.44985296836,53847.2
6732.629273371722,54257.3
6732.808693775084,53608.8
6732.988114178446,53702.1
6733.1675345818085,52116.5
6733.346954985171,52325.2
6733.526375388532,50867.9
6733.705795791894,47650.8
