7605.9715001798,3464.6
7606.181524848179,3531.31
7606.391549516557,2801.25
7606.601574184935,2079.02
7606.811598853313,1734.33
7607.021623521691,3241.56
7607.23164819007,4256.97
7607.441672858447,3225.72
7607.651697526826,3459.27
7607.861722195204,2084.12
7608.071746863582,3058.33
7608.281771531961,4355.17
7608.491796200338,5583.1
7608.701820868717,6296.47
7608.911845537095,5186.89
7609.121870205473,3212.92
7609.3318948738515,2674.99
7609.541919542229,3277.65
7609.751944210608,3559.69
7609.961968878986,4106.96
7610.171993547364,3452.73
7610.382018215742,3205.17
7610.59204288412,4573.98
7610.802067552499,6402.59
7611.012092220877,8381.54
7611.222116889255,10056.1
7611.432141557633,8795.95
7611.642166226011,6259.58
7611.852190894389,3590.51
7612.062215562768,2467.52
7612.272240231146,3515.46
7612.482264899524,5761.93
7612.692289567902,7202.16
7612.90231423628,6231.8
7613.112338904659,4606.44
7613.3223635730365,6332.32
7613.532388241415,9654.0
7613.742412909793,12854.9
7613.952437578171,14007.0
7614.16246224655,14987.4
7614.372486914927,14281.1
7614.582511583306,11422.8
7614.792536251684,8905.84
7615.002560920062,6483.57
7615.212585588441,7507.85
7615.422610256818,9518.04
7615.632634925197,11133.6
7615.842659593575,9630.3
7616.052684261953,8853.6
7616.262708930331,10896.8
7616.472733598709,14492.5
7616.682758267088,19368.4
7616.892782935466,22477.6
7617.102807603844,22438.0
7617.312832272222,23323.2
7617.5228569406,24722.6
7617.7328816089785,25319.8
7617.942906277357,25403.3
7618.152930945735,25846.9
7618.362955614113,25709.4
7618.572980282491,24718.9
7618.783004950869,24808.8
7618.993029619248,24030.6
7619.2030542876255,24463.4
7619.413078956004,24704.7
7619.623103624382,24786.8
7619.83312829276,23384.3
7620.043152961139,21815.5
7620.253177629516,20429.8
7620.463202297895,15917.2
7620.673226966273,10738.9
7620.883251634651,8840.57
7621.09327630303,9751.02
7621.303300971407,13296.3
7621.513325639786,17514.8
7621.723350308164,20023.3
7621.933374976542,21215.7
7622.1433996449205,21847.9
7622.353424313298,21147.4
7622.563448981677,18211.6
7622.773473650055,12315.2
7622.983498318433,9517.06
7623.193522986811,7350.97
7623.403547655189,7397.24
7623.6135723235675,8724.92
7623.823596991946,9692.04
7624.033621660324,9409.82
7624.243646328702,6753.36
7624.45367099708,5102.34
7624.663695665458,7313.02
7624.873720333837,10818.0
7625.0837450022145,15232.0
7625.293769670593,18706.0
7625.503794338971,20766.8
7625.713819007349,22087.0
7625.923843675728,21091.0
7626.133868344105,17889.5
7626.343893012484,15852.5
7626.5539176808625,12521.9
7626.76394234924,6933.75
7626.973967017619,4861.08
7627.183991685996,5380.81
7627.394016354375,5969.96
7627.604041022753,7307.29
7627.814065691131,7504.48
7628.0240903595095,5521.05
7628.234115027887,5811.38
7628.444139696266,8422.47
7628.654164364644,12492.5
7628.864189033022,16846.2
7629.0742137014,19419.5
7629.284238369778,22661.1
7629.4942630381565,23427.0
7629.704287706535,21855.8
7629.914312374913,21022.3
7630.124337043291,18732.1
7630.334361711669,15867.8
7630.544386380047,11028.4
7630.754411048426,7816.03
7630.964435716804,5085.77
7631.174460385182,5310.31
7631.38448505356,6656.3
7631.594509721938,6921.87
7631.804534390317,6251.59
7632.014559058694,5265.46
7632.224583727073,6698.81
7632.4346083954515,10313.7
7632.644633063829,14107.9
7632.854657732208,19408.1
7633.064682400585,23057.0
7633.274707068964,24824.6
7633.484731737342,25352.9
7633.69475640572,25009.7
7633.9047810740985,24625.4
7634.114805742476,23527.5
7634.324830410855,20832.1
7634.534855079233,16699.3
7634.744879747611,11435.7
7634.954904415989,7919.88
7635.164929084367,6536.24
7635.374953752746,5986.51
7635.584978421124,6593.58
7635.795003089502,7549.17
7636.00502775788,6854.61
7636.215052426258,5934.75
7636.425077094636,7192.56
7636.635101763015,10577.0
7636.845126431393,15612.8
7637.055151099771,20708.5
7637.265175768149,23930.4
7637.475200436527,26220.9
7637.685225104906,28028.4
7637.8952497732835,28517.3
7638.105274441662,28058.9
7638.3152991100405,27405.6
7638.525323778418,26683.1
7638.735348446797,23279.3
7638.945373115174,19117.9
7639.155397783553,13477.6
7639.365422451931,8846.11
7639.575447120309,6798.86
7639.785471788688,7231.05
7639.995496457065,8973.61
7640.205521125444,9375.67
7640.415545793822,8616.04
7640.6255704622,8462.15
7640.835595130578,9981.02
7641.045619798956,15243.0
7641.255644467335,20412.2
7641.465669135713,25321.1
7641.675693804091,28346.3
7641.885718472469,30272.0
7642.095743140847,31750.7
7642.3057678092255,30848.2
7642.515792477604,31847.1
7642.725817145982,32415.0
7642.93584181436,31635.1
7643.145866482738,30009.8
7643.355891151116,26847.3
7643.565915819495,23461.2
7643.7759404878725,17066.1
7643.985965156251,10491.1
7644.19598982463,9357.32
7644.406014493007,10326.7
7644.616039161386,10824.5
7644.826063829763,11169.2
7645.036088498142,10193.9
7645.24611316652,9640.71
7645.456137834898,13164.2
7645.666162503277,19072.6
7645.876187171654,24400.0
7646.086211840033,28511.5
7646.296236508411,31413.2
7646.506261176789,33462.3
7646.7162858451675,35203.0
7646.926310513545,36108.9
7647.136335181924,37058.7
7647.346359850302,36222.4
7647.55638451868,34320.9
7647.766409187058,34778.4
7647.976433855436,33708.8
7648.1864585238145,30860.6
7648.396483192193,26293.2
7648.606507860571,19410.8
7648.816532528949,15611.8
7649.026557197327,13941.8
7649.236581865705,14612.6
7649.446606534084,15597.0
7649.6566312024615,14415.0
7649.86665587084,13904.1
7650.076680539219,14714.8
7650.286705207596,17158.6
7650.496729875975,21588.9
7650.706754544352,27928.3
7650.916779212731,34397.2
7651.1268038811095,37347.0
7651.336828549487,38894.4
7651.546853217866,39798.3
7651.756877886243,38283.3
7651.966902554622,39169.0
7652.176927223,39757.9
7652.386951891378,40257.3
7652.5969765597565,40353.9
7652.807001228134,39480.9
7653.017025896513,38865.7
7653.227050564891,36859.1
7653.437075233269,32184.8
7653.647099901647,25103.3
7653.857124570025,20751.7
7654.0671492384035,19267.2
7654.277173906782,19873.5
7654.48719857516,21811.7
7654.697223243538,20786.2
7654.907247911917,19374.1
7655.117272580294,20372.8
7655.327297248673,22533.9
7655.537321917051,27566.3
7655.747346585429,33804.9
7655.957371253808,39394.5
7656.167395922185,40914.4
7656.377420590564,41062.8
7656.587445258941,42415.5
7656.79746992732,43437.3
7657.0074945956985,42955.2
7657.217519264076,43056.9
7657.427543932455,43778.5
7657.637568600832,43982.2
7657.847593269211,44881.5
7658.057617937589,44954.3
7658.267642605967,43262.2
7658.477667274346,42582.2
7658.687691942723,39305.6
7658.897716611102,32913.0
7659.10774127948,29206.8
7659.317765947858,25723.6
7659.527790616236,24715.5
7659.737815284614,26787.3
7659.947839952993,27142.4
7660.157864621371,26783.6
7660.367889289749,27003.0
7660.577913958127,29054.9
7660.787938626506,32526.9
7660.997963294883,36765.7
7661.207987963262,41675.1
7661.41801263164,44790.5
7661.628037300018,45635.9
7661.838061968397,46899.6
7662.048086636774,46797.5
7662.258111305153,45652.9
7662.4681359735305,46637.4
7662.678160641909,47292.1
7662.888185310288,47391.9
7663.098209978665,47194.1
7663.308234647044,45874.6
7663.518259315421,45864.8
7663.7282839838,46231.3
7663.938308652178,44454.7
7664.148333320556,42215.5
7664.358357988935,37758.8
7664.568382657312,33735.6
7664.778407325691,31840.5
7664.988431994069,29965.0
7665.198456662447,31438.2
7665.408481330825,32500.2
7665.618505999203,32253.1
7665.828530667582,31105.8
7666.03855533596,31863.3
7666.248580004338,35192.3
7666.458604672716,38301.9
7666.668629341095,42988.3
7666.8786540094725,47867.4
7667.088678677851,49682.8
7667.298703346229,49774.3
7667.508728014607,48944.7
7667.718752682986,47661.7
7667.928777351363,48801.4
7668.138802019742,48825.7
7668.3488266881195,49237.7
7668.558851356498,50491.8
7668.768876024877,49583.9
7668.978900693254,47493.2
7669.188925361633,47906.0
7669.39895003001,49347.2
7669.608974698389,47413.0
7669.8189993667675,44878.0
7670.029024035145,43753.8
7670.239048703524,41023.9
7670.449073371901,39514.6
7670.65909804028,38074.8
7670.869122708658,38117.8
7671.079147377036,37628.3
7671.2891720454145,37610.3
7671.499196713792,38311.1
7671.709221382171,39426.1
7671.919246050549,41353.2
7672.129270718927,43778.2
7672.339295387305,46147.2
7672.549320055684,47823.1
7672.7593447240615,48198.7
7672.96936939244,48102.7
7673.179394060818,48795.7
7673.389418729196,49907.5
7673.599443397575,49209.1
7673.809468065952,49504.3
7674.019492734331,49447.4
7674.229517402709,50914.0
7674.439542071087,51289.3
7674.649566739466,50908.4
7674.859591407843,51446.1
7675.069616076222,51985.3
7675.279640744599,51872.5
7675.489665412978,52301.9
7675.6996900813565,52308.2
7675.909714749734,48967.5
7676.119739418113,46116.7
7676.32976408649,44087.5
7676.539788754869,42250.2
7676.749813423247,42287.2
7676.959838091625,41657.0
7677.1698627600035,42042.3
7677.379887428381,41856.2
7677.58991209676,42701.9
7677.799936765138,43745.9
7678.009961433516,45972.4
7678.219986101894,50031.2
7678.430010770273,51081.2
7678.640035438651,52581.9
7678.850060107029,53319.4
7679.060084775407,51452.7
7679.270109443785,51881.5
7679.480134112164,51829.5
7679.690158780541,52613.7
7679.90018344892,51508.8
7680.110208117298,50895.8
7680.320232785676,51771.6
7680.530257454055,51496.6
7680.740282122432,51671.9
7680.950306790811,52824.4
7681.1603314591885,52399.8
7681.370356127567,51774.4
7681.5803807959455,52015.7
7681.790405464323,51750.9
7682.000430132702,50895.2
7682.210454801079,50205.3
7682.420479469458,48760.1
7682.630504137836,46462.4
7682.840528806214,45735.2
7683.050553474593,47461.7
7683.26057814297,47383.6
7683.470602811349,47501.8
7683.680627479727,47866.3
7683.890652148105,46933.0
7684.100676816483,48088.0
7684.310701484862,50840.3
7684.52072615324,51980.8
7684.730750821618,51856.4
7684.940775489996,51859.6
7685.150800158374,53906.5
7685.360824826753,54216.4
7685.5708494951305,55869.2
7685.780874163509,55388.0
7685.990898831887,53698.3
7686.200923500265,53405.4
7686.410948168644,53674.5
7686.620972837021,54201.9
7686.8309975054,54849.2
7687.0410221737775,55004.0
7687.251046842156,54446.0
7687.461071510535,53546.0
7687.671096178912,53942.3
7687.881120847291,55010.6
7688.091145515668,54683.8
7688.301170184047,54422.2
7688.511194852425,53012.1
7688.721219520803,51545.1
7688.931244189182,50787.1
7689.141268857559,53170.3
7689.351293525938,51901.0
7689.561318194316,50086.1
7689.771342862694,51412.4
7689.9813675310725,51838.5
7690.191392199451,49761.1
7690.401416867829,49681.1
7690.611441536207,52561.3
7690.821466204585,53434.6
7691.031490872963,53475.9
7691.241515541342,55346.6
7691.4515402097195,56120.3
7691.661564878098,55714.6
7691.871589546476,55235.7
7692.081614214854,54658.7
7692.291638883233,54869.2
7692.50166355161,55085.6
7692.711688219989,55705.3
7692.9217128883665,56388.8
7693.131737556745,55755.1
7693.341762225124,55532.5
7693.551786893501,55619.0
7693.76181156188,54854.8
7693.971836230257,54499.9
7694.181860898636,55790.3
7694.3918855670145,56269.5
7694.601910235392,53562.4
7694.811934903771,56120.7
7695.021959572148,56306.1
7695.231984240527,54767.0
7695.442008908905,53890.4
7695.652033577283,52747.9
7695.8620582456615,53044.4
7696.07208291404,53513.4
7696.282107582418,53241.9
7696.492132250796,52379.3
7696.702156919174,53726.6
7696.912181587552,54108.2
7697.122206255931,53200.5
7697.3322309243085,53448.8
7697.542255592687,53841.7
7697.752280261065,55525.5
7697.962304929443,56850.4
7698.172329597822,55964.3
7698.382354266199,54770.8
7698.592378934578,55928.7
7698.802403602956,55053.6
7699.012428271334,55227.8
7699.222452939713,54295.6
7699.43247760809,54071.1
7699.642502276469,55809.2
7699.852526944846,54957.3
7700.062551613225,55398.6
7700.2725762816035,55723.0
7700.482600949981,55575.6
7700.69262561836,55300.4
7700.902650286738,55198.3
7701.112674955116,56400.6
7701.322699623494,55817.8
7701.532724291872,54619.7
7701.7427489602505,56009.9
7701.952773628629,55409.1
7702.162798297007,54046.1
7702.372822965385,53796.6
7702.582847633763,54278.6
7702.792872302141,54035.3
7703.00289697052,55002.3
7703.212921638898,54643.6
7703.422946307276,55734.3
7703.632970975654,54816.2
7703.842995644032,54117.6
7704.053020312411,55206.6
7704.263044980788,55325.8
7704.473069649167,55926.3
7704.683094317545,57262.3
7704.893118985923,57299.7
7705.103143654302,56666.4
7705.313168322679,56457.0
7705.523192991058,56459.0
7705.7332176594355,56954.6
7705.943242327814,57629.5
7706.1532669961925,57330.7
7706.36329166457,57857.0
7706.573316332949,57965.4
7706.783341001326,59013.2
7706.993365669705,58279.6
7707.203390338083,56932.7
7707.413415006461,57207.1
7707.62343967484,58495.2
7707.833464343218,60009.0
7708.043489011596,61110.9
7708.253513679974,60543.2
7708.463538348352,59589.1
7708.67356301673,61042.3
7708.883587685109,60949.2
7709.093612353487,59537.1
7709.303637021865,61184.4
7709.513661690243,60740.9
7709.723686358621,59060.9
7709.933711027,60738.3
7710.1437356953775,61092.5
7710.353760363756,60365.4
7710.563785032134,57997.3
7710.773809700512,57769.0
7710.983834368891,58236.1
7711.193859037268,58832.4
7711.403883705647,59083.5
7711.6139083740245,59834.9
7711.823933042403,59811.9
7712.033957710782,59577.7
7712.243982379159,58889.1
7712.454007047538,59984.7
7712.664031715916,60336.6
7712.874056384294,60824.4
7713.084081052672,60373.6
7713.29410572105,60593.4
7713.504130389429,59735.1
7713.714155057807,60474.4
7713.924179726185,60663.1
7714.134204394563,58962.7
7714.344229062941,59329.3
7714.5542537313195,59951.1
7714.764278399698,59731.6
7714.974303068076,59961.6
7715.184327736454,59949.8
7715.394352404832,58459.5
7715.60437707321,57853.9
7715.814401741589,57397.0
7716.0244264099665,56862.7
7716.234451078345,56492.6
7716.444475746723,59528.7
7716.654500415101,59773.1
7716.86452508348,57651.5
7717.074549751857,56725.2
7717.284574420236,56975.6
7717.4945990886135,56733.9
7717.704623756992,56821.2
7717.914648425371,56215.7
7718.124673093748,57012.3
7718.334697762127,57819.8
7718.544722430505,57226.3
7718.754747098883,55861.8
7718.9647717672615,56134.9
7719.174796435639,57850.1
7719.384821104018,57891.2
7719.594845772396,56448.6
7719.804870440774,55983.5
7720.014895109152,55585.4
7720.22491977753,55350.4
7720.4349444459085,55993.2
7720.644969114287,54709.8
7720.854993782665,54004.2
7721.065018451043,55540.6
7721.275043119421,56808.8
7721.485067787799,56196.0
7721.695092456178,56106.5
7721.9051171245555,56162.8
7722.115141792934,56018.6
7722.325166461312,56037.4
7722.53519112969,55159.5
7722.745215798069,56157.5
7722.955240466446,56809.8
7723.165265134825,55140.5
7723.375289803203,56082.6
7723.585314471581,56544.7
7723.79533913996,55893.6
7724.005363808337,55478.6
7724.215388476716,54678.8
7724.425413145094,55288.8
7724.635437813472,55156.2
7724.8454624818505,54776.9
7725.055487150228,54766.8
7725.265511818607,56007.8
7725.475536486985,56819.5
7725.685561155363,56329.6
7725.895585823741,56068.7
7726.105610492119,54993.4
7726.315635160498,54677.2
7726.525659828876,55336.9
7726.735684497254,55670.7
7726.945709165632,56066.9
7727.15573383401,55834.8
7727.365758502388,56274.0
7727.575783170767,54922.1
7727.785807839145,55187.4
7727.995832507523,55511.9
7728.205857175901,54259.2
7728.415881844279,53318.4
7728.625906512658,56730.9
7728.835931181035,55302.2
7729.045955849414,56263.0
7729.255980517792,55279.8
7729.46600518617,55568.3
7729.676029854549,55892.6
7729.886054522926,55925.1
7730.096079191305,56131.6
7730.306103859683,55896.6
7730.516128528061,56134.4
7730.72615319644,56138.8
7730.936177864817,55658.4
7731.146202533196,55359.3
7731.356227201574,56505.1
7731.566251869952,56318.1
7731.77627653833,56248.6
7731.986301206708,54911.5
7732.196325875087,54226.6
7732.406350543465,55373.1
7732.616375211843,55188.6
7732.826399880221,54641.0
7733.036424548599,54097.8
7733.246449216977,54821.7
7733.456473885356,55089.9
7733.666498553734,55036.1
7733.876523222112,55061.4
7734.08654789049,54498.2
7734.296572558868,55361.8
7734.506597227247,53917.1
7734.7166218956245,53994.3
7734.926646564003,55429.0
7735.136671232382,54678.2
7735.346695900759,55004.3
7735.556720569138,54905.6
7735.766745237515,54198.5
7735.976769905894,54355.5
7736.186794574272,56360.6
7736.39681924265,54716.5
7736.606843911029,53296.4
7736.816868579406,54745.8
7737.026893247785,53323.3
7737.236917916163,53156.3
7737.446942584541,54306.1
7737.6569672529195,55289.5
7737.866991921297,53018.7
7738.077016589676,53485.5
7738.287041258054,55045.4
7738.497065926432,54975.6
7738.70709059481,55087.8
7738.917115263188,53694.8
7739.1271399315665,53800.4
7739.337164599945,54820.3
7739.547189268323,54385.0
7739.757213936701,54389.3
7739.967238605079,53557.3
7740.177263273457,51241.3
7740.387287941836,53100.7
7740.5973126102135,54086.5
7740.807337278592,54132.1
7741.01736194697,53345.0
7741.227386615348,53829.4
7741.437411283727,53305.7
7741.647435952104,53062.4
7741.857460620483,52854.8
7742.0674852888615,53727.7
7742.277509957239,52723.9
7742.487534625618,53539.4
7742.697559293995,53983.6
7742.907583962374,52283.0
7743.117608630752,52346.8
7743.32763329913,52938.5
7743.5376579675085,52204.7
7743.747682635886,52843.9
7743.957707304265,54255.5
7744.167731972643,54504.0
7744.377756641021,54320.0
7744.587781309399,53340.6
7744.797805977777,53099.4
7745.0078306461555,52916.3
7745.217855314534,51870.1
7745.427879982912,51202.8
7745.63790465129,52211.4
7745.847929319668,53745.8
7746.057953988046,52847.4
7746.267978656425,51581.6
7746.478003324803,51063.3
7746.688027993181,52125.1
7746.89805266156,52998.3
7747.108077329937,52137.9
7747.318101998316,52629.3
7747.528126666693,54699.2
7747.738151335072,52361.6
7747.9481760034505,51184.8
7748.158200671828,52858.7
7748.368225340207,52818.2
7748.578250008584,52136.4
7748.788274676963,52375.9
7748.998299345341,51016.9
7749.208324013719,52852.8
7749.4183486820975,53808.4
7749.628373350475,52349.8
7749.838398018854,52652.8
7750.048422687232,52344.2
7750.25844735561,51715.7
7750.468472023988,51023.7
7750.678496692366,51611.1
7750.888521360745,51897.1
7751.098546029123,50876.6
7751.308570697501,51650.5
7751.518595365879,51357.3
7751.728620034257,51537.7
7751.938644702635,52128.6
7752.148669371014,51690.3
7752.358694039392,52912.8
7752.56871870777,51430.6
7752.778743376148,51476.7
7752.988768044526,52547.2
7753.198792712905,51211.9
7753.4088173812825,51010.7
7753.618842049661,49926.6
7753.8288667180395,51330.5
7754.038891386417,50476.1
7754.248916054796,51125.6
7754.458940723173,51007.5
7754.668965391552,51039.1
7754.87899005993,51061.9
7755.089014728308,51051.3
7755.299039396687,50073.4
7755.509064065064,50955.0
7755.719088733443,49554.4
7755.929113401821,49621.5
7756.139138070199,50099.8
7756.349162738577,50908.0
7756.559187406955,50658.7
7756.769212075334,49475.6
7756.979236743712,50427.6
7757.18926141209,50824.4
7757.399286080468,50664.1
7757.609310748846,50781.3
7757.8193354172245,51130.9
7758.029360085603,50631.6
7758.239384753981,49441.3
7758.449409422359,48347.9
7758.659434090738,48963.1
7758.869458759115,48676.1
7759.079483427494,50057.3
7759.2895080958715,50101.2
7759.49953276425,48823.9
7759.709557432629,50133.4
7759.919582101006,50751.4
7760.129606769385,49117.0
7760.339631437762,49954.1
7760.549656106141,50426.7
7760.759680774519,48782.3
7760.969705442897,49753.4
7761.179730111276,49419.6
7761.389754779653,49284.8
7761.599779448032,48285.5
7761.80980411641,48590.7
7762.019828784788,48751.3
7762.2298534531665,49201.7
7762.439878121544,49277.9
7762.649902789923,50467.4
7762.859927458301,49815.7
7763.069952126679,50536.1
7763.279976795057,50094.5
7763.490001463435,48257.5
7763.7000261318135,48401.5
7763.910050800192,48178.6
7764.12007546857,48672.5
7764.330100136948,47884.1
7764.540124805326,48731.2
7764.750149473704,49036.8
7764.960174142083,47622.8
7765.1701988104605,47391.6
7765.380223478839,48909.8
7765.590248147218,47091.1
7765.800272815595,48132.3
7766.010297483974,47838.2
7766.220322152351,47374.3
7766.43034682073,47697.8
7766.6403714891085,48507.2
7766.850396157486,47185.5
7767.060420825865,47524.6
7767.270445494242,47771.9
7767.480470162621,48489.6
7767.690494830999,48904.0
7767.900519499377,48887.3
7768.1105441677555,50740.1
7768.320568836133,51130.4
7768.530593504512,49876.5
7768.74061817289,49516.3
7768.950642841268,47987.1
7769.160667509646,49064.6
7769.370692178024,50352.7
7769.5807168464025,50331.4
7769.790741514781,49341.3
7770.000766183159,50455.4
7770.210790851537,48991.7
7770.420815519916,47911.1
7770.630840188293,49022.8
7770.840864856672,49765.7
7771.05088952505,49031.4
7771.260914193428,47422.9
7771.470938861807,47161.4
7771.680963530184,47011.9
7771.890988198563,46080.4
7772.10101286694,47224.1
7772.311037535319,47195.3
7772.5210622036975,47536.1
7772.731086872075,48342.0
7772.941111540454,48749.2
7773.151136208831,47755.7
7773.36116087721,46825.6
7773.571185545588,47167.4
7773.781210213966,46300.7
7773.9912348823445,46237.2
7774.201259550722,47013.2
7774.411284219101,47435.4
7774.621308887479,47312.8
7774.831333555857,46563.8
7775.041358224235,48158.4
7775.251382892613,48393.4
7775.461407560992,47895.3
7775.67143222937,47683.8
7775.881456897748,48318.9
7776.091481566126,49049.5
7776.301506234505,47964.1
7776.511530902882,45683.7
7776.721555571261,47607.6
7776.931580239639,49736.3
7777.141604908017,49297.7
7777.351629576396,47123.7
7777.561654244773,47674.2
7777.771678913152,48261.8
7777.9817035815295,46495.3
7778.191728249908,46565.3
7778.401752918287,46948.6
7778.611777586664,46786.6
7778.821802255043,46487.0
7779.03182692342,46448.7
7779.241851591799,46353.0
7779.451876260177,45229.6
7779.661900928555,46729.3
7779.871925596934,45732.0
7780.081950265311,44595.7
7780.29197493369,45869.0
7780.501999602068,44739.1
7780.712024270446,45200.2
7780.922048938824,46754.3
7781.132073607203,44355.1
7781.342098275581,44506.7
7781.552122943959,45629.2
7781.762147612337,44999.3
7781.972172280715,44096.3
7782.182196949094,44446.1
7782.3922216174715,44450.8
7782.60224628585,45117.6
7782.812270954228,45151.7
7783.022295622606,44069.6
7783.232320290985,43633.3
7783.442344959362,43114.4
7783.652369627741,43899.2
7783.8623942961185,44749.6
7784.072418964497,42198.2
7784.282443632876,42529.9
7784.492468301253,43841.3
7784.702492969632,43504.2
7784.912517638009,43455.5
7785.122542306388,43282.6
7785.332566974766,44167.8
7785.542591643144,43251.3
7785.752616311523,42801.6
7785.9626409799,43271.6
7786.172665648279,43301.7
7786.382690316657,41524.3
7786.592714985035,41074.0
7786.8027396534135,42201.6
7787.012764321791,43831.4
7787.22278899017,43560.5
7787.432813658548,41581.9
7787.642838326926,41366.4
7787.852862995304,41414.4
7788.062887663683,43177.0
7788.2729123320605,41586.4
7788.482937000439,42611.4
7788.692961668817,43267.7
7788.902986337195,42849.1
7789.113011005574,41994.1
7789.323035673951,41267.3
7789.53306034233,42229.2
7789.743085010708,41342.0
7789.953109679086,41010.7
7790.163134347465,40253.0
7790.373159015842,39831.4
7790.583183684221,41494.3
7790.793208352598,40738.9
7791.003233020977,41517.0
7791.2132576893555,41412.4
7791.423282357733,41230.3
7791.633307026112,41428.9
7791.843331694489,42837.2
7792.053356362868,41631.2
7792.263381031246,40995.1
7792.473405699624,41512.1
7792.6834303680025,41037.8
7792.893455036381,40219.8
7793.103479704759,39733.6
7793.313504373137,40398.4
7793.523529041515,41742.7
7793.733553709893,42624.9
7793.943578378272,42132.3
7794.15360304665,40567.9
7794.363627715028,39473.7
7794.573652383406,39016.2
7794.783677051784,40407.7
7794.993701720163,40957.1
7795.20372638854,40186.7
7795.413751056919,40367.8
7795.623775725297,40429.5
7795.833800393675,39718.0
7796.043825062054,40629.2
7796.253849730431,39425.0
7796.46387439881,38268.2
7796.673899067187,40672.2
7796.883923735566,39800.2
7797.0939484039445,39641.7
7797.303973072322,39803.2
7797.513997740701,38420.0
7797.724022409078,39084.0
7797.934047077457,38724.3
7798.144071745835,39118.2
7798.354096414213,40710.4
7798.564121082592,38728.2
7798.774145750969,38746.0
7798.984170419348,39422.9
7799.194195087726,38109.3
7799.404219756104,39593.1
7799.614244424482,40451.7
7799.824269092861,39201.6
7800.034293761239,39004.6
7800.244318429617,38245.3
7800.454343097995,37583.0
7800.664367766373,37019.3
7800.874392434752,36970.5
7801.084417103129,38089.4
7801.294441771508,39808.1
7801.504466439886,37006.2
7801.714491108264,35742.3
7801.924515776643,36809.9
7802.13454044502,38813.9
7802.344565113399,38403.8
7802.5545897817765,36736.6
7802.764614450155,38033.8
7802.974639118534,37768.4
7803.184663786911,37865.2
7803.39468845529,38434.6
7803.604713123667,37475.7
7803.814737792046,37988.1
7804.024762460424,38092.1
7804.234787128802,37268.8
7804.444811797181,36740.8
7804.654836465559,37111.7
7804.864861133937,36053.6
7805.074885802315,35606.7
7805.284910470693,35987.3
7805.4949351390715,35837.4
7805.70495980745,37224.0
7805.914984475828,36198.3
7806.125009144206,36203.8
7806.335033812584,36213.9
7806.545058480962,35167.7
7806.755083149341,35578.9
7806.9651078177185,35994.8
7807.175132486097,36846.8
7807.385157154475,36833.9
7807.595181822853,35640.9
7807.805206491232,35898.8
7808.015231159609,35548.7
7808.225255827988,33632.9
7808.4352804963655,34230.6
7808.645305164744,36137.6
7808.855329833123,36092.2
7809.0653545015,35149.9
7809.275379169879,34684.2
7809.485403838256,34859.7
7809.695428506635,35571.7
7809.9054531750135,35471.4
7810.115477843391,35882.0
7810.32550251177,35841.6
7810.535527180147,35775.3
7810.745551848526,34585.6
7810.955576516904,34364.0
7811.165601185282,34293.2
7811.3756258536605,33184.9
7811.585650522039,35312.4
7811.795675190417,34951.3
7812.005699858795,34605.2
7812.215724527173,33535.4
7812.425749195551,35954.8
7812.63577386393,35498.2
7812.8457985323075,33406.9
7813.055823200686,33075.4
7813.265847869064,33664.1
7813.475872537442,34282.5
7813.685897205821,34271.4
7813.895921874198,34033.4
7814.105946542577,32874.1
7814.315971210955,33251.1
7814.525995879333,33978.4
7814.736020547712,34097.8
7814.946045216089,33607.0
7815.156069884468,33088.5
7815.366094552845,33025.4
7815.576119221224,34722.1
7815.7861438896025,33888.6
7815.99616855798,31885.2
7816.206193226359,32836.0
7816.416217894737,33882.1
7816.626242563115,32381.8
7816.836267231493,32358.9
7817.046291899871,31241.8
7817.2563165682495,32315.5
7817.466341236628,33001.8
7817.676365905006,32136.1
7817.886390573384,31586.5
7818.096415241762,31460.4
7818.30643991014,31230.0
7818.516464578519,32365.1
7818.726489246897,32229.5
7818.936513915275,31473.5
7819.146538583653,31742.7
7819.356563252031,33434.3
7819.56658792041,33714.3
7819.776612588787,30608.5
7819.986637257166,31215.9
7820.196661925544,32472.4
7820.406686593922,31462.6
7820.616711262301,30413.3
7820.826735930678,30166.7
7821.036760599057,31192.9
7821.2467852674345,31468.3
7821.456809935813,32001.0
7821.6668346041915,31241.2
7821.876859272569,30754.7
7822.086883940948,30105.8
7822.296908609326,29256.8
7822.506933277704,29945.8
7822.716957946082,30814.7
7822.92698261446,30395.1
7823.137007282839,29826.4
7823.347031951217,31216.3
7823.557056619595,29421.1
7823.767081287973,31158.9
7823.977105956351,30143.8
7824.187130624729,30180.2
7824.397155293108,30698.5
7824.607179961486,30398.1
7824.817204629864,29990.9
7825.027229298242,29924.4
7825.23725396662,29175.2
7825.447278634999,30119.2
7825.6573033033765,30639.8
7825.867327971755,30062.9
7826.077352640133,29826.8
7826.287377308511,30468.6
7826.49740197689,29979.5
7826.707426645267,29782.5
7826.917451313646,29797.9
7827.127475982024,28112.8
7827.337500650402,29845.2
7827.547525318781,29403.2
7827.757549987158,28060.9
7827.967574655537,27799.5
7828.177599323915,29255.3
7828.387623992293,30164.5
7828.597648660671,29834.7
7828.807673329049,29333.8
7829.017697997428,29035.4
7829.227722665806,28571.4
7829.437747334184,28021.4
7829.647772002562,27749.6
7829.85779667094,28304.9
7830.0678213393185,27500.7
7830.277846007697,28290.5
7830.487870676075,29087.7
7830.697895344453,29101.4
7830.907920012831,27506.6
7831.117944681209,27559.6
7831.327969349588,28418.7
7831.5379940179655,27776.1
7831.748018686344,27304.8
7831.958043354722,26937.3
7832.1680680231,26723.7
7832.378092691479,26480.4
7832.588117359856,27133.7
7832.798142028235,25982.9
7833.0081666966125,25300.8
7833.218191364991,28302.1
7833.42821603337,26590.6
7833.638240701747,27349.2
7833.848265370126,26823.9
7834.058290038504,25991.9
7834.268314706882,26930.1
7834.4783393752605,26814.0
7834.688364043638,26445.1
7834.898388712017,27118.2
7835.108413380395,26502.2
7835.318438048773,26765.5
7835.528462717151,26562.6
7835.738487385529,26002.9
7835.9485120539075,25316.0
7836.158536722286,25695.3
7836.368561390664,25475.1
7836.578586059042,24931.1
7836.78861072742,25241.6
7836.998635395798,25954.3
7837.208660064177,26318.0
7837.4186847325545,25525.9
7837.628709400933,25694.8
7837.838734069311,25548.4
7838.048758737689,26352.2
7838.258783406068,25638.7
7838.468808074445,25971.0
7838.678832742824,26251.6
7838.8888574112025,23839.6
7839.09888207958,24830.2
7839.308906747959,24579.4
7839.518931416336,23939.7
7839.728956084715,24167.0
7839.938980753093,25524.3
7840.149005421471,24551.7
7840.3590300898495,24683.5
7840.569054758227,25605.2
7840.779079426606,24467.5
7840.989104094984,24830.0
7841.199128763362,25355.4
7841.40915343174,23919.2
7841.619178100118,23245.8
7841.8292027684965,24834.8
7842.039227436875,24619.6
7842.249252105253,24400.1
7842.459276773631,24386.6
7842.669301442009,24184.1
7842.879326110387,24819.7
7843.089350778766,23908.6
7843.299375447144,24396.9
7843.509400115522,24072.3
7843.7194247839,23173.1
7843.929449452278,23484.6
7844.139474120657,22951.1
7844.349498789034,24210.8
7844.559523457413,23855.7
7844.769548125791,22646.3
7844.979572794169,23033.6
7845.189597462548,23390.8
7845.399622130925,23170.6
7845.609646799304,22973.2
7845.819671467682,23090.4
7846.02969613606,22688.5
7846.239720804439,21621.3
7846.449745472816,21449.9
7846.659770141195,22259.5
7846.869794809573,21613.3
7847.079819477951,22157.7
7847.289844146329,21949.4
7847.499868814707,21961.0
7847.709893483086,21969.6
7847.919918151464,22117.9
7848.129942819842,22694.3
7848.33996748822,21485.0
7848.549992156598,20477.5
7848.760016824976,21614.5
7848.970041493355,21703.2
7849.180066161733,23255.4
7849.390090830111,22366.1
7849.600115498489,21789.7
7849.810140166867,22307.9
7850.020164835246,22512.3
7850.2301895036235,21257.3
7850.440214172002,21631.5
7850.650238840381,21634.0
7850.860263508758,21171.4
7851.070288177137,21729.4
7851.280312845514,21122.6
7851.490337513893,21071.6
7851.700362182271,20541.3
7851.910386850649,19040.4
7852.120411519028,19242.6
7852.330436187405,20380.4
7852.540460855784,20476.1
7852.750485524162,19948.8
7852.96051019254,20828.3
7853.170534860918,18981.7
7853.380559529296,21016.4
7853.590584197675,21169.1
7853.800608866053,18766.3
7854.010633534431,19437.8
7854.220658202809,20701.0
7854.430682871187,20558.1
7854.6407075395655,18999.1
7854.850732207944,20079.6
7855.060756876322,20216.5
7855.2707815447,18933.1
7855.480806213078,19194.4
7855.690830881456,18135.7
7855.900855549835,19373.7
7856.1108802182125,21206.4
7856.320904886591,19492.5
7856.530929554969,18237.8
7856.740954223347,18136.3
7856.950978891726,20155.2
7857.161003560103,17951.4
7857.371028228482,19498.9
7857.5810528968605,19275.0
7857.791077565238,18710.5
7858.001102233617,19333.2
7858.211126901994,18806.7
7858.421151570373,18541.2
7858.631176238751,18705.1
7858.841200907129,18567.1
7859.0512255755075,18427.0
7859.261250243885,18485.7
7859.471274912264,17995.6
7859.681299580642,18673.2
7859.89132424902,17824.1
7860.101348917398,17355.9
7860.311373585776,17113.7
7860.5213982541545,17777.5
7860.731422922533,16876.5
7860.941447590911,16882.0
7861.151472259289,17578.5
7861.361496927667,17993.6
7861.571521596045,18647.0
7861.781546264424,17015.2
7861.991570932802,16964.3
7862.20159560118,17663.3
7862.411620269559,18026.0
7862.621644937936,17411.1
7862.831669606315,16669.4
7863.041694274692,17819.3
7863.251718943071,17163.2
7863.4617436114495,17496.5
7863.671768279827,17001.8
7863.881792948206,17230.2
7864.091817616583,17900.0
7864.301842284962,17167.2
7864.51186695334,18240.7
7864.721891621718,17957.6
7864.9319162900965,16836.4
7865.141940958474,16387.8
7865.351965626853,15691.0
7865.561990295231,17741.4
7865.772014963609,17534.9
7865.982039631987,15405.9
7866.192064300365,16168.9
7866.402088968744,16339.4
7866.612113637122,16214.7
7866.8221383055,15040.0
7867.032162973878,16110.6
7867.242187642256,16460.2
7867.452212310634,16353.5
7867.662236979013,16388.0
7867.872261647391,15672.5
7868.082286315769,15063.6
7868.292310984147,16203.1
7868.502335652525,16581.1
7868.712360320904,15887.9
7868.922384989281,15867.2
7869.13240965766,16676.3
7869.3424343260385,15973.5
7869.552458994416,14944.1
7869.762483662795,13197.3
7869.972508331172,14338.5
7870.182532999551,15417.0
7870.392557667929,14634.9
7870.602582336307,15795.8
7870.812607004686,15316.9
7871.022631673063,14313.6
7871.232656341442,15338.2
7871.44268100982,13813.7
7871.652705678198,14585.2
7871.862730346576,14549.2
7872.072755014954,15047.1
7872.282779683333,15393.2
7872.492804351711,14496.0
7872.702829020089,13651.6
7872.912853688467,13435.8
7873.122878356846,14503.4
7873.3329030252235,12876.8
7873.542927693602,14856.1
7873.75295236198,14561.0
7873.962977030358,14976.8
7874.173001698737,13854.3
7874.383026367114,13988.8
7874.593051035493,15329.5
7874.8030757038705,13870.3
7875.013100372249,13723.8
7875.223125040628,13455.8
7875.433149709005,13221.5
7875.643174377384,11548.1
7875.853199045761,13012.9
7876.06322371414,13409.1
7876.273248382518,14234.1
7876.483273050896,13140.1
7876.693297719275,13098.3
7876.903322387652,12013.8
7877.113347056031,12728.6
7877.323371724409,12451.7
7877.533396392787,13850.5
7877.7434210611655,13124.6
7877.953445729543,12634.3
7878.163470397922,11932.6
7878.3734950663,12002.4
7878.583519734678,12977.7
7878.793544403056,13208.5
7879.003569071434,12176.2
7879.2135937398125,13106.4
7879.423618408191,12057.4
7879.633643076569,11304.2
7879.843667744947,12182.4
7880.053692413325,11906.8
7880.263717081703,12067.0
7880.473741750082,12860.1
7880.6837664184595,10947.2
7880.893791086838,10768.7
7881.103815755217,11413.2
7881.313840423594,11110.7
7881.523865091973,11601.9
7881.73388976035,11637.6
7881.943914428729,12765.6
7882.1539390971075,10993.6
7882.363963765485,10693.4
7882.573988433864,11964.5
7882.784013102241,10025.0
7882.99403777062,10988.1
7883.204062438998,11507.6
7883.414087107376,11682.0
7883.6241117757545,10716.9
7883.834136444132,10589.9
7884.044161112511,11193.4
7884.254185780889,10604.9
7884.464210449267,10977.3
7884.674235117645,11240.3
7884.884259786024,10565.1
7885.0942844544015,10049.1
7885.30430912278,10656.0
7885.514333791158,10337.2
7885.724358459536,10179.6
7885.934383127915,11173.7
7886.144407796292,8693.14
7886.354432464671,9409.04
7886.564457133049,10269.3
7886.774481801427,9638.54
7886.984506469806,9613.99
7887.194531138183,10199.6
7887.404555806562,10020.2
7887.614580474939,10310.1
7887.824605143318,9097.3
7888.0346298116965,8498.93
7888.244654480074,9511.08
7888.454679148453,10082.0
7888.66470381683,9191.51
7888.874728485209,9766.13
7889.084753153587,8594.61
7889.294777821965,9354.24
7889.5048024903435,10002.7
7889.714827158721,9564.64
7889.9248518271,9198.8
7890.134876495478,10271.5
7890.344901163856,9689.5
7890.554925832234,8784.25
7890.764950500612,9077.64
7890.974975168991,8421.58
7891.184999837369,8931.17
7891.395024505747,9030.9
7891.605049174125,8420.73
7891.815073842504,8486.51
7892.025098510881,8910.74
7892.23512317926,8650.37
7892.445147847638,7671.88
7892.655172516016,10725.7
7892.865197184395,9731.81
7893.075221852772,7729.04
7893.285246521151,9180.62
7893.4952711895285,7671.73
7893.705295857907,8377.56
7893.9153205262855,7912.96
7894.125345194663,9353.67
7894.335369863042,8596.44
