7609.1557134288,5361.93
7609.364867628547,3619.23
7609.574021828294,4036.36
7609.7831760280405,4646.52
7609.9923302277875,4883.43
7610.2014844275345,4639.1
7610.4106386272815,4247.67
7610.619792827029,5068.12
7610.828947026776,6763.1
7611.038101226523,8887.33
7611.24725542627,10373.5
7611.456409626017,9919.33
7611.665563825764,8297.96
7611.874718025511,6327.58
7612.083872225258,4808.3
7612.293026425005,4969.17
7612.502180624752,6577.71
7612.711334824499,7378.56
7612.920489024246,6459.94
7613.129643223993,5953.21
7613.338797423741,7168.61
7613.547951623488,9219.32
7613.757105823235,12858.7
7613.966260022982,16108.9
7614.175414222729,16494.7
7614.384568422476,16417.9
7614.593722622223,13245.3
7614.80287682197,10007.6
7615.012031021717,7976.93
7615.221185221464,8201.11
7615.430339421211,9354.56
7615.639493620958,10518.5
7615.848647820705,11421.6
7616.057802020453,11470.3
7616.2669562202,12819.0
7616.476110419947,15752.0
7616.685264619694,19626.0
7616.894418819441,22037.5
7617.103573019188,23776.6
7617.312727218935,25129.7
7617.521881418682,25662.5
7617.731035618429,26039.1
7617.940189818176,26336.5
7618.149344017923,26709.1
7618.35849821767,26460.4
7618.567652417417,26319.2
7618.776806617165,26542.1
7618.985960816912,26387.8
7619.195115016659,25662.1
7619.404269216406,25162.2
7619.613423416153,24748.0
7619.8225776159,23581.5
7620.031731815647,22836.4
7620.240886015394,19872.3
7620.450040215141,17167.0
7620.659194414888,13931.3
7620.868348614635,10917.2
7621.077502814382,10753.1
7621.286657014129,13384.0
7621.495811213877,16812.0
7621.7049654136235,19654.9
7621.9141196133705,22272.8
7622.1232738131175,22860.6
7622.3324280128645,21897.9
7622.5415822126115,20234.6
7622.7507364123585,16941.4
7622.9598906121055,12377.3
7623.1690448118525,9082.37
7623.3781990115995,8058.98
7623.587353211346,8465.78
7623.796507411093,9728.15
7624.00566161084,9298.53
7624.214815810588,8550.15
7624.423970010335,8586.43
7624.633124210082,9491.47
7624.842278409829,12438.3
7625.051432609576,16832.8
7625.260586809323,19810.3
7625.46974100907,22228.5
7625.678895208817,23641.4
7625.888049408564,22721.0
7626.097203608311,20484.0
7626.306357808058,17706.8
7626.515512007805,13752.1
7626.724666207552,9634.25
7626.9338204073,7563.17
7627.142974607047,7237.64
7627.352128806794,7591.31
7627.561283006541,7777.74
7627.770437206288,7205.04
7627.979591406035,6633.12
7628.188745605782,6844.78
7628.397899805529,9052.05
7628.607054005276,12613.4
7628.816208205023,16345.2
7629.02536240477,20813.5
7629.234516604517,22673.6
7629.443670804264,23932.6
7629.652825004012,23774.1
7629.861979203759,22805.0
7630.071133403506,20186.9
7630.280287603253,16069.6
7630.489441803,12327.4
7630.698596002747,9387.17
7630.907750202494,7146.49
7631.116904402241,6205.74
7631.326058601988,6870.7
7631.535212801735,7103.69
7631.744367001482,6977.39
7631.953521201229,7599.02
7632.162675400976,8778.96
7632.371829600724,9900.63
7632.580983800471,12602.3
7632.790138000218,18264.3
7632.999292199965,23032.4
7633.208446399712,25829.7
7633.417600599459,26319.8
7633.626754799206,26344.9
7633.835908998953,25998.1
7634.0450631987,24356.9
7634.254217398447,21152.9
7634.463371598194,17389.8
7634.672525797941,14075.6
7634.881679997688,10143.7
7635.0908341974355,8267.16
7635.2999883971825,7854.65
7635.509142596929,7426.72
7635.718296796676,7354.26
7635.927450996423,7499.87
7636.13660519617,7699.2
7636.345759395917,9234.68
7636.554913595664,12478.2
7636.764067795411,16251.8
7636.973221995158,21400.8
7637.182376194905,26439.6
7637.391530394652,27764.2
7637.600684594399,29172.2
7637.809838794146,29825.5
7638.018992993894,29138.0
7638.228147193641,29095.8
7638.437301393388,27730.0
7638.646455593135,24325.5
7638.855609792882,20870.2
7639.064763992629,16819.9
7639.273918192376,12033.9
7639.483072392123,8784.92
7639.69222659187,8485.61
7639.901380791617,9011.25
7640.110534991364,9115.6
7640.319689191111,9647.69
7640.528843390858,10547.6
7640.737997590606,12505.2
7640.947151790353,15467.9
7641.1563059901,19289.5
7641.365460189847,24633.2
7641.574614389594,28699.3
7641.783768589341,31731.4
7641.992922789088,33200.7
7642.202076988835,32964.7
7642.411231188582,33626.2
7642.620385388329,33722.4
7642.829539588076,32443.4
7643.038693787823,31306.7
7643.24784798757,28266.7
7643.457002187318,23771.9
7643.666156387065,19828.6
7643.875310586812,15164.5
7644.084464786559,11182.3
7644.293618986306,10712.5
7644.502773186053,11111.2
7644.7119273858,11026.8
7644.921081585547,12646.3
7645.130235785294,13891.6
7645.339389985041,14824.7
7645.548544184788,18212.4
7645.757698384535,24086.5
7645.966852584282,28785.9
7646.17600678403,32095.9
7646.385160983777,35495.7
7646.594315183524,37208.7
7646.803469383271,37943.7
7647.012623583018,38231.5
7647.221777782765,38797.7
7647.4309319825115,38152.2
7647.6400861822585,36778.7
7647.8492403820055,34484.2
7648.0583945817525,31610.6
7648.2675487814995,27827.3
7648.4767029812465,23095.4
7648.6858571809935,20189.5
7648.895011380741,18520.6
7649.104165580488,15747.8
7649.313319780235,15675.0
7649.522473979982,15314.6
7649.731628179729,16485.7
7649.940782379476,17287.1
7650.149936579223,19142.2
7650.35909077897,23473.9
7650.568244978717,28558.7
7650.777399178464,34600.9
7650.986553378211,37762.5
7651.195707577958,39859.9
7651.404861777705,41241.3
7651.614015977453,41664.8
7651.8231701772,41769.7
7652.032324376947,41523.8
7652.241478576694,42241.3
7652.450632776441,42737.9
7652.659786976188,41544.0
7652.868941175935,40510.6
7653.078095375682,38357.6
7653.287249575429,33885.7
7653.496403775176,28686.7
7653.705557974923,25717.6
7653.91471217467,23145.8
7654.123866374417,21255.2
7654.333020574165,19727.6
7654.542174773912,20232.6
7654.751328973659,22327.3
7654.960483173406,23377.1
7655.169637373153,25898.0
7655.3787915729,28341.5
7655.587945772647,32605.2
7655.797099972394,37387.4
7656.006254172141,41906.5
7656.215408371888,43902.5
7656.424562571635,45658.9
7656.633716771382,47449.3
7656.842870971129,47571.2
7657.052025170877,47898.2
7657.261179370624,48607.3
7657.470333570371,47175.6
7657.679487770118,46030.6
7657.888641969865,46020.7
7658.097796169612,45505.1
7658.306950369359,44667.1
7658.516104569106,40151.8
7658.725258768853,35304.6
7658.9344129686,33472.0
7659.143567168347,31435.7
7659.352721368094,28388.7
7659.561875567841,27063.0
7659.7710297675885,27151.0
7659.9801839673355,27619.6
7660.1893381670825,28403.4
7660.3984923668295,30445.2
7660.6076465665765,32735.0
7660.8168007663235,35511.8
7661.0259549660705,39830.9
7661.235109165817,45624.2
7661.444263365564,49349.9
7661.653417565311,49297.8
7661.862571765058,49222.9
7662.071725964805,49160.0
7662.280880164552,50192.6
7662.4900343643,49613.4
7662.699188564047,49344.8
7662.908342763794,49376.3
7663.117496963541,49578.7
7663.326651163288,49499.7
7663.535805363035,48372.0
7663.744959562782,46320.0
7663.954113762529,43897.0
7664.163267962276,41411.0
7664.372422162023,38278.0
7664.58157636177,34556.0
7664.790730561517,33860.0
7664.999884761264,33401.3
7665.209038961012,32939.5
7665.418193160759,33047.0
7665.627347360506,34355.2
7665.836501560253,35887.4
7666.04565576,37950.8
7666.254809959747,41268.6
7666.463964159494,44014.9
7666.673118359241,47188.4
7666.882272558988,49976.7
7667.091426758735,50768.4
7667.300580958482,51712.5
7667.509735158229,51605.4
7667.718889357976,51844.0
7667.928043557724,52657.7
7668.137197757471,53010.5
7668.346351957218,52919.5
7668.555506156965,52683.3
7668.764660356712,52554.2
7668.973814556459,52859.4
7669.182968756206,52454.9
7669.392122955953,49919.8
7669.6012771557,49291.6
7669.810431355447,45879.7
7670.019585555194,44035.3
7670.228739754941,42553.6
7670.437893954688,41516.0
7670.647048154436,40284.0
7670.856202354183,38468.9
7671.06535655393,38318.4
7671.274510753677,38780.7
7671.483664953424,39545.1
7671.692819153171,41426.1
7671.901973352918,43952.1
7672.111127552665,45762.6
7672.320281752412,49377.8
7672.529435952159,51558.8
7672.738590151906,53383.1
7672.947744351653,54110.5
7673.1568985513995,53697.8
7673.366052751147,54044.8
7673.575206950894,54170.2
7673.784361150641,53977.9
7673.993515350388,54667.4
7674.202669550135,54781.0
7674.411823749882,54683.7
7674.620977949629,53671.2
7674.830132149376,54054.5
7675.039286349123,54979.3
7675.24844054887,55101.9
7675.457594748617,53957.9
7675.666748948364,51292.1
7675.875903148111,48466.4
7676.085057347859,47509.4
7676.294211547606,46992.3
7676.503365747353,44975.4
7676.7125199471,44325.7
7676.921674146847,44465.8
7677.130828346594,44926.2
7677.339982546341,45890.1
7677.549136746088,47484.9
7677.758290945835,48076.4
7677.967445145582,49946.8
7678.176599345329,52325.4
7678.385753545076,54118.9
7678.594907744823,55512.3
7678.804061944571,55997.8
7679.013216144318,56354.3
7679.222370344065,56201.6
7679.431524543812,55353.8
7679.640678743559,54502.2
7679.849832943306,54719.6
7680.058987143053,54695.6
7680.2681413428,55471.3
7680.477295542547,56022.1
7680.686449742294,56309.9
7680.895603942041,56159.2
7681.104758141788,56618.2
7681.313912341535,57337.4
7681.523066541282,55780.2
7681.73222074103,53869.6
7681.941374940777,53416.2
7682.150529140524,51816.0
7682.359683340271,51497.0
7682.568837540018,50599.4
7682.777991739765,49608.0
7682.987145939512,49764.3
7683.196300139259,49119.6
7683.405454339006,49980.4
7683.614608538753,51618.3
7683.8237627385,51343.3
7684.032916938247,51167.1
7684.242071137995,52941.4
7684.451225337742,54825.1
7684.660379537489,56247.4
7684.8695337372355,57427.5
7685.0786879369825,57844.4
7685.2878421367295,58853.7
7685.4969963364765,57486.2
7685.7061505362235,56721.9
7685.9153047359705,59778.9
7686.1244589357175,59756.0
7686.3336131354645,57554.4
7686.5427673352115,57653.2
7686.7519215349585,57849.4
7686.961075734705,56832.3
7687.170229934453,56423.0
7687.3793841342,56812.6
7687.588538333947,57695.7
7687.797692533694,57731.0
7688.006846733441,57605.6
7688.216000933188,56970.7
7688.425155132935,55193.6
7688.634309332682,55058.5
7688.843463532429,56033.3
7689.052617732176,55221.2
7689.261771931923,54041.0
7689.47092613167,53648.0
7689.680080331417,53112.6
7689.889234531165,53754.8
7690.098388730912,55195.6
7690.307542930659,55436.2
7690.516697130406,55384.9
7690.725851330153,55301.3
7690.9350055299,57649.0
7691.144159729647,58549.6
7691.353313929394,59069.8
7691.562468129141,58040.8
7691.771622328888,58503.9
7691.980776528635,59485.1
7692.189930728382,59914.9
7692.399084928129,61027.2
7692.608239127877,59329.4
7692.817393327624,58093.3
7693.026547527371,59551.0
7693.235701727118,59260.5
7693.444855926865,58990.9
7693.654010126612,59540.3
7693.863164326359,59440.2
7694.072318526106,59584.8
7694.281472725853,60783.3
7694.4906269256,60245.8
7694.699781125347,61026.9
7694.908935325094,59450.8
7695.118089524841,57713.5
7695.327243724589,57969.9
7695.536397924336,57601.7
7695.745552124083,56654.7
7695.95470632383,56187.8
7696.163860523577,56440.8
7696.373014723324,57175.8
7696.582168923071,58000.7
7696.791323122818,59851.8
7697.000477322565,60369.3
7697.209631522312,57811.8
7697.418785722059,58570.4
7697.627939921806,58624.6
7697.837094121553,58999.7
7698.0462483213005,60272.7
7698.2554025210475,58519.9
7698.4645567207945,57876.5
7698.673710920541,57996.5
7698.882865120288,59005.7
7699.092019320035,59159.8
7699.301173519782,58466.0
7699.510327719529,59047.3
7699.719481919276,60189.4
7699.928636119023,60828.2
7700.13779031877,61188.3
7700.346944518517,60863.2
7700.556098718264,59805.8
7700.765252918012,60248.5
7700.974407117759,59738.9
7701.183561317506,59300.8
7701.392715517253,59945.2
7701.601869717,60007.8
7701.811023916747,59629.7
7702.020178116494,59756.7
7702.229332316241,59272.9
7702.438486515988,58447.8
7702.647640715735,58137.5
7702.856794915482,58352.2
7703.065949115229,58660.4
7703.275103314976,59073.6
7703.484257514724,58865.6
7703.693411714471,57794.7
7703.902565914218,58872.0
7704.111720113965,60562.2
7704.320874313712,59957.9
7704.530028513459,61208.6
7704.739182713206,61957.9
7704.948336912953,62214.7
7705.1574911127,61452.6
7705.366645312447,61882.8
7705.575799512194,61652.7
7705.784953711941,62302.6
7705.994107911688,62414.5
7706.203262111436,61644.6
7706.412416311183,62053.4
7706.62157051093,62895.1
7706.830724710677,62811.2
7707.039878910424,63400.6
7707.249033110171,65261.7
7707.458187309918,66228.0
7707.667341509665,66830.5
7707.876495709412,67022.0
7708.085649909159,65181.2
7708.294804108906,65588.9
7708.503958308653,63935.0
7708.7131125084,63507.8
7708.922266708148,63331.4
7709.131420907895,64161.3
7709.340575107642,65015.4
7709.549729307389,63957.2
7709.758883507136,64356.3
7709.968037706883,64988.1
7710.17719190663,64602.1
7710.386346106377,65116.2
7710.5955003061235,64725.4
7710.8046545058705,64563.5
7711.0138087056175,63482.1
7711.2229629053645,62029.6
7711.4321171051115,64104.3
7711.641271304859,63524.6
7711.850425504606,63084.4
7712.059579704353,63865.0
7712.2687339041,64487.4
7712.477888103847,63823.3
7712.687042303594,65358.3
7712.896196503341,66222.2
7713.105350703088,65146.3
7713.314504902835,63710.9
7713.523659102582,63550.4
7713.732813302329,65286.1
7713.941967502076,64048.8
7714.151121701823,62036.0
7714.360275901571,63731.0
7714.569430101318,65902.0
7714.778584301065,65581.9
7714.987738500812,64441.0
7715.196892700559,64113.7
7715.406046900306,64680.8
7715.615201100053,64085.9
7715.8243552998,62850.2
7716.033509499547,63814.0
7716.242663699294,63738.0
7716.451817899041,63343.6
7716.660972098788,63223.8
7716.870126298535,61749.6
7717.079280498283,60495.7
7717.28843469803,61553.3
7717.497588897777,62311.4
7717.706743097524,62257.8
7717.915897297271,62395.0
7718.125051497018,61372.8
7718.334205696765,60532.3
7718.543359896512,61172.2
7718.752514096259,60843.1
7718.961668296006,61314.4
7719.170822495753,62022.6
7719.3799766955,61406.8
7719.589130895247,60644.8
7719.798285094995,61268.4
7720.007439294742,60846.0
7720.216593494489,59684.7
7720.425747694236,59748.6
7720.634901893983,59368.4
7720.84405609373,60715.6
7721.053210293477,61040.9
7721.262364493224,60288.2
7721.471518692971,59517.5
7721.680672892718,59487.2
7721.889827092465,60469.8
7722.098981292212,60604.2
7722.308135491959,61173.5
7722.5172896917065,62573.6
7722.7264438914535,62060.4
7722.9355980912005,60512.1
7723.1447522909475,60792.3
7723.3539064906945,60328.1
7723.5630606904415,59383.6
7723.7722148901885,58965.1
7723.9813690899355,60257.9
7724.1905232896825,60602.9
7724.399677489429,59877.4
7724.608831689176,59330.9
7724.817985888923,59494.2
7725.02714008867,60223.6
7725.236294288418,60951.9
7725.445448488165,60928.5
7725.654602687912,59758.1
7725.863756887659,59410.4
7726.072911087406,60799.9
7726.282065287153,61082.0
7726.4912194869,59765.0
7726.700373686647,60451.9
7726.909527886394,59674.6
7727.118682086141,60570.0
7727.327836285888,60745.1
7727.536990485635,60754.2
7727.746144685382,61145.5
7727.95529888513,61168.3
7728.164453084877,61457.3
7728.373607284624,61019.2
7728.582761484371,60842.8
7728.791915684118,60617.3
7729.001069883865,61138.9
7729.210224083612,59508.5
7729.419378283359,59608.2
7729.628532483106,59435.0
7729.837686682853,58938.9
7730.0468408826,59185.9
7730.255995082347,58318.3
7730.465149282094,59341.5
7730.674303481841,60673.8
7730.883457681589,59642.6
7731.092611881336,59089.0
7731.301766081083,60383.7
7731.51092028083,61615.8
7731.720074480577,61860.4
7731.929228680324,60580.4
7732.138382880071,59305.6
7732.347537079818,60486.9
7732.556691279565,60538.5
7732.765845479312,60003.9
7732.974999679059,59896.8
7733.184153878806,58567.5
7733.393308078554,58434.6
7733.602462278301,59277.5
7733.811616478048,60148.7
7734.020770677795,60140.1
7734.229924877542,60561.8
7734.439079077289,59281.7
7734.648233277036,59855.6
7734.857387476783,60394.1
7735.06654167653,59640.0
7735.275695876277,59945.0
7735.484850076024,59643.7
7735.694004275771,58948.2
7735.903158475518,58697.8
7736.112312675265,58210.7
7736.321466875012,58803.5
7736.530621074759,60438.6
7736.739775274506,59869.6
7736.948929474253,59735.7
7737.158083674,58739.2
7737.367237873747,57940.6
7737.576392073494,59608.3
7737.785546273241,60202.2
7737.994700472988,58786.3
7738.203854672735,59062.7
7738.413008872482,58884.8
7738.622163072229,58138.4
7738.831317271977,59206.1
7739.040471471724,60141.1
7739.249625671471,60730.5
7739.458779871218,60147.8
7739.667934070965,59614.9
7739.877088270712,60293.9
7740.086242470459,59272.1
7740.295396670206,58418.7
7740.504550869953,58117.9
7740.7137050697,58460.0
7740.922859269447,58781.1
7741.132013469194,58641.1
7741.341167668941,58002.5
7741.550321868688,57995.9
7741.759476068436,58439.9
7741.968630268183,57554.7
7742.17778446793,58865.0
7742.386938667677,57977.1
7742.596092867424,58152.8
7742.805247067171,58067.1
7743.014401266918,57334.1
7743.223555466665,56700.4
7743.432709666412,58727.4
7743.641863866159,57408.4
7743.851018065906,57039.1
7744.060172265653,57958.4
7744.2693264654,58335.3
7744.478480665148,59417.7
7744.687634864895,57944.4
7744.896789064642,58474.3
7745.105943264389,58802.4
7745.315097464136,57563.8
7745.524251663883,57953.3
7745.73340586363,56664.0
7745.942560063377,56374.4
7746.151714263124,56591.1
7746.360868462871,58455.5
7746.570022662618,58948.5
7746.779176862365,58421.0
7746.988331062112,56790.8
7747.19748526186,57324.0
7747.406639461607,56801.7
7747.615793661354,56724.9
7747.824947861101,56372.3
7748.0341020608475,58723.6
7748.2432562605945,58573.6
7748.4524104603415,56924.2
7748.6615646600885,57633.8
7748.8707188598355,58448.1
7749.0798730595825,57177.5
7749.2890272593295,56853.5
7749.4981814590765,57581.5
7749.7073356588235,56742.8
7749.916489858571,55788.9
7750.125644058318,55683.6
7750.334798258065,56760.7
7750.543952457812,56417.7
7750.753106657559,55335.5
7750.962260857306,56266.1
7751.171415057053,56142.3
7751.3805692568,55962.9
7751.589723456547,56724.2
7751.798877656294,56740.4
7752.008031856041,56349.8
7752.217186055788,56385.0
7752.426340255535,56554.8
7752.635494455283,56086.5
7752.84464865503,56343.4
7753.053802854777,54657.7
7753.262957054524,53820.2
7753.472111254271,56534.9
7753.681265454018,56623.1
7753.890419653765,55851.6
7754.099573853512,56352.1
7754.308728053259,56442.6
7754.517882253006,55628.1
7754.727036452753,55945.4
7754.9361906525,56108.2
7755.145344852247,57312.6
7755.354499051995,56907.2
7755.563653251742,55272.0
7755.772807451489,54794.4
7755.981961651236,55599.1
7756.191115850983,55638.8
7756.40027005073,56174.9
7756.609424250477,56087.5
7756.818578450224,54890.1
7757.027732649971,55620.6
7757.236886849718,55548.2
7757.446041049465,54505.1
7757.655195249212,54258.6
7757.864349448959,55171.8
7758.073503648707,54875.1
7758.282657848454,54049.2
7758.491812048201,55281.0
7758.700966247948,55430.4
7758.910120447695,53985.0
7759.119274647442,53564.1
7759.328428847189,53654.7
7759.537583046936,54637.4
7759.746737246683,55859.8
7759.95589144643,54332.7
7760.165045646177,55242.1
7760.374199845924,54075.2
7760.583354045671,53747.8
7760.7925082454185,53415.6
7761.0016624451655,54367.7
7761.2108166449125,54675.4
7761.4199708446595,53557.9
7761.6291250444065,54276.6
7761.8382792441535,53311.8
7762.0474334439,53013.2
7762.256587643647,53469.6
7762.465741843394,52673.3
7762.674896043141,52477.6
7762.884050242888,52537.6
7763.093204442635,52271.6
7763.302358642382,51653.1
7763.51151284213,52187.3
7763.720667041877,54842.3
7763.929821241624,54477.2
7764.138975441371,53212.3
7764.348129641118,53290.0
7764.557283840865,52794.0
7764.766438040612,52274.0
7764.975592240359,54259.7
7765.184746440106,53514.5
7765.393900639853,54008.7
7765.6030548396,55423.7
7765.812209039347,53728.9
7766.021363239094,52629.4
7766.230517438842,53374.8
7766.439671638589,54088.6
7766.648825838336,53435.6
7766.857980038083,54975.0
7767.06713423783,53862.0
7767.276288437577,54783.0
7767.485442637324,54290.0
7767.694596837071,53780.2
7767.903751036818,53615.3
7768.112905236565,53521.1
7768.322059436312,53053.2
7768.531213636059,51988.1
7768.740367835806,54380.3
7768.949522035554,55817.6
7769.158676235301,55618.2
7769.367830435048,53124.4
7769.576984634795,53654.7
7769.786138834542,56229.1
7769.995293034289,55376.7
7770.204447234036,54038.0
7770.413601433783,52762.8
7770.62275563353,52117.5
7770.831909833277,51673.3
7771.041064033024,51187.1
7771.250218232771,52381.4
7771.459372432518,52004.0
7771.668526632266,51607.3
7771.877680832013,52444.5
7772.08683503176,51152.2
7772.295989231507,50167.7
7772.505143431254,49960.7
7772.714297631001,51540.0
7772.923451830748,51460.7
7773.132606030495,50923.3
7773.341760230242,52672.9
7773.550914429989,52708.4
7773.7600686297355,51661.3
7773.9692228294825,51535.1
7774.1783770292295,52066.4
7774.3875312289765,52357.6
7774.596685428724,51423.8
7774.805839628471,51013.6
7775.014993828218,51586.1
7775.224148027965,50683.0
7775.433302227712,50643.1
7775.642456427459,51883.5
7775.851610627206,51849.2
7776.060764826953,52052.0
7776.2699190267,52366.1
7776.479073226447,51369.3
7776.688227426194,50727.6
7776.897381625941,51005.4
7777.106535825689,51594.7
7777.315690025436,53866.7
7777.524844225183,53076.9
7777.73399842493,51983.3
7777.943152624677,51903.6
7778.152306824424,51850.1
7778.361461024171,51251.3
7778.570615223918,50586.7
7778.779769423665,51347.3
7778.988923623412,51001.8
7779.198077823159,50499.5
7779.407232022906,50317.3
7779.616386222653,51282.6
7779.8255404224,49036.1
7780.034694622148,48520.0
7780.243848821895,49274.3
7780.453003021642,51699.0
7780.662157221389,51257.1
7780.871311421136,49881.7
7781.080465620883,48651.3
7781.28961982063,50351.6
7781.498774020377,49559.1
7781.707928220124,49370.2
7781.917082419871,49574.6
7782.126236619618,48511.6
7782.335390819365,47693.0
7782.544545019113,48797.3
7782.75369921886,47766.9
7782.962853418607,47083.1
7783.172007618354,48049.8
7783.381161818101,48980.7
7783.590316017848,49021.7
7783.799470217595,48233.8
7784.008624417342,47937.4
7784.217778617089,47153.8
7784.426932816836,47777.5
7784.636087016583,46903.0
7784.84524121633,46972.9
7785.054395416077,47794.3
7785.263549615824,48645.1
7785.472703815572,47256.8
7785.6818580153185,46593.2
7785.8910122150655,47669.4
7786.1001664148125,47896.3
7786.3093206145595,46906.8
7786.5184748143065,47206.3
7786.7276290140535,46609.5
7786.9367832138005,47202.9
7787.1459374135475,47880.1
7787.3550916132945,46789.3
7787.564245813041,45660.5
7787.773400012788,44789.3
7787.982554212536,45249.4
7788.191708412283,46072.3
7788.40086261203,46396.3
7788.610016811777,44470.5
7788.819171011524,43965.6
7789.028325211271,45524.5
7789.237479411018,46770.1
7789.446633610765,46021.5
7789.655787810512,45985.0
7789.864942010259,46653.3
7790.074096210006,45242.8
7790.283250409753,44763.6
7790.4924046095,43835.1
7790.701558809247,44792.2
7790.910713008995,45152.5
7791.119867208742,44981.7
7791.329021408489,44861.7
7791.538175608236,44433.5
7791.747329807983,44672.0
7791.95648400773,45878.9
7792.165638207477,45952.2
7792.374792407224,45564.1
7792.583946606971,44722.7
7792.793100806718,44442.7
7793.002255006465,44906.2
7793.211409206212,45568.6
7793.420563405959,44459.8
7793.629717605707,44356.1
7793.838871805454,43992.0
7794.048026005201,44613.1
7794.257180204948,44543.7
7794.466334404695,45268.3
7794.675488604442,45972.0
7794.884642804189,45699.5
7795.093797003936,44844.4
7795.302951203683,44358.0
7795.51210540343,43335.1
7795.721259603177,42844.3
7795.930413802924,43743.7
7796.139568002671,43834.5
7796.348722202419,43896.2
7796.557876402166,44596.7
7796.767030601913,44974.6
7796.97618480166,44170.0
7797.185339001407,43884.9
7797.394493201154,42537.1
7797.603647400901,44021.0
7797.812801600648,43553.0
7798.021955800395,42658.7
7798.231110000142,41980.9
7798.440264199889,43652.6
7798.649418399636,43037.1
7798.858572599383,41283.8
7799.0677267991305,42575.3
7799.2768809988775,41941.9
7799.486035198624,41672.1
7799.695189398371,42368.5
7799.904343598118,41585.1
7800.113497797865,40841.4
7800.322651997612,41505.2
7800.531806197359,42155.6
7800.740960397106,41619.9
7800.950114596853,42233.1
7801.1592687966,42787.6
7801.368422996347,43414.4
7801.577577196094,42755.2
7801.786731395842,42610.0
7801.995885595589,42685.1
7802.205039795336,42459.1
7802.414193995083,42302.8
7802.62334819483,42221.1
7802.832502394577,41334.4
7803.041656594324,40185.0
7803.250810794071,41940.2
7803.459964993818,41036.8
7803.669119193565,40463.1
7803.878273393312,41627.4
7804.087427593059,41582.4
7804.296581792806,41571.6
7804.505735992554,40953.1
7804.714890192301,40175.4
7804.924044392048,40279.9
7805.133198591795,39457.6
7805.342352791542,39608.3
7805.551506991289,39581.5
7805.760661191036,40323.0
7805.969815390783,41270.3
7806.17896959053,40022.7
7806.388123790277,40477.8
7806.597277990024,39150.4
7806.806432189771,39498.9
7807.015586389518,38719.7
7807.224740589266,38684.6
7807.433894789013,38116.3
7807.64304898876,39179.6
7807.852203188507,39693.6
7808.061357388254,37743.4
7808.270511588001,39123.2
7808.479665787748,38508.4
7808.688819987495,38814.1
7808.897974187242,38652.2
7809.107128386989,38732.3
7809.316282586736,39895.1
7809.525436786483,39299.3
7809.73459098623,38514.6
7809.943745185978,39268.1
7810.152899385725,38458.6
7810.362053585472,36290.1
7810.571207785219,36950.7
7810.780361984966,38121.9
7810.989516184713,38025.6
7811.19867038446,38930.1
7811.4078245842065,38610.7
7811.6169787839535,37730.0
7811.8261329837005,38063.4
7812.0352871834475,37558.4
7812.2444413831945,35682.3
7812.4535955829415,36805.9
7812.662749782689,38527.1
7812.871903982436,38449.1
7813.081058182183,37209.1
7813.29021238193,36563.7
7813.499366581677,36024.4
7813.708520781424,36522.1
7813.917674981171,36778.1
7814.126829180918,37890.4
7814.335983380665,37899.4
7814.545137580412,36860.5
7814.754291780159,38030.0
7814.963445979906,37388.1
7815.172600179653,37311.4
7815.381754379401,37304.5
7815.590908579148,36632.3
7815.800062778895,36974.0
7816.009216978642,37437.5
7816.218371178389,36693.5
7816.427525378136,36019.2
7816.636679577883,37135.8
7816.84583377763,35883.8
7817.054987977377,35360.8
7817.264142177124,36373.0
7817.473296376871,35576.3
7817.682450576618,36192.9
7817.891604776365,36853.2
7818.100758976113,36492.9
7818.30991317586,36626.2
7818.519067375607,35883.3
7818.728221575354,34845.8
7818.937375775101,35621.9
7819.146529974848,35981.6
7819.355684174595,34874.3
7819.564838374342,35988.2
7819.773992574089,35215.6
7819.983146773836,33652.1
7820.192300973583,33262.8
7820.40145517333,35526.8
7820.610609373077,35460.2
7820.819763572825,34747.3
7821.028917772572,34226.4
7821.238071972319,32957.1
7821.447226172066,32653.2
7821.656380371813,33761.3
7821.86553457156,34381.7
7822.074688771307,34753.5
7822.283842971054,33242.3
7822.492997170801,33628.9
7822.702151370548,34502.9
7822.911305570295,34368.1
7823.120459770042,33872.5
7823.329613969789,33846.3
7823.538768169536,34043.3
7823.7479223692835,33922.1
7823.9570765690305,33567.7
7824.1662307687775,33056.0
7824.3753849685245,33394.9
7824.5845391682715,33434.5
7824.7936933680185,33006.4
7825.0028475677655,31737.3
7825.212001767512,31887.4
7825.421155967259,31698.0
7825.630310167006,32504.7
7825.839464366753,32794.9
7826.0486185665,33262.6
7826.257772766248,31766.3
7826.466926965995,31818.2
7826.676081165742,31478.2
7826.885235365489,31447.4
7827.094389565236,33186.6
7827.303543764983,32388.4
7827.51269796473,31988.7
7827.721852164477,32316.2
7827.931006364224,31911.7
7828.140160563971,31020.2
7828.349314763718,31647.0
7828.558468963465,32041.1
7828.767623163212,31645.0
7828.976777362959,30344.2
7829.185931562707,31460.1
7829.395085762454,31565.0
7829.604239962201,31091.0
7829.813394161948,31638.0
7830.022548361695,32100.6
7830.231702561442,30591.1
7830.440856761189,30998.7
7830.650010960936,30284.3
7830.859165160683,29359.5
7831.06831936043,29782.1
7831.277473560177,30877.5
7831.486627759924,31356.4
7831.695781959672,30523.4
7831.904936159419,30200.3
7832.114090359166,30700.0
7832.323244558913,31222.2
7832.53239875866,30412.3
7832.741552958407,29320.7
7832.950707158154,29593.2
7833.159861357901,29288.8
7833.369015557648,29445.4
7833.578169757395,28448.2
7833.787323957142,31076.6
7833.996478156889,30984.7
7834.205632356636,29279.1
7834.414786556383,30064.7
7834.623940756131,29068.8
7834.833094955878,28130.5
7835.042249155625,28755.5
7835.251403355372,29115.2
7835.460557555119,29092.3
7835.669711754866,28797.5
7835.878865954613,28583.3
7836.08802015436,28274.3
7836.297174354107,28214.3
7836.506328553854,28665.0
7836.715482753601,27767.0
7836.9246369533475,28387.1
7837.133791153095,27265.1
7837.342945352842,27546.2
7837.552099552589,28543.6
7837.761253752336,28194.3
7837.970407952083,28114.2
7838.17956215183,28261.5
7838.388716351577,27742.5
7838.597870551324,28153.8
7838.807024751071,27241.7
7839.016178950818,26765.5
7839.225333150565,26630.1
7839.434487350312,26418.9
7839.643641550059,27273.0
7839.852795749806,27111.6
7840.061949949554,25408.1
7840.271104149301,26021.2
7840.480258349048,26621.7
7840.689412548795,26817.8
7840.898566748542,26898.7
7841.107720948289,26791.3
7841.316875148036,27376.0
7841.526029347783,26363.5
7841.73518354753,25955.1
7841.944337747277,25734.6
7842.153491947024,25716.4
7842.362646146771,26147.3
7842.571800346519,26288.3
7842.780954546266,26371.0
7842.990108746013,25829.8
7843.19926294576,25110.0
7843.408417145507,26126.0
7843.617571345254,25515.1
7843.826725545001,26306.7
7844.035879744748,25264.6
7844.245033944495,25203.6
7844.454188144242,25944.3
7844.663342343989,24848.6
7844.872496543736,24536.6
7845.081650743483,24463.7
7845.29080494323,23956.4
7845.499959142978,24733.6
7845.709113342725,24785.6
7845.918267542472,24541.9
7846.127421742219,25819.1
7846.336575941966,25047.1
7846.545730141713,23973.2
7846.75488434146,24107.7
7846.964038541207,24231.1
7847.173192740954,24664.0
7847.382346940701,24947.4
7847.591501140448,24425.8
7847.800655340195,22720.1
7848.009809539942,23544.0
7848.21896373969,24366.4
7848.428117939437,24881.6
7848.637272139184,25085.8
7848.8464263389305,25194.3
7849.0555805386775,24187.9
7849.2647347384245,23407.8
7849.4738889381715,22635.4
7849.6830431379185,22600.3
7849.8921973376655,23207.9
7850.1013515374125,22952.9
7850.3105057371595,23461.3
7850.5196599369065,22658.1
7850.728814136653,23148.6
7850.937968336401,22127.7
7851.147122536148,22796.4
7851.356276735895,21584.4
7851.565430935642,21930.8
7851.774585135389,21565.1
7851.983739335136,22264.5
7852.192893534883,22144.2
7852.40204773463,21495.1
7852.611201934377,21044.5
7852.820356134124,20998.4
7853.029510333871,21601.1
7853.238664533618,23087.9
7853.447818733365,22653.1
7853.656972933113,22007.7
7853.86612713286,21276.0
7854.075281332607,21763.3
7854.284435532354,21458.2
7854.493589732101,21236.7
7854.702743931848,20830.7
7854.911898131595,20005.9
7855.121052331342,21188.8
7855.330206531089,21184.1
7855.539360730836,21572.7
7855.748514930583,20507.7
7855.95766913033,20919.1
7856.166823330077,21186.5
7856.375977529825,19945.9
7856.585131729572,20138.7
7856.794285929319,20626.0
7857.003440129066,18690.2
7857.212594328813,19605.3
7857.42174852856,20902.3
7857.630902728307,20714.8
7857.840056928054,19471.3
7858.049211127801,19722.1
7858.258365327548,20421.3
7858.467519527295,20043.5
7858.676673727042,19516.7
7858.885827926789,19768.9
7859.094982126537,19966.9
7859.304136326284,20272.6
7859.513290526031,19402.2
7859.722444725778,19191.0
7859.931598925525,19542.0
7860.140753125272,20287.3
7860.349907325019,20610.1
7860.559061524766,19441.3
7860.768215724513,18546.2
7860.97736992426,18014.7
7861.186524124007,17825.8
7861.395678323754,18477.8
7861.604832523501,18955.4
7861.8139867232485,19271.5
7862.0231409229955,19089.2
7862.2322951227425,18339.1
7862.4414493224895,18105.0
7862.650603522236,18526.5
7862.859757721983,18919.1
7863.06891192173,18250.8
7863.278066121477,18127.2
7863.487220321224,17817.5
7863.696374520971,17744.5
7863.905528720718,18853.1
7864.114682920465,17544.2
7864.323837120212,17586.7
7864.53299131996,17530.5
7864.742145519707,17185.2
7864.951299719454,17528.4
7865.160453919201,17307.2
7865.369608118948,16849.2
7865.578762318695,16508.2
7865.787916518442,16637.2
7865.997070718189,18062.2
7866.206224917936,17265.1
7866.415379117683,17881.2
7866.62453331743,17149.7
7866.833687517177,15848.3
7867.042841716924,16602.9
7867.251995916671,16807.3
7867.461150116419,16731.6
7867.670304316166,16932.5
7867.879458515913,16975.3
7868.08861271566,17117.8
7868.297766915407,16496.9
7868.506921115154,17086.4
7868.716075314901,17064.6
7868.925229514648,16775.2
7869.134383714395,16099.5
7869.343537914142,15588.8
7869.552692113889,16445.9
7869.761846313636,16251.8
7869.971000513384,16091.2
7870.180154713131,14813.3
7870.389308912878,15481.7
7870.598463112625,15162.3
7870.807617312372,14396.6
7871.016771512119,15668.3
7871.225925711866,16099.3
7871.435079911613,14855.8
7871.64423411136,15621.5
7871.853388311107,14942.2
7872.062542510854,14886.1
7872.271696710601,15717.9
7872.480850910348,15178.4
7872.690005110095,14370.4
7872.899159309843,13897.6
7873.10831350959,13886.2
7873.317467709337,14243.4
7873.526621909084,14774.8
7873.735776108831,13064.8
7873.944930308578,14140.4
7874.154084508325,13167.4
7874.363238708072,13116.1
7874.5723929078185,14100.1
7874.7815471075655,14826.1
7874.9907013073125,12933.4
7875.1998555070595,12579.1
7875.409009706807,12871.1
7875.618163906554,13804.5
7875.827318106301,15274.8
7876.036472306048,14046.3
7876.245626505795,12285.9
7876.454780705542,11976.4
7876.663934905289,12234.0
7876.873089105036,12199.6
7877.082243304783,12159.0
7877.29139750453,12518.2
7877.500551704277,13352.8
7877.709705904024,12297.1
7877.918860103771,12222.6
7878.128014303518,12775.7
7878.337168503266,11708.1
7878.546322703013,11959.8
7878.75547690276,12816.7
7878.964631102507,12125.6
7879.173785302254,11295.5
7879.382939502001,11447.9
7879.592093701748,12152.5
7879.801247901495,12414.0
7880.010402101242,11316.4
7880.219556300989,11214.4
7880.428710500736,11744.5
7880.637864700483,10382.4
7880.847018900231,10370.2
7881.056173099978,11050.9
7881.265327299725,11276.7
7881.474481499472,11380.5
7881.683635699219,9908.72
7881.892789898966,11149.7
7882.101944098713,12821.2
7882.31109829846,11286.6
7882.520252498207,10909.4
7882.729406697954,11379.0
7882.938560897701,11794.8
7883.147715097448,10998.4
7883.356869297195,10242.1
7883.566023496942,10244.8
7883.77517769669,10570.2
7883.984331896437,11656.8
7884.193486096184,10780.3
7884.402640295931,10132.5
7884.611794495678,10043.1
7884.820948695425,9894.24
7885.030102895172,10765.9
7885.239257094919,10304.0
7885.448411294666,10103.8
7885.657565494413,10595.7
7885.86671969416,10300.3
7886.075873893907,10299.3
7886.285028093655,9888.11
7886.4941822934015,8576.13
7886.7033364931485,8769.05
7886.9124906928955,9017.2
7887.1216448926425,10017.7
7887.3307990923895,10016.8
7887.5399532921365,10459.9
7887.7491074918835,9288.34
7887.9582616916305,9583.6
7888.1674158913775,8458.39
7888.376570091124,9366.23
7888.585724290871,9075.61
7888.794878490618,9540.27
7889.004032690365,7774.3
7889.213186890113,7254.51
7889.42234108986,8528.64
7889.631495289607,8582.95
7889.840649489354,9002.91
7890.049803689101,8652.9
7890.258957888848,9410.81
7890.468112088595,9462.17
7890.677266288342,9153.64
7890.886420488089,8405.65
7891.095574687836,8247.56
7891.304728887583,8679.77
7891.51388308733,8557.83
7891.723037287078,8884.33
7891.932191486825,8336.91
7892.141345686572,7807.52
7892.350499886319,7418.93
7892.559654086066,7068.71
7892.768808285813,8932.29
7892.97796248556,7555.89
7893.187116685307,7756.58
7893.396270885054,7172.0
7893.605425084801,6637.27
7893.814579284548,7736.76
7894.023733484295,6737.0
7894.232887684042,6957.61
7894.442041883789,8621.21
7894.651196083537,8776.27
7894.860350283284,8346.57
7895.069504483031,7282.77
7895.278658682778,7827.55
7895.487812882525,6012.82
7895.696967082272,5875.06
7895.906121282019,5643.0
7896.115275481766,6871.81
7896.324429681513,6694.78
