6487.5917954904,68603.5
6487.771205922625,67546.3
6487.950616354851,68479.4
6488.1300267870765,68757.1
6488.309437219302,69605.0
6488.488847651528,71145.4
6488.668258083753,71765.6
6488.8476685159785,71011.7
6489.027078948205,68946.6
6489.20648938043,69883.7
6489.385899812656,71534.0
6489.565310244881,73721.1
6489.744720677107,74716.2
6489.924131109333,74720.0
6490.103541541558,75176.6
6490.282951973783,74942.5
6490.46236240601,71529.9
6490.641772838235,66010.4
6490.82118327046,65188.5
6491.000593702686,68032.7
6491.1800041349115,73938.4
6491.359414567137,79057.9
6491.538824999363,80180.4
6491.718235431588,79587.1
6491.8976458638135,80478.4
6492.07705629604,82141.9
6492.256466728265,81112.3
6492.435877160491,80041.5
6492.615287592716,76887.2
6492.794698024942,73373.4
6492.974108457168,72058.0
6493.153518889393,73541.9
6493.332929321618,77875.1
6493.512339753845,82277.2
6493.69175018607,84029.4
6493.871160618295,86120.9
6494.050571050521,87090.3
6494.229981482747,85249.1
6494.409391914972,83990.7
6494.588802347198,85336.6
6494.768212779423,87032.4
6494.947623211649,87748.1
6495.127033643875,88155.6
6495.3064440761,88545.9
6495.485854508326,84088.1
6495.665264940551,79111.0
6495.844675372777,76160.7
6496.024085805003,77521.5
6496.203496237228,83941.8
6496.382906669453,89102.1
6496.56231710168,89486.0
6496.741727533905,90836.9
6496.92113796613,92174.5
6497.100548398356,92338.4
6497.279958830582,90143.4
6497.459369262807,87012.2
6497.638779695033,86701.0
6497.818190127258,90190.9
6497.997600559484,93407.9
6498.17701099171,93947.0
6498.356421423935,96186.2
6498.535831856161,96230.9
6498.715242288386,96328.8
6498.894652720612,96044.3
6499.074063152838,97465.9
6499.253473585063,99133.3
6499.432884017288,98033.1
6499.612294449515,98292.9
6499.79170488174,98159.2
6499.971115313965,98622.5
6500.150525746191,99972.1
6500.329936178417,100711.0
6500.509346610643,100950.0
6500.688757042868,101292.0
6500.868167475093,102420.0
6501.0475779073195,102901.0
6501.226988339545,101433.0
6501.40639877177,102775.0
6501.585809203996,102830.0
6501.765219636221,101443.0
6501.944630068447,104002.0
6502.124040500673,106417.0
6502.303450932898,105946.0
6502.482861365123,104800.0
6502.66227179735,104092.0
6502.841682229575,105736.0
6503.0210926618,108125.0
6503.200503094026,108528.0
6503.379913526252,106222.0
6503.559323958478,105354.0
6503.738734390703,106175.0
6503.918144822928,107033.0
6504.0975552551545,107170.0
6504.27696568738,107415.0
6504.456376119605,109528.0
6504.635786551831,111708.0
6504.8151969840565,113038.0
6504.994607416282,113135.0
6505.174017848508,113307.0
6505.353428280733,113951.0
6505.532838712958,113639.0
6505.712249145185,113160.0
6505.89165957741,114585.0
6506.071070009635,116640.0
6506.250480441861,117731.0
6506.429890874087,118328.0
6506.609301306313,119291.0
6506.788711738538,119681.0
6506.968122170763,119552.0
6507.1475326029895,119472.0
6507.326943035215,118703.0
6507.50635346744,118586.0
6507.685763899666,120523.0
6507.8651743318915,121001.0
6508.044584764117,122301.0
6508.223995196343,122310.0
6508.403405628568,115723.0
6508.582816060793,113279.0
6508.76222649302,116009.0
6508.941636925245,119249.0
6509.121047357471,123042.0
6509.300457789696,125460.0
6509.479868221922,126799.0
6509.659278654148,127653.0
6509.838689086373,128181.0
6510.018099518598,128613.0
6510.1975099508245,128838.0
6510.37692038305,130992.0
6510.556330815275,132161.0
6510.735741247501,131944.0
6510.9151516797265,133296.0
6511.094562111952,133774.0
6511.273972544178,135331.0
6511.453382976403,135414.0
6511.6327934086285,134707.0
6511.812203840855,131705.0
6511.99161427308,127591.0
6512.171024705306,127076.0
6512.350435137531,132375.0
6512.529845569757,138104.0
6512.709256001983,141264.0
6512.888666434208,145713.0
6513.068076866433,145798.0
6513.2474872986595,144685.0
6513.426897730885,145406.0
6513.60630816311,146161.0
6513.785718595336,145176.0
6513.9651290275615,144316.0
6514.144539459787,143877.0
6514.323949892013,138958.0
6514.503360324238,129140.0
6514.6827707564635,123306.0
6514.86218118869,125381.0
6515.041591620915,136264.0
6515.221002053141,144568.0
6515.400412485366,147511.0
6515.579822917592,143516.0
6515.759233349818,137574.0
6515.938643782043,136944.0
6516.118054214268,137657.0
6516.2974646464945,130014.0
6516.47687507872,115205.0
6516.656285510945,110235.0
6516.835695943171,121649.0
6517.0151063753965,136783.0
6517.194516807622,144587.0
6517.373927239848,150391.0
6517.553337672073,155614.0
6517.732748104299,155907.0
6517.912158536525,153338.0
6518.09156896875,153150.0
6518.270979400976,157525.0
6518.450389833201,160553.0
6518.629800265427,161023.0
6518.809210697653,159421.0
6518.988621129878,157672.0
6519.168031562103,150767.0
6519.3474419943295,144115.0
6519.526852426555,144283.0
6519.70626285878,150699.0
6519.885673291006,160403.0
6520.0650837232315,163687.0
6520.244494155457,166882.0
6520.423904587683,166269.0
6520.603315019908,167503.0
6520.782725452134,166838.0
6520.96213588436,167608.0
6521.141546316585,167968.0
6521.320956748811,167718.0
6521.500367181036,168004.0
6521.679777613262,165572.0
6521.859188045488,165253.0
6522.038598477713,164220.0
6522.218008909938,165644.0
6522.3974193421645,165967.0
6522.57682977439,167048.0
6522.756240206615,169437.0
6522.935650638841,169043.0
6523.1150610710665,167151.0
6523.294471503292,165719.0
6523.473881935518,161143.0
6523.653292367743,154140.0
6523.832702799969,150725.0
6524.012113232195,154777.0
6524.19152366442,165975.0
6524.370934096646,175159.0
6524.550344528871,176502.0
6524.729754961097,176245.0
6524.909165393323,177029.0
6525.088575825548,178261.0
6525.267986257773,180409.0
6525.44739669,180283.0
6525.626807122225,177934.0
6525.80621755445,179242.0
6525.985627986676,180332.0
6526.1650384189015,180732.0
6526.344448851128,182143.0
6526.523859283353,183530.0
6526.703269715578,184000.0
6526.882680147804,184530.0
6527.06209058003,185442.0
6527.241501012255,185692.0
6527.420911444481,185214.0
6527.600321876706,184812.0
6527.779732308932,184038.0
6527.959142741158,186682.0
6528.138553173383,189417.0
6528.317963605608,189792.0
6528.497374037835,190413.0
6528.67678447006,192186.0
6528.856194902285,192262.0
6529.035605334511,191312.0
6529.2150157667365,192840.0
6529.394426198963,194873.0
6529.573836631188,194243.0
6529.753247063413,194505.0
6529.932657495639,194847.0
6530.112067927865,194620.0
6530.29147836009,192841.0
6530.470888792316,190222.0
6530.650299224541,189730.0
6530.829709656767,193322.0
6531.009120088993,196694.0
6531.188530521218,198505.0
6531.367940953443,200548.0
6531.54735138567,199469.0
6531.726761817895,199339.0
6531.90617225012,199246.0
6532.085582682346,190019.0
6532.264993114572,180457.0
6532.444403546798,178304.0
6532.623813979023,185964.0
6532.803224411248,197848.0
6532.982634843474,204900.0
6533.1620452757,206434.0
6533.341455707925,206705.0
6533.520866140151,205045.0
6533.700276572376,200990.0
6533.879687004602,194918.0
6534.059097436828,191301.0
6534.238507869053,195451.0
6534.417918301278,201930.0
6534.597328733505,206886.0
6534.77673916573,207036.0
6534.956149597956,208811.0
6535.135560030181,211805.0
6535.314970462407,212318.0
6535.494380894633,213794.0
6535.673791326858,214525.0
6535.853201759083,215874.0
6536.032612191309,215178.0
6536.212022623535,216031.0
6536.39143305576,214236.0
6536.570843487986,211836.0
6536.750253920211,212752.0
6536.929664352437,214220.0
6537.109074784663,218350.0
6537.288485216888,222483.0
6537.467895649113,221944.0
6537.64730608134,222112.0
6537.826716513565,225460.0
6538.006126945791,228724.0
6538.185537378016,224844.0
6538.364947810242,224044.0
6538.544358242468,227811.0
6538.723768674693,229482.0
6538.903179106918,230650.0
6539.0825895391445,230689.0
6539.26199997137,230299.0
6539.441410403595,230876.0
6539.620820835821,232204.0
6539.800231268046,233807.0
6539.979641700272,233970.0
6540.159052132498,233677.0
6540.338462564723,233454.0
6540.517872996948,232721.0
6540.697283429175,233817.0
6540.8766938614,236290.0
6541.056104293626,238625.0
6541.235514725851,239132.0
6541.414925158077,239279.0
6541.594335590303,240726.0
6541.773746022528,241228.0
6541.953156454753,237723.0
6542.1325668869795,231391.0
6542.311977319205,227801.0
6542.49138775143,230462.0
6542.670798183656,235659.0
6542.8502086158815,242567.0
6543.029619048107,242340.0
6543.209029480333,243135.0
6543.388439912558,246460.0
6543.567850344784,236437.0
6543.74726077701,215997.0
6543.926671209235,205225.0
6544.106081641461,215626.0
6544.285492073686,238081.0
6544.464902505912,252643.0
6544.644312938138,255096.0
6544.823723370363,254673.0
6545.003133802588,256617.0
6545.1825442348145,256271.0
6545.36195466704,257482.0
6545.541365099265,253983.0
6545.720775531491,251871.0
6545.9001859637165,251276.0
6546.079596395942,254298.0
6546.259006828168,260615.0
6546.438417260393,265937.0
6546.617827692619,267924.0
6546.797238124845,266059.0
6546.97664855707,266101.0
6547.156058989296,266587.0
6547.335469421521,264832.0
6547.514879853747,253517.0
6547.694290285973,249863.0
6547.873700718198,255272.0
6548.053111150423,265984.0
6548.2325215826495,265371.0
6548.411932014875,250086.0
6548.5913424471,239627.0
6548.770752879326,243791.0
6548.9501633115515,258639.0
6549.129573743777,273442.0
6549.308984176003,278096.0
6549.488394608228,284626.0
6549.667805040454,290572.0
6549.84721547268,289056.0
6550.026625904905,290073.0
6550.206036337131,293831.0
6550.385446769356,295374.0
6550.564857201582,297826.0
6550.744267633808,300663.0
6550.923678066033,303109.0
6551.103088498258,303826.0
6551.2824989304845,307095.0
6551.46190936271,311811.0
6551.641319794935,311115.0
6551.820730227161,310004.0
6552.0001406593865,309395.0
6552.179551091613,310763.0
6552.358961523838,296922.0
6552.538371956063,279809.0
6552.717782388289,280344.0
6552.897192820515,303110.0
6553.07660325274,331228.0
6553.256013684966,344113.0
6553.435424117191,341334.0
6553.614834549417,337258.0
6553.794244981643,339227.0
6553.973655413868,348800.0
6554.153065846093,364748.0
6554.3324762783195,377449.0
6554.511886710545,385325.0
6554.69129714277,394415.0
6554.870707574996,401028.0
6555.0501180072215,412006.0
6555.229528439448,418718.0
6555.408938871673,430955.0
6555.588349303898,445559.0
6555.767759736124,455926.0
6555.94717016835,473487.0
6556.126580600575,491280.0
6556.305991032801,507948.0
6556.485401465026,524922.0
6556.664811897252,543318.0
6556.844222329478,555179.0
6557.023632761703,552470.0
6557.203043193928,568826.0
6557.3824536261545,606434.0
6557.56186405838,665968.0
6557.741274490605,709939.0
6557.920684922831,733562.0
6558.1000953550565,755106.0
6558.279505787283,801848.0
6558.458916219508,869526.0
6558.638326651733,932145.0
6558.817737083959,995900.0
6558.997147516185,1.07072e+06
6559.17655794841,1.1428e+06
6559.355968380636,1.21454e+06
6559.535378812861,1.28765e+06
6559.714789245087,1.35928e+06
6559.894199677313,1.44384e+06
6560.073610109538,1.50583e+06
6560.253020541763,1.53319e+06
6560.4324309739895,1.56534e+06
6560.611841406215,1.59338e+06
6560.791251838441,1.61915e+06
6560.970662270666,1.63221e+06
6561.1500727028915,1.6382e+06
6561.329483135118,1.61865e+06
6561.508893567343,1.55527e+06
6561.688303999568,1.40061e+06
6561.867714431794,1.16813e+06
6562.04712486402,931239.0
6562.226535296245,776485.0
6562.405945728471,754588.0
6562.585356160696,858541.0
6562.764766592922,1.06576e+06
6562.944177025148,1.30264e+06
6563.123587457373,1.49909e+06
6563.302997889598,1.60554e+06
6563.482408321825,1.63846e+06
6563.66181875405,1.64606e+06
6563.841229186276,1.62214e+06
6564.020639618501,1.54834e+06
6564.2000500507265,1.48884e+06
6564.379460482953,1.50178e+06
6564.558870915178,1.54212e+06
6564.738281347403,1.52159e+06
6564.917691779629,1.45419e+06
6565.097102211855,1.38477e+06
6565.27651264408,1.30817e+06
6565.455923076306,1.23151e+06
6565.635333508531,1.16669e+06
6565.814743940757,1.10499e+06
6565.994154372983,1.04226e+06
6566.173564805208,977774.0
6566.352975237433,924948.0
6566.53238566966,876799.0
6566.711796101885,830581.0
6566.891206534111,791452.0
6567.070616966336,757610.0
6567.2500273985615,723988.0
6567.429437830788,693882.0
6567.608848263013,662275.0
6567.788258695238,630657.0
6567.967669127464,609672.0
6568.14707955969,590395.0
6568.326489991915,562482.0
6568.505900424141,532840.0
6568.685310856366,506840.0
6568.864721288592,488474.0
6569.044131720818,479013.0
6569.223542153043,472065.0
6569.402952585269,469887.0
6569.582363017495,458773.0
6569.76177344972,453064.0
6569.941183881946,446234.0
6570.120594314171,436400.0
6570.300004746397,427077.0
6570.479415178623,419629.0
6570.658825610848,409086.0
6570.838236043073,400898.0
6571.017646475299,395624.0
6571.197056907525,392084.0
6571.37646733975,387040.0
6571.555877771976,381482.0
6571.735288204201,367856.0
6571.914698636427,342708.0
6572.094109068653,326779.0
6572.273519500878,331156.0
6572.452929933104,348269.0
6572.63234036533,359252.0
6572.811750797555,357410.0
6572.991161229781,352222.0
6573.170571662006,350222.0
6573.349982094232,346431.0
6573.529392526458,342797.0
6573.708802958683,339507.0
6573.888213390908,340547.0
6574.067623823134,341146.0
6574.24703425536,338823.0
6574.426444687585,331531.0
6574.605855119811,307123.0
6574.785265552036,285499.0
6574.964675984262,284394.0
6575.144086416488,301264.0
6575.323496848713,321470.0
6575.502907280939,328550.0
6575.682317713165,328642.0
6575.86172814539,327809.0
6576.041138577616,324392.0
6576.220549009841,320251.0
6576.399959442067,318573.0
6576.579369874293,319313.0
6576.758780306518,320194.0
6576.938190738743,320653.0
6577.1176011709695,320626.0
6577.297011603195,317333.0
6577.47642203542,316021.0
6577.655832467646,316933.0
6577.835242899871,319407.0
6578.014653332098,317598.0
6578.194063764323,315671.0
6578.373474196548,315988.0
6578.552884628774,314971.0
6578.732295061,312830.0
6578.911705493225,311871.0
6579.091115925451,310395.0
6579.270526357676,309386.0
6579.449936789902,312632.0
6579.629347222128,313209.0
6579.808757654353,308523.0
6579.988168086578,308828.0
6580.1675785188045,311407.0
6580.34698895103,310020.0
6580.526399383255,303585.0
6580.705809815481,296550.0
6580.8852202477065,296086.0
6581.064630679933,299952.0
6581.244041112158,306791.0
6581.423451544383,310185.0
6581.602861976609,313330.0
6581.782272408835,312734.0
6581.96168284106,309984.0
6582.141093273286,309173.0
6582.320503705511,309544.0
6582.499914137737,310662.0
6582.679324569963,310966.0
6582.858735002188,309092.0
6583.038145434413,306126.0
6583.2175558666395,302560.0
6583.396966298865,299900.0
6583.57637673109,301265.0
6583.755787163316,306900.0
6583.9351975955415,311585.0
6584.114608027768,312335.0
6584.294018459993,314291.0
6584.473428892218,315227.0
6584.652839324444,314350.0
6584.83224975667,313576.0
6585.011660188895,313079.0
6585.191070621121,310557.0
6585.370481053346,311214.0
6585.549891485572,310012.0
6585.729301917798,307255.0
6585.908712350023,308078.0
6586.088122782248,306981.0
6586.2675332144745,297512.0
6586.4469436467,288574.0
6586.626354078926,283566.0
6586.805764511151,292149.0
6586.9851749433765,304802.0
6587.164585375603,308477.0
6587.343995807828,309297.0
6587.523406240053,312107.0
6587.702816672279,313503.0
6587.882227104505,311513.0
6588.06163753673,310406.0
6588.241047968956,311747.0
6588.420458401181,311769.0
6588.599868833407,310122.0
6588.779279265633,309055.0
6588.958689697858,312700.0
6589.138100130083,314983.0
6589.3175105623095,312133.0
6589.496920994535,311707.0
6589.676331426761,311744.0
6589.855741858986,312230.0
6590.0351522912115,312851.0
6590.214562723438,313846.0
6590.393973155663,311400.0
6590.573383587888,312290.0
6590.752794020114,310709.0
6590.93220445234,309370.0
6591.111614884565,308999.0
6591.291025316791,310251.0
6591.470435749016,310515.0
6591.649846181242,309986.0
6591.829256613468,308948.0
6592.008667045693,308436.0
6592.188077477918,308744.0
6592.3674879101445,307673.0
6592.54689834237,307476.0
6592.726308774596,306745.0
6592.905719206821,303759.0
6593.0851296390465,303614.0
6593.264540071273,304284.0
6593.443950503498,304583.0
6593.623360935723,306251.0
6593.802771367949,306605.0
6593.982181800175,304238.0
6594.1615922324,300240.0
6594.341002664626,298981.0
6594.520413096851,300086.0
6594.699823529077,304350.0
6594.879233961303,307301.0
6595.058644393528,307486.0
6595.238054825754,310013.0
6595.4174652579795,309853.0
6595.596875690205,309088.0
6595.776286122431,308036.0
6595.955696554656,307311.0
6596.1351069868815,306476.0
6596.314517419108,305915.0
6596.493927851333,304615.0
6596.673338283558,303732.0
6596.852748715784,304998.0
6597.03215914801,302875.0
6597.211569580235,303320.0
6597.390980012461,305285.0
6597.570390444686,305990.0
6597.749800876912,303234.0
6597.929211309138,307031.0
6598.108621741363,307597.0
6598.288032173589,307784.0
6598.4674426058145,308127.0
6598.64685303804,306766.0
6598.826263470266,303313.0
6599.005673902491,298795.0
6599.1850843347165,294940.0
6599.364494766943,294562.0
6599.543905199168,294241.0
6599.723315631393,297194.0
6599.902726063619,303403.0
6600.082136495845,304075.0
6600.26154692807,301567.0
6600.440957360296,301970.0
6600.620367792521,302742.0
6600.799778224747,302824.0
6600.979188656973,304406.0
6601.158599089198,304528.0
6601.338009521424,305171.0
6601.51741995365,302122.0
6601.696830385875,299017.0
6601.876240818101,297409.0
6602.055651250326,296601.0
6602.2350616825515,295172.0
6602.414472114778,298636.0
6602.593882547003,299084.0
6602.773292979228,300266.0
6602.952703411454,301558.0
6603.13211384368,302792.0
6603.311524275905,302852.0
6603.490934708131,301518.0
6603.670345140356,298712.0
6603.849755572583,301766.0
6604.029166004808,303504.0
6604.208576437033,302066.0
6604.387986869259,301261.0
6604.567397301485,299707.0
6604.74680773371,299497.0
6604.926218165936,297315.0
6605.105628598161,296390.0
6605.2850390303865,296232.0
6605.464449462613,296817.0
6605.643859894838,293885.0
6605.823270327063,296276.0
6606.002680759289,297773.0
6606.182091191515,299414.0
6606.36150162374,299802.0
6606.540912055966,298637.0
6606.720322488191,300746.0
6606.899732920418,301162.0
6607.079143352643,298094.0
6607.258553784868,297208.0
6607.437964217094,296081.0
6607.61737464932,297195.0
6607.796785081545,296207.0
6607.976195513771,295183.0
6608.155605945996,299531.0
6608.335016378222,299988.0
6608.514426810448,296794.0
6608.693837242673,296295.0
6608.873247674898,297842.0
6609.052658107124,296887.0
6609.23206853935,296025.0
6609.411478971575,293991.0
6609.590889403801,293516.0
6609.770299836026,294684.0
6609.949710268253,293652.0
6610.129120700478,295393.0
6610.308531132703,295523.0
6610.487941564929,293875.0
6610.667351997155,293934.0
6610.84676242938,293740.0
6611.026172861606,293629.0
6611.205583293831,292595.0
6611.384993726057,291713.0
6611.564404158283,292777.0
6611.743814590508,292210.0
6611.923225022733,292186.0
6612.102635454959,291711.0
6612.282045887185,289503.0
6612.461456319411,287003.0
6612.640866751636,285748.0
6612.820277183861,287587.0
6612.999687616088,287362.0
6613.179098048313,289174.0
6613.358508480538,289910.0
6613.537918912764,289674.0
6613.71732934499,288212.0
6613.896739777215,289831.0
6614.076150209441,290285.0
6614.255560641666,290332.0
6614.434971073892,291394.0
6614.614381506118,288284.0
6614.793791938343,289002.0
6614.973202370568,292763.0
6615.1526128027945,292788.0
6615.33202323502,291687.0
6615.511433667246,290045.0
6615.690844099471,289401.0
6615.870254531696,290727.0
6616.049664963923,290972.0
6616.229075396148,290041.0
6616.408485828373,289213.0
6616.587896260599,289797.0
6616.767306692825,290257.0
6616.94671712505,290964.0
6617.126127557276,288425.0
6617.305537989501,289769.0
6617.484948421727,289787.0
6617.664358853953,289537.0
6617.843769286178,289489.0
6618.023179718404,290276.0
6618.2025901506295,287546.0
6618.382000582855,284960.0
6618.561411015081,284317.0
6618.740821447306,286692.0
6618.9202318795315,288743.0
6619.099642311758,287965.0
6619.279052743983,287804.0
6619.458463176208,287716.0
6619.637873608434,286805.0
6619.81728404066,287461.0
6619.996694472885,288243.0
6620.176104905111,285496.0
6620.355515337336,283834.0
6620.534925769562,286402.0
6620.714336201788,287034.0
6620.893746634013,285709.0
6621.073157066239,281908.0
6621.2525674984645,283316.0
6621.43197793069,283845.0
6621.611388362916,284045.0
6621.790798795141,279677.0
6621.9702092273665,281141.0
6622.149619659593,282202.0
6622.329030091818,284203.0
6622.508440524043,281459.0
6622.687850956269,281126.0
6622.867261388495,278955.0
6623.04667182072,281924.0
6623.226082252946,282018.0
6623.405492685171,282056.0
6623.584903117397,284056.0
6623.764313549623,281802.0
6623.943723981848,279644.0
6624.123134414074,279688.0
6624.3025448462995,281055.0
6624.481955278525,277807.0
6624.661365710751,279271.0
6624.840776142976,279846.0
6625.0201865752015,277757.0
6625.199597007428,276513.0
6625.379007439653,278968.0
6625.558417871878,279036.0
6625.737828304104,276021.0
6625.91723873633,274570.0
6626.096649168555,273569.0
6626.276059600781,273972.0
6626.455470033006,272218.0
6626.634880465232,272360.0
6626.814290897458,275067.0
6626.993701329683,275435.0
6627.173111761909,272440.0
6627.3525221941345,275196.0
6627.53193262636,274361.0
6627.711343058586,274333.0
6627.890753490811,272185.0
6628.0701639230365,271575.0
6628.249574355263,272245.0
6628.428984787488,274110.0
6628.608395219713,273321.0
6628.787805651939,271024.0
6628.967216084165,269895.0
6629.14662651639,270344.0
6629.326036948616,270521.0
6629.505447380841,271851.0
6629.6848578130675,272923.0
6629.864268245293,270511.0
6630.043678677518,271163.0
6630.223089109744,272092.0
6630.4024995419695,271554.0
6630.581909974195,269720.0
6630.761320406421,271007.0
6630.940730838646,270661.0
6631.1201412708715,269262.0
6631.299551703098,270463.0
6631.478962135323,270157.0
6631.658372567548,269357.0
6631.837782999774,270214.0
6632.017193432,270791.0
6632.196603864225,267367.0
6632.376014296451,265636.0
6632.555424728676,265194.0
6632.734835160903,263899.0
6632.914245593128,263787.0
6633.093656025353,265122.0
6633.273066457579,265026.0
6633.4524768898045,267007.0
6633.63188732203,266752.0
6633.811297754256,265200.0
6633.990708186481,265709.0
6634.1701186187065,264588.0
6634.349529050933,266099.0
6634.528939483158,266097.0
6634.708349915383,265627.0
6634.887760347609,263017.0
6635.067170779835,261059.0
6635.246581212061,262883.0
6635.425991644286,262335.0
6635.605402076511,262586.0
6635.784812508738,262498.0
6635.964222940963,262957.0
6636.143633373188,263030.0
6636.323043805414,261361.0
6636.5024542376395,261539.0
6636.681864669865,260932.0
6636.861275102091,261218.0
6637.040685534316,260889.0
6637.2200959665415,262361.0
6637.399506398768,261750.0
6637.578916830993,260984.0
6637.758327263218,260200.0
6637.937737695444,260453.0
6638.11714812767,261622.0
6638.296558559896,259885.0
6638.475968992121,258029.0
6638.655379424346,259527.0
6638.834789856573,257895.0
6639.014200288798,259981.0
6639.193610721023,259352.0
6639.373021153249,257813.0
6639.552431585475,258180.0
6639.7318420177,257586.0
6639.911252449926,258322.0
6640.090662882151,257431.0
6640.2700733143765,256143.0
6640.449483746603,256454.0
6640.628894178828,254607.0
6640.808304611053,253920.0
6640.987715043279,255559.0
6641.167125475505,253840.0
6641.346535907731,254103.0
6641.525946339956,254070.0
6641.705356772181,252657.0
6641.884767204408,252490.0
6642.064177636633,251777.0
6642.243588068858,253429.0
6642.422998501084,251467.0
6642.60240893331,246717.0
6642.781819365535,246874.0
6642.961229797761,249447.0
6643.140640229986,251840.0
6643.3200506622115,251564.0
6643.499461094438,250016.0
6643.678871526663,247391.0
6643.858281958888,247721.0
6644.037692391114,247226.0
6644.21710282334,246474.0
6644.396513255566,247635.0
6644.575923687791,247823.0
6644.755334120016,248378.0
6644.934744552243,247389.0
6645.114154984468,247089.0
6645.293565416693,245451.0
6645.472975848919,246012.0
6645.652386281145,244769.0
6645.83179671337,245723.0
6646.011207145596,247615.0
6646.190617577821,245440.0
6646.370028010047,244238.0
6646.549438442273,244888.0
6646.728848874498,243913.0
6646.908259306724,244261.0
6647.087669738949,244667.0
6647.267080171175,243437.0
6647.446490603401,241404.0
6647.625901035626,239720.0
6647.805311467851,240777.0
6647.984721900078,242846.0
6648.164132332303,242168.0
6648.343542764528,240689.0
6648.522953196754,240649.0
6648.70236362898,240284.0
6648.881774061205,238021.0
6649.061184493431,239406.0
6649.240594925656,240406.0
6649.420005357882,238969.0
6649.599415790108,239308.0
6649.778826222333,240270.0
6649.958236654559,237149.0
6650.137647086784,236724.0
6650.31705751901,236409.0
6650.496467951236,234818.0
6650.675878383461,236055.0
6650.855288815686,237151.0
6651.034699247913,235918.0
6651.214109680138,236583.0
6651.393520112363,236662.0
6651.572930544589,236582.0
6651.752340976815,233569.0
6651.93175140904,233573.0
6652.111161841266,234728.0
6652.290572273491,235033.0
6652.4699827057175,234494.0
6652.649393137943,232637.0
6652.828803570168,232025.0
6653.008214002394,233159.0
6653.1876244346195,231676.0
6653.367034866845,230100.0
6653.546445299071,232132.0
6653.725855731296,231140.0
6653.905266163521,229178.0
6654.084676595748,229620.0
6654.264087027973,230603.0
6654.443497460198,229893.0
6654.622907892424,231336.0
6654.80231832465,230459.0
6654.981728756875,229046.0
6655.161139189101,226110.0
6655.340549621326,225576.0
6655.5199600535525,225850.0
6655.699370485778,225266.0
6655.878780918003,224007.0
6656.058191350229,224337.0
6656.2376017824545,226119.0
6656.41701221468,226331.0
6656.596422646906,224453.0
6656.775833079131,221882.0
6656.9552435113565,221937.0
6657.134653943583,223429.0
6657.314064375808,224707.0
6657.493474808033,221632.0
6657.672885240259,220147.0
6657.852295672485,220549.0
6658.03170610471,220777.0
6658.211116536936,220334.0
6658.390526969161,218420.0
6658.5699374013875,218956.0
6658.749347833613,220926.0
6658.928758265838,220316.0
6659.108168698064,218720.0
6659.2875791302895,217330.0
6659.466989562515,216555.0
6659.646399994741,216759.0
6659.825810426966,216184.0
6660.0052208591915,216185.0
6660.184631291418,215634.0
6660.364041723643,217195.0
6660.543452155868,217620.0
6660.722862588094,216710.0
6660.90227302032,214735.0
6661.081683452545,213636.0
6661.261093884771,213505.0
6661.440504316996,212333.0
6661.6199147492225,212551.0
6661.799325181448,212535.0
6661.978735613673,213044.0
6662.158146045899,210418.0
6662.3375564781245,211475.0
6662.51696691035,211811.0
6662.696377342576,211028.0
6662.875787774801,211791.0
6663.0551982070265,210233.0
6663.234608639253,208861.0
6663.414019071478,208560.0
6663.593429503703,209783.0
6663.772839935929,208996.0
6663.952250368155,206447.0
6664.131660800381,206547.0
6664.311071232606,207923.0
6664.490481664831,209522.0
6664.6698920970575,207093.0
6664.849302529283,205486.0
6665.028712961508,205452.0
6665.208123393734,205717.0
6665.3875338259595,204371.0
6665.566944258185,203562.0
6665.746354690411,202223.0
6665.925765122636,201839.0
6666.1051755548615,202349.0
6666.284585987088,203252.0
6666.463996419313,202800.0
6666.643406851538,200434.0
6666.822817283764,200699.0
6667.00222771599,200189.0
6667.181638148216,198913.0
6667.361048580441,200229.0
6667.540459012666,199478.0
6667.7198694448925,199170.0
6667.899279877118,199193.0
6668.078690309343,197960.0
6668.258100741569,196338.0
6668.4375111737945,195721.0
6668.61692160602,195512.0
6668.796332038246,197804.0
6668.975742470471,195090.0
6669.1551529026965,195546.0
6669.334563334923,196432.0
6669.513973767148,194967.0
6669.693384199374,194892.0
6669.872794631599,192364.0
6670.052205063825,192374.0
6670.231615496051,193640.0
6670.411025928276,192837.0
6670.590436360501,192089.0
6670.769846792728,191818.0
6670.949257224953,191448.0
6671.128667657178,190200.0
6671.308078089404,187639.0
6671.4874885216295,189455.0
6671.666898953855,188396.0
6671.846309386081,187577.0
6672.025719818306,184748.0
6672.2051302505315,185378.0
6672.384540682758,183947.0
6672.563951114983,183665.0
6672.743361547209,183301.0
6672.922771979434,182528.0
6673.10218241166,181092.0
6673.281592843886,180644.0
6673.461003276111,180751.0
6673.640413708336,179064.0
6673.819824140563,177001.0
6673.999234572788,178250.0
6674.178645005013,177466.0
6674.358055437239,176233.0
6674.5374658694645,175451.0
6674.71687630169,176100.0
6674.896286733916,174371.0
6675.075697166141,173561.0
6675.2551075983665,172782.0
6675.434518030593,172952.0
6675.613928462818,175037.0
6675.793338895044,174042.0
6675.972749327269,169684.0
6676.152159759495,170406.0
6676.331570191721,171346.0
6676.510980623946,168776.0
6676.690391056171,168253.0
6676.869801488398,169749.0
6677.049211920623,168588.0
6677.228622352848,167637.0
6677.408032785074,168750.0
6677.5874432173,167910.0
6677.766853649525,166508.0
6677.946264081751,166557.0
6678.125674513976,166800.0
6678.3050849462015,165552.0
6678.484495378428,163795.0
6678.663905810653,163767.0
6678.843316242879,163650.0
6679.022726675104,163026.0
6679.20213710733,165496.0
6679.381547539556,165317.0
6679.560957971781,164060.0
6679.740368404006,163786.0
6679.919778836233,162982.0
6680.099189268458,163774.0
6680.278599700683,163132.0
6680.458010132909,162639.0
6680.637420565135,163799.0
6680.81683099736,162894.0
6680.996241429586,159545.0
6681.175651861811,159341.0
6681.355062294037,160100.0
6681.534472726263,162074.0
6681.713883158488,161344.0
6681.893293590714,160385.0
6682.072704022939,159503.0
6682.252114455165,159633.0
6682.431524887391,158482.0
6682.610935319616,158059.0
6682.790345751841,157870.0
6682.969756184068,160339.0
6683.149166616293,158946.0
6683.328577048518,157403.0
6683.507987480744,156668.0
6683.68739791297,159463.0
6683.866808345195,158882.0
6684.046218777421,159280.0
6684.225629209646,157235.0
6684.4050396418725,157450.0
6684.584450074098,156828.0
6684.763860506323,155915.0
6684.943270938549,157088.0
6685.122681370774,157372.0
6685.302091803,155934.0
6685.481502235226,154886.0
6685.660912667451,154124.0
6685.840323099676,155022.0
6686.019733531903,153952.0
6686.199143964128,151680.0
6686.378554396353,151719.0
6686.557964828579,153369.0
6686.737375260805,150654.0
6686.916785693031,150136.0
6687.096196125256,150071.0
6687.275606557481,149820.0
6687.4550169897075,148677.0
6687.634427421933,145576.0
6687.813837854158,147809.0
6687.993248286384,148265.0
6688.1726587186095,147835.0
6688.352069150835,146872.0
6688.531479583061,146573.0
6688.710890015286,145742.0
6688.890300447511,144661.0
6689.069710879738,145055.0
6689.249121311963,145091.0
6689.428531744188,143567.0
6689.607942176414,143293.0
6689.78735260864,143062.0
6689.966763040866,143637.0
6690.146173473091,143742.0
6690.325583905316,143109.0
6690.5049943375425,141246.0
6690.684404769768,140607.0
6690.863815201993,140724.0
6691.043225634219,139856.0
6691.2226360664445,140262.0
6691.40204649867,139039.0
6691.581456930896,139052.0
6691.760867363121,138685.0
6691.940277795346,138147.0
6692.119688227573,137243.0
6692.299098659798,136137.0
6692.478509092023,135773.0
6692.657919524249,135286.0
6692.837329956475,133622.0
6693.016740388701,133646.0
6693.196150820926,133148.0
6693.375561253151,134151.0
6693.5549716853775,133487.0
6693.734382117603,132400.0
6693.913792549828,132836.0
6694.093202982054,131835.0
6694.2726134142795,130950.0
6694.452023846505,129056.0
6694.631434278731,129718.0
6694.810844710956,129735.0
6694.9902551431815,128210.0
6695.169665575408,128060.0
6695.349076007633,126746.0
6695.528486439858,127972.0
6695.707896872084,127025.0
6695.88730730431,125587.0
6696.066717736536,126422.0
6696.246128168761,124822.0
6696.425538600986,125890.0
6696.6049490332125,126534.0
6696.784359465438,124798.0
6696.963769897663,122699.0
6697.143180329889,122278.0
6697.3225907621145,124357.0
6697.50200119434,123703.0
6697.681411626566,121549.0
6697.860822058791,121010.0
6698.0402324910165,121928.0
6698.219642923243,121015.0
6698.399053355468,120677.0
6698.578463787694,120304.0
6698.757874219919,118405.0
6698.937284652145,118107.0
6699.116695084371,117761.0
6699.296105516596,116273.0
6699.475515948821,115391.0
6699.6549263810475,116219.0
6699.834336813273,115720.0
6700.013747245498,115315.0
6700.193157677724,114964.0
6700.3725681099495,114531.0
6700.551978542175,114982.0
6700.731388974401,114011.0
6700.910799406626,112460.0
6701.0902098388515,111151.0
6701.269620271078,113316.0
6701.449030703303,114036.0
6701.628441135529,111369.0
6701.807851567754,112478.0
6701.98726199998,111951.0
6702.166672432206,111517.0
6702.346082864431,109569.0
6702.525493296656,107717.0
6702.7049037288825,107874.0
6702.884314161108,108073.0
6703.063724593333,107209.0
6703.243135025559,107184.0
6703.4225454577845,107219.0
6703.60195589001,107030.0
6703.781366322236,106015.0
6703.960776754461,106957.0
6704.140187186687,106777.0
6704.319597618913,103783.0
6704.499008051138,102970.0
6704.678418483364,104427.0
6704.857828915589,101911.0
6705.037239347815,101372.0
6705.216649780041,101990.0
6705.396060212266,102219.0
6705.575470644491,101194.0
6705.7548810767175,100852.0
6705.934291508943,99844.8
6706.113701941168,98219.0
6706.293112373394,98789.2
6706.4725228056195,98161.4
6706.651933237845,98796.1
6706.831343670071,96341.5
6707.010754102296,97499.2
6707.190164534522,97882.9
6707.369574966748,96800.4
6707.548985398973,94835.3
6707.728395831199,95822.6
6707.907806263424,95504.4
6708.08721669565,95000.0
6708.266627127876,93533.0
6708.446037560101,93223.3
6708.625447992326,92515.3
6708.804858424553,91782.9
6708.984268856778,91435.9
6709.163679289003,91013.1
6709.343089721229,90432.2
6709.5225001534545,90694.0
6709.70191058568,90582.5
6709.881321017906,89523.6
6710.060731450131,89075.4
6710.240141882357,87820.4
6710.419552314583,87749.7
6710.598962746808,87285.7
6710.778373179034,86881.5
6710.957783611259,88333.0
6711.137194043485,87071.1
6711.316604475711,86078.0
6711.496014907936,85579.3
6711.675425340161,84790.2
6711.854835772388,83907.5
6712.034246204613,83656.7
6712.213656636838,83629.1
6712.393067069064,82691.6
6712.5724775012895,82283.2
6712.751887933515,82399.0
6712.931298365741,80641.0
6713.110708797966,81751.6
6713.290119230192,81005.4
6713.469529662418,79912.1
6713.648940094643,80210.3
6713.828350526869,79906.4
6714.007760959094,78656.7
6714.18717139132,77720.4
6714.366581823546,78039.6
6714.545992255771,78065.9
6714.725402687996,76641.1
6714.904813120223,77959.8
6715.084223552448,77328.8
6715.263633984673,76917.7
6715.443044416899,75464.3
6715.622454849125,75189.2
6715.801865281351,74724.1
6715.981275713576,74947.2
6716.160686145801,74563.0
6716.340096578027,74244.0
6716.519507010253,74442.2
6716.698917442478,72623.3
6716.878327874704,72605.9
6717.057738306929,72487.7
6717.237148739155,71485.6
6717.416559171381,71210.7
6717.595969603606,70523.7
6717.775380035831,69281.9
6717.954790468058,69347.6
6718.134200900283,70641.3
6718.313611332509,69578.9
6718.493021764734,68891.0
6718.67243219696,68235.2
6718.851842629186,68025.5
6719.031253061411,67173.4
6719.210663493636,67182.7
6719.390073925862,65364.2
6719.569484358088,65435.2
6719.748894790313,65092.0
6719.928305222539,66086.5
6720.107715654764,65449.4
6720.28712608699,64709.9
6720.466536519216,65631.6
6720.645946951441,64440.9
6720.825357383666,63393.1
6721.004767815893,62870.9
6721.184178248118,61073.8
6721.363588680344,62248.9
6721.542999112569,62470.9
6721.722409544795,61719.9
6721.901819977021,61061.9
6722.081230409246,60039.0
6722.260640841471,61118.9
6722.4400512736975,60679.7
6722.619461705923,58936.3
6722.798872138148,58768.7
6722.978282570374,59368.1
6723.157693002599,58937.5
6723.337103434825,57407.8
6723.516513867051,57699.4
6723.695924299276,57633.9
6723.875334731501,55683.0
6724.054745163728,56005.7
6724.234155595953,54781.8
6724.413566028179,54722.9
6724.592976460404,55391.0
6724.77238689263,54732.2
6724.951797324856,55719.2
6725.131207757081,55606.5
6725.310618189306,55003.3
6725.4900286215325,54883.6
6725.669439053758,54820.7
6725.848849485983,53087.1
6726.028259918209,51831.7
6726.2076703504345,52720.2
6726.38708078266,51606.8
6726.566491214886,51806.9
6726.745901647111,51484.3
6726.925312079336,50722.7
6727.104722511563,50091.6
6727.284132943788,50872.8
6727.463543376014,49996.5
6727.642953808239,49369.8
6727.822364240465,49081.7
6728.001774672691,48099.0
6728.181185104916,48402.6
6728.360595537141,48094.4
6728.5400059693675,47324.8
6728.719416401593,48337.8
6728.898826833818,46856.3
6729.078237266044,45710.2
6729.2576476982695,46162.8
6729.437058130495,45255.7
6729.616468562721,45895.1
6729.795878994946,46428.6
6729.975289427171,44946.7
6730.154699859398,43779.0
6730.334110291623,44868.6
6730.513520723849,44871.3
6730.692931156074,44580.4
6730.8723415883,44610.8
6731.051752020526,43474.2
6731.231162452751,42950.5
6731.410572884976,42653.1
6731.5899833172025,43886.0
6731.769393749428,41729.0
6731.948804181653,41497.5
6732.128214613879,41799.1
6732.3076250461045,40783.0
6732.48703547833,41380.4
6732.666445910556,41149.4
6732.845856342781,40441.7
6733.025266775007,40392.9
6733.204677207233,39785.8
6733.384087639458,40642.9
6733.563498071684,39299.5
6733.742908503909,37411.1
6733.922318936135,36447.3
