6486.7694442095,65921.1
6486.9491086324,66669.9
6487.128773055299,65859.9
6487.308437478198,67368.3
6487.488101901097,68935.2
6487.667766323997,68995.2
6487.847430746897,68831.0
6488.027095169796,68412.1
6488.206759592696,68320.1
6488.3864240155945,68969.7
6488.566088438494,69345.3
6488.745752861393,70905.2
6488.925417284293,71399.4
6489.105081707193,71847.3
6489.284746130092,72388.9
6489.4644105529915,73330.5
6489.64407497589,75707.8
6489.82373939879,75906.7
6490.00340382169,75134.0
6490.183068244589,74789.8
6490.362732667489,75256.9
6490.542397090388,75368.3
6490.722061513287,75477.5
6490.901725936187,76002.1
6491.081390359086,76729.4
6491.261054781986,77742.3
6491.440719204885,78069.2
6491.620383627785,77974.6
6491.8000480506835,77888.8
6491.979712473583,78704.2
6492.159376896483,80922.1
6492.339041319382,81005.3
6492.518705742282,79280.9
6492.698370165181,80571.4
6492.8780345880805,83018.6
6493.05769901098,81539.7
6493.237363433879,80164.5
6493.417027856779,80796.7
6493.596692279678,83177.0
6493.776356702578,85865.4
6493.9560211254775,86221.4
6494.135685548376,85341.2
6494.315349971276,85546.1
6494.495014394175,85903.4
6494.674678817075,86730.9
6494.854343239974,86379.3
6495.034007662874,88830.1
6495.213672085773,89633.3
6495.393336508672,88324.8
6495.573000931572,86671.9
6495.752665354471,87511.4
6495.932329777371,89976.6
6496.111994200271,89408.4
6496.2916586231695,90316.3
6496.471323046069,90359.4
6496.650987468968,90478.6
6496.830651891868,91545.3
6497.010316314768,92282.8
6497.189980737667,90862.6
6497.3696451605665,90315.5
6497.549309583465,92388.6
6497.728974006365,93022.0
6497.908638429264,93564.0
6498.088302852164,93955.2
6498.267967275064,91530.8
6498.447631697963,91503.4
6498.627296120862,94248.1
6498.806960543761,95646.3
6498.986624966661,94965.1
6499.166289389561,94398.3
6499.34595381246,94218.7
6499.52561823536,93730.1
6499.7052826582585,94673.4
6499.884947081158,97106.0
6500.064611504058,97206.2
6500.244275926957,98109.9
6500.423940349857,98219.9
6500.603604772756,97973.8
6500.7832691956555,99805.2
6500.962933618554,100726.0
6501.142598041454,100947.0
6501.322262464354,101276.0
6501.501926887253,100086.0
6501.681591310153,100193.0
6501.861255733052,100792.0
6502.040920155951,100575.0
6502.220584578851,101436.0
6502.40024900175,102116.0
6502.57991342465,101177.0
6502.759577847549,102793.0
6502.939242270449,104938.0
6503.1189066933475,104302.0
6503.298571116247,104551.0
6503.478235539147,105388.0
6503.657899962046,106163.0
6503.837564384946,107046.0
6504.017228807845,107456.0
6504.1968932307445,107002.0
6504.376557653644,106623.0
6504.556222076543,107713.0
6504.735886499443,109943.0
6504.915550922342,111803.0
6505.095215345242,110133.0
6505.274879768142,109934.0
6505.45454419104,111411.0
6505.63420861394,111494.0
6505.813873036839,111104.0
6505.993537459739,111473.0
6506.173201882638,112072.0
6506.352866305538,113203.0
6506.532530728437,113816.0
6506.712195151336,115318.0
6506.891859574236,115603.0
6507.071523997135,115793.0
6507.251188420035,116839.0
6507.430852842935,119618.0
6507.610517265834,120629.0
6507.790181688733,117999.0
6507.969846111632,118972.0
6508.149510534532,120623.0
6508.329174957432,121008.0
6508.508839380331,120711.0
6508.688503803231,120412.0
6508.8681682261295,121052.0
6509.047832649029,121958.0
6509.227497071928,123645.0
6509.407161494828,124708.0
6509.586825917728,123360.0
6509.766490340627,123965.0
6509.9461547635265,124466.0
6510.125819186425,125289.0
6510.305483609325,127714.0
6510.485148032225,128272.0
6510.664812455124,129186.0
6510.844476878024,129608.0
6511.024141300923,128718.0
6511.203805723822,128929.0
6511.383470146722,129598.0
6511.563134569621,131064.0
6511.742798992521,133608.0
6511.92246341542,134296.0
6512.10212783832,134488.0
6512.2817922612185,137064.0
6512.461456684118,138521.0
6512.641121107018,139083.0
6512.820785529917,139238.0
6513.000449952817,139764.0
6513.180114375716,141887.0
6513.3597787986155,140145.0
6513.539443221515,140595.0
6513.719107644414,143880.0
6513.898772067314,146062.0
6514.078436490213,146740.0
6514.258100913113,147476.0
6514.4377653360125,145011.0
6514.617429758911,143757.0
6514.797094181811,145879.0
6514.97675860471,146014.0
6515.15642302761,148055.0
6515.336087450509,147380.0
6515.515751873409,145848.0
6515.695416296308,149303.0
6515.875080719207,149137.0
6516.054745142107,147216.0
6516.234409565006,147306.0
6516.414073987906,146805.0
6516.593738410806,145998.0
6516.7734028337045,146368.0
6516.953067256604,146851.0
6517.132731679503,151116.0
6517.312396102403,154942.0
6517.492060525303,156841.0
6517.671724948202,154279.0
6517.8513893711015,158213.0
6518.031053794,162455.0
6518.2107182169,160341.0
6518.390382639799,158878.0
6518.570047062699,160529.0
6518.749711485599,160265.0
6518.929375908498,159849.0
6519.109040331397,163044.0
6519.288704754296,163342.0
6519.468369177196,159563.0
6519.648033600096,161986.0
6519.827698022995,164676.0
6520.007362445895,162949.0
6520.1870268687935,161772.0
6520.366691291693,163519.0
6520.546355714593,163497.0
6520.726020137492,161019.0
6520.905684560392,162534.0
6521.085348983291,163800.0
6521.2650134061905,164591.0
6521.444677829089,163973.0
6521.624342251989,160118.0
6521.804006674889,161144.0
6521.983671097788,164015.0
6522.163335520688,163208.0
6522.342999943587,162209.0
6522.522664366486,163928.0
6522.702328789386,166641.0
6522.881993212285,166703.0
6523.061657635185,166385.0
6523.241322058084,165002.0
6523.420986480984,164278.0
6523.600650903883,164695.0
6523.780315326782,167472.0
6523.959979749682,167988.0
6524.139644172581,167431.0
6524.319308595481,168699.0
6524.49897301838,169767.0
6524.6786374412795,172487.0
6524.858301864179,173692.0
6525.037966287078,171866.0
6525.217630709978,171192.0
6525.397295132877,170910.0
6525.576959555777,172062.0
6525.7566239786765,173271.0
6525.936288401575,172473.0
6526.115952824475,173559.0
6526.295617247374,176750.0
6526.475281670274,177054.0
6526.654946093174,176090.0
6526.834610516073,176553.0
6527.014274938972,176895.0
6527.193939361871,177525.0
6527.373603784771,178322.0
6527.55326820767,177216.0
6527.73293263057,176414.0
6527.91259705347,180104.0
6528.092261476369,181734.0
6528.271925899268,179636.0
6528.451590322167,179547.0
6528.631254745067,181087.0
6528.810919167967,183646.0
6528.990583590866,183962.0
6529.170248013766,184023.0
6529.349912436664,183659.0
6529.529576859564,184340.0
6529.709241282464,185827.0
6529.888905705363,185357.0
6530.068570128263,183405.0
6530.248234551162,184835.0
6530.4278989740615,189491.0
6530.60756339696,190389.0
6530.78722781986,186502.0
6530.96689224276,185694.0
6531.146556665659,189442.0
6531.326221088559,191203.0
6531.505885511458,191024.0
6531.685549934357,191983.0
6531.865214357257,193532.0
6532.044878780156,194971.0
6532.224543203056,194498.0
6532.404207625955,193745.0
6532.583872048855,195689.0
6532.763536471754,197082.0
6532.943200894653,196509.0
6533.122865317553,197364.0
6533.302529740452,196560.0
6533.482194163352,197323.0
6533.661858586251,197419.0
6533.8415230091505,198459.0
6534.02118743205,200057.0
6534.200851854949,198848.0
6534.380516277849,200135.0
6534.560180700748,202792.0
6534.739845123648,202595.0
6534.9195095465475,203780.0
6535.099173969446,205527.0
6535.278838392346,204219.0
6535.458502815245,204177.0
6535.638167238145,206280.0
6535.817831661045,209829.0
6535.997496083944,210053.0
6536.177160506843,209496.0
6536.356824929742,209974.0
6536.536489352642,207932.0
6536.716153775541,206343.0
6536.895818198441,209923.0
6537.075482621341,212714.0
6537.2551470442395,211226.0
6537.434811467139,212404.0
6537.614475890038,212296.0
6537.794140312938,210248.0
6537.973804735838,212425.0
6538.153469158737,215363.0
6538.3331335816365,217395.0
6538.512798004535,217736.0
6538.692462427435,218371.0
6538.872126850334,219832.0
6539.051791273234,219223.0
6539.231455696134,218122.0
6539.411120119033,220118.0
6539.590784541932,223556.0
6539.770448964831,225959.0
6539.950113387731,225471.0
6540.129777810631,224867.0
6540.30944223353,222964.0
6540.48910665643,224212.0
6540.6687710793285,226270.0
6540.848435502228,227488.0
6541.028099925128,228117.0
6541.207764348027,227883.0
6541.387428770927,226592.0
6541.567093193826,227441.0
6541.7467576167255,230228.0
6541.926422039624,228834.0
6542.106086462524,226547.0
6542.285750885424,227449.0
6542.465415308323,231086.0
6542.645079731223,232685.0
6542.824744154122,231913.0
6543.004408577021,231005.0
6543.184072999921,232051.0
6543.36373742282,233822.0
6543.54340184572,234076.0
6543.723066268619,234131.0
6543.902730691519,235280.0
6544.082395114418,235905.0
6544.262059537317,236073.0
6544.441723960217,237599.0
6544.621388383116,238791.0
6544.801052806016,237628.0
6544.980717228915,240679.0
6545.1603816518145,245023.0
6545.340046074714,243666.0
6545.519710497613,243260.0
6545.699374920513,244565.0
6545.879039343412,246708.0
6546.058703766312,246756.0
6546.2383681892115,245749.0
6546.41803261211,247721.0
6546.59769703501,249978.0
6546.777361457909,250178.0
6546.957025880809,250162.0
6547.136690303709,250427.0
6547.316354726608,250853.0
6547.496019149507,250911.0
6547.675683572406,257424.0
6547.855347995306,258845.0
6548.035012418205,257338.0
6548.214676841105,256436.0
6548.394341264005,254522.0
6548.574005686904,254839.0
6548.753670109803,258860.0
6548.933334532702,263213.0
6549.112998955602,263510.0
6549.292663378502,262388.0
6549.472327801401,268027.0
6549.651992224301,269703.0
6549.831656647199,269522.0
6550.011321070099,271840.0
6550.190985492999,273637.0
6550.370649915898,274926.0
6550.550314338798,274491.0
6550.729978761697,275808.0
6550.9096431845965,280576.0
6551.089307607495,283932.0
6551.268972030395,282632.0
6551.448636453295,279992.0
6551.628300876194,282864.0
6551.807965299094,290288.0
6551.987629721993,292919.0
6552.167294144892,293656.0
6552.346958567792,295791.0
6552.526622990691,296722.0
6552.706287413591,297481.0
6552.88595183649,297931.0
6553.06561625939,303791.0
6553.245280682289,311079.0
6553.424945105188,315385.0
6553.604609528088,319818.0
6553.784273950987,325087.0
6553.963938373887,329757.0
6554.143602796786,331391.0
6554.3232672196855,333400.0
6554.502931642585,339978.0
6554.682596065484,345107.0
6554.862260488384,353084.0
6555.041924911283,358285.0
6555.221589334183,367873.0
6555.4012537570825,374205.0
6555.580918179981,377965.0
6555.760582602881,386293.0
6555.94024702578,394792.0
6556.11991144868,401903.0
6556.29957587158,413244.0
6556.479240294479,426379.0
6556.658904717378,439214.0
6556.838569140277,453050.0
6557.018233563177,466453.0
6557.197897986076,480255.0
6557.377562408976,497364.0
6557.557226831876,518752.0
6557.7368912547745,540157.0
6557.916555677674,555479.0
6558.096220100573,575474.0
6558.275884523473,611430.0
6558.455548946373,642383.0
6558.635213369272,674637.0
6558.8148777921715,703992.0
6558.99454221507,732979.0
6559.17420663797,765310.0
6559.35387106087,799373.0
6559.533535483769,836424.0
6559.713199906669,882521.0
6559.892864329568,928424.0
6560.072528752467,968535.0
6560.252193175366,1.0164e+06
6560.431857598266,1.06675e+06
6560.611522021166,1.12681e+06
6560.791186444065,1.18945e+06
6560.970850866965,1.2305e+06
6561.1505152898635,1.27409e+06
6561.330179712763,1.3267e+06
6561.509844135663,1.35566e+06
6561.689508558562,1.36741e+06
6561.869172981462,1.37548e+06
6562.048837404361,1.38774e+06
6562.2285018272605,1.38465e+06
6562.40816625016,1.33868e+06
6562.587830673059,1.24095e+06
6562.767495095959,1.09223e+06
6562.947159518858,917555.0
6563.126823941758,761108.0
6563.306488364657,675290.0
6563.486152787556,711686.0
6563.665817210456,845179.0
6563.845481633355,1.02446e+06
6564.025146056255,1.19237e+06
6564.204810479154,1.30667e+06
6564.384474902054,1.36344e+06
6564.564139324953,1.3938e+06
6564.743803747852,1.41547e+06
6564.923468170752,1.41935e+06
6565.103132593651,1.4065e+06
6565.282797016551,1.38041e+06
6565.462461439451,1.34927e+06
6565.6421258623495,1.30879e+06
6565.821790285249,1.25364e+06
6566.001454708148,1.19878e+06
6566.181119131048,1.14733e+06
6566.360783553947,1.09568e+06
6566.540447976847,1.04514e+06
6566.7201123997465,986470.0
6566.899776822645,941318.0
6567.079441245545,898008.0
6567.259105668444,856014.0
6567.438770091344,814805.0
6567.618434514244,774819.0
6567.798098937143,743034.0
6567.977763360042,718890.0
6568.157427782941,691892.0
6568.337092205841,663140.0
6568.51675662874,638638.0
6568.69642105164,612695.0
6568.87608547454,587021.0
6569.055749897439,568775.0
6569.235414320338,549835.0
6569.415078743237,530444.0
6569.594743166137,514208.0
6569.774407589037,496096.0
6569.954072011936,482333.0
6570.133736434836,469617.0
6570.313400857734,456759.0
6570.493065280634,441727.0
6570.672729703534,434912.0
6570.852394126433,431803.0
6571.032058549333,422135.0
6571.211722972232,414805.0
6571.3913873951315,406555.0
6571.571051818031,395332.0
6571.75071624093,389522.0
6571.93038066383,384714.0
6572.110045086729,377216.0
6572.289709509629,372174.0
6572.469373932528,371246.0
6572.649038355427,367086.0
6572.828702778327,360194.0
6573.008367201226,356951.0
6573.188031624126,353675.0
6573.367696047025,347523.0
6573.547360469925,342350.0
6573.727024892824,342150.0
6573.906689315723,341612.0
6574.086353738623,333808.0
6574.266018161522,330876.0
6574.445682584422,334519.0
6574.625347007321,332469.0
6574.8050114302205,327031.0
6574.98467585312,323161.0
6575.164340276019,324448.0
6575.344004698919,323598.0
6575.523669121818,321665.0
6575.703333544718,323750.0
6575.8829979676175,320251.0
6576.062662390516,312449.0
6576.242326813416,314354.0
6576.421991236315,316210.0
6576.601655659215,312917.0
6576.781320082115,314427.0
6576.960984505014,315030.0
6577.140648927913,311297.0
6577.320313350812,308666.0
6577.499977773712,308285.0
6577.679642196611,308917.0
6577.859306619511,303321.0
6578.038971042411,302283.0
6578.2186354653095,305352.0
6578.398299888209,305413.0
6578.577964311108,304856.0
6578.757628734008,303984.0
6578.937293156908,301729.0
6579.116957579807,304666.0
6579.2966220027065,301626.0
6579.476286425605,296177.0
6579.655950848505,298114.0
6579.835615271405,298003.0
6580.015279694304,298667.0
6580.194944117204,301861.0
6580.374608540103,301006.0
6580.554272963002,296901.0
6580.733937385901,296441.0
6580.913601808801,297419.0
6581.093266231701,295776.0
6581.2729306546,295429.0
6581.4525950775,295484.0
6581.6322595003985,296737.0
6581.811923923298,298864.0
6581.991588346198,299204.0
6582.171252769097,296329.0
6582.350917191997,296215.0
6582.530581614896,298245.0
6582.7102460377955,296372.0
6582.889910460695,294233.0
6583.069574883594,296838.0
6583.249239306494,298404.0
6583.428903729393,297888.0
6583.608568152293,295059.0
6583.788232575192,292151.0
6583.967896998091,293175.0
6584.147561420991,297527.0
6584.32722584389,300587.0
6584.50689026679,297860.0
6584.686554689689,298656.0
6584.866219112589,301884.0
6585.045883535488,300675.0
6585.225547958387,299630.0
6585.405212381287,298459.0
6585.584876804186,297634.0
6585.764541227086,301208.0
6585.944205649986,302430.0
6586.1238700728845,300768.0
6586.303534495784,299164.0
6586.483198918683,294046.0
6586.662863341583,296777.0
6586.842527764482,299770.0
6587.022192187382,296269.0
6587.2018566102815,296415.0
6587.38152103318,296396.0
6587.56118545608,298425.0
6587.740849878979,296201.0
6587.920514301879,296754.0
6588.100178724779,297097.0
6588.279843147678,299595.0
6588.459507570577,296769.0
6588.639171993476,296641.0
6588.818836416376,300100.0
6588.998500839276,300170.0
6589.178165262175,297869.0
6589.357829685075,298414.0
6589.5374941079735,295479.0
6589.717158530873,294793.0
6589.896822953772,296292.0
6590.076487376672,296989.0
6590.256151799572,295205.0
6590.435816222471,295364.0
6590.615480645371,296531.0
6590.795145068269,297158.0
6590.974809491169,298512.0
6591.154473914069,297692.0
6591.334138336968,297355.0
6591.513802759868,292943.0
6591.693467182767,292089.0
6591.8731316056665,293917.0
6592.052796028566,293822.0
6592.232460451465,289883.0
6592.412124874365,295090.0
6592.591789297264,295557.0
6592.771453720164,290843.0
6592.951118143063,293264.0
6593.130782565962,294634.0
6593.310446988862,292925.0
6593.490111411761,289998.0
6593.669775834661,296763.0
6593.84944025756,296262.0
6594.02910468046,291964.0
6594.208769103359,293281.0
6594.388433526258,295523.0
6594.568097949158,292173.0
6594.747762372057,288245.0
6594.927426794957,289521.0
6595.107091217857,292382.0
6595.2867556407555,290266.0
6595.466420063655,287502.0
6595.646084486554,290215.0
6595.825748909454,292356.0
6596.005413332353,291392.0
6596.185077755253,290536.0
6596.3647421781525,294203.0
6596.544406601051,293095.0
6596.724071023951,291220.0
6596.90373544685,291357.0
6597.08339986975,288318.0
6597.26306429265,290369.0
6597.442728715549,292632.0
6597.622393138448,292405.0
6597.802057561347,292109.0
6597.981721984247,289999.0
6598.161386407147,288818.0
6598.341050830046,291973.0
6598.520715252946,293821.0
6598.7003796758445,291639.0
6598.880044098744,291255.0
6599.059708521643,288530.0
6599.239372944543,286770.0
6599.419037367443,290514.0
6599.598701790342,290149.0
6599.7783662132415,291776.0
6599.95803063614,290107.0
6600.13769505904,287040.0
6600.31735948194,286033.0
6600.497023904839,290851.0
6600.676688327739,291706.0
6600.856352750638,289033.0
6601.036017173537,289209.0
6601.215681596437,289004.0
6601.395346019336,286656.0
6601.575010442236,285727.0
6601.754674865135,286263.0
6601.934339288035,290131.0
6602.1140037109335,290222.0
6602.293668133833,291008.0
6602.473332556733,288927.0
6602.652996979632,286237.0
6602.832661402532,283436.0
6603.012325825431,286648.0
6603.1919902483305,288031.0
6603.37165467123,287164.0
6603.551319094129,288036.0
6603.730983517029,287976.0
6603.910647939928,286503.0
6604.090312362828,287407.0
6604.269976785727,286375.0
6604.449641208626,284428.0
6604.629305631526,285859.0
6604.808970054425,286659.0
6604.988634477325,284218.0
6605.168298900224,285051.0
6605.347963323124,287475.0
6605.527627746023,285273.0
6605.707292168922,284035.0
6605.886956591822,285928.0
6606.066621014721,287875.0
6606.246285437621,287185.0
6606.425949860521,285626.0
6606.6056142834195,286423.0
6606.785278706319,286108.0
6606.964943129218,284662.0
6607.144607552118,285580.0
6607.324271975018,286328.0
6607.503936397917,286036.0
6607.6836008208165,285224.0
6607.863265243715,284246.0
6608.042929666615,282139.0
6608.222594089514,280488.0
6608.402258512414,285955.0
6608.581922935314,289273.0
6608.761587358213,287823.0
6608.941251781112,281408.0
6609.120916204011,282648.0
6609.300580626911,288195.0
6609.480245049811,286906.0
6609.65990947271,287251.0
6609.83957389561,285629.0
6610.0192383185085,285089.0
6610.198902741408,284237.0
6610.378567164307,284806.0
6610.558231587207,282071.0
6610.737896010107,279846.0
6610.917560433006,279508.0
6611.097224855906,285172.0
6611.276889278804,283276.0
6611.456553701704,283291.0
6611.636218124604,283108.0
6611.815882547503,278668.0
6611.995546970403,278538.0
6612.175211393302,277893.0
6612.3548758162015,280006.0
6612.534540239101,279676.0
6612.714204662,278500.0
6612.8938690849,282072.0
6613.073533507799,279424.0
6613.253197930699,279422.0
6613.432862353598,284140.0
6613.612526776497,281393.0
6613.792191199397,277572.0
6613.971855622296,273368.0
6614.151520045196,273645.0
6614.331184468095,278388.0
6614.510848890995,276746.0
6614.690513313894,275699.0
6614.870177736793,276004.0
6615.049842159693,278622.0
6615.229506582592,275890.0
6615.409171005492,275332.0
6615.588835428392,278415.0
6615.7684998512905,275612.0
6615.94816427419,275531.0
6616.127828697089,274441.0
6616.307493119989,276403.0
6616.487157542888,276795.0
6616.666821965788,274521.0
6616.8464863886875,274976.0
6617.026150811586,277756.0
6617.205815234486,277705.0
6617.385479657385,275113.0
6617.565144080285,275050.0
6617.744808503185,278502.0
6617.924472926084,275413.0
6618.104137348983,273314.0
6618.283801771882,272641.0
6618.463466194782,274350.0
6618.643130617682,274742.0
6618.822795040581,274815.0
6619.002459463481,273572.0
6619.1821238863795,272805.0
6619.361788309279,273478.0
6619.541452732178,273038.0
6619.721117155078,271939.0
6619.900781577978,270887.0
6620.080446000877,273185.0
6620.2601104237765,275379.0
6620.439774846675,271490.0
6620.619439269575,270675.0
6620.799103692475,273894.0
6620.978768115374,273027.0
6621.158432538274,270716.0
6621.338096961173,269584.0
6621.517761384072,267599.0
6621.697425806972,271486.0
6621.877090229871,271904.0
6622.056754652771,269623.0
6622.23641907567,271510.0
6622.41608349857,271608.0
6622.5957479214685,270490.0
6622.775412344368,271159.0
6622.955076767268,270068.0
6623.134741190167,270318.0
6623.314405613067,269367.0
6623.494070035966,268322.0
6623.6737344588655,269435.0
6623.853398881765,269660.0
6624.033063304664,268242.0
6624.212727727564,266677.0
6624.392392150463,269421.0
6624.572056573363,269121.0
6624.7517209962625,267790.0
6624.931385419161,268133.0
6625.111049842061,266418.0
6625.29071426496,265890.0
6625.47037868786,267570.0
6625.650043110759,265814.0
6625.829707533659,264229.0
6626.009371956558,261567.0
6626.189036379457,261354.0
6626.368700802357,264562.0
6626.548365225256,266436.0
6626.728029648156,267534.0
6626.907694071056,264809.0
6627.0873584939545,263492.0
6627.267022916854,263245.0
6627.446687339753,265721.0
6627.626351762653,259850.0
6627.806016185553,258922.0
6627.985680608452,262007.0
6628.1653450313515,262720.0
6628.34500945425,260718.0
6628.52467387715,258475.0
6628.704338300049,260050.0
6628.884002722949,261364.0
6629.063667145849,260480.0
6629.243331568748,261303.0
6629.422995991647,261537.0
6629.602660414546,259692.0
6629.782324837446,257785.0
6629.961989260346,257210.0
6630.141653683245,257583.0
6630.321318106145,258158.0
6630.5009825290435,259890.0
6630.680646951943,260261.0
6630.860311374843,258356.0
6631.039975797742,256350.0
6631.219640220642,257296.0
6631.399304643541,259561.0
6631.578969066441,257909.0
6631.758633489339,256979.0
6631.938297912239,257138.0
6632.117962335139,257856.0
6632.297626758038,254990.0
6632.477291180938,256659.0
6632.656955603837,255572.0
6632.836620026736,258381.0
6633.016284449636,255039.0
6633.195948872535,254353.0
6633.375613295435,252625.0
6633.555277718334,255750.0
6633.734942141234,257843.0
6633.914606564133,253197.0
6634.094270987032,252056.0
6634.273935409932,255850.0
6634.453599832831,256310.0
6634.633264255731,255250.0
6634.81292867863,256813.0
6634.99259310153,253453.0
6635.172257524429,251243.0
6635.351921947328,251369.0
6635.531586370228,251390.0
6635.711250793127,251629.0
6635.890915216027,248901.0
6636.070579638927,247125.0
6636.2502440618255,247057.0
6636.429908484725,248074.0
6636.609572907624,249703.0
6636.789237330524,252589.0
6636.968901753424,249415.0
6637.148566176323,244862.0
6637.3282305992225,245085.0
6637.507895022121,250133.0
6637.687559445021,250805.0
6637.86722386792,246070.0
6638.04688829082,246499.0
6638.22655271372,247195.0
6638.406217136619,244780.0
6638.585881559518,245142.0
6638.765545982417,246292.0
6638.945210405317,247443.0
6639.124874828217,247127.0
6639.304539251116,244800.0
6639.484203674016,242506.0
6639.6638680969145,240701.0
6639.843532519814,243018.0
6640.023196942713,243821.0
6640.202861365613,244288.0
6640.382525788513,245464.0
6640.562190211412,243589.0
6640.7418546343115,241309.0
6640.92151905721,240446.0
6641.10118348011,244174.0
6641.28084790301,245967.0
6641.460512325909,242952.0
6641.640176748809,240490.0
6641.819841171708,241702.0
6641.999505594607,240779.0
6642.179170017507,240572.0
6642.358834440406,239412.0
6642.538498863306,237767.0
6642.718163286205,238120.0
6642.897827709105,239690.0
6643.077492132004,239810.0
6643.257156554903,240966.0
6643.436820977803,238636.0
6643.616485400702,237833.0
6643.796149823602,239888.0
6643.975814246501,238099.0
6644.1554786694005,235715.0
6644.3351430923,235767.0
6644.514807515199,234298.0
6644.694471938099,234143.0
6644.874136360998,238355.0
6645.053800783898,236757.0
6645.2334652067975,232605.0
6645.413129629696,233513.0
6645.592794052596,232743.0
6645.772458475495,231760.0
6645.952122898395,233297.0
6646.131787321294,231752.0
6646.311451744194,230397.0
6646.491116167093,233333.0
6646.670780589992,232487.0
6646.850445012892,230032.0
6647.030109435791,230724.0
6647.209773858691,231407.0
6647.389438281591,230678.0
6647.5691027044895,230596.0
6647.748767127389,231132.0
6647.928431550288,232043.0
6648.108095973188,229479.0
6648.287760396088,229038.0
6648.467424818987,227935.0
6648.6470892418865,227093.0
6648.826753664785,226246.0
6649.006418087685,227374.0
6649.186082510584,229853.0
6649.365746933484,231350.0
6649.545411356384,226653.0
6649.725075779283,224602.0
6649.904740202182,225555.0
6650.084404625081,227322.0
6650.264069047981,225373.0
6650.443733470881,224602.0
6650.62339789378,225039.0
6650.80306231668,224035.0
6650.9827267395785,227125.0
6651.162391162478,225298.0
6651.342055585378,222393.0
6651.521720008277,220118.0
6651.701384431177,220711.0
6651.881048854076,221800.0
6652.060713276976,222263.0
6652.240377699874,221309.0
6652.420042122774,220091.0
6652.599706545674,222566.0
6652.779370968573,221391.0
6652.959035391473,220369.0
6653.138699814372,220318.0
6653.318364237271,221221.0
6653.498028660171,221509.0
6653.67769308307,219341.0
6653.85735750597,216872.0
6654.037021928869,217358.0
6654.216686351769,218765.0
6654.3963507746685,217936.0
6654.576015197567,219401.0
6654.755679620467,219769.0
6654.935344043366,218826.0
6655.115008466266,217144.0
6655.294672889165,216902.0
6655.474337312065,215523.0
6655.654001734964,214149.0
6655.833666157863,213515.0
6656.013330580763,218296.0
6656.192995003662,218540.0
6656.372659426562,215849.0
6656.552323849462,214352.0
6656.7319882723605,209702.0
6656.91165269526,209374.0
6657.091317118159,213280.0
6657.270981541059,216843.0
6657.450645963959,213546.0
6657.630310386858,213149.0
6657.8099748097575,212216.0
6657.989639232656,209269.0
6658.169303655556,210764.0
6658.348968078455,212185.0
6658.528632501355,210723.0
6658.708296924255,205422.0
6658.887961347154,206300.0
6659.067625770053,208558.0
6659.247290192952,205377.0
6659.426954615852,208338.0
6659.606619038752,211287.0
6659.786283461651,208122.0
6659.965947884551,206398.0
6660.1456123074495,205991.0
6660.325276730349,206137.0
6660.504941153249,206209.0
6660.684605576148,204920.0
6660.864269999048,204530.0
6661.043934421947,204415.0
6661.2235988448465,204789.0
6661.403263267745,203362.0
6661.582927690645,203495.0
6661.762592113545,201524.0
6661.942256536444,201240.0
6662.121920959344,202415.0
6662.301585382243,203151.0
6662.481249805142,203043.0
6662.660914228042,200891.0
6662.840578650941,197454.0
6663.020243073841,196412.0
6663.19990749674,198283.0
6663.37957191964,199145.0
6663.5592363425385,197738.0
6663.738900765438,199698.0
6663.918565188338,198263.0
6664.098229611237,195669.0
6664.277894034137,194443.0
6664.457558457036,193243.0
6664.6372228799355,193611.0
6664.816887302835,194868.0
6664.996551725734,195974.0
6665.176216148634,195318.0
6665.355880571533,195261.0
6665.535544994433,193894.0
6665.7152094173325,194571.0
6665.894873840231,194364.0
6666.074538263131,191353.0
6666.25420268603,191062.0
6666.43386710893,191024.0
6666.61353153183,189951.0
6666.793195954729,189402.0
6666.972860377628,189216.0
6667.152524800527,190048.0
6667.332189223427,192158.0
6667.511853646326,190890.0
6667.691518069226,190666.0
6667.871182492126,191523.0
6668.0508469150245,188206.0
6668.230511337924,187737.0
6668.410175760823,190856.0
6668.589840183723,186122.0
6668.769504606623,182754.0
6668.949169029522,184152.0
6669.1288334524215,185808.0
6669.30849787532,185237.0
6669.48816229822,184967.0
6669.667826721119,185293.0
6669.847491144019,183965.0
6670.027155566919,186162.0
6670.206819989818,185454.0
6670.386484412717,183508.0
6670.566148835616,180889.0
6670.745813258516,181286.0
6670.925477681416,182729.0
6671.105142104315,182425.0
6671.284806527215,181751.0
6671.4644709501135,181915.0
6671.644135373013,183101.0
6671.823799795913,180342.0
6672.003464218812,177757.0
6672.183128641712,177384.0
6672.362793064611,176029.0
6672.542457487511,177200.0
6672.72212191041,177716.0
6672.901786333309,174488.0
6673.081450756209,171119.0
6673.261115179108,173525.0
6673.440779602008,171317.0
6673.620444024907,171042.0
6673.800108447806,171593.0
6673.979772870706,168851.0
6674.159437293605,167203.0
6674.339101716505,168287.0
6674.518766139404,166983.0
6674.698430562304,169024.0
6674.8780949852035,168658.0
6675.057759408102,166203.0
6675.237423831002,165929.0
6675.417088253901,165240.0
6675.596752676801,162945.0
6675.7764170997,162539.0
6675.9560815226,163216.0
6676.135745945499,165579.0
6676.315410368398,164375.0
6676.495074791298,161613.0
6676.674739214197,162525.0
6676.854403637097,163360.0
6677.034068059997,160546.0
6677.2137324828955,160116.0
6677.393396905795,160713.0
6677.573061328694,158727.0
6677.752725751594,156912.0
6677.932390174494,155980.0
6678.112054597393,157198.0
6678.2917190202925,157565.0
6678.471383443191,159407.0
6678.651047866091,160227.0
6678.830712288991,159245.0
6679.01037671189,155673.0
6679.19004113479,153903.0
6679.369705557689,155407.0
6679.549369980588,155563.0
6679.729034403487,156402.0
6679.908698826387,156182.0
6680.088363249287,155415.0
6680.268027672186,154176.0
6680.447692095086,153851.0
6680.6273565179845,153205.0
6680.807020940884,151784.0
6680.986685363784,148019.0
6681.166349786683,149677.0
6681.346014209583,152382.0
6681.525678632482,150849.0
6681.7053430553815,150204.0
6681.88500747828,151564.0
6682.06467190118,151998.0
6682.24433632408,151223.0
6682.424000746979,150407.0
6682.603665169879,149567.0
6682.783329592778,151116.0
6682.962994015677,153209.0
6683.142658438577,149823.0
6683.322322861476,148438.0
6683.501987284376,146109.0
6683.681651707275,146891.0
6683.861316130175,149282.0
6684.040980553074,147524.0
6684.220644975973,146576.0
6684.400309398873,145790.0
6684.579973821772,147170.0
6684.759638244672,148761.0
6684.939302667571,151176.0
6685.1189670904705,149279.0
6685.29863151337,146568.0
6685.478295936269,146790.0
6685.657960359169,147180.0
6685.837624782068,146956.0
6686.017289204968,145321.0
6686.1969536278675,146207.0
6686.376618050766,146954.0
6686.556282473666,145867.0
6686.735946896565,146036.0
6686.915611319465,145334.0
6687.095275742365,143172.0
6687.274940165264,141454.0
6687.454604588163,141760.0
6687.634269011062,141288.0
6687.813933433962,142220.0
6687.993597856861,141282.0
6688.173262279761,140279.0
6688.352926702661,139027.0
6688.5325911255595,139475.0
6688.712255548459,137206.0
6688.891919971358,135094.0
6689.071584394258,136664.0
6689.251248817158,138424.0
6689.430913240057,136798.0
6689.6105776629565,135793.0
6689.790242085855,135789.0
6689.969906508755,135183.0
6690.149570931655,134294.0
6690.329235354554,135389.0
6690.508899777454,135055.0
6690.688564200353,135285.0
6690.868228623252,135065.0
6691.047893046151,131741.0
6691.227557469051,131871.0
6691.407221891951,132579.0
6691.58688631485,133077.0
6691.76655073775,133233.0
6691.9462151606485,131655.0
6692.125879583548,130656.0
6692.305544006448,130858.0
6692.485208429347,130274.0
6692.664872852247,129900.0
6692.844537275146,127997.0
6693.0242016980455,129237.0
6693.203866120945,128362.0
6693.383530543844,127630.0
6693.563194966744,128072.0
6693.742859389643,126832.0
6693.922523812543,126225.0
6694.102188235442,124981.0
6694.281852658341,125479.0
6694.461517081241,125270.0
6694.64118150414,124874.0
6694.82084592704,124498.0
6695.000510349939,124544.0
6695.180174772839,120702.0
6695.3598391957385,120714.0
6695.539503618637,123600.0
6695.719168041537,121647.0
6695.898832464436,120528.0
6696.078496887336,122238.0
6696.258161310236,120638.0
6696.437825733135,118702.0
6696.617490156034,120496.0
6696.797154578933,119546.0
6696.976819001833,116688.0
6697.156483424732,116544.0
6697.336147847632,117096.0
6697.515812270532,116368.0
6697.6954766934305,117385.0
6697.87514111633,115330.0
6698.054805539229,115189.0
6698.234469962129,116847.0
6698.414134385029,115069.0
6698.593798807928,112885.0
6698.7734632308275,111760.0
6698.953127653726,113138.0
6699.132792076626,112607.0
6699.312456499525,112859.0
6699.492120922425,112950.0
6699.671785345325,111218.0
6699.851449768224,110644.0
6700.031114191123,109475.0
6700.210778614022,109505.0
6700.390443036922,109848.0
6700.570107459822,109761.0
6700.749771882721,107078.0
6700.929436305621,106430.0
6701.1091007285195,105261.0
6701.288765151419,107377.0
6701.468429574319,107927.0
6701.648093997218,107227.0
6701.827758420118,107443.0
6702.007422843017,109520.0
6702.1870872659165,106081.0
6702.366751688816,102665.0
6702.546416111715,104350.0
6702.726080534615,103395.0
6702.905744957514,101839.0
6703.085409380414,102205.0
6703.265073803313,102900.0
6703.444738226212,101818.0
6703.624402649112,101940.0
6703.804067072011,100218.0
6703.983731494911,99874.2
6704.16339591781,99075.9
6704.34306034071,99340.0
6704.522724763609,99311.8
6704.702389186508,99540.0
6704.882053609408,99403.4
6705.061718032307,97527.0
6705.241382455207,96714.5
6705.421046878106,96875.4
6705.6007113010055,95759.7
6705.780375723905,96220.7
6705.960040146804,95573.6
6706.139704569704,94339.8
6706.319368992603,93974.8
6706.499033415503,92295.1
6706.6786978384025,93628.5
6706.858362261301,94078.4
6707.038026684201,93135.4
6707.2176911071,92941.2
6707.39735553,89954.7
6707.5770199529,89783.8
6707.756684375799,91568.9
6707.936348798698,90957.0
6708.116013221597,90239.1
6708.295677644497,87616.7
6708.475342067397,87657.0
6708.655006490296,89276.9
6708.834670913196,88951.8
6709.0143353360945,88096.2
6709.193999758994,87951.2
6709.373664181893,86550.2
6709.553328604793,87248.1
6709.732993027693,87052.2
6709.912657450592,85772.0
6710.0923218734915,84960.9
6710.27198629639,85276.8
6710.45165071929,84517.6
6710.63131514219,84986.5
6710.810979565089,83429.2
6710.990643987989,81665.0
6711.170308410888,81050.0
6711.349972833787,81948.8
6711.529637256686,83179.0
6711.709301679586,81636.6
6711.888966102486,80619.7
6712.068630525385,82580.6
6712.248294948285,80529.8
6712.4279593711835,78975.6
6712.607623794083,78204.8
6712.787288216983,78014.1
6712.966952639882,78361.7
6713.146617062782,79310.2
6713.326281485681,78677.1
6713.5059459085805,77147.2
6713.68561033148,76596.6
6713.865274754379,75039.2
6714.044939177279,76283.3
6714.224603600178,75868.1
6714.404268023078,74170.8
6714.583932445977,75114.0
6714.763596868876,73964.6
6714.943261291776,72301.7
6715.122925714675,71988.4
6715.302590137575,72501.5
6715.482254560474,72348.2
6715.661918983374,71602.9
6715.8415834062735,71153.5
6716.021247829172,72347.1
6716.200912252072,72146.9
6716.380576674971,70895.7
6716.560241097871,70352.7
6716.739905520771,69590.9
6716.91956994367,70439.7
6717.099234366569,68180.1
6717.278898789468,66885.3
6717.458563212368,67586.6
6717.638227635267,68439.5
6717.817892058167,68283.7
6717.997556481067,67762.7
6718.1772209039655,65771.7
6718.356885326865,65157.0
6718.536549749764,64863.1
6718.716214172664,64833.5
6718.895878595564,63290.5
6719.075543018463,64573.3
6719.2552074413625,64281.0
6719.434871864261,63277.1
6719.614536287161,62248.1
6719.794200710061,62891.9
6719.97386513296,63405.7
6720.15352955586,63009.4
6720.333193978759,61218.8
6720.512858401658,60288.9
6720.692522824557,61722.2
6720.872187247457,60411.3
6721.051851670357,60986.8
6721.231516093256,59395.5
6721.411180516156,57264.5
6721.5908449390545,58709.4
6721.770509361954,58872.3
6721.950173784854,57812.0
6722.129838207753,57581.0
6722.309502630653,57827.4
6722.489167053552,58093.5
6722.6688314764515,57239.7
6722.848495899351,56895.6
6723.02816032225,56702.6
6723.20782474515,55743.3
6723.387489168049,53742.5
6723.567153590949,53680.7
6723.746818013848,55661.1
6723.926482436747,55473.3
6724.106146859647,54327.9
6724.285811282546,53140.5
6724.465475705446,52297.4
6724.645140128345,53048.5
6724.824804551245,54090.5
6725.004468974144,53069.3
6725.184133397043,52138.1
6725.363797819943,50577.6
6725.543462242842,52203.4
6725.723126665742,51403.6
6725.902791088642,51356.6
6726.0824555115405,49604.7
6726.26211993444,49971.8
6726.441784357339,50375.0
6726.621448780239,49505.2
6726.801113203138,49571.8
6726.980777626038,48198.2
6727.1604420489375,49025.0
6727.340106471836,48226.6
6727.519770894736,48745.2
6727.699435317635,48609.7
6727.879099740535,48286.8
6728.058764163435,47027.6
6728.238428586334,46322.8
6728.418093009233,45567.0
6728.597757432132,45459.4
6728.777421855032,45381.9
6728.957086277932,44486.9
6729.136750700831,44444.2
6729.316415123731,44035.5
6729.4960795466295,43965.3
6729.675743969529,43811.3
6729.855408392428,43211.6
6730.035072815328,43041.8
6730.214737238228,42865.4
6730.394401661127,43548.2
6730.5740660840265,43667.9
6730.753730506925,41834.8
6730.933394929825,41974.9
6731.113059352725,42176.2
6731.292723775624,41106.0
6731.472388198524,41234.8
6731.652052621423,40612.1
6731.831717044322,39963.5
6732.011381467222,39529.3
6732.191045890121,39360.0
6732.370710313021,39744.4
6732.55037473592,39718.3
6732.73003915882,37983.9
6732.9097035817185,37941.8
6733.089368004618,38133.7
6733.269032427518,38366.6
6733.448696850417,36091.4
