7606.247206562,706.416
7606.457077986825,261.176
7606.66694941165,122.14
7606.8768208364745,96.6044
7607.0866922612995,174.201
7607.2965636861245,495.812
7607.5064351109495,602.995
7607.7163065357745,441.72
7607.9261779605995,584.863
7608.136049385424,380.737
7608.345920810249,412.096
7608.555792235074,888.159
7608.765663659899,630.299
7608.975535084724,382.874
7609.185406509548,222.044
7609.395277934373,-22.4114
7609.605149359198,643.702
7609.815020784023,694.514
7610.024892208848,293.014
7610.234763633673,676.299
7610.444635058497,607.857
7610.654506483322,644.92
7610.864377908147,939.082
7611.074249332972,1209.51
7611.284120757797,1558.92
7611.493992182621,997.142
7611.703863607446,317.851
7611.913735032271,413.048
7612.123606457096,605.444
7612.333477881921,669.324
7612.543349306746,737.976
7612.75322073157,748.231
7612.963092156395,558.56
7613.17296358122,310.118
7613.382835006045,487.255
7613.59270643087,1059.13
7613.802577855694,1430.68
7614.012449280519,1702.75
7614.222320705344,1993.52
7614.432192130169,1672.67
7614.642063554994,835.662
7614.851934979819,630.261
7615.061806404643,959.996
7615.271677829468,769.101
7615.481549254293,1236.65
7615.691420679118,1543.79
7615.901292103943,1361.98
7616.111163528767,961.575
7616.321034953592,856.204
7616.530906378417,1358.83
7616.740777803242,1933.88
7616.950649228067,1988.56
7617.160520652891,2032.08
7617.370392077716,2179.71
7617.580263502541,2229.18
7617.790134927366,2200.11
7618.000006352191,2375.21
7618.209877777016,2394.54
7618.41974920184,2400.78
7618.629620626665,2760.56
7618.83949205149,2400.17
7619.049363476315,2597.55
7619.25923490114,2402.9
7619.469106325964,2221.49
7619.678977750789,2132.76
7619.888849175614,2035.71
7620.098720600439,2236.19
7620.308592025264,2260.71
7620.518463450089,1457.43
7620.728334874913,866.392
7620.938206299738,626.083
7621.148077724563,998.203
7621.357949149388,1306.3
7621.567820574213,1671.32
7621.777691999037,2444.06
7621.987563423862,2558.79
7622.197434848687,1941.02
7622.407306273512,2141.95
7622.617177698337,1955.54
7622.827049123162,1406.68
7623.0369205479865,884.797
7623.2467919728115,541.733
7623.4566633976365,493.075
7623.6665348224615,733.932
7623.8764062472865,1194.61
7624.086277672111,1384.88
7624.296149096936,676.368
7624.506020521761,125.415
7624.7158919465855,1112.97
7624.9257633714105,1768.86
7625.1356347962355,1978.41
7625.34550622106,2127.64
7625.555377645885,2372.0
7625.76524907071,2339.71
7625.975120495535,1995.03
7626.18499192036,1924.79
7626.394863345184,1323.5
7626.604734770009,1109.43
7626.814606194834,787.721
7627.024477619659,504.333
7627.234349044484,507.103
7627.444220469309,664.921
7627.654091894133,937.631
7627.863963318958,804.122
7628.073834743783,152.223
7628.283706168608,671.733
7628.493577593433,1304.88
7628.703449018257,1387.74
7628.913320443082,1418.39
7629.123191867907,1762.6
7629.333063292732,1843.03
7629.542934717557,1833.1
7629.752806142382,2286.81
7629.962677567206,2489.29
7630.172548992031,2045.26
7630.382420416856,1533.42
7630.592291841681,1073.27
7630.802163266506,276.311
7631.01203469133,22.432
7631.221906116155,969.746
7631.43177754098,1365.41
7631.641648965805,647.561
7631.85152039063,600.372
7632.061391815455,677.867
7632.271263240279,364.46
7632.481134665104,965.631
7632.691006089929,1967.77
7632.900877514754,2103.47
7633.110748939579,2164.36
7633.320620364403,2507.89
7633.530491789228,2638.43
7633.740363214053,2359.06
7633.950234638878,2048.41
7634.160106063703,2779.21
7634.369977488528,2277.25
7634.579848913352,1707.58
7634.789720338177,1009.71
7634.999591763002,491.377
7635.209463187827,565.984
7635.419334612652,719.524
7635.629206037476,771.291
7635.839077462301,931.611
7636.048948887126,717.181
7636.258820311951,605.955
7636.468691736776,901.702
7636.678563161601,1699.04
7636.888434586425,2205.44
7637.09830601125,2126.96
7637.308177436075,2231.54
7637.5180488609,2367.82
7637.727920285725,2420.88
7637.937791710549,3055.0
7638.147663135374,2968.0
7638.357534560199,2863.65
7638.567405985024,2785.73
7638.777277409849,2385.84
7638.9871488346735,1771.53
7639.1970202594985,1517.97
7639.406891684323,1238.87
7639.616763109148,770.476
7639.826634533973,758.389
7640.036505958798,984.035
7640.2463773836225,1293.5
7640.4562488084475,1066.99
7640.6661202332725,597.388
7640.8759916580975,1258.87
7641.0858630829225,1590.55
7641.295734507747,2080.71
7641.505605932572,2588.57
7641.715477357397,2659.0
7641.925348782222,3039.67
7642.135220207047,2687.97
7642.345091631872,3225.62
7642.554963056696,3058.45
7642.764834481521,3191.58
7642.974705906346,3283.56
7643.184577331171,3039.96
7643.394448755996,2794.84
7643.60432018082,2336.41
7643.814191605645,1450.61
7644.02406303047,926.241
7644.233934455295,1100.31
7644.44380588012,901.625
7644.653677304945,1007.26
7644.863548729769,1353.99
7645.073420154594,1463.48
7645.283291579419,1122.08
7645.493163004244,1131.03
7645.703034429069,1957.9
7645.912905853893,2853.69
7646.122777278718,3318.77
7646.332648703543,3591.39
7646.542520128368,3455.13
7646.752391553193,3277.33
7646.962262978018,3294.43
7647.172134402842,3174.35
7647.382005827667,3386.63
7647.591877252492,3370.04
7647.801748677317,3393.71
7648.011620102142,3553.64
7648.221491526966,3023.75
7648.431362951791,2483.0
7648.641234376616,2098.1
7648.851105801441,1764.82
7649.060977226266,1307.05
7649.270848651091,1541.97
7649.480720075915,1666.86
7649.69059150074,1710.79
7649.900462925565,1728.28
7650.11033435039,1387.32
7650.320205775215,1365.74
7650.530077200039,2169.94
7650.739948624864,2946.3
7650.949820049689,3374.2
7651.159691474514,3484.83
7651.369562899339,3948.3
7651.579434324164,4140.33
7651.789305748988,3939.55
7651.999177173813,3521.14
7652.209048598638,3865.99
7652.418920023463,4242.61
7652.628791448288,3693.37
7652.838662873112,3847.2
7653.048534297937,3747.82
7653.258405722762,3727.71
7653.468277147587,3513.99
7653.678148572412,2937.76
7653.888019997237,2057.87
7654.097891422061,1776.56
7654.307762846886,1998.99
7654.517634271711,1917.91
7654.727505696536,1862.69
7654.937377121361,2021.26
7655.147248546185,1971.66
7655.35711997101,2642.6
7655.566991395835,2886.58
7655.77686282066,3518.56
7655.986734245485,3893.75
7656.19660567031,3756.52
7656.4064770951345,3781.46
7656.6163485199595,4164.84
7656.8262199447845,4160.14
7657.0360913696095,3865.82
7657.2459627944345,3937.4
7657.455834219259,3797.12
7657.665705644084,3878.75
7657.875577068909,4581.91
7658.085448493734,4450.12
7658.295319918559,4339.57
7658.505191343384,4464.14
7658.715062768208,4398.61
7658.924934193033,3668.88
7659.134805617858,2520.26
7659.344677042683,2164.72
7659.554548467508,2501.32
7659.764419892332,2514.53
7659.974291317157,3018.77
7660.184162741982,2727.41
7660.394034166807,2630.26
7660.603905591632,2835.27
7660.813777016456,3707.15
7661.023648441281,3950.55
7661.233519866106,3725.16
7661.443391290931,4139.44
7661.653262715756,4575.38
7661.863134140581,4377.68
7662.073005565405,4408.95
7662.28287699023,4810.43
7662.492748415055,4780.41
7662.70261983988,5246.36
7662.912491264705,4914.22
7663.122362689529,4425.51
7663.332234114354,4590.2
7663.542105539179,4566.48
7663.751976964004,4430.08
7663.961848388829,4651.3
7664.171719813654,4490.72
7664.381591238478,3748.07
7664.591462663303,3211.89
7664.801334088128,2845.26
7665.011205512953,2754.18
7665.221076937778,2835.67
7665.430948362602,2941.93
7665.640819787427,3100.45
7665.850691212252,3074.8
7666.060562637077,3000.99
7666.270434061902,3444.15
7666.480305486727,4212.73
7666.690176911551,4564.43
7666.900048336376,4451.58
7667.109919761201,4352.57
7667.319791186026,4608.53
7667.529662610851,4882.96
7667.739534035675,4751.7
7667.9494054605,4846.72
7668.159276885325,4815.18
7668.36914831015,4480.8
7668.579019734975,4582.46
7668.7888911598,4850.81
7668.998762584624,4767.94
7669.208634009449,4528.9
7669.418505434274,4255.84
7669.628376859099,4275.4
7669.838248283924,4577.86
7670.048119708748,4414.83
7670.257991133573,3683.48
7670.467862558398,3680.97
7670.677733983223,3599.97
7670.887605408048,3356.6
7671.097476832873,3559.14
7671.307348257697,3986.12
7671.517219682522,3679.13
7671.727091107347,3575.25
7671.936962532172,4296.17
7672.146833956997,4208.97
7672.3567053818215,4306.06
7672.5665768066465,4571.49
7672.7764482314715,4909.76
7672.9863196562965,4497.52
7673.1961910811215,4483.09
7673.4060625059465,4904.36
7673.615933930771,5259.75
7673.825805355596,4846.02
7674.0356767804205,4521.14
7674.2455482052455,4948.0
7674.4554196300705,5044.98
7674.665291054895,4666.78
7674.87516247972,4692.12
7675.085033904545,4931.14
7675.29490532937,4944.44
7675.504776754195,4751.06
7675.71464817902,5157.79
7675.924519603844,4837.74
7676.134391028669,4383.67
7676.344262453494,4042.37
7676.554133878319,3712.78
7676.764005303144,3815.94
7676.973876727968,4268.84
7677.183748152793,4189.94
7677.393619577618,4172.9
7677.603491002443,4729.18
7677.813362427268,3870.56
7678.023233852093,4070.59
7678.233105276917,5123.44
7678.442976701742,4877.53
7678.652848126567,5047.44
7678.862719551392,5429.57
7679.072590976217,5181.47
7679.282462401041,5101.07
7679.492333825866,5084.2
7679.702205250691,4666.44
7679.912076675516,4590.16
7680.121948100341,4994.49
7680.331819525165,5017.84
7680.54169094999,4686.85
7680.751562374815,4642.87
7680.96143379964,5162.91
7681.171305224465,5540.84
7681.38117664929,5601.97
7681.591048074114,5365.93
7681.800919498939,5511.94
7682.010790923764,5446.13
7682.220662348589,4809.37
7682.430533773414,4736.08
7682.640405198238,4758.25
7682.850276623063,4521.45
7683.060148047888,4787.08
7683.270019472713,4718.67
7683.479890897538,4491.61
7683.689762322363,4400.26
7683.899633747187,4549.24
7684.109505172012,4965.89
7684.319376596837,5293.51
7684.529248021662,4823.22
7684.739119446487,4694.47
7684.948990871311,4609.32
7685.158862296136,4997.46
7685.368733720961,5315.04
7685.578605145786,5242.34
7685.788476570611,5503.04
7685.998347995436,5550.76
7686.20821942026,4969.89
7686.418090845085,4932.63
7686.62796226991,5419.91
7686.837833694735,4586.17
7687.04770511956,5321.16
7687.257576544384,5677.79
7687.467447969209,5261.64
7687.677319394034,5063.52
7687.887190818859,5286.32
7688.097062243684,5471.1
7688.306933668509,5140.01
7688.5168050933335,4874.95
7688.7266765181585,4954.14
7688.936547942983,4897.34
7689.146419367808,4802.24
7689.356290792633,4963.51
7689.5661622174575,5039.8
7689.7760336422825,4861.7
7689.9859050671075,5182.16
7690.1957764919325,4955.35
7690.4056479167575,4695.14
7690.6155193415825,4845.99
7690.825390766407,5186.82
7691.035262191232,4861.55
7691.245133616057,4981.62
7691.455005040882,4901.7
7691.664876465707,5044.34
7691.874747890531,5603.07
7692.084619315356,5354.92
7692.294490740181,4643.91
7692.504362165006,4668.3
7692.714233589831,5201.84
7692.924105014656,5437.54
7693.13397643948,5787.16
7693.343847864305,4922.75
7693.55371928913,5240.7
7693.763590713955,5611.13
7693.97346213878,4804.23
7694.183333563604,5824.94
7694.393204988429,5987.09
7694.603076413254,5360.53
7694.812947838079,5332.51
7695.022819262904,5669.78
7695.232690687729,5593.24
7695.442562112553,5306.7
7695.652433537378,5275.55
7695.862304962203,5350.0
7696.072176387028,5468.65
7696.282047811853,5443.16
7696.491919236677,5764.59
7696.701790661502,5603.01
7696.911662086327,5600.71
7697.121533511152,5559.92
7697.331404935977,5253.51
7697.541276360802,5305.24
7697.751147785626,5033.08
7697.961019210451,5531.95
7698.170890635276,5464.41
7698.380762060101,5523.53
7698.590633484926,5556.44
7698.80050490975,4971.91
7699.010376334575,4979.08
7699.2202477594,5171.86
7699.430119184225,5293.39
7699.63999060905,5608.56
7699.849862033874,4926.1
7700.059733458699,4987.85
7700.269604883524,5352.43
7700.479476308349,4744.06
7700.689347733174,5112.6
7700.899219157999,5631.7
7701.109090582823,5140.89
7701.318962007648,5592.28
7701.528833432473,6004.76
7701.738704857298,5674.11
7701.948576282123,5293.82
7702.158447706947,5763.89
7702.368319131772,6180.62
7702.578190556597,5660.68
7702.788061981422,4971.2
7702.997933406247,4909.01
7703.207804831072,5125.35
7703.417676255896,4829.57
7703.627547680721,4670.41
7703.837419105546,5281.02
7704.047290530371,5545.12
7704.257161955196,5473.28
7704.46703338002,5334.92
7704.676904804845,6094.05
7704.88677622967,5787.85
7705.096647654495,5172.54
7705.30651907932,5487.22
7705.516390504145,5663.46
7705.7262619289695,5768.1
7705.9361333537945,6109.23
7706.1460047786195,5840.32
7706.3558762034445,5410.98
7706.5657476282695,5158.2
7706.775619053094,5532.95
7706.985490477919,6033.84
7707.195361902744,5381.08
7707.405233327569,5487.27
7707.615104752394,6243.76
7707.824976177219,5549.6
7708.034847602043,5358.92
7708.244719026868,5367.02
7708.454590451693,5990.61
7708.664461876518,5614.87
7708.874333301343,6103.86
7709.084204726167,6200.57
7709.294076150992,6354.51
7709.503947575817,5983.71
7709.713819000642,5996.6
7709.923690425467,6042.69
7710.133561850292,5614.64
7710.343433275116,5422.3
7710.553304699941,5648.32
7710.763176124766,6063.46
7710.973047549591,6120.25
7711.182918974416,5762.42
7711.39279039924,5297.05
7711.602661824065,5261.49
7711.81253324889,5685.32
7712.022404673715,5517.36
7712.23227609854,5810.13
7712.442147523365,5655.0
7712.652018948189,5634.46
7712.861890373014,5853.85
7713.071761797839,5766.71
7713.281633222664,5733.04
7713.491504647489,5996.84
7713.701376072313,5917.44
7713.911247497138,6074.39
7714.121118921963,6035.35
7714.330990346788,6106.8
7714.540861771613,5859.02
7714.750733196438,5851.41
7714.960604621262,6121.05
7715.170476046087,5898.17
7715.380347470912,5619.9
7715.590218895737,5843.76
7715.800090320562,5665.54
7716.009961745386,5662.23
7716.219833170211,5864.25
7716.429704595036,5535.25
7716.639576019861,5954.23
7716.849447444686,5413.95
7717.059318869511,5130.83
7717.269190294335,6006.28
7717.47906171916,5863.41
7717.688933143985,5504.94
7717.89880456881,5935.32
7718.108675993635,6046.78
7718.318547418459,6029.71
7718.528418843284,5638.77
7718.738290268109,5570.27
7718.948161692934,5639.64
7719.158033117759,6119.78
7719.367904542583,5706.85
7719.577775967408,5597.59
7719.787647392233,5497.53
7719.997518817058,5263.44
7720.207390241883,5532.63
7720.417261666708,5733.25
7720.627133091532,5701.35
7720.837004516357,5684.63
7721.046875941182,5562.78
7721.256747366007,5151.26
7721.466618790832,5206.23
7721.676490215657,5518.67
7721.8863616404815,5207.86
7722.0962330653065,5357.5
7722.3061044901315,5131.27
7722.5159759149565,5261.53
7722.7258473397815,5244.15
7722.935718764606,4982.03
7723.145590189431,5165.36
7723.355461614256,5469.58
7723.5653330390805,5328.71
7723.7752044639055,5250.93
7723.98507588873,5584.87
7724.194947313555,5386.12
7724.40481873838,5600.17
7724.614690163205,5439.07
7724.82456158803,5164.87
7725.034433012855,5708.86
7725.244304437679,5608.92
7725.454175862504,5301.99
7725.664047287329,5356.75
7725.873918712154,5492.84
7726.083790136979,5731.48
7726.293661561803,5359.12
7726.503532986628,5256.95
7726.713404411453,5677.07
7726.923275836278,5595.55
7727.133147261103,5296.7
7727.343018685928,5400.5
7727.552890110752,5456.58
7727.762761535577,5307.09
7727.972632960402,5628.69
7728.182504385227,5520.04
7728.392375810052,5334.39
7728.602247234876,5521.06
7728.812118659701,5685.92
7729.021990084526,5718.27
7729.231861509351,5587.24
7729.441732934176,5635.49
7729.651604359001,5548.33
7729.861475783825,5297.46
7730.07134720865,4867.58
7730.281218633475,5119.19
7730.4910900583,5470.67
7730.700961483125,5472.51
7730.910832907949,5634.43
7731.120704332774,5521.95
7731.330575757599,5302.9
7731.540447182424,5415.17
7731.750318607249,5070.72
7731.960190032074,4994.56
7732.170061456898,5765.37
7732.379932881723,5422.0
7732.589804306548,4826.56
7732.799675731373,5857.59
7733.009547156198,6192.66
7733.219418581022,5476.06
7733.429290005847,5596.48
7733.639161430672,5433.96
7733.849032855497,5387.33
7734.058904280322,5883.51
7734.268775705147,5535.47
7734.478647129971,5487.85
7734.688518554796,5709.08
7734.898389979621,5391.59
7735.108261404446,5559.03
7735.318132829271,5451.94
7735.528004254095,5676.11
7735.73787567892,6226.12
7735.947747103745,5532.35
7736.15761852857,5483.97
7736.367489953395,5059.76
7736.57736137822,4961.81
7736.787232803044,4368.4
7736.997104227869,5035.74
7737.206975652694,5206.97
7737.416847077519,5418.02
7737.626718502344,5601.63
7737.8365899271685,5323.27
7738.0464613519935,4871.7
7738.256332776818,4980.78
7738.466204201643,5301.67
7738.676075626468,4807.7
7738.8859470512925,5245.19
7739.0958184761175,4942.33
7739.3056899009425,4983.79
7739.5155613257675,4851.77
7739.7254327505925,4838.96
7739.9353041754175,5216.64
7740.145175600242,5490.78
7740.355047025067,5216.03
7740.564918449892,5155.2
7740.774789874717,4962.04
7740.984661299542,5416.32
7741.194532724367,5189.42
7741.404404149191,5361.3
7741.614275574016,5059.35
7741.824146998841,4640.99
7742.034018423666,5053.56
7742.243889848491,5487.55
7742.453761273315,5137.48
7742.66363269814,4971.68
7742.873504122965,5519.47
7743.08337554779,5407.63
7743.293246972615,5195.56
7743.503118397439,5264.56
7743.712989822264,4907.5
7743.922861247089,4669.27
7744.132732671914,4801.89
7744.342604096739,4879.43
7744.552475521564,5068.99
7744.762346946388,5099.38
7744.972218371213,4926.98
7745.182089796038,5419.66
7745.391961220863,5543.29
7745.601832645688,5064.22
7745.811704070512,4888.15
7746.021575495337,4687.49
7746.231446920162,4872.73
7746.441318344987,4828.75
7746.651189769812,4677.05
7746.861061194637,4691.33
7747.070932619461,4883.24
7747.280804044286,5541.45
7747.490675469111,5194.54
7747.700546893936,4712.82
7747.910418318761,4846.03
7748.120289743585,4481.23
7748.33016116841,4833.85
7748.540032593235,5193.39
7748.74990401806,4976.51
7748.959775442885,5203.0
7749.16964686771,4950.98
7749.379518292534,4529.92
7749.589389717359,5382.56
7749.799261142184,5607.67
7750.009132567009,5470.87
7750.219003991834,5479.48
7750.428875416658,5182.1
7750.638746841483,5357.72
7750.848618266308,5427.13
7751.058489691133,4972.53
7751.268361115958,4438.51
7751.478232540783,5318.2
7751.688103965607,4984.03
7751.897975390432,4889.81
7752.107846815257,5464.9
7752.317718240082,5402.09
7752.527589664907,4980.43
7752.737461089731,5695.07
7752.947332514556,5323.52
7753.157203939381,5125.65
7753.367075364206,5112.71
7753.576946789031,5332.79
7753.786818213856,4777.98
7753.99668963868,5058.12
7754.206561063505,5050.67
7754.41643248833,4830.46
7754.626303913155,5315.17
7754.83617533798,5182.8
7755.0460467628045,4907.94
7755.2559181876295,4804.44
7755.4657896124545,5228.68
7755.6756610372795,5480.78
7755.8855324621045,5000.33
7756.0954038869295,5235.18
7756.305275311754,5357.42
7756.515146736579,4894.88
7756.725018161404,5160.15
7756.934889586229,5070.31
7757.144761011054,5123.6
7757.354632435878,5302.85
7757.564503860703,4909.1
7757.774375285528,4556.44
7757.984246710353,4982.34
7758.194118135178,5197.8
7758.403989560002,5016.67
7758.613860984827,5132.86
7758.823732409652,5001.3
7759.033603834477,4782.2
7759.243475259302,5092.76
7759.453346684127,4776.54
7759.663218108951,5533.39
7759.873089533776,4243.72
7760.082960958601,4886.5
7760.292832383426,5061.25
7760.502703808251,4935.04
7760.712575233076,4561.19
7760.9224466579,4667.05
7761.132318082725,4767.21
7761.34218950755,4930.0
7761.552060932375,4975.15
7761.7619323572,4839.63
7761.971803782024,4546.68
7762.181675206849,5064.6
7762.391546631674,4452.86
7762.601418056499,4434.49
7762.811289481324,4771.6
7763.021160906148,4977.95
7763.231032330973,4681.91
7763.440903755798,5057.12
7763.650775180623,4897.09
7763.860646605448,5211.07
7764.070518030273,4807.3
7764.280389455097,4571.18
7764.490260879922,4480.35
7764.700132304747,4293.22
7764.910003729572,4630.85
7765.119875154397,4585.9
7765.329746579221,4852.43
7765.539618004046,3968.41
7765.749489428871,5150.28
7765.959360853696,4901.27
7766.169232278521,4929.62
7766.379103703346,5171.83
7766.58897512817,4698.3
7766.798846552995,4818.26
7767.00871797782,4970.16
7767.218589402645,4920.53
7767.42846082747,4774.05
7767.638332252294,4995.31
7767.848203677119,4635.65
7768.058075101944,4540.34
7768.267946526769,5491.29
7768.477817951594,5202.26
7768.687689376419,4255.46
7768.897560801243,4545.82
7769.107432226068,4726.28
7769.317303650893,5014.99
7769.527175075718,4797.96
7769.737046500543,4903.35
7769.946917925367,4692.55
7770.156789350192,4783.9
7770.366660775017,5208.54
7770.576532199842,4643.97
7770.786403624667,4758.63
7770.996275049492,4688.06
7771.2061464743165,4537.43
7771.4160178991415,4775.95
7771.6258893239665,4578.14
7771.8357607487915,4068.87
7772.0456321736165,4670.48
7772.255503598441,5126.07
7772.465375023266,4735.97
7772.675246448091,4479.22
7772.8851178729155,4608.32
7773.0949892977405,4577.84
7773.3048607225655,4227.12
7773.51473214739,4226.51
7773.724603572215,4436.38
7773.93447499704,4886.42
7774.144346421865,4381.88
7774.35421784669,4531.44
7774.564089271514,4828.39
7774.773960696339,4832.87
7774.983832121164,5004.5
7775.193703545989,5321.26
7775.403574970814,5061.61
7775.613446395639,4623.06
7775.823317820463,4413.64
7776.033189245288,4423.89
7776.243060670113,4610.92
7776.452932094938,4699.95
7776.662803519763,4965.48
7776.872674944587,5008.04
7777.082546369412,5320.89
7777.292417794237,4895.06
7777.502289219062,4196.78
7777.712160643887,4498.99
7777.922032068712,4843.08
7778.131903493536,4537.5
7778.341774918361,4396.26
7778.551646343186,4375.01
7778.761517768011,4407.77
7778.971389192836,4796.6
7779.18126061766,4550.59
7779.391132042485,4458.48
7779.60100346731,4275.66
7779.810874892135,4472.91
7780.02074631696,4816.29
7780.230617741785,4485.07
7780.440489166609,4396.82
7780.650360591434,4378.29
7780.860232016259,4004.46
7781.070103441084,4235.6
7781.279974865909,4172.12
7781.489846290733,4567.42
7781.699717715558,4317.16
7781.909589140383,4209.78
7782.119460565208,4230.07
7782.329331990033,3976.96
7782.539203414857,4174.2
7782.749074839682,4123.84
7782.958946264507,4117.85
7783.168817689332,4470.37
7783.378689114157,4504.77
7783.588560538982,4675.19
7783.798431963806,4271.45
7784.008303388631,3938.79
7784.218174813456,4629.54
7784.428046238281,4706.0
7784.637917663106,4405.1
7784.847789087931,3992.03
7785.057660512755,4122.76
7785.26753193758,4568.42
7785.477403362405,4418.23
7785.68727478723,4054.8
7785.897146212055,4191.38
7786.107017636879,4038.84
7786.316889061704,4085.16
7786.526760486529,4258.85
7786.736631911354,4182.4
7786.946503336179,4586.96
7787.1563747610035,4199.68
7787.3662461858285,4204.98
7787.5761176106535,4318.63
7787.785989035478,4182.63
7787.995860460303,4068.78
7788.205731885128,4568.44
7788.4156033099525,4273.53
7788.6254747347775,3773.17
7788.8353461596025,3741.44
7789.0452175844275,3946.97
7789.2550890092525,4119.09
7789.464960434077,4148.88
7789.674831858902,4489.16
7789.884703283727,4604.15
7790.094574708552,4544.74
7790.304446133377,3946.49
7790.514317558202,4063.03
7790.724188983026,4339.16
7790.934060407851,4246.67
7791.143931832676,4294.63
7791.353803257501,4176.77
7791.563674682326,3414.86
7791.77354610715,3757.58
7791.983417531975,3642.08
7792.1932889568,4448.45
7792.403160381625,4482.69
7792.61303180645,4144.21
7792.822903231275,4329.03
7793.032774656099,4145.72
7793.242646080924,4227.8
7793.452517505749,4120.33
7793.662388930574,4095.7
7793.872260355399,3843.3
7794.082131780223,4143.47
7794.292003205048,4227.82
7794.501874629873,3766.29
7794.711746054698,4175.46
7794.921617479523,4262.47
7795.131488904348,4512.62
7795.341360329172,4095.17
7795.551231753997,3933.46
7795.761103178822,3804.9
7795.970974603647,4222.82
7796.180846028472,3838.64
7796.390717453296,4041.71
7796.600588878121,3885.19
7796.810460302946,3781.13
7797.020331727771,3773.89
7797.230203152596,4059.49
7797.440074577421,3783.77
7797.649946002245,3688.08
7797.85981742707,3623.49
7798.069688851895,3657.25
7798.27956027672,4104.96
7798.489431701545,3663.99
7798.699303126369,3920.76
7798.909174551194,3995.25
7799.119045976019,3308.98
7799.328917400844,3652.97
7799.538788825669,4071.78
7799.748660250494,3847.82
7799.958531675318,3757.91
7800.168403100143,3624.18
7800.378274524968,3623.33
7800.588145949793,3761.3
7800.798017374618,3171.2
7801.007888799442,3545.64
7801.217760224267,3413.26
7801.427631649092,3762.69
7801.637503073917,3721.08
7801.847374498742,3590.33
7802.057245923566,3512.44
7802.267117348391,3114.42
7802.476988773216,3753.58
7802.686860198041,3864.89
7802.896731622866,4229.17
7803.106603047691,4207.78
7803.316474472515,4068.61
7803.52634589734,4044.41
7803.736217322165,3632.39
7803.94608874699,3794.48
7804.155960171815,3594.44
7804.36583159664,3446.95
7804.5757030214645,4026.98
7804.7855744462895,3956.17
7804.9954458711145,3142.89
7805.2053172959395,3592.02
7805.4151887207645,3653.12
7805.625060145589,3534.99
7805.834931570414,3966.67
7806.044802995239,3944.0
7806.254674420064,3531.7
7806.464545844889,3420.83
7806.674417269713,3498.45
7806.884288694538,3553.85
7807.094160119363,3538.44
7807.304031544188,3933.76
7807.513902969013,3953.49
7807.723774393838,3576.9
7807.933645818662,3397.39
7808.143517243487,3555.77
7808.353388668312,3627.11
7808.563260093137,3647.3
7808.773131517962,3461.57
7808.983002942786,3616.84
7809.192874367611,3345.33
7809.402745792436,3282.82
7809.612617217261,3891.04
7809.822488642086,3295.33
7810.032360066911,3261.34
7810.242231491735,3454.37
7810.45210291656,3222.54
7810.661974341385,3215.01
7810.87184576621,3484.86
7811.081717191035,3295.4
7811.291588615859,3250.92
7811.501460040684,3021.84
7811.711331465509,3915.67
7811.921202890334,3182.14
7812.131074315159,3108.42
7812.340945739984,3565.55
7812.550817164808,3734.09
7812.760688589633,3174.94
7812.970560014458,3297.63
7813.180431439283,3222.79
7813.390302864108,3252.84
7813.600174288932,2991.11
7813.810045713757,2912.03
7814.019917138582,3162.7
7814.229788563407,3067.04
7814.439659988232,3290.27
7814.649531413057,3471.53
7814.859402837881,3605.24
7815.069274262706,3322.06
7815.279145687531,3206.01
7815.489017112356,3500.66
7815.698888537181,3558.77
7815.908759962005,3577.87
7816.11863138683,3243.86
7816.328502811655,3050.68
7816.53837423648,3617.48
7816.748245661305,3129.34
7816.95811708613,3131.05
7817.167988510954,3266.19
7817.377859935779,3029.39
7817.587731360604,2830.23
7817.797602785429,3392.39
7818.007474210254,3610.27
7818.217345635078,3478.26
7818.427217059903,3202.59
7818.637088484728,2811.45
7818.846959909553,3279.83
7819.056831334378,2764.47
7819.266702759203,3257.96
7819.476574184027,3480.18
7819.686445608852,3570.0
7819.896317033677,3044.07
7820.106188458502,3382.18
7820.316059883327,3427.33
7820.5259313081515,3028.25
7820.7358027329765,3123.67
7820.9456741578015,2975.74
7821.1555455826265,3495.82
7821.3654170074515,2883.9
7821.575288432276,2920.02
7821.785159857101,2889.93
7821.995031281926,3463.7
7822.2049027067505,3179.4
7822.4147741315755,3159.36
7822.6246455564005,3341.04
7822.834516981225,3184.66
7823.04438840605,2663.07
7823.254259830875,2745.15
7823.4641312557,2781.42
7823.674002680525,2753.81
7823.88387410535,2990.41
7824.093745530174,3179.21
7824.303616954999,3063.56
7824.513488379824,2644.54
7824.723359804649,2753.11
7824.933231229474,2843.39
7825.143102654298,3111.44
7825.352974079123,2929.46
7825.562845503948,2952.8
7825.772716928773,2953.68
7825.982588353598,2968.68
7826.192459778422,2678.58
7826.402331203247,2670.46
7826.612202628072,3003.53
7826.822074052897,3051.29
7827.031945477722,2717.66
7827.241816902547,2629.96
7827.451688327371,2967.17
7827.661559752196,3104.08
7827.871431177021,2968.72
7828.081302601846,2552.25
7828.291174026671,2671.6
7828.501045451495,2970.72
7828.71091687632,2894.64
7828.920788301145,2867.33
7829.13065972597,3189.14
7829.340531150795,3087.62
7829.55040257562,3233.19
7829.760274000444,3151.88
7829.970145425269,2486.72
7830.180016850094,2074.55
7830.389888274919,2851.66
7830.599759699744,3098.6
7830.809631124568,2744.2
7831.019502549393,3325.45
7831.229373974218,2970.17
7831.439245399043,2806.85
7831.649116823868,2731.52
7831.858988248693,3112.67
7832.068859673517,2747.87
7832.278731098342,2656.36
7832.488602523167,2901.51
7832.698473947992,2592.56
7832.908345372817,2313.86
7833.118216797641,2498.54
7833.328088222466,2700.51
7833.537959647291,3009.92
7833.747831072116,3169.71
7833.957702496941,2968.09
7834.167573921766,2679.7
7834.37744534659,2436.49
7834.587316771415,2401.09
7834.79718819624,2703.82
7835.007059621065,2590.65
7835.21693104589,2558.15
7835.426802470714,2897.93
7835.636673895539,2584.98
7835.846545320364,2148.48
7836.056416745189,2301.29
7836.266288170014,2623.99
7836.476159594839,2687.15
7836.6860310196635,3295.8
7836.8959024444885,2622.53
7837.105773869313,2270.97
7837.315645294138,2363.75
7837.525516718963,2622.33
7837.7353881437875,2267.47
7837.9452595686125,2330.82
7838.1551309934375,2678.4
7838.3650024182625,2239.86
7838.5748738430875,2625.64
7838.7847452679125,2387.58
7838.994616692737,2371.27
7839.204488117562,2293.23
7839.414359542387,2236.06
7839.624230967212,2373.29
7839.834102392037,2308.94
7840.043973816861,2459.43
7840.253845241686,2273.28
7840.463716666511,2267.9
7840.673588091336,2682.64
7840.883459516161,2531.11
7841.093330940985,2386.11
7841.30320236581,2764.23
7841.513073790635,2432.94
7841.72294521546,3080.55
7841.932816640285,3042.99
7842.14268806511,2741.88
7842.352559489934,2586.55
7842.562430914759,2536.87
7842.772302339584,2179.24
7842.982173764409,2078.33
7843.192045189234,2547.89
7843.401916614059,1923.92
7843.611788038883,2169.09
7843.821659463708,2276.49
7844.031530888533,2503.24
7844.241402313358,2310.01
7844.451273738183,2344.77
7844.661145163007,1971.73
7844.871016587832,2402.75
7845.080888012657,2264.59
7845.290759437482,2462.29
7845.500630862307,2560.65
7845.710502287131,2292.34
7845.920373711956,2539.54
7846.130245136781,2814.53
7846.340116561606,2185.77
7846.549987986431,1828.72
7846.759859411256,2241.83
7846.96973083608,2382.41
7847.179602260905,2275.99
7847.38947368573,2407.83
7847.599345110555,2560.17
7847.80921653538,2651.68
7848.019087960205,1823.31
7848.228959385029,2882.52
7848.438830809854,2182.45
7848.648702234679,1983.12
7848.858573659504,2307.72
7849.068445084329,2452.59
7849.278316509153,2225.74
7849.488187933978,2207.66
7849.698059358803,2446.17
7849.907930783628,2423.97
7850.117802208453,2539.52
7850.327673633277,2186.45
7850.537545058102,1719.9
7850.747416482927,1386.43
7850.957287907752,1685.45
7851.167159332577,1705.76
7851.377030757402,1898.5
7851.586902182226,2303.86
7851.796773607051,1759.01
7852.006645031876,1931.75
7852.216516456701,1882.41
7852.426387881526,2519.28
7852.63625930635,2164.12
7852.846130731175,2252.93
7853.056002156,2196.25
7853.265873580825,2367.59
7853.47574500565,2245.48
7853.685616430475,2338.76
7853.8954878552995,1744.84
7854.1053592801245,2381.7
7854.3152307049495,2597.68
7854.5251021297745,1610.33
7854.7349735545995,1638.38
7854.944844979424,1757.98
7855.154716404249,1985.18
7855.364587829074,1969.12
7855.574459253899,2091.82
7855.784330678724,2180.66
7855.994202103549,1815.04
7856.204073528373,2128.12
7856.413944953198,1796.01
7856.623816378023,1796.1
7856.833687802848,2115.96
7857.043559227673,2012.73
7857.253430652497,2274.09
7857.463302077322,2270.73
7857.673173502147,2199.07
7857.883044926972,1767.68
7858.092916351797,2340.5
7858.302787776622,1679.34
7858.512659201446,1854.92
7858.722530626271,2025.29
7858.932402051096,2153.28
7859.142273475921,1386.64
7859.352144900746,1575.43
7859.56201632557,1594.89
7859.771887750395,1713.31
7859.98175917522,1951.56
7860.191630600045,1684.09
7860.40150202487,2100.67
7860.611373449695,1854.37
7860.821244874519,2295.05
7861.031116299344,2361.23
7861.240987724169,2396.28
7861.450859148994,2054.87
7861.660730573819,1321.71
7861.870601998643,1961.61
7862.080473423468,1600.81
7862.290344848293,1709.24
7862.500216273118,1313.29
7862.710087697943,1358.29
7862.919959122768,1619.08
7863.129830547592,1932.41
7863.339701972417,1814.1
7863.549573397242,1744.63
7863.759444822067,1484.83
7863.969316246892,1826.47
7864.179187671716,2119.05
7864.389059096541,1875.95
7864.598930521366,1847.18
7864.808801946191,1616.1
7865.018673371016,2025.34
7865.22854479584,1935.67
7865.438416220665,1488.99
7865.64828764549,1450.76
7865.858159070315,1318.07
7866.06803049514,1323.03
7866.277901919965,1550.5
7866.487773344789,2027.5
7866.697644769614,1955.58
7866.907516194439,1455.15
7867.117387619264,1290.44
7867.327259044089,1635.76
7867.537130468914,1649.01
7867.747001893738,1566.27
7867.956873318563,1580.38
7868.166744743388,1568.18
7868.376616168213,2172.41
7868.586487593038,1725.21
7868.796359017862,1744.56
7869.006230442687,1612.48
7869.216101867512,1680.49
7869.425973292337,1522.58
7869.635844717162,1512.48
7869.8457161419865,1755.35
7870.0555875668115,1423.96
7870.2654589916365,1828.36
7870.4753304164615,1557.9
7870.6852018412865,1528.44
7870.8950732661115,1832.87
7871.104944690936,1429.32
7871.314816115761,1183.77
7871.524687540586,1680.18
7871.7345589654105,1650.26
7871.9444303902355,1740.3
7872.1543018150605,961.739
7872.364173239885,742.13
7872.57404466471,1101.19
7872.783916089535,1620.46
7872.99378751436,1192.07
7873.203658939185,989.842
7873.413530364009,861.588
7873.623401788834,947.857
7873.833273213659,2004.18
7874.043144638484,1845.02
7874.253016063309,1717.71
7874.462887488133,1435.23
7874.672758912958,1150.55
7874.882630337783,1477.38
7875.092501762608,1134.05
7875.302373187433,1084.61
7875.512244612258,1190.25
7875.722116037082,1225.3
7875.931987461907,1210.34
7876.141858886732,1444.53
7876.351730311557,1113.04
7876.561601736382,1301.39
7876.771473161206,830.286
7876.981344586031,1477.15
7877.191216010856,1554.59
7877.401087435681,869.226
7877.610958860506,1252.96
7877.820830285331,1134.66
7878.030701710155,1321.68
7878.24057313498,656.104
7878.450444559805,1239.68
7878.66031598463,1288.82
7878.870187409455,1340.71
7879.080058834279,517.315
7879.289930259104,940.131
7879.499801683929,1829.97
7879.709673108754,1025.61
7879.919544533579,940.601
7880.129415958403,986.026
7880.339287383228,851.126
7880.549158808053,1342.01
7880.759030232878,1459.8
7880.968901657703,679.912
7881.178773082528,1061.16
7881.388644507352,1093.0
7881.598515932177,1245.51
7881.808387357002,1202.37
7882.018258781827,1310.91
7882.228130206652,1602.59
7882.438001631477,1303.65
7882.647873056301,840.717
7882.857744481126,926.47
7883.067615905951,943.987
7883.277487330776,1104.59
7883.487358755601,1311.95
7883.697230180425,1524.46
7883.90710160525,1137.61
7884.116973030075,974.13
7884.3268444549,785.703
7884.536715879725,792.881
7884.746587304549,879.303
7884.956458729374,954.797
7885.166330154199,966.565
7885.376201579024,1355.06
7885.586073003849,1073.33
7885.795944428674,602.215
7886.0058158534985,880.616
7886.2156872783235,1083.75
7886.425558703148,729.534
7886.635430127973,547.086
7886.845301552798,1176.25
7887.055172977623,964.387
7887.2650444024475,615.476
7887.4749158272725,855.981
7887.6847872520975,812.092
7887.8946586769225,1318.54
7888.1045301017475,1028.47
7888.314401526572,1472.71
7888.524272951397,597.38
7888.734144376222,781.598
7888.944015801047,853.75
7889.153887225872,985.03
7889.363758650696,871.112
7889.573630075521,1223.56
7889.783501500346,697.536
7889.993372925171,1261.81
7890.203244349996,1223.47
7890.413115774821,516.801
7890.622987199645,650.324
7890.83285862447,1407.47
7891.042730049295,553.786
7891.25260147412,1228.16
7891.462472898945,493.672
7891.67234432377,745.663
7891.882215748594,1204.13
7892.092087173419,646.719
7892.301958598244,613.542
7892.511830023069,803.138
7892.721701447894,1014.88
7892.931572872718,893.966
7893.141444297543,1294.52
7893.351315722368,638.742
7893.561187147193,884.38
7893.771058572018,759.394
7893.980929996842,564.602
7894.190801421667,596.664
7894.400672846492,626.315
