7605.2497897383,2578.4
7605.460305438304,2995.61
7605.670821138308,3043.64
7605.881336838313,4042.88
7606.091852538317,3800.36
7606.302368238321,2687.76
7606.512883938325,2278.99
7606.723399638329,1903.36
7606.9339153383335,3143.3
7607.144431038338,4793.07
7607.354946738342,5066.43
7607.565462438346,3192.29
7607.77597813835,2226.71
7607.986493838354,3929.67
7608.1970095383585,6014.85
7608.407525238363,6532.52
7608.618040938368,6040.99
7608.828556638372,4393.76
7609.039072338376,3199.44
7609.24958803838,2425.97
7609.4601037383845,3886.26
7609.670619438389,5836.31
7609.881135138393,5309.48
7610.091650838397,4120.33
7610.302166538401,3844.99
7610.512682238405,5268.06
7610.72319793841,7069.29
7610.933713638414,9193.52
7611.144229338418,10650.5
7611.354745038422,10469.3
7611.565260738426,7881.02
7611.7757764384305,4175.34
7611.986292138435,3806.92
7612.196807838439,4531.62
7612.407323538443,5969.21
7612.617839238447,6555.66
7612.828354938451,6346.07
7613.038870638456,5803.58
7613.24938633846,6928.97
7613.459902038464,10766.0
7613.670417738468,13161.7
7613.880933438472,15389.1
7614.0914491384765,16831.6
7614.301964838481,16005.9
7614.512480538485,12793.9
7614.722996238489,8719.52
7614.933511938494,6471.49
7615.144027638498,7044.87
7615.3545433385025,8711.49
7615.565059038507,10950.7
7615.775574738511,10176.4
7615.986090438515,10035.3
7616.196606138519,11644.6
7616.407121838523,15333.6
7616.617637538528,19907.9
7616.828153238532,22414.7
7617.038668938536,23554.8
7617.24918463854,24706.9
7617.459700338544,24327.7
7617.6702160385485,24322.2
7617.880731738553,24354.1
7618.091247438557,24851.1
7618.301763138561,25039.9
7618.512278838565,24636.5
7618.722794538569,25270.1
7618.9333102385735,24981.3
7619.143825938578,25511.4
7619.354341638582,25878.8
7619.564857338586,25394.0
7619.77537303859,24683.0
7619.985888738594,22375.5
7620.196404438599,19143.3
7620.406920138603,16424.6
7620.617435838607,11613.5
7620.827951538611,8264.41
7621.038467238615,8553.17
7621.24898293862,12199.6
7621.459498638625,17030.4
7621.670014338629,20487.3
7621.880530038633,22601.3
7622.091045738637,23545.5
7622.301561438641,22082.9
7622.5120771386455,19634.6
7622.72259283865,15714.0
7622.933108538654,10497.8
7623.143624238658,6608.75
7623.354139938662,6876.04
7623.564655638666,8994.95
7623.775171338671,10094.5
7623.985687038675,10029.3
7624.196202738679,7979.62
7624.406718438683,5845.42
7624.617234138687,6538.48
7624.8277498386915,11514.0
7625.038265538696,16617.6
7625.2487812387,19859.1
7625.459296938704,21709.4
7625.669812638708,22451.8
7625.880328338712,22571.6
7626.090844038717,21635.3
7626.301359738721,18167.0
7626.511875438725,12850.3
7626.722391138729,8319.43
7626.932906838733,6012.2
7627.1434225387375,6404.65
7627.353938238742,7879.62
7627.564453938747,8294.21
7627.774969638751,7580.14
7627.985485338755,6011.7
7628.196001038759,5053.01
7628.4065167387635,8030.22
7628.617032438768,13070.0
7628.827548138772,17311.9
7629.038063838776,20751.3
7629.24857953878,22682.7
7629.459095238784,23507.3
7629.6696109387885,24854.7
7629.880126638793,23429.8
7630.090642338797,20895.2
7630.301158038801,17161.2
7630.511673738805,13142.2
7630.722189438809,8539.02
7630.932705138814,5280.28
7631.143220838818,5457.37
7631.353736538822,7362.0
7631.564252238826,7979.35
7631.77476793883,6789.28
7631.9852836388345,5723.9
7632.195799338839,5076.55
7632.406315038843,9103.58
7632.616830738847,14267.2
7632.827346438851,18779.6
7633.037862138855,22738.3
7633.24837783886,24895.4
7633.458893538864,26014.1
7633.669409238868,26330.9
7633.879924938872,25977.3
7634.090440638877,24476.9
7634.300956338881,22068.9
7634.511472038886,17867.1
7634.72198773889,13705.9
7634.932503438894,9376.4
7635.143019138898,5848.46
7635.353534838902,6245.96
7635.5640505389065,7477.04
7635.774566238911,8451.31
7635.985081938915,7454.15
7636.195597638919,6550.82
7636.406113338923,8350.19
7636.616629038927,12546.4
7636.827144738932,17136.0
7637.037660438936,22071.9
7637.24817613894,26241.6
7637.458691838944,27329.2
7637.669207538948,28480.8
7637.8797232389525,27710.7
7638.090238938957,27465.0
7638.300754638961,27380.7
7638.511270338965,26578.8
7638.721786038969,24138.0
7638.932301738973,20074.3
7639.1428174389775,15503.6
7639.353333138982,10834.9
7639.563848838986,7344.1
7639.77436453899,7969.26
7639.984880238994,10166.9
7640.195395938998,9589.52
7640.4059116390035,8265.52
7640.616427339008,8425.88
7640.826943039012,9964.37
7641.037458739016,13090.6
7641.24797443902,18749.7
7641.458490139024,25236.2
7641.669005839029,28952.2
7641.879521539033,31988.2
7642.090037239037,32347.3
7642.300552939041,32784.2
7642.511068639045,32670.7
7642.7215843390495,32406.6
7642.932100039054,32369.5
7643.142615739058,30847.7
7643.353131439062,27793.3
7643.563647139066,23742.1
7643.77416283907,17360.7
7643.984678539075,12047.2
7644.195194239079,10077.1
7644.405709939083,10846.3
7644.616225639087,12152.7
7644.826741339091,11796.6
7645.0372570390955,10369.7
7645.2477727391,10309.5
7645.458288439104,12931.1
7645.668804139108,18387.2
7645.879319839112,25411.9
7646.089835539116,30634.9
7646.300351239121,33166.0
7646.510866939125,35316.3
7646.72138263913,35337.7
7646.931898339134,34503.6
7647.142414039138,34594.2
7647.352929739142,35331.9
7647.563445439147,36271.9
7647.773961139151,35817.0
7647.984476839155,34331.2
7648.194992539159,33127.8
7648.405508239163,27415.1
7648.6160239391675,21301.9
7648.826539639172,17033.9
7649.037055339176,14397.0
7649.24757103918,13889.9
7649.458086739184,15196.2
7649.668602439188,15844.5
7649.8791181391925,14660.6
7650.089633839197,14505.1
7650.300149539201,17027.4
7650.510665239205,22509.8
7650.721180939209,29448.0
7650.931696639213,34092.7
7651.142212339218,36740.6
7651.352728039222,37707.2
7651.563243739226,39238.7
7651.77375943923,40587.6
7651.984275139234,39804.6
7652.1947908392385,41192.9
7652.405306539243,40914.9
7652.615822239247,41239.9
7652.826337939251,39245.5
7653.036853639255,37800.3
7653.24736933926,36047.8
7653.4578850392645,32909.8
7653.668400739269,27139.9
7653.878916439273,21259.5
7654.089432139277,19208.5
7654.299947839281,19585.5
7654.510463539285,20985.4
7654.72097923929,21077.6
7654.931494939294,21038.1
7655.142010639298,20192.8
7655.352526339302,22317.0
7655.563042039306,28070.2
7655.7735577393105,34338.8
7655.984073439315,38692.4
7656.194589139319,41219.3
7656.405104839323,42873.1
7656.615620539327,42874.1
7656.826136239331,41731.5
7657.036651939336,43572.5
7657.24716763934,44224.0
7657.457683339344,45021.7
7657.668199039348,47189.4
7657.878714739352,46013.3
7658.0892304393565,43580.5
7658.299746139361,42595.3
7658.510261839365,41612.9
7658.720777539369,38450.2
7658.931293239373,32673.0
7659.141808939377,28407.5
7659.352324639382,25746.7
7659.562840339387,25219.1
7659.773356039391,28522.7
7659.983871739395,28898.0
7660.194387439399,26239.6
7660.404903139403,25719.9
7660.6154188394075,28707.9
7660.825934539412,33144.7
7661.036450239416,37764.1
7661.24696593942,41759.6
7661.457481639424,44068.0
7661.667997339428,45453.4
7661.878513039433,45918.0
7662.089028739437,46461.8
7662.299544439441,46986.0
7662.510060139445,47647.1
7662.720575839449,47678.7
7662.9310915394535,47488.4
7663.141607239458,47215.3
7663.352122939462,46882.0
7663.562638639466,47021.0
7663.77315433947,46448.4
7663.983670039474,44343.9
7664.194185739479,41347.7
7664.404701439483,37644.2
7664.615217139487,34075.4
7664.825732839491,30793.8
7665.036248539495,31002.0
7665.2467642394995,32226.9
7665.457279939504,31865.4
7665.667795639508,30594.5
7665.878311339513,29687.1
7666.088827039517,31564.5
7666.299342739521,36264.0
7666.5098584395255,40172.5
7666.72037413953,44086.4
7666.930889839534,46742.8
7667.141405539538,47597.5
7667.351921239542,49225.8
7667.562436939546,49993.1
7667.772952639551,49877.3
7667.983468339555,49095.6
7668.193984039559,48797.0
7668.404499739563,49158.5
7668.615015439567,49319.4
7668.8255311395715,50084.5
7669.036046839576,49474.2
7669.24656253958,48674.8
7669.457078239584,48305.9
7669.667593939588,47971.5
7669.878109639592,45401.0
7670.088625339597,42021.0
7670.299141039601,37780.8
7670.509656739605,36494.3
7670.720172439609,37220.1
7670.930688139613,37024.6
7671.141203839617,37773.6
7671.351719539622,38797.4
7671.562235239626,37986.4
7671.77275093963,37015.3
7671.983266639634,39288.4
7672.193782339638,43132.6
7672.404298039643,47362.3
7672.614813739648,48592.3
7672.825329439652,48355.3
7673.035845139656,47680.0
7673.24636083966,48349.5
7673.456876539664,49390.5
7673.6673922396685,48949.2
7673.877907939673,49547.5
7674.088423639677,51461.2
7674.298939339681,51484.7
7674.509455039685,50823.0
7674.719970739689,50343.7
7674.930486439694,49829.0
7675.141002139698,49653.2
7675.351517839702,49697.5
7675.562033539706,49873.8
7675.77254923971,49468.5
7675.9830649397145,47777.8
7676.193580639719,44786.4
7676.404096339723,42548.6
7676.614612039727,42811.8
7676.825127739731,43562.7
7677.035643439735,43133.5
7677.24615913974,42932.9
7677.456674839744,42917.2
7677.667190539748,42572.5
7677.877706239752,43889.4
7678.088221939756,45579.5
7678.2987376397605,48368.1
7678.509253339765,50247.2
7678.71976903977,50692.6
7678.930284739774,51179.7
7679.140800439778,51903.7
7679.351316139782,51319.0
7679.5618318397865,50506.0
7679.772347539791,51390.2
7679.982863239795,51716.9
7680.193378939799,52885.2
7680.403894639803,52437.9
7680.614410339807,52377.8
7680.8249260398115,52323.3
7681.035441739816,51914.3
7681.24595743982,53173.8
7681.456473139824,53968.2
7681.666988839828,53849.6
7681.877504539832,52334.6
7682.088020239837,50828.1
7682.298535939841,49180.5
7682.509051639845,46242.8
7682.719567339849,45898.7
7682.930083039853,46932.5
7683.1405987398575,46581.1
7683.351114439862,46530.4
7683.561630139866,46525.3
7683.77214583987,46722.1
7683.982661539874,47502.5
7684.193177239878,49145.7
7684.403692939883,50875.5
7684.614208639887,52304.0
7684.824724339891,52853.8
7685.035240039896,53336.5
7685.2457557399,53585.3
7685.456271439904,53230.6
7685.666787139909,53424.5
7685.877302839913,53076.8
7686.087818539917,52382.8
7686.298334239921,53304.6
7686.508849939925,53592.1
7686.7193656399295,54923.4
7686.929881339934,55149.4
7687.140397039938,54051.1
7687.350912739942,54460.0
7687.561428439946,54786.2
7687.77194413995,54230.3
7687.982459839955,53286.1
7688.192975539959,52588.9
7688.403491239963,51475.1
7688.614006939967,51265.4
7688.824522639971,51623.5
7689.0350383399755,49929.4
7689.24555403998,49643.4
7689.456069739984,48863.8
7689.666585439988,49425.1
7689.877101139992,49900.9
7690.087616839996,51335.5
7690.298132540001,50668.8
7690.508648240005,50865.3
7690.719163940009,51747.4
7690.929679640013,52548.2
7691.140195340017,53294.4
7691.350711040022,54675.3
7691.5612267400265,54718.4
7691.771742440031,53389.4
7691.982258140035,53953.5
7692.192773840039,54915.3
7692.403289540043,54493.0
7692.613805240047,54767.3
7692.824320940052,55073.2
7693.034836640056,55100.9
7693.24535234006,54453.0
7693.455868040064,54220.6
7693.666383740068,55306.9
7693.8768994400725,54229.3
7694.087415140077,53786.3
7694.297930840081,55125.9
7694.508446540085,55292.9
7694.718962240089,55173.6
7694.929477940093,54913.1
7695.139993640098,54585.5
7695.350509340102,54023.0
7695.561025040106,53240.7
7695.77154074011,52739.0
7695.982056440114,51899.9
7696.1925721401185,52654.3
7696.403087840123,51552.9
7696.613603540127,52964.7
7696.824119240131,54221.0
7697.034634940135,53250.3
7697.245150640139,53605.7
7697.455666340144,55040.4
7697.666182040148,55606.1
7697.876697740153,55840.1
7698.087213440157,55982.5
7698.297729140161,54882.5
7698.508244840165,54629.6
7698.71876054017,55284.4
7698.929276240174,55324.2
7699.139791940178,55107.6
7699.350307640182,54043.1
7699.560823340186,52780.9
7699.7713390401905,53890.6
7699.981854740195,55617.4
7700.192370440199,54671.7
7700.402886140203,54960.7
7700.613401840207,54753.1
7700.823917540211,54004.9
7701.034433240216,55325.2
7701.24494894022,55127.3
7701.455464640224,53436.8
7701.665980340228,54524.8
7701.876496040232,55386.3
7702.087011740236,55282.9
7702.297527440241,54286.6
7702.508043140245,54383.3
7702.718558840249,54837.5
7702.929074540253,53011.0
7703.139590240257,53407.7
7703.3501059402615,56088.3
7703.560621640266,55671.0
7703.77113734027,54856.3
7703.981653040274,54540.5
7704.192168740279,55700.7
7704.402684440283,55444.2
7704.6132001402875,54777.5
7704.823715840292,55073.7
7705.034231540296,54734.6
7705.2447472403,55027.3
7705.455262940304,55822.9
7705.665778640308,58136.4
7705.876294340313,57946.8
7706.086810040317,56909.8
7706.297325740321,56907.8
7706.507841440325,56744.9
7706.718357140329,57065.3
7706.9288728403335,57072.8
7707.139388540338,57732.4
7707.349904240342,58629.6
7707.560419940346,58821.9
7707.77093564035,59798.2
7707.981451340354,58193.4
7708.191967040359,57174.3
7708.402482740363,57158.9
7708.612998440367,57631.0
7708.823514140371,59225.2
7709.034029840375,58572.7
7709.2445455403795,58901.1
7709.455061240384,59513.6
7709.665576940388,59298.4
7709.876092640392,59110.2
7710.086608340396,59417.6
7710.2971240404,59156.7
7710.5076397404055,59620.9
7710.71815544041,59751.1
7710.928671140414,59318.1
7711.139186840418,57933.0
7711.349702540422,58725.1
7711.560218240426,59967.8
7711.770733940431,59242.6
7711.981249640435,59842.2
7712.191765340439,59509.5
7712.402281040443,57510.7
7712.612796740447,57840.3
7712.823312440451,59555.3
7713.033828140456,59330.8
7713.24434384046,59074.7
7713.454859540464,59257.9
7713.665375240468,60354.4
7713.875890940472,58885.5
7714.0864066404765,58773.9
7714.296922340481,59615.8
7714.507438040485,60646.5
7714.717953740489,61391.6
7714.928469440493,60630.8
7715.138985140497,59373.8
7715.349500840502,59926.2
7715.560016540506,58993.8
7715.77053224051,59136.2
7715.981047940514,59176.1
7716.191563640518,58957.9
7716.4020793405225,58528.4
7716.612595040527,58509.8
7716.823110740532,59201.3
7717.033626440536,58138.3
7717.24414214054,57522.4
7717.454657840544,57610.9
7717.6651735405485,56610.6
7717.875689240553,56570.3
7718.086204940557,57415.9
7718.296720640561,56682.8
7718.507236340565,57167.5
7718.717752040569,56977.7
7718.928267740574,56448.7
7719.138783440578,57577.7
7719.349299140582,55264.2
7719.559814840586,55643.9
7719.77033054059,55853.0
7719.9808462405945,54946.6
7720.191361940599,54037.3
7720.401877640603,55822.4
7720.612393340607,57070.8
7720.822909040611,56033.2
7721.033424740615,55153.8
7721.24394044062,55069.6
7721.454456140624,55167.4
7721.664971840628,55337.1
7721.875487540632,56123.7
7722.086003240636,56510.5
7722.29651894064,57064.7
7722.507034640645,56783.0
7722.717550340649,55179.6
7722.928066040653,54578.8
7723.138581740657,55153.6
7723.349097440662,55495.0
7723.559613140666,54543.9
7723.770128840671,55477.4
7723.980644540675,55034.8
7724.191160240679,55837.1
7724.401675940683,56174.6
7724.612191640687,55326.7
7724.8227073406915,55390.6
7725.033223040696,54901.1
7725.2437387407,54245.0
7725.454254440704,54889.7
7725.664770140708,55141.3
7725.875285840712,54800.7
7726.085801540717,56357.0
7726.296317240721,54939.6
7726.506832940725,54329.3
7726.717348640729,55351.4
7726.927864340733,54486.7
7727.1383800407375,53987.4
7727.348895740742,53926.5
7727.559411440746,53792.4
7727.76992714075,54048.2
7727.980442840754,55053.5
7728.190958540758,56710.2
7728.401474240763,56365.7
7728.611989940767,54754.6
7728.822505640771,53307.3
7729.033021340775,53305.9
7729.243537040779,55079.0
7729.4540527407835,55966.2
7729.664568440789,54867.6
7729.875084140793,53363.7
7730.085599840797,53336.6
7730.296115540801,55336.1
7730.506631240805,57167.1
7730.7171469408095,55439.4
7730.927662640814,54415.7
7731.138178340818,55211.9
7731.348694040822,55915.6
7731.559209740826,55357.0
7731.76972544083,55953.7
7731.980241140835,54949.5
7732.190756840839,54702.8
7732.401272540843,53639.3
7732.611788240847,54385.4
7732.822303940851,55578.2
7733.032819640855,54680.5
7733.24333534086,55964.7
7733.453851040864,56245.1
7733.664366740868,56043.7
7733.874882440872,53814.9
7734.085398140876,54657.2
7734.2959138408805,54598.7
7734.506429540885,55402.7
7734.716945240889,55556.9
7734.927460940893,55326.4
7735.137976640897,53424.6
7735.348492340901,52744.8
7735.559008040906,53518.7
7735.76952374091,53911.7
7735.980039440914,55535.5
7736.190555140919,54715.0
7736.401070840923,52753.0
7736.611586540927,54182.3
7736.822102240932,54640.6
7737.032617940936,54710.4
7737.24313364094,54927.1
7737.453649340944,53705.0
7737.664165040948,53288.6
7737.8746807409525,53849.1
7738.085196440957,54067.6
7738.295712140961,54725.6
7738.506227840965,54338.0
7738.716743540969,53279.0
7738.927259240973,53184.0
7739.137774940978,52473.7
7739.348290640982,52986.5
7739.558806340986,52676.1
7739.76932204099,52759.8
7739.979837740994,53640.2
7740.1903534409985,52360.4
7740.400869141003,53087.8
7740.611384841007,53793.9
7740.821900541011,53081.8
7741.032416241015,52526.6
7741.242931941019,53909.6
7741.453447641024,53394.5
7741.663963341028,53975.1
7741.874479041032,53000.8
7742.084994741036,52416.5
7742.295510441041,54517.6
7742.506026141045,55112.0
7742.71654184105,52534.1
7742.927057541054,52258.0
7743.137573241058,51397.0
7743.348088941062,53558.5
7743.558604641066,53349.9
7743.76912034107,52297.3
7743.979636041075,51791.1
7744.190151741079,50634.8
7744.400667441083,52314.3
7744.611183141087,54562.0
7744.821698841091,52224.6
7745.0322145410955,52450.6
7745.2427302411,52712.6
7745.453245941104,51492.7
7745.663761641108,51793.2
7745.874277341112,53073.1
7746.084793041116,51415.3
7746.295308741121,51183.4
7746.505824441125,52118.2
7746.716340141129,53272.5
7746.926855841133,54278.3
7747.137371541137,54250.8
7747.3478872411415,53923.3
7747.558402941146,52493.4
7747.76891864115,51322.0
7747.979434341154,50462.3
7748.189950041158,52289.8
7748.400465741162,51586.7
7748.610981441167,51307.4
7748.821497141172,50334.8
7749.032012841176,50991.4
7749.24252854118,52038.8
7749.453044241184,51487.7
7749.663559941188,50582.8
7749.874075641193,49892.6
7750.084591341197,51012.7
7750.295107041201,52355.3
7750.505622741205,53078.9
7750.716138441209,52589.7
7750.9266541412135,52144.0
7751.137169841218,51814.9
7751.347685541222,51264.6
7751.558201241226,51949.2
7751.76871694123,52049.7
7751.979232641234,51052.5
7752.189748341239,52924.9
7752.400264041243,52533.0
7752.610779741247,49913.1
7752.821295441251,50028.2
7753.031811141255,51570.4
7753.2423268412595,52353.6
7753.452842541264,50963.9
7753.663358241268,49127.5
7753.873873941272,49769.7
7754.084389641276,51225.0
7754.29490534128,51356.3
7754.5054210412845,50846.6
7754.715936741289,50510.4
7754.926452441293,49844.8
7755.136968141298,50744.3
7755.347483841302,52027.7
7755.557999541306,51365.1
7755.7685152413105,50308.9
7755.979030941315,49208.5
7756.189546641319,50052.9
7756.400062341323,49914.4
7756.610578041327,49373.8
7756.821093741331,49337.9
7757.031609441336,49753.3
7757.24212514134,49989.2
7757.452640841344,49688.5
7757.663156541348,50160.1
7757.873672241352,51611.6
7758.0841879413565,52649.6
7758.294703641361,51790.1
7758.505219341365,49494.5
7758.715735041369,48700.3
7758.926250741373,49366.2
7759.136766441377,50141.7
7759.347282141382,50433.5
7759.557797841386,49386.3
7759.76831354139,49922.6
7759.978829241394,49841.3
7760.189344941398,49116.6
7760.3998606414025,48848.9
7760.610376341407,48883.2
7760.820892041411,48653.3
7761.031407741415,48888.6
7761.241923441419,49295.0
7761.452439141423,48222.0
7761.6629548414285,49314.9
7761.873470541433,50490.1
7762.083986241437,49172.3
7762.294501941441,48986.0
7762.505017641445,49973.9
7762.715533341449,49323.2
7762.926049041454,48465.1
7763.136564741458,49462.9
7763.347080441462,49241.8
7763.557596141466,49782.1
7763.76811184147,48917.0
7763.978627541474,48709.5
7764.189143241479,48957.5
7764.399658941483,48168.0
7764.610174641487,47633.9
7764.820690341491,47957.7
7765.031206041495,49665.3
7765.2417217414995,47739.6
7765.452237441504,47573.6
7765.662753141508,48257.6
7765.873268841512,47248.5
7766.083784541516,48783.4
7766.29430024152,48810.1
7766.504815941525,48897.8
7766.715331641529,49308.6
7766.925847341533,47733.6
7767.136363041537,48230.1
7767.346878741541,49315.9
7767.5573944415455,48559.0
7767.767910141551,49150.0
7767.978425841555,48647.7
7768.188941541559,48823.1
7768.399457241563,48724.4
7768.609972941567,48628.4
7768.8204886415715,48275.2
7769.031004341576,48975.3
7769.24152004158,49514.4
7769.452035741584,50608.0
7769.662551441588,50290.8
7769.873067141592,49047.9
7770.083582841597,48835.4
7770.294098541601,49196.7
7770.504614241605,50239.4
7770.715129941609,49139.5
7770.925645641613,49093.4
7771.1361613416175,49541.5
7771.346677041622,48407.7
7771.557192741626,47394.0
7771.76770844163,48766.8
7771.978224141634,47970.9
7772.188739841638,47534.7
7772.399255541643,47097.0
7772.609771241647,46844.5
7772.820286941651,47773.2
7773.030802641655,47230.4
7773.241318341659,46908.6
7773.4518340416635,47427.4
7773.662349741668,45686.0
7773.872865441672,45524.9
7774.083381141676,47065.0
7774.29389684168,47959.8
7774.504412541685,47018.4
7774.714928241689,47255.3
7774.925443941694,46508.0
7775.135959641698,46621.1
7775.346475341702,45024.1
7775.556991041706,45254.1
7775.76750674171,46530.5
7775.9780224417145,46386.4
7776.188538141719,45719.2
7776.399053841723,46376.1
7776.609569541727,45994.7
7776.820085241731,46775.7
7777.030600941735,48167.9
7777.24111664174,47641.1
7777.451632341744,46651.1
7777.662148041748,48095.6
7777.872663741752,48369.2
7778.083179441756,47585.8
7778.2936951417605,46661.5
7778.504210841765,46786.3
7778.714726541769,48044.5
7778.925242241773,47923.5
7779.135757941777,46250.7
7779.346273641781,46095.7
7779.556789341786,47039.1
7779.76730504179,47365.1
7779.977820741794,47104.8
7780.188336441798,46442.1
7780.398852141802,46467.3
7780.609367841807,45874.0
7780.819883541812,45837.3
7781.030399241816,44965.3
7781.24091494182,43677.8
7781.451430641824,44296.7
7781.661946341828,44942.0
7781.8724620418325,45025.7
7782.082977741837,44478.3
7782.293493441841,43559.1
7782.504009141845,44504.3
7782.714524841849,44562.9
7782.925040541853,43952.9
7783.135556241858,42908.8
7783.346071941862,42993.8
7783.556587641866,42212.3
7783.76710334187,44060.2
7783.977619041874,43966.9
7784.1881347418785,44075.5
7784.398650441883,42745.2
7784.609166141887,43680.5
7784.819681841891,44285.6
7785.030197541895,43029.7
7785.240713241899,42603.7
7785.4512289419035,42357.2
7785.661744641908,43013.2
7785.872260341912,42305.9
7786.082776041916,43392.2
7786.29329174192,44221.9
7786.503807441924,42012.0
7786.714323141929,41865.0
7786.924838841933,41842.7
7787.135354541938,41078.2
7787.345870241942,41995.0
7787.556385941946,44414.2
7787.76690164195,44555.7
7787.977417341955,42743.4
7788.187933041959,41945.8
7788.398448741963,42809.1
7788.608964441967,42431.0
7788.819480141971,42941.4
7789.0299958419755,43861.6
7789.24051154198,43387.5
7789.451027241984,42584.7
7789.661542941988,42810.5
7789.872058641992,42574.7
7790.082574341996,41235.9
7790.293090042001,41504.5
7790.503605742005,41546.2
7790.714121442009,42252.5
7790.924637142013,41479.8
7791.135152842017,41175.3
7791.3456685420215,41416.1
7791.556184242026,40830.2
7791.76669994203,40949.3
7791.977215642034,40522.7
7792.187731342038,39951.3
7792.398247042042,41741.2
7792.608762742047,42092.0
7792.819278442051,41485.1
7793.029794142055,42352.0
7793.24030984206,41401.2
7793.450825542064,41581.8
7793.661341242068,41970.0
7793.871856942073,41786.0
7794.082372642077,40631.2
7794.292888342081,40781.0
7794.503404042085,39845.0
7794.713919742089,40934.8
7794.924435442093,40347.4
7795.134951142098,40978.7
7795.345466842102,42006.4
7795.555982542106,41263.3
7795.76649824211,40269.7
7795.977013942114,41174.0
7796.1875296421185,39722.6
7796.398045342123,40415.2
7796.608561042127,41646.4
7796.819076742131,40990.6
7797.029592442135,39181.7
7797.240108142139,40512.2
7797.450623842144,39636.2
7797.661139542148,39277.3
7797.871655242152,39896.5
7798.082170942156,40507.3
7798.29268664216,39986.1
7798.5032023421645,38423.3
7798.713718042169,38494.9
7798.924233742173,38042.9
7799.134749442177,39189.3
7799.345265142181,39708.4
7799.555780842185,38777.5
7799.76629654219,37574.0
7799.976812242195,38229.8
7800.187327942199,38637.8
7800.397843642203,40132.8
7800.608359342207,39312.0
7800.818875042211,38674.2
7801.029390742216,38487.1
7801.23990644222,38710.5
7801.450422142224,37682.6
7801.660937842228,38344.3
7801.871453542232,37775.1
7802.0819692422365,38261.1
7802.292484942241,37444.7
7802.503000642245,37667.6
7802.713516342249,39190.7
7802.924032042253,38818.4
7803.134547742257,37075.5
7803.345063442262,37307.5
7803.555579142266,37395.0
7803.76609484227,38048.7
7803.976610542274,37648.0
7804.187126242278,37773.5
7804.3976419422825,37459.5
7804.608157642287,37133.6
7804.818673342291,36404.5
7805.029189042295,37364.4
7805.239704742299,36923.0
7805.450220442303,36176.0
7805.6607361423075,38027.3
7805.871251842312,37895.0
7806.081767542317,36370.1
7806.292283242321,35325.9
7806.502798942325,35416.3
7806.713314642329,35940.4
7806.9238303423335,37122.5
7807.134346042338,36849.4
7807.344861742342,36309.4
7807.555377442346,36463.1
7807.76589314235,37803.8
7807.976408842354,36796.2
7808.186924542359,36325.8
7808.397440242363,37072.9
7808.607955942367,36591.9
7808.818471642371,36629.2
7809.028987342375,35462.2
7809.2395030423795,35492.0
7809.450018742384,35676.3
7809.660534442388,35126.7
7809.871050142392,34707.2
7810.081565842396,36477.3
7810.2920815424,35695.9
7810.502597242405,35867.7
7810.713112942409,35712.4
7810.923628642413,35322.2
7811.134144342417,35380.2
7811.344660042421,35072.4
7811.5551757424255,35809.2
7811.76569144243,36547.2
7811.976207142434,36009.1
7812.186722842438,35582.4
7812.397238542442,35179.0
7812.607754242447,35694.9
7812.8182699424515,35709.1
7813.028785642456,35225.9
7813.23930134246,33409.6
7813.449817042464,32956.4
7813.660332742468,34472.5
7813.870848442472,34109.3
7814.081364142477,34375.0
7814.291879842481,33858.8
7814.502395542485,34740.7
7814.712911242489,35177.4
7814.923426942493,34426.4
7815.1339426424975,32964.7
7815.344458342502,32562.0
7815.554974042506,34165.9
7815.76548974251,34206.2
7815.976005442514,33059.9
7816.186521142518,33897.4
7816.3970368425225,34638.5
7816.607552542527,34395.5
7816.818068242531,33144.5
7817.028583942535,33307.9
7817.239099642539,32550.6
7817.449615342543,32665.6
7817.660131042548,33074.6
7817.870646742552,33784.1
7818.081162442556,33379.0
7818.29167814256,33377.4
7818.502193842564,32731.9
7818.7127095425685,32666.2
7818.923225242574,33326.0
7819.133740942578,33582.3
7819.344256642582,33788.9
7819.554772342586,33164.4
7819.76528804259,32486.2
7819.9758037425945,32411.2
7820.186319442599,32863.1
7820.396835142603,32379.3
7820.607350842607,31096.4
7820.817866542611,31719.7
7821.028382242615,32416.9
7821.23889794262,30542.3
7821.449413642624,31582.6
7821.659929342628,31687.0
7821.870445042632,30591.4
7822.080960742636,29422.3
7822.2914764426405,30945.6
7822.501992142645,31693.0
7822.712507842649,30996.1
7822.923023542653,31437.9
7823.133539242657,31156.7
7823.344054942661,30894.6
7823.554570642666,32450.0
7823.76508634267,29022.3
7823.975602042674,29714.0
7824.186117742678,30959.1
7824.396633442682,31205.3
7824.6071491426865,30516.5
7824.817664842691,30486.7
7825.028180542695,32021.6
7825.238696242699,31314.8
7825.449211942704,29773.6
7825.659727642708,28703.4
7825.8702433427125,29244.3
7826.080759042717,30829.8
7826.291274742721,29532.9
7826.501790442725,29889.4
7826.712306142729,28787.6
7826.922821842733,28950.8
7827.1333375427375,30419.0
7827.343853242742,29755.1
7827.554368942746,29310.2
7827.76488464275,29974.4
7827.975400342754,28821.3
7828.185916042758,28847.3
7828.396431742763,28122.0
7828.606947442767,28390.4
7828.817463142771,29288.1
7829.027978842775,30200.7
7829.238494542779,29844.6
7829.4490102427835,28615.7
7829.659525942788,29149.0
7829.870041642792,29008.5
7830.080557342796,29225.5
7830.2910730428,29167.9
7830.501588742804,28216.1
7830.712104442809,27570.2
7830.922620142813,27449.7
7831.133135842817,28836.1
7831.343651542821,28560.1
7831.554167242826,29778.7
7831.76468294283,28637.6
7831.975198642835,27599.8
7832.185714342839,27482.6
7832.396230042843,28793.8
7832.606745742847,27971.3
7832.817261442851,28223.5
7833.0277771428555,27321.2
7833.23829284286,28355.7
7833.448808542864,28676.4
7833.659324242868,28935.3
7833.869839942872,27069.5
7834.080355642876,27157.0
7834.290871342881,28670.2
7834.501387042885,27656.3
7834.711902742889,27660.6
7834.922418442893,28248.3
7835.132934142897,26157.0
7835.3434498429015,25890.5
7835.553965542906,27186.1
7835.76448124291,27475.0
7835.974996942914,28215.4
7836.185512642918,27360.9
7836.396028342922,26863.1
7836.6065440429265,25889.7
7836.817059742931,26350.8
7837.027575442935,26787.4
7837.238091142939,26692.1
7837.448606842943,26507.0
7837.659122542947,26239.4
7837.869638242952,26798.7
7838.080153942957,27196.9
7838.290669642961,27213.0
7838.501185342965,26219.3
7838.711701042969,26129.9
7838.922216742973,26298.3
7839.132732442978,25574.3
7839.343248142982,25433.9
7839.553763842986,25702.5
7839.76427954299,24804.7
7839.974795242994,24302.3
7840.1853109429985,25114.6
7840.395826643003,24053.3
7840.606342343007,23792.8
7840.816858043011,24968.0
7841.027373743015,25432.3
7841.237889443019,26078.3
7841.448405143024,24824.3
7841.658920843028,25459.9
7841.869436543032,26582.7
7842.079952243036,25041.5
7842.29046794304,24565.6
7842.5009836430445,25780.0
7842.711499343049,24820.2
7842.922015043053,24311.3
7843.132530743057,24888.9
7843.343046443061,24194.2
7843.553562143065,23861.1
7843.76407784307,24402.1
7843.974593543074,24661.8
7844.185109243078,23639.1
7844.395624943083,23602.6
7844.606140643087,25069.5
7844.816656343091,24722.5
7845.027172043096,25099.6
7845.2376877431,24098.8
7845.448203443104,22637.2
7845.658719143108,23343.5
7845.869234843112,24417.1
7846.0797505431165,24173.4
7846.290266243121,23313.2
7846.500781943125,22539.3
7846.711297643129,22696.6
7846.921813343133,22512.6
7847.132329043137,23938.5
7847.3428447431415,23303.2
7847.553360443146,22249.2
7847.76387614315,23156.5
7847.974391843154,22620.2
7848.184907543158,22112.5
7848.395423243162,23037.2
7848.605938943167,22990.1
7848.816454643171,21719.5
7849.026970343175,22003.3
7849.237486043179,22329.3
7849.448001743183,22094.4
7849.6585174431875,22075.4
7849.869033143192,22708.3
7850.079548843196,22878.6
7850.2900645432,22020.6
7850.500580243204,22755.7
7850.711095943208,21989.6
7850.9216116432135,22112.4
7851.132127343218,21237.9
7851.342643043222,20869.7
7851.553158743226,21898.7
7851.76367444323,21932.9
7851.974190143234,22153.2
7852.184705843239,22266.5
7852.395221543243,21757.5
7852.605737243247,21479.8
7852.816252943251,21385.7
7853.026768643255,21076.8
7853.2372843432595,21002.4
7853.447800043264,20994.4
7853.658315743268,21182.4
7853.868831443272,20671.3
7854.079347143276,20159.3
7854.28986284328,20827.6
7854.500378543285,19253.2
7854.710894243289,20715.2
7854.921409943293,20088.1
7855.131925643297,19566.0
7855.342441343301,20598.3
7855.5529570433055,20648.5
7855.76347274331,19069.5
7855.973988443314,19964.8
7856.184504143318,21025.6
7856.395019843322,19543.8
7856.605535543326,19902.2
7856.816051243331,19696.2
7857.026566943336,19143.7
7857.23708264334,19886.7
7857.447598343344,19049.2
7857.658114043348,19979.0
7857.868629743352,19402.3
7858.0791454433565,18545.9
7858.289661143361,19960.1
7858.500176843365,18875.1
7858.710692543369,19108.5
7858.921208243373,19068.0
7859.131723943377,18488.5
7859.342239643382,18662.0
7859.552755343386,19148.7
7859.76327104339,19476.9
7859.973786743394,18143.0
7860.184302443398,18526.2
7860.3948181434025,18673.7
7860.605333843407,18218.4
7860.815849543411,19107.4
7861.026365243415,18188.2
7861.236880943419,18818.2
7861.447396643423,17659.7
7861.657912343428,17504.1
7861.868428043432,17285.2
7862.078943743436,17556.6
7862.28945944344,17734.2
7862.499975143444,17896.5
7862.7104908434485,18098.5
7862.921006543453,17908.3
7863.131522243457,18401.2
7863.342037943461,17620.3
7863.552553643465,18157.5
7863.76306934347,17832.6
7863.9735850434745,16165.2
7864.184100743479,17015.7
7864.394616443483,16706.7
7864.605132143487,16756.5
7864.815647843491,16850.8
7865.026163543495,16832.8
7865.2366792435,17668.0
7865.447194943504,18038.1
7865.657710643508,17189.0
7865.868226343512,16966.8
7866.078742043516,17380.9
7866.2892577435205,16685.9
7866.499773443525,16623.0
7866.710289143529,16435.1
7866.920804843533,16014.1
7867.131320543537,15760.1
7867.341836243541,15477.2
7867.552351943546,16308.1
7867.76286764355,16684.4
7867.973383343554,16729.2
7868.183899043558,15829.4
7868.394414743562,15754.9
7868.604930443566,15504.2
7868.815446143571,15571.9
7869.025961843575,16889.1
7869.236477543579,17293.1
7869.446993243583,16043.7
7869.657508943588,15914.6
7869.868024643592,15512.8
7870.078540343597,15637.7
7870.289056043601,16609.6
7870.499571743605,16014.4
7870.710087443609,15676.7
7870.920603143613,15499.3
7871.1311188436175,16205.0
7871.341634543622,15222.8
7871.552150243626,14745.8
7871.76266594363,14676.4
7871.973181643634,15310.8
7872.183697343638,14395.3
7872.394213043643,15725.4
7872.604728743647,15534.5
7872.815244443651,15776.5
7873.025760143655,14171.9
7873.236275843659,13773.1
7873.4467915436635,13967.7
7873.657307243668,13565.5
7873.867822943672,14482.2
7874.078338643676,13232.3
7874.28885434368,13787.3
7874.499370043684,15204.3
7874.709885743689,14131.6
7874.920401443693,14545.4
7875.130917143697,14693.6
7875.341432843701,14897.6
7875.551948543705,13823.4
7875.7624642437095,13000.3
7875.972979943714,12969.2
7876.183495643718,13769.6
7876.394011343722,13181.6
7876.604527043727,12966.9
7876.815042743731,12751.2
7877.0255584437355,13210.0
7877.23607414374,12485.1
7877.446589843744,13112.9
7877.657105543748,13878.2
7877.867621243752,13173.3
7878.078136943756,12845.5
7878.2886526437605,12882.5
7878.499168343765,12113.3
7878.709684043769,12395.8
7878.920199743773,14304.7
7879.130715443777,13368.6
7879.341231143781,12778.0
7879.551746843786,12462.4
7879.76226254379,11843.0
7879.972778243794,12314.3
7880.183293943798,11504.3
7880.393809643802,10779.9
7880.6043253438065,11007.7
7880.814841043811,11717.0
7881.025356743815,12599.8
7881.235872443819,12171.3
7881.446388143823,11992.1
7881.656903843827,12162.6
7881.867419543832,10983.4
7882.077935243836,11015.2
7882.28845094384,12089.1
7882.498966643845,12405.4
7882.709482343849,11381.2
7882.919998043853,11676.8
7883.130513743858,11706.0
7883.341029443862,10711.9
7883.551545143866,11079.9
7883.76206084387,10685.2
7883.972576543874,10436.7
7884.1830922438785,9762.66
7884.393607943883,10317.0
7884.604123643887,11017.4
7884.814639343891,11334.4
7885.025155043895,10522.9
7885.235670743899,10538.4
7885.446186443904,11112.4
7885.656702143908,10755.2
7885.867217843912,8988.85
7886.077733543916,10111.4
7886.28824924392,11337.5
7886.4987649439245,10934.6
7886.709280643929,10845.3
7886.919796343933,9977.52
7887.130312043937,10659.3
7887.340827743941,10578.0
7887.551343443945,10161.3
7887.76185914395,8736.05
7887.972374843954,9942.09
7888.182890543958,8991.22
7888.393406243962,8152.45
7888.603921943966,9885.99
7888.81443764397,10432.0
7889.024953343975,9366.81
7889.23546904398,8948.2
7889.445984743984,10047.3
7889.656500443988,8504.46
7889.867016143992,9127.78
7890.077531843996,9830.06
7890.288047544001,9895.4
7890.498563244005,10028.7
7890.709078944009,9705.05
7890.919594644013,8316.81
7891.130110344017,8857.84
7891.3406260440215,8962.75
7891.551141744026,8831.63
7891.76165744403,7590.72
7891.972173144034,8044.99
7892.182688844038,8064.82
7892.393204544042,9275.08
7892.603720244047,7566.27
7892.814235944051,8521.63
7893.024751644055,8238.63
7893.235267344059,8654.97
7893.445783044063,8026.47
7893.6562987440675,7816.8
7893.866814444072,7442.25
7894.077330144076,8520.34
7894.28784584408,8828.7
