6488.0053077429,23264.2
6488.184701160199,23324.8
6488.364094577499,22713.5
6488.543487994798,23294.6
6488.722881412097,23982.3
6488.902274829396,23712.6
6489.081668246696,23455.4
6489.261061663995,23935.7
6489.440455081294,24651.1
6489.6198484985935,24535.2
6489.799241915893,25005.5
6489.978635333192,25532.4
6490.158028750491,25603.5
6490.3374221677905,25459.5
6490.51681558509,24869.3
6490.696209002389,24288.0
6490.875602419688,24815.7
6491.0549958369875,25222.6
6491.234389254287,25534.7
6491.413782671586,25630.1
6491.593176088885,26358.7
6491.7725695061845,26470.9
6491.951962923484,26205.7
6492.131356340783,26687.1
6492.310749758082,26587.7
6492.4901431753815,26031.5
6492.669536592682,26893.7
6492.848930009981,26670.2
6493.02832342728,26910.1
6493.207716844579,26865.1
6493.387110261879,26706.4
6493.566503679178,27397.2
6493.745897096477,28011.9
6493.925290513776,28012.9
6494.104683931076,27672.6
6494.284077348375,27930.5
6494.463470765674,28565.1
6494.642864182973,29049.7
6494.822257600273,28594.2
6495.001651017572,28440.4
6495.181044434871,29064.5
6495.36043785217,29051.3
6495.53983126947,29153.6
6495.719224686769,28785.4
6495.898618104068,28725.7
6496.078011521367,29544.7
6496.257404938667,30029.2
6496.436798355966,29346.5
6496.616191773265,29058.9
6496.795585190564,29804.9
6496.974978607864,30105.4
6497.154372025163,30618.6
6497.333765442462,30341.0
6497.5131588597615,29513.0
6497.692552277061,29457.8
6497.87194569436,29840.0
6498.051339111659,30142.5
6498.2307325289585,31069.9
6498.410125946258,31639.0
6498.589519363557,30332.8
6498.768912780856,30466.2
6498.9483061981555,31238.8
6499.127699615455,31396.9
6499.307093032754,31216.2
6499.486486450053,31665.7
6499.6658798673525,32009.7
6499.845273284652,31954.1
6500.024666701951,32418.8
6500.20406011925,32903.1
6500.3834535365495,33577.5
6500.562846953849,32532.1
6500.742240371148,32421.4
6500.921633788447,33289.9
6501.1010272057465,33660.8
6501.280420623046,33078.3
6501.459814040345,32898.3
6501.639207457644,33919.6
6501.818600874944,34173.0
6501.997994292244,33958.7
6502.177387709543,33685.4
6502.356781126842,33245.6
6502.536174544141,33758.9
6502.715567961441,34889.4
6502.89496137874,35108.8
6503.074354796039,34938.3
6503.253748213338,35411.0
6503.433141630638,35236.0
6503.612535047937,34620.4
6503.791928465236,35136.8
6503.971321882535,35993.8
6504.150715299835,36522.7
6504.330108717134,36075.2
6504.509502134433,35550.1
6504.6888955517325,36139.4
6504.868288969032,36723.8
6505.047682386331,36479.4
6505.22707580363,36805.1
6505.4064692209295,37763.8
6505.585862638229,37692.6
6505.765256055528,37536.5
6505.944649472827,37706.1
6506.1240428901265,37769.1
6506.303436307426,37901.7
6506.482829724725,38667.8
6506.662223142024,39346.1
6506.8416165593235,38112.6
6507.021009976623,38563.4
6507.200403393922,39196.6
6507.379796811221,39979.1
6507.5591902285205,40253.7
6507.73858364582,39781.6
6507.917977063119,39916.9
6508.097370480418,40618.7
6508.2767638977175,40262.3
6508.456157315017,39511.1
6508.635550732316,39280.9
6508.814944149615,39098.9
6508.9943375669145,40365.1
6509.173730984214,40764.2
6509.353124401513,40969.0
6509.532517818812,41790.9
6509.7119112361115,41689.9
6509.891304653411,41623.0
6510.07069807071,42173.6
6510.250091488009,41646.5
6510.4294849053085,42182.0
6510.608878322608,42922.3
6510.788271739907,42691.9
6510.967665157207,43037.8
6511.147058574506,43852.0
6511.326451991806,44233.2
6511.505845409105,44045.2
6511.685238826404,43101.7
6511.864632243703,43468.9
6512.044025661003,43376.5
6512.223419078302,43828.6
6512.402812495601,45780.2
6512.5822059129005,47101.0
6512.7615993302,46989.6
6512.940992747499,46497.4
6513.120386164798,46422.5
6513.2997795820975,47064.8
6513.479172999397,47588.6
6513.658566416696,47357.8
6513.837959833995,48039.9
6514.0173532512945,48302.6
6514.196746668594,48220.2
6514.376140085893,47711.3
6514.555533503192,46968.6
6514.7349269204915,46759.4
6514.914320337791,47225.4
6515.09371375509,47515.4
6515.273107172389,47458.0
6515.4525005896885,48195.2
6515.631894006988,48130.5
6515.811287424287,48637.4
6515.990680841586,49377.9
6516.1700742588855,48192.7
6516.349467676185,46665.0
6516.528861093484,46674.9
6516.708254510783,47462.1
6516.8876479280825,48548.2
6517.067041345382,49308.1
6517.246434762681,50198.3
6517.42582817998,50741.9
6517.6052215972795,51028.9
6517.784615014579,50680.7
6517.964008431878,51235.4
6518.143401849177,52552.8
6518.3227952664765,53079.9
6518.502188683776,53687.0
6518.681582101075,54577.4
6518.860975518374,53792.6
6519.0403689356735,53508.6
6519.219762352973,53862.8
6519.399155770272,52640.4
6519.578549187571,53298.7
6519.757942604871,53650.1
6519.93733602217,53518.1
6520.11672943947,54385.6
6520.296122856769,54652.2
6520.4755162740685,53957.8
6520.654909691368,53008.8
6520.834303108667,52924.2
6521.013696525966,53494.3
6521.1930899432655,54867.3
6521.372483360565,54912.7
6521.551876777864,53949.0
6521.731270195163,53369.9
6521.9106636124625,52987.2
6522.090057029762,53163.9
6522.269450447061,54281.6
6522.44884386436,54865.8
6522.6282372816595,54955.7
6522.807630698959,54550.9
6522.987024116258,54640.6
6523.166417533557,54753.2
6523.3458109508565,54874.3
6523.525204368156,55021.7
6523.704597785455,54557.1
6523.883991202754,54343.9
6524.0633846200535,55028.3
6524.242778037353,55443.8
6524.422171454652,55842.6
6524.601564871951,56208.6
6524.7809582892505,57118.1
6524.96035170655,56822.2
6525.139745123849,57629.3
6525.319138541148,57818.7
6525.4985319584475,57414.4
6525.677925375747,57846.0
6525.857318793046,57921.2
6526.036712210345,57617.4
6526.2161056276445,57993.5
6526.395499044944,58016.1
6526.574892462243,58829.9
6526.754285879542,59315.5
6526.933679296842,59191.7
6527.113072714141,59171.6
6527.29246613144,59102.5
6527.471859548739,58815.8
6527.651252966039,59257.2
6527.830646383338,60001.7
6528.010039800637,60410.0
6528.189433217936,60855.3
6528.368826635236,59544.4
6528.548220052535,60358.5
6528.727613469834,61652.7
6528.907006887133,60580.2
6529.086400304433,61126.3
6529.265793721733,61833.7
6529.445187139032,61454.4
6529.624580556331,61797.1
6529.8039739736305,61661.5
6529.98336739093,61072.5
6530.162760808229,62439.5
6530.342154225528,62350.4
6530.5215476428275,61787.2
6530.700941060127,62046.1
6530.880334477426,63548.5
6531.059727894725,63255.7
6531.2391213120245,62487.2
6531.418514729324,63090.3
6531.597908146623,63525.7
6531.777301563922,63813.7
6531.9566949812215,64717.7
6532.136088398521,64241.9
6532.31548181582,62904.8
6532.494875233119,62367.5
6532.6742686504185,63898.0
6532.853662067718,65523.2
6533.033055485017,66686.7
6533.212448902316,66454.2
6533.3918423196155,65591.7
6533.571235736915,65113.9
6533.750629154214,65990.3
6533.930022571513,67212.4
6534.1094159888125,66568.4
6534.288809406112,66073.3
6534.468202823411,66432.8
6534.64759624071,66387.8
6534.82698965801,67647.2
6535.006383075309,68073.8
6535.185776492608,67553.1
6535.365169909907,68285.3
6535.544563327207,69059.1
6535.723956744506,68923.1
6535.903350161805,69137.0
6536.082743579104,69172.0
6536.262136996404,68549.4
6536.441530413703,68996.5
6536.620923831002,69247.5
6536.800317248301,68700.3
6536.979710665601,68932.0
6537.1591040829,69626.1
6537.338497500199,70564.6
6537.517890917498,70472.2
6537.697284334798,70166.8
6537.876677752097,70093.7
6538.056071169396,71054.0
6538.235464586695,72628.9
6538.4148580039955,71780.2
6538.594251421295,71359.0
6538.773644838594,72063.2
6538.953038255893,73339.5
6539.1324316731925,72606.0
6539.311825090492,72779.1
6539.491218507791,72943.9
6539.67061192509,73562.0
6539.8500053423895,74727.0
6540.029398759689,74994.4
6540.208792176988,73967.1
6540.388185594287,73385.2
6540.5675790115865,74389.5
6540.746972428886,74653.6
6540.926365846185,75048.2
6541.105759263484,75046.9
6541.2851526807835,76444.2
6541.464546098083,76303.5
6541.643939515382,76797.3
6541.823332932681,75266.0
6542.002726349981,74541.6
6542.18211976728,75354.1
6542.361513184579,76843.2
6542.540906601878,78649.9
6542.720300019178,77233.5
6542.899693436477,75660.5
6543.079086853776,77784.5
6543.258480271075,78847.3
6543.437873688375,77054.4
6543.617267105674,76709.4
6543.796660522973,76793.7
6543.976053940272,77131.1
6544.155447357572,77438.7
6544.334840774871,79051.8
6544.51423419217,81159.1
6544.693627609469,80925.6
6544.873021026769,79863.8
6545.052414444068,79946.9
6545.231807861367,79742.8
6545.411201278666,79827.3
6545.590594695966,79939.7
6545.769988113265,81031.4
6545.949381530564,83041.5
6546.128774947863,82236.5
6546.308168365163,81602.4
6546.487561782462,82584.9
6546.666955199761,82722.8
6546.84634861706,82283.9
6547.02574203436,83176.7
6547.205135451659,83827.3
6547.384528868958,84179.3
6547.563922286258,85590.4
6547.7433157035575,83982.2
6547.922709120857,83931.1
6548.102102538156,85039.0
6548.281495955455,84754.8
6548.4608893727545,85196.0
6548.640282790054,84803.6
6548.819676207353,84856.3
6548.999069624652,86943.0
6549.1784630419515,87786.6
6549.357856459251,88124.8
6549.53724987655,89191.7
6549.716643293849,89372.9
6549.896036711149,90014.4
6550.075430128448,89560.3
6550.254823545747,89397.7
6550.434216963046,89851.3
6550.613610380346,92187.7
6550.793003797645,91863.7
6550.972397214944,92176.7
6551.151790632243,93998.6
6551.331184049543,94542.3
6551.510577466842,93950.6
6551.689970884141,94425.0
6551.86936430144,95651.8
6552.04875771874,96668.0
6552.228151136039,98035.4
6552.407544553338,98527.0
6552.586937970637,97385.1
6552.766331387937,98385.2
6552.945724805236,101932.0
6553.125118222535,104759.0
6553.304511639834,105336.0
6553.483905057134,106847.0
6553.663298474433,106877.0
6553.842691891732,106990.0
6554.022085309031,110652.0
6554.201478726331,113119.0
6554.38087214363,114646.0
6554.560265560929,116195.0
6554.739658978228,117381.0
6554.919052395528,121364.0
6555.098445812827,123217.0
6555.277839230126,126571.0
6555.457232647425,129766.0
6555.636626064725,131633.0
6555.816019482024,132410.0
6555.995412899323,135781.0
6556.174806316622,139600.0
6556.354199733922,144324.0
6556.533593151221,151789.0
6556.71298656852,157156.0
6556.89237998582,161357.0
6557.07177340312,165405.0
6557.251166820419,170247.0
6557.430560237718,177677.0
6557.609953655017,184208.0
6557.789347072317,194038.0
6557.968740489616,205048.0
6558.148133906915,214812.0
6558.327527324214,223918.0
6558.506920741514,238055.0
6558.686314158813,253722.0
6558.865707576112,266490.0
6559.045100993411,282136.0
6559.224494410711,297428.0
6559.40388782801,313694.0
6559.583281245309,338239.0
6559.762674662608,362264.0
6559.942068079908,381041.0
6560.121461497207,403286.0
6560.300854914506,424267.0
6560.480248331805,441806.0
6560.659641749105,466565.0
6560.839035166404,490690.0
6561.018428583703,510014.0
6561.197822001002,519717.0
6561.377215418302,526478.0
6561.556608835601,531478.0
6561.7360022529,534410.0
6561.915395670199,524203.0
6562.094789087499,503608.0
6562.274182504798,451288.0
6562.453575922097,367226.0
6562.632969339396,288138.0
6562.812362756696,241619.0
6562.991756173995,236878.0
6563.171149591294,267501.0
6563.350543008593,326164.0
6563.529936425893,404140.0
6563.709329843192,468706.0
6563.888723260491,509942.0
6564.06811667779,532123.0
6564.24751009509,531659.0
6564.426903512389,530395.0
6564.606296929688,532687.0
6564.785690346987,536223.0
6564.965083764287,527326.0
6565.144477181586,506613.0
6565.323870598885,480108.0
6565.503264016184,454231.0
6565.682657433484,433784.0
6565.862050850783,410925.0
6566.041444268083,381086.0
6566.220837685382,356858.0
6566.400231102682,341827.0
6566.579624519981,323914.0
6566.75901793728,307207.0
6566.938411354579,290743.0
6567.117804771879,278524.0
6567.297198189178,263516.0
6567.476591606477,247949.0
6567.655985023776,234335.0
6567.835378441076,223077.0
6568.014771858375,212956.0
6568.194165275674,203844.0
6568.373558692973,196145.0
6568.552952110273,189133.0
6568.732345527572,181401.0
6568.911738944871,174400.0
6569.09113236217,169001.0
6569.27052577947,163671.0
6569.449919196769,159509.0
6569.629312614068,155684.0
6569.808706031367,150370.0
6569.988099448667,146845.0
6570.167492865966,143938.0
6570.346886283265,142656.0
6570.526279700564,138527.0
6570.705673117864,133524.0
6570.885066535163,130704.0
6571.064459952462,131343.0
6571.243853369761,128155.0
6571.423246787061,126101.0
6571.60264020436,124568.0
6571.782033621659,120478.0
6571.961427038958,118538.0
6572.140820456258,117010.0
6572.320213873557,115755.0
6572.499607290856,116837.0
6572.679000708155,115434.0
6572.858394125455,113261.0
6573.037787542754,111899.0
6573.217180960053,112128.0
6573.396574377352,110563.0
6573.575967794652,109256.0
6573.755361211951,108716.0
6573.93475462925,108208.0
6574.114148046549,107916.0
6574.293541463849,107331.0
6574.472934881148,105733.0
6574.652328298447,103571.0
6574.831721715746,102864.0
6575.011115133046,103432.0
6575.190508550346,102533.0
6575.369901967645,102896.0
6575.549295384944,103858.0
6575.728688802244,103055.0
6575.908082219543,102263.0
6576.087475636842,102146.0
6576.266869054141,102174.0
6576.446262471441,101146.0
6576.62565588874,100921.0
6576.805049306039,99782.2
6576.984442723338,99113.7
6577.163836140638,100325.0
6577.343229557937,102494.0
6577.522622975236,102412.0
6577.702016392535,100023.0
6577.881409809835,99020.1
6578.060803227134,98598.8
6578.240196644433,98783.6
6578.419590061732,98272.1
6578.598983479032,97084.2
6578.778376896331,97272.3
6578.95777031363,97511.4
6579.137163730929,97057.2
6579.316557148229,97766.6
6579.495950565528,97422.0
6579.675343982827,96695.1
6579.854737400126,96923.2
6580.034130817426,96072.8
6580.213524234725,97398.0
6580.392917652024,97373.3
6580.572311069323,95638.1
6580.751704486623,95791.0
6580.931097903922,96898.0
6581.110491321221,96632.9
6581.28988473852,98587.6
6581.46927815582,98456.4
6581.648671573119,96905.9
6581.828064990418,96381.7
6582.007458407717,96221.5
6582.186851825017,95676.9
6582.366245242316,95165.2
6582.545638659615,96367.6
6582.725032076914,97120.0
6582.904425494214,96925.4
6583.083818911513,96191.5
6583.263212328812,95639.1
6583.442605746111,96044.2
6583.621999163411,97421.3
6583.80139258071,97514.7
6583.980785998009,95969.8
6584.160179415308,95629.5
6584.339572832609,96161.7
6584.518966249908,97301.4
6584.698359667207,97138.2
6584.877753084506,96414.2
6585.057146501806,95875.1
6585.236539919105,96661.4
6585.415933336404,96146.8
6585.595326753703,97426.2
6585.774720171003,97331.3
6585.954113588302,97345.9
6586.133507005601,97044.9
6586.3129004229,95715.8
6586.4922938402,94690.5
6586.671687257499,95603.8
6586.851080674798,96229.9
6587.030474092097,95864.9
6587.209867509397,95234.7
6587.389260926696,95754.0
6587.568654343995,96390.8
6587.748047761294,96454.3
6587.927441178594,95588.0
6588.106834595893,95452.0
6588.286228013192,97274.9
6588.465621430491,97614.5
6588.645014847791,95364.7
6588.82440826509,94612.3
6589.003801682389,95704.3
6589.183195099688,95639.7
6589.362588516988,96374.8
6589.541981934287,96669.6
6589.721375351586,95136.5
6589.900768768885,95383.7
6590.080162186185,95299.1
6590.259555603484,95379.1
6590.438949020783,97471.1
6590.618342438082,97951.7
6590.797735855382,95773.6
6590.977129272681,94718.2
6591.15652268998,94545.7
6591.335916107279,95818.6
6591.515309524579,95474.0
6591.694702941878,94762.3
6591.874096359177,94664.3
6592.053489776476,94911.9
6592.232883193776,94843.1
6592.412276611075,95426.4
6592.591670028374,95254.0
6592.7710634456735,95011.2
6592.950456862973,95530.4
6593.129850280272,95552.7
6593.309243697571,95464.2
6593.488637114871,94724.9
6593.668030532171,93450.0
6593.84742394947,92825.4
6594.026817366769,92745.9
6594.206210784068,94354.3
6594.385604201368,95612.4
6594.564997618667,94023.8
6594.744391035966,93852.2
6594.923784453265,95487.1
6595.103177870565,95707.7
6595.282571287864,94775.6
6595.461964705163,94210.4
6595.641358122462,94798.6
6595.820751539762,94404.0
6596.000144957061,93206.2
6596.17953837436,93938.9
6596.358931791659,94447.8
6596.538325208959,94450.2
6596.717718626258,94286.8
6596.897112043557,94738.5
6597.076505460856,94395.3
6597.255898878156,94220.1
6597.435292295455,94239.9
6597.614685712754,93367.2
6597.794079130053,94503.3
6597.973472547353,93764.0
6598.152865964652,93629.1
6598.332259381951,94141.5
6598.51165279925,94034.8
6598.69104621655,94113.5
6598.870439633849,94042.6
6599.049833051148,91971.1
6599.229226468447,91817.6
6599.408619885747,92548.6
6599.588013303046,92687.9
6599.767406720345,93706.5
6599.9468001376445,94219.0
6600.126193554944,94374.8
6600.305586972243,94259.9
6600.484980389542,93467.2
6600.6643738068415,92560.6
6600.843767224141,92825.8
6601.02316064144,92044.1
6601.202554058739,91467.7
6601.3819474760385,92717.8
6601.561340893338,92900.6
6601.740734310637,93369.3
6601.920127727936,94162.6
6602.0995211452355,94110.3
6602.278914562535,93305.6
6602.458307979834,93850.9
6602.637701397134,91964.0
6602.817094814433,92515.9
6602.996488231733,93146.5
6603.175881649032,92725.6
6603.355275066331,93013.3
6603.53466848363,92594.8
6603.71406190093,92835.2
6603.893455318229,92167.1
6604.072848735528,90764.1
6604.252242152827,93361.3
6604.431635570127,93277.2
6604.611028987426,92280.0
6604.790422404725,92705.3
6604.969815822024,93093.0
6605.149209239324,92531.5
6605.328602656623,92483.8
6605.507996073922,92444.4
6605.687389491221,91541.6
6605.866782908521,91803.0
6606.04617632582,93867.0
6606.225569743119,91856.0
6606.404963160418,90813.6
6606.584356577718,91093.8
6606.763749995017,93257.2
6606.943143412316,92652.2
6607.1225368296155,90936.7
6607.301930246915,90275.9
6607.481323664214,91024.0
6607.660717081513,91626.3
6607.8401104988125,92544.7
6608.019503916112,92021.5
6608.198897333411,91117.6
6608.37829075071,92281.0
6608.5576841680095,91907.1
6608.737077585309,91600.8
6608.916471002608,92085.1
6609.095864419907,91844.8
6609.2752578372065,91449.4
6609.454651254506,91547.0
6609.634044671805,92621.9
6609.813438089104,92229.4
6609.9928315064035,90903.5
6610.172224923703,90788.2
6610.351618341002,91251.0
6610.531011758301,91462.5
6610.7104051756005,90966.9
6610.8897985929,89988.0
6611.069192010199,90340.5
6611.248585427498,90984.7
6611.4279788447975,90845.4
6611.607372262097,90805.6
6611.786765679397,90410.1
6611.966159096696,91403.8
6612.145552513995,91257.0
6612.324945931295,90767.0
6612.504339348594,90252.4
6612.683732765893,89689.5
6612.863126183192,91040.6
6613.042519600492,90313.7
6613.221913017791,89702.4
6613.40130643509,90096.4
6613.580699852389,88924.7
6613.760093269689,87973.1
6613.939486686988,87948.0
6614.118880104287,89426.1
6614.298273521586,88454.1
6614.477666938886,88460.3
6614.657060356185,88469.9
6614.836453773484,89310.0
6615.0158471907835,89517.2
6615.195240608083,89907.3
6615.374634025382,90665.1
6615.554027442681,89401.3
6615.7334208599805,89503.4
6615.91281427728,87239.7
6616.092207694579,88660.2
6616.271601111878,89579.1
6616.4509945291775,88597.1
6616.630387946477,89258.1
6616.809781363776,89103.0
6616.989174781075,89467.4
6617.1685681983745,89052.7
6617.347961615674,87676.5
6617.527355032973,88228.4
6617.706748450272,88795.5
6617.8861418675715,89405.4
6618.065535284871,88546.8
6618.24492870217,89178.9
6618.424322119469,88098.8
6618.6037155367685,89176.4
6618.783108954068,88745.8
6618.962502371367,88247.6
6619.141895788666,88380.5
6619.3212892059655,86672.3
6619.500682623265,87850.0
6619.680076040564,87655.0
6619.859469457863,88079.5
6620.0388628751625,88828.0
6620.218256292462,87328.7
6620.397649709761,87822.4
6620.57704312706,87881.0
6620.7564365443595,87000.4
6620.93582996166,87890.0
6621.115223378959,87408.2
6621.294616796258,87366.9
6621.474010213557,86615.3
6621.653403630857,86990.6
6621.832797048156,87824.3
6622.012190465455,88370.9
6622.1915838827545,88137.8
6622.370977300054,88266.9
6622.550370717353,87288.9
6622.729764134652,86678.4
6622.9091575519515,86576.3
6623.088550969251,86116.0
6623.26794438655,85970.9
6623.447337803849,87110.8
6623.6267312211485,86621.6
6623.806124638448,86530.3
6623.985518055747,85831.0
6624.164911473046,86678.1
6624.3443048903455,85979.5
6624.523698307645,85339.1
6624.703091724944,86588.0
6624.882485142243,85072.6
6625.0618785595425,85313.3
6625.241271976842,86400.2
6625.420665394141,86528.0
6625.60005881144,85990.4
6625.7794522287395,85587.4
6625.958845646039,85920.6
6626.138239063338,85537.4
6626.317632480637,84618.7
6626.4970258979365,85326.1
6626.676419315236,85388.6
6626.855812732535,85752.7
6627.035206149834,85804.1
6627.2145995671335,85404.0
6627.393992984433,85011.0
6627.573386401732,84216.5
6627.752779819031,85293.3
6627.9321732363305,84167.6
6628.11156665363,84478.8
6628.290960070929,83501.8
6628.470353488228,83503.1
6628.6497469055275,84915.2
6628.829140322827,84361.3
6629.008533740126,84254.5
6629.187927157425,84979.3
6629.3673205747245,84252.7
6629.546713992024,84434.7
6629.726107409323,84264.4
6629.905500826622,84215.7
6630.0848942439225,83829.7
6630.264287661222,84156.9
6630.443681078521,83564.7
6630.62307449582,82602.5
6630.8024679131195,83229.0
6630.981861330419,82397.4
6631.161254747718,83882.0
6631.340648165017,83331.9
6631.5200415823165,83025.1
6631.699434999616,82217.0
6631.878828416915,82421.3
6632.058221834214,83489.2
6632.2376152515135,82863.6
6632.417008668813,82338.8
6632.596402086112,82347.2
6632.775795503411,82070.8
6632.9551889207105,81701.5
6633.13458233801,81482.1
6633.313975755309,81534.8
6633.493369172608,82052.5
6633.6727625899075,81771.6
6633.852156007207,82287.8
6634.031549424506,81800.6
6634.210942841805,80866.9
6634.3903362591045,80983.1
6634.569729676404,81705.7
6634.749123093703,81745.7
6634.928516511002,81989.1
6635.1079099283015,81560.4
6635.287303345601,81402.9
6635.4666967629,82067.5
6635.646090180199,80086.3
6635.8254835974985,80127.9
6636.004877014798,81949.5
6636.184270432097,80939.9
6636.363663849396,80518.4
6636.5430572666955,79421.7
6636.722450683995,79583.2
6636.901844101294,80367.8
6637.081237518593,80360.2
6637.260630935893,80413.5
6637.440024353192,79973.7
6637.619417770491,79224.9
6637.79881118779,79688.8
6637.97820460509,79233.3
6638.157598022389,79256.0
6638.336991439688,79009.6
6638.516384856987,79741.2
6638.695778274287,78179.0
6638.875171691586,78861.8
6639.054565108885,78461.8
6639.233958526185,79318.2
6639.4133519434845,79000.1
6639.592745360784,78952.2
6639.772138778083,78451.1
6639.951532195382,78861.2
6640.1309256126815,79230.7
6640.310319029981,78946.1
6640.48971244728,79146.3
6640.669105864579,78220.8
6640.8484992818785,78039.1
6641.027892699178,78290.1
6641.207286116477,77894.4
6641.386679533776,77838.8
6641.5660729510755,78331.9
6641.745466368375,78720.1
6641.924859785674,77472.5
6642.104253202973,78002.5
6642.2836466202725,77858.1
6642.463040037572,77783.8
6642.642433454871,78290.8
6642.82182687217,77398.7
6643.0012202894695,76979.0
6643.180613706769,76799.7
6643.360007124068,76324.9
6643.539400541367,76752.3
6643.7187939586665,77825.2
6643.898187375966,77616.6
6644.077580793265,77816.2
6644.256974210564,76737.6
6644.436367627864,75157.4
6644.615761045163,76100.7
6644.795154462462,76619.9
6644.974547879761,76313.7
6645.153941297061,75840.3
6645.33333471436,75167.4
6645.512728131659,76009.5
6645.692121548958,75802.4
6645.871514966258,76001.6
6646.050908383557,75882.4
6646.230301800856,75588.3
6646.409695218155,74518.4
6646.589088635455,74474.6
6646.768482052754,75489.6
6646.947875470053,75445.4
6647.127268887352,75197.5
6647.306662304652,75739.2
6647.486055721951,74983.9
6647.66544913925,74764.7
6647.844842556549,74048.8
6648.024235973849,73187.3
6648.203629391148,74231.1
6648.383022808448,73979.9
6648.562416225747,73885.3
6648.7418096430465,73381.9
6648.921203060346,72662.1
6649.100596477645,73797.5
6649.279989894944,73054.1
6649.4593833122435,71800.5
6649.638776729543,73243.9
6649.818170146842,73296.5
6649.997563564141,73452.9
6650.1769569814405,73693.0
6650.35635039874,72196.5
6650.535743816039,72764.9
6650.715137233338,73291.2
6650.8945306506375,72550.9
6651.073924067937,71586.3
6651.253317485236,71122.5
6651.432710902535,72033.3
6651.6121043198345,72760.4
6651.791497737134,71677.3
6651.970891154433,72498.7
6652.150284571732,71880.8
6652.329677989032,71189.5
6652.509071406331,71128.8
6652.68846482363,71608.9
6652.867858240929,71866.5
6653.047251658229,69763.8
6653.226645075528,69109.2
6653.406038492827,70652.9
6653.585431910126,71361.0
6653.764825327426,70771.1
6653.944218744725,70575.7
6654.123612162024,69373.3
6654.303005579323,70193.2
6654.482398996623,71145.8
6654.661792413922,70174.8
6654.841185831221,69772.5
6655.02057924852,69243.4
6655.19997266582,69958.7
6655.379366083119,69941.2
6655.558759500418,70596.5
6655.738152917717,68270.0
6655.917546335017,67972.4
6656.096939752316,69018.6
6656.276333169615,69739.1
6656.455726586914,68086.6
6656.635120004214,67874.7
6656.814513421513,67977.7
6656.993906838812,67456.7
6657.173300256111,69218.7
6657.352693673411,69488.5
6657.532087090711,68056.5
6657.71148050801,67341.6
6657.890873925309,68297.6
6658.0702673426085,69101.6
6658.249660759908,68198.9
6658.429054177207,67313.9
6658.608447594506,66952.3
6658.7878410118055,66512.3
6658.967234429105,66639.8
6659.146627846404,67281.9
6659.326021263703,67626.3
6659.505414681003,66877.3
6659.684808098302,66198.8
6659.864201515601,66323.9
6660.0435949329,65312.2
6660.2229883502,66172.5
6660.402381767499,66780.3
6660.581775184798,65644.2
6660.761168602097,65624.2
6660.940562019397,65908.1
6661.119955436696,66450.4
6661.299348853995,66417.3
6661.478742271294,65997.1
6661.658135688594,64945.7
6661.837529105893,65222.5
6662.016922523192,65054.2
6662.196315940491,64536.6
6662.375709357791,65245.4
6662.55510277509,64532.9
6662.734496192389,62080.0
6662.913889609688,63157.9
6663.093283026988,65376.0
6663.272676444287,65621.9
6663.452069861586,64008.9
6663.631463278885,64118.4
6663.810856696185,64258.1
6663.990250113484,64191.9
6664.169643530783,63896.5
6664.349036948082,64239.9
6664.528430365382,63244.3
6664.707823782681,62462.9
6664.88721719998,62840.2
6665.066610617279,62898.3
6665.246004034579,62810.1
6665.425397451878,62983.9
6665.604790869177,62901.1
6665.784184286476,62998.4
6665.963577703776,63824.6
6666.142971121075,63101.6
6666.322364538374,61605.7
6666.501757955673,61400.3
6666.6811513729735,62173.6
6666.860544790273,62005.9
6667.039938207572,61041.7
6667.219331624871,60287.7
6667.398725042171,60623.9
6667.57811845947,60338.8
6667.757511876769,61983.4
6667.936905294068,62189.4
6668.116298711368,61187.9
6668.295692128667,61077.9
6668.475085545966,60186.6
6668.654478963265,59142.8
6668.833872380565,60308.9
6669.013265797864,59774.4
6669.192659215163,59571.9
6669.372052632462,59715.4
6669.551446049762,58939.0
6669.730839467061,59256.4
6669.91023288436,59951.3
6670.089626301659,59502.8
6670.269019718959,58754.9
6670.448413136258,58595.3
6670.627806553557,58254.9
6670.807199970856,59746.4
6670.986593388156,58357.5
6671.165986805455,57548.9
6671.345380222754,57522.4
6671.524773640053,58325.4
6671.704167057353,58778.7
6671.883560474652,57252.3
6672.062953891951,56370.8
6672.24234730925,56999.1
6672.42174072655,56397.4
6672.601134143849,55635.4
6672.780527561148,55716.5
6672.959920978447,56318.1
6673.139314395747,56337.6
6673.318707813046,56177.8
6673.498101230345,55637.9
6673.677494647644,54616.2
6673.856888064944,55534.5
6674.036281482243,55949.9
6674.215674899542,54794.3
6674.395068316841,55099.1
6674.574461734141,54465.9
6674.75385515144,54399.8
6674.933248568739,55003.0
6675.112641986038,53733.2
6675.292035403338,52217.0
6675.471428820637,53294.7
6675.650822237936,52882.2
6675.830215655236,53247.3
6676.009609072536,52495.2
6676.189002489835,52912.4
6676.368395907134,51818.4
6676.547789324433,52149.1
6676.727182741733,52355.8
6676.906576159032,51824.8
6677.085969576331,51654.4
6677.26536299363,51264.8
6677.44475641093,50364.1
6677.624149828229,52128.9
6677.803543245528,51538.0
6677.982936662827,51228.8
6678.162330080127,50391.6
6678.341723497426,50996.0
6678.521116914725,51461.0
6678.700510332024,50710.4
6678.879903749324,50159.8
6679.059297166623,49376.0
6679.238690583922,51326.8
6679.418084001221,51307.9
6679.597477418521,49888.1
6679.77687083582,49938.2
6679.956264253119,49348.6
6680.135657670418,49151.7
6680.315051087718,49722.1
6680.494444505017,48878.2
6680.673837922316,49288.1
6680.853231339615,49175.8
6681.032624756915,49692.8
6681.212018174214,49799.0
6681.391411591513,48824.2
6681.570805008812,47910.5
6681.750198426112,48616.6
6681.929591843411,48875.6
6682.10898526071,48703.5
6682.288378678009,48460.6
6682.467772095309,48002.5
6682.647165512608,48777.4
6682.826558929907,48649.1
6683.005952347206,48441.8
6683.185345764506,47782.6
6683.364739181805,47987.9
6683.544132599104,47459.6
6683.723526016403,47714.6
6683.902919433703,48318.5
6684.082312851002,47855.3
6684.261706268301,48066.8
6684.4410996856,47834.2
6684.6204931029,47508.7
6684.799886520199,48145.6
6684.979279937499,48291.5
6685.158673354798,47099.3
6685.338066772098,46026.9
6685.517460189397,46232.4
6685.696853606696,46935.2
6685.876247023995,46805.1
6686.055640441295,47005.6
6686.235033858594,46671.3
6686.414427275893,47143.5
6686.593820693192,46346.4
6686.773214110492,46203.9
6686.952607527791,46321.9
6687.13200094509,47313.2
6687.311394362389,45332.9
6687.490787779689,45202.4
6687.670181196988,45695.7
6687.849574614287,45467.8
6688.028968031586,45651.4
6688.208361448886,45595.1
6688.387754866185,45624.7
6688.567148283484,44442.4
6688.746541700783,44853.2
6688.925935118083,44309.2
6689.105328535382,44524.2
6689.284721952681,43737.5
6689.46411536998,43437.5
6689.64350878728,44113.1
6689.822902204579,43851.0
6690.002295621878,43893.4
6690.181689039177,43932.9
6690.361082456477,43262.3
6690.540475873776,42879.7
6690.719869291075,43387.5
6690.899262708374,42783.3
6691.078656125674,42629.0
6691.258049542973,43897.8
6691.437442960272,42930.3
6691.616836377571,43127.6
6691.796229794871,42950.1
6691.97562321217,42150.1
6692.155016629469,41789.2
6692.334410046768,42014.0
6692.513803464068,42427.0
6692.693196881367,41633.8
6692.872590298666,40779.2
6693.051983715965,41364.0
6693.231377133265,41439.5
6693.410770550564,41612.7
6693.590163967863,41062.2
6693.769557385162,41448.3
6693.948950802462,40728.5
6694.128344219762,40066.9
6694.307737637061,40710.8
6694.48713105436,40163.6
6694.66652447166,39987.7
6694.845917888959,39824.2
6695.025311306258,39398.7
6695.204704723557,39400.9
6695.384098140857,39749.0
6695.563491558156,39329.4
6695.742884975455,39139.0
6695.922278392754,38876.9
6696.101671810054,38892.1
6696.281065227353,39316.2
6696.460458644652,39120.8
6696.639852061951,38035.7
6696.819245479251,38162.7
6696.99863889655,37914.6
6697.178032313849,37527.6
6697.357425731148,37061.0
6697.536819148448,37187.6
6697.716212565747,37753.9
6697.895605983046,36745.4
6698.074999400345,37022.2
6698.254392817645,36893.1
6698.433786234944,37205.0
6698.613179652243,37244.0
6698.792573069542,36458.8
6698.971966486842,35941.8
6699.151359904141,36478.9
6699.33075332144,36313.1
6699.510146738739,35754.7
6699.689540156039,35520.1
6699.868933573338,35076.2
6700.048326990637,34915.2
6700.227720407936,34953.9
6700.407113825236,34557.2
6700.586507242535,34719.7
6700.765900659834,34643.5
6700.945294077133,34607.7
6701.124687494433,34869.3
6701.304080911732,33730.5
6701.483474329031,33860.4
6701.66286774633,34349.6
6701.84226116363,33575.3
6702.021654580929,33517.8
6702.201047998228,33638.0
6702.3804414155275,34101.9
6702.559834832827,34187.5
6702.739228250126,34362.6
6702.918621667425,34090.7
6703.0980150847245,33315.6
6703.277408502025,32748.4
6703.456801919324,33312.5
6703.636195336623,33103.2
6703.815588753922,32152.9
6703.994982171222,31779.4
6704.174375588521,31950.5
6704.35376900582,31594.4
6704.533162423119,31839.0
6704.712555840419,31590.9
6704.891949257718,31903.0
6705.071342675017,31330.9
6705.250736092316,31733.6
6705.430129509616,30546.1
6705.609522926915,29819.7
6705.788916344214,30556.2
6705.968309761513,30893.4
6706.147703178813,30413.8
6706.327096596112,29926.9
6706.506490013411,30495.9
6706.68588343071,29926.0
6706.86527684801,29951.3
6707.044670265309,29602.4
6707.224063682608,28805.0
6707.403457099907,29363.0
6707.582850517207,29919.4
6707.762243934506,28822.4
6707.941637351805,28537.5
6708.121030769104,29118.9
6708.300424186404,28619.9
6708.479817603703,28342.6
6708.659211021002,27825.1
6708.838604438301,28234.7
6709.017997855601,28217.5
6709.1973912729,28771.6
6709.376784690199,28546.0
6709.556178107498,28357.7
6709.735571524798,27816.3
6709.914964942097,27054.8
6710.094358359396,27198.3
6710.2737517766955,27202.5
6710.453145193995,26463.4
6710.632538611294,26435.1
6710.811932028593,26901.5
6710.9913254458925,26878.2
6711.170718863192,27011.4
6711.350112280491,27121.0
6711.52950569779,26462.3
6711.7088991150895,26147.2
6711.888292532389,25657.5
6712.067685949688,25856.9
6712.247079366987,25865.5
6712.426472784287,25450.7
6712.605866201587,24760.8
6712.785259618886,25218.7
6712.964653036185,25485.9
6713.144046453484,24743.6
6713.323439870784,24175.1
6713.502833288083,24393.6
6713.682226705382,24335.1
6713.861620122681,24323.0
6714.041013539981,24310.5
6714.22040695728,24291.2
6714.399800374579,23522.9
6714.579193791878,23673.4
6714.758587209178,23553.2
6714.937980626477,23182.5
6715.117374043776,22655.3
6715.296767461075,22793.8
6715.476160878375,22807.4
6715.655554295674,22075.8
6715.834947712973,22965.5
6716.014341130272,22904.1
6716.193734547572,22973.9
6716.373127964871,22013.1
6716.55252138217,22021.7
6716.731914799469,21933.3
6716.911308216769,22003.7
6717.090701634068,22593.9
6717.270095051367,22211.3
6717.4494884686665,21621.7
6717.628881885966,21577.7
6717.808275303265,20999.5
6717.987668720564,20986.2
6718.1670621378635,20553.0
6718.346455555163,20970.3
6718.525848972462,21097.8
6718.705242389761,20607.2
6718.8846358070605,20222.2
6719.06402922436,20005.4
6719.243422641659,20453.9
6719.422816058958,19939.4
6719.6022094762575,19805.4
6719.781602893557,20357.7
6719.960996310856,19717.1
6720.140389728155,19430.7
6720.3197831454545,19644.9
6720.499176562754,19720.5
6720.678569980053,19323.0
6720.857963397352,18969.3
6721.0373568146515,19204.5
6721.216750231951,18969.1
6721.39614364925,18503.8
6721.57553706655,18589.2
6721.754930483849,18859.5
6721.934323901149,18946.2
6722.113717318448,18816.0
6722.293110735747,18283.0
6722.472504153046,18516.7
6722.651897570346,18560.6
6722.831290987645,18266.0
6723.010684404944,18117.7
6723.190077822243,18029.8
6723.369471239543,17507.1
6723.548864656842,17608.3
6723.728258074141,18414.7
6723.90765149144,17935.5
6724.08704490874,17202.5
6724.266438326039,17220.0
6724.445831743338,16949.4
6724.6252251606375,16382.4
6724.804618577937,16775.5
6724.984011995236,16496.7
6725.163405412535,16694.6
6725.3427988298345,16176.7
6725.522192247134,16461.6
6725.701585664433,16048.6
6725.880979081732,15908.1
6726.0603724990315,15735.5
6726.239765916331,15735.5
6726.41915933363,15958.6
6726.598552750929,15615.9
6726.7779461682285,15091.5
6726.957339585528,14978.3
6727.136733002827,15472.2
6727.316126420126,15120.6
6727.4955198374255,15186.5
6727.674913254725,15261.5
6727.854306672024,15039.7
6728.033700089323,15202.0
6728.2130935066225,14935.5
6728.392486923922,14720.7
6728.571880341221,14215.9
6728.75127375852,14736.2
6728.9306671758195,14758.2
6729.110060593119,14173.6
6729.289454010418,13888.7
6729.468847427717,13782.1
6729.6482408450165,13943.6
6729.827634262316,13991.4
6730.007027679615,14040.7
6730.186421096914,13713.0
6730.3658145142135,14120.6
6730.545207931513,14020.5
6730.724601348813,13741.8
6730.903994766112,13192.3
6731.083388183411,13215.2
6731.262781600711,12926.1
6731.44217501801,12983.7
6731.621568435309,12760.7
6731.800961852608,12441.3
6731.980355269908,12326.2
6732.159748687207,11946.0
6732.339142104506,13092.0
6732.5185355218055,12359.2
6732.697928939105,12117.1
6732.877322356404,12121.6
6733.056715773703,12432.7
6733.2361091910025,12714.7
6733.415502608302,12173.9
6733.594896025601,11678.1
6733.7742894429,11135.6
6733.9536828601995,11426.5
6734.133076277499,11669.3
6734.312469694798,10439.3
