7606.7104187765,1676.11
7606.9199822354,1730.45
7607.129545694301,3096.71
7607.339109153201,3953.21
7607.548672612102,3480.31
7607.758236071001,2900.25
7607.967799529902,2878.4
7608.177362988802,3486.03
7608.3869264477025,4991.85
7608.596489906603,6050.58
7608.806053365503,5233.55
7609.015616824404,4331.08
7609.225180283304,3177.97
7609.434743742204,2537.24
7609.644307201104,3948.25
7609.853870660005,5490.61
7610.063434118905,4802.1
7610.272997577806,3829.86
7610.482561036706,3812.3
7610.692124495607,4660.29
7610.901687954507,6421.01
7611.111251413407,9347.81
7611.320814872307,10740.1
7611.530378331207,9297.23
7611.739941790108,6684.59
7611.949505249008,4266.56
7612.159068707909,2971.01
7612.368632166809,4028.33
7612.57819562571,6072.22
7612.78775908461,6340.77
7612.99732254351,5247.3
7613.20688600241,5406.45
7613.416449461311,7006.19
7613.626012920211,9676.19
7613.835576379111,13150.8
7614.045139838012,15123.6
7614.254703296912,16052.5
7614.464266755813,14920.7
7614.673830214713,10816.1
7614.883393673613,7171.64
7615.092957132513,6678.7
7615.302520591414,8152.88
7615.512084050314,9771.56
7615.721647509215,10820.6
7615.931210968115,10572.9
7616.1407744270155,10122.6
7616.350337885916,11791.9
7616.559901344815,15209.9
7616.769464803716,20217.5
7616.979028262616,22731.5
7617.188591721517,22682.4
7617.398155180417,23492.7
7617.607718639318,24425.9
7617.817282098218,24469.3
7618.026845557119,24795.9
7618.236409016018,25849.3
7618.445972474919,25804.8
7618.655535933819,25187.6
7618.8650993927195,25328.9
7619.07466285162,25181.0
7619.28422631052,24626.2
7619.493789769421,24258.3
7619.703353228321,23076.1
7619.912916687222,23776.2
7620.122480146121,22663.4
7620.332043605022,19640.8
7620.541607063922,16037.9
7620.751170522823,11980.4
7620.960733981723,8805.14
7621.1702974406235,9295.04
7621.379860899524,13049.5
7621.589424358424,16958.5
7621.798987817324,21153.3
7622.008551276224,22914.1
7622.218114735125,23381.2
7622.427678194025,22274.6
7622.637241652926,18162.0
7622.846805111826,12836.8
7623.056368570727,8821.67
7623.265932029627,6897.33
7623.4754954885275,7227.6
7623.685058947427,8201.99
7623.8946224063275,9350.13
7624.104185865228,8328.96
7624.313749324128,6892.38
7624.523312783029,6521.76
7624.732876241929,8400.73
7624.94243970083,12706.2
7625.15200315973,17372.2
7625.36156661863,20423.3
7625.57113007753,21624.5
7625.780693536431,22294.7
7625.990256995331,22228.6
7626.1998204542315,19729.7
7626.409383913132,16022.3
7626.618947372032,12067.8
7626.828510830933,7946.58
7627.038074289833,5584.71
7627.247637748733,6331.65
7627.457201207633,7573.07
7627.666764666534,7490.92
7627.876328125434,6263.32
7628.085891584335,5149.56
7628.295455043235,6031.3
7628.5050185021355,8755.46
7628.714581961036,12899.5
7628.9241454199355,17494.6
7629.133708878836,20411.9
7629.343272337736,21833.8
7629.552835796637,23348.8
7629.762399255537,23425.5
7629.971962714438,21455.8
7630.181526173338,18458.4
7630.391089632239,15119.7
7630.600653091139,11181.7
7630.810216550039,7816.36
7631.019780008939,6381.5
7631.2293434678395,6423.38
7631.43890692674,7547.6
7631.64847038564,7272.76
7631.858033844541,6125.46
7632.067597303441,5746.77
7632.277160762342,6538.75
7632.486724221241,10797.3
7632.696287680142,16326.1
7632.905851139042,20422.1
7633.115414597943,23587.7
7633.324978056843,24256.3
7633.5345415157435,25639.6
7633.744104974644,26178.9
7633.953668433544,25720.4
7634.163231892445,23411.0
7634.372795351344,20751.1
7634.582358810245,16695.1
7634.791922269145,11603.0
7635.001485728046,8111.54
7635.211049186946,6119.69
7635.420612645847,6268.45
7635.630176104747,7313.52
7635.8397395636475,7813.39
7636.049303022547,6946.66
7636.2588664814475,6920.43
7636.468429940348,9648.94
7636.677993399248,13827.0
7636.887556858149,18299.3
7637.097120317049,23443.6
7637.30668377595,27266.6
7637.51624723485,27593.4
7637.72581069375,28098.6
7637.93537415265,29104.6
7638.144937611551,28872.0
7638.354501070451,28852.8
7638.5640645293515,27522.5
7638.773627988252,23486.5
7638.983191447152,18190.0
7639.192754906053,13018.2
7639.402318364953,9700.78
7639.611881823853,9154.54
7639.821445282753,9590.88
7640.031008741654,9881.4
7640.240572200554,9399.1
7640.450135659455,8367.08
7640.659699118355,9369.84
7640.8692625772555,12469.7
7641.078826036156,16568.0
7641.2883894950555,21666.4
7641.497952953956,26343.0
7641.707516412856,30971.7
7641.917079871757,31730.6
7642.126643330657,31827.5
7642.336206789558,32242.3
7642.545770248458,32165.5
7642.755333707359,32687.6
7642.964897166259,33243.8
7643.174460625159,31379.3
7643.384024084059,26654.2
7643.5935875429595,21189.2
7643.80315100186,16979.8
7644.01271446076,11812.1
7644.222277919661,10236.1
7644.431841378561,11038.2
7644.641404837462,11765.4
7644.850968296361,11830.2
7645.060531755262,11527.0
7645.270095214162,11817.4
7645.479658673063,14420.9
7645.689222131963,20168.7
7645.898785590864,26929.3
7646.108349049764,32108.1
7646.317912508664,33282.3
7646.527475967565,34130.1
7646.737039426464,35736.1
7646.946602885365,36437.0
7647.156166344265,36146.8
7647.365729803166,35818.5
7647.575293262066,36049.8
7647.784856720967,36410.7
7647.994420179867,34461.1
7648.203983638768,30404.5
7648.413547097667,27094.0
7648.623110556568,20989.0
7648.832674015468,17007.6
7649.042237474368,15807.7
7649.251800933269,15548.6
7649.461364392169,16261.6
7649.67092785107,16566.1
7649.88049130997,15372.5
7650.090054768871,16414.3
7650.29961822777,22890.3
7650.509181686671,25754.0
7650.718745145571,30138.4
7650.928308604472,35619.0
7651.137872063372,38193.3
7651.3474355222725,39167.4
7651.556998981173,40006.2
7651.766562440073,40220.4
7651.976125898973,41477.7
7652.185689357873,43130.6
7652.395252816774,41080.5
7652.604816275674,40613.5
7652.814379734575,41041.6
7653.023943193475,39112.7
7653.233506652376,35590.2
7653.443070111276,32250.8
7653.6526335701765,27971.2
7653.862197029076,24016.3
7654.0717604879765,22400.4
7654.281323946877,21576.7
7654.490887405777,20788.4
7654.700450864678,20511.7
7654.910014323578,22318.8
7655.119577782479,23008.6
7655.329141241379,25584.8
7655.538704700279,30061.0
7655.748268159179,34955.9
7655.95783161808,39089.0
7656.16739507698,42069.7
7656.3769585358805,43915.1
7656.586521994781,44099.0
7656.796085453681,43658.9
7657.005648912582,44736.6
7657.215212371481,46533.0
7657.424775830382,46841.3
7657.634339289282,46106.2
7657.843902748183,45384.6
7658.053466207083,44947.2
7658.263029665984,44183.2
7658.472593124884,41857.6
7658.6821565837845,38303.4
7658.891720042685,35223.6
7659.1012835015845,31978.7
7659.310846960485,28438.3
7659.520410419385,28418.4
7659.729973878286,27827.1
7659.939537337186,28670.3
7660.149100796087,28624.4
7660.358664254987,28286.8
7660.568227713888,29247.1
7660.777791172787,33204.9
7660.987354631688,39821.0
7661.196918090588,44019.8
7661.4064815494885,45217.6
7661.616045008389,47896.9
7661.825608467289,48866.4
7662.03517192619,48517.2
7662.24473538509,47788.0
7662.454298843991,48464.2
7662.66386230289,49264.2
7662.873425761791,48995.9
7663.082989220691,48241.1
7663.292552679592,47250.7
7663.502116138492,47113.4
7663.7116795973925,47629.7
7663.921243056293,45860.5
7664.130806515193,43680.6
7664.340369974093,38822.0
7664.549933432993,34556.7
7664.759496891894,33980.5
7664.969060350794,33151.7
7665.178623809695,33324.8
7665.388187268595,33672.0
7665.597750727496,32858.9
7665.807314186396,32794.2
7666.0168776452965,34929.4
7666.226441104196,39117.7
7666.4360045630965,42768.5
7666.645568021997,46998.8
7666.855131480897,48680.5
7667.064694939798,48624.7
7667.274258398698,49201.3
7667.483821857599,49665.8
7667.693385316499,49510.1
7667.902948775399,49524.8
7668.112512234299,50046.1
7668.3220756932,50411.7
7668.5316391521,50846.2
7668.7412026110005,51674.4
7668.950766069901,51136.2
7669.160329528801,50532.5
7669.369892987702,50452.4
7669.579456446602,48682.6
7669.789019905502,46801.0
7669.998583364402,44471.8
7670.208146823303,42061.3
7670.417710282203,40505.6
7670.627273741104,39069.8
7670.836837200004,37995.1
7671.0464006589045,38761.6
7671.255964117805,40341.7
7671.4655275767045,40719.6
7671.675091035605,40438.0
7671.884654494505,41507.8
7672.094217953406,45351.6
7672.303781412306,48603.9
7672.513344871207,49792.8
7672.722908330107,51850.9
7672.932471789008,52144.4
7673.142035247907,50848.1
7673.351598706808,51557.8
7673.561162165708,52183.5
7673.7707256246085,51852.1
7673.980289083509,53144.6
7674.189852542409,52988.7
7674.39941600131,52279.3
7674.60897946021,50524.7
7674.818542919111,51572.6
7675.02810637801,52308.8
7675.237669836911,52954.5
7675.447233295811,52771.5
7675.656796754712,51624.1
7675.866360213612,48993.4
7676.0759236725125,46664.6
7676.285487131413,46382.3
7676.495050590313,46043.2
7676.704614049213,45751.5
7676.914177508113,44372.1
7677.123740967014,43840.9
7677.333304425914,43950.8
7677.542867884815,45205.6
7677.752431343715,45564.1
7677.961994802616,47773.4
7678.171558261516,49412.7
7678.381121720417,51583.8
7678.590685179316,53608.1
7678.8002486382165,53474.9
7679.009812097117,53294.7
7679.219375556017,53716.5
7679.428939014918,54161.2
7679.638502473818,53789.6
7679.848065932719,53925.8
7680.057629391619,55675.5
7680.267192850519,55546.1
7680.476756309419,54079.6
7680.68631976832,53448.2
7680.89588322722,53656.8
7681.105446686121,55118.8
7681.315010145021,55169.2
7681.524573603921,54324.8
7681.734137062822,54342.2
7681.943700521722,52913.2
7682.153263980622,51125.7
7682.362827439522,51196.3
7682.572390898423,51677.0
7682.781954357323,51753.9
7682.991517816224,50923.6
7683.201081275124,48020.8
7683.410644734025,47280.1
7683.620208192925,48867.9
7683.829771651825,50255.5
7684.039335110725,50253.3
7684.248898569625,50886.9
7684.458462028526,53566.5
7684.668025487426,55149.1
7684.877588946327,55459.1
7685.087152405227,56518.9
7685.296715864128,55825.4
7685.506279323028,56441.2
7685.715842781928,55251.0
7685.925406240828,54531.4
7686.134969699729,54815.9
7686.344533158629,55888.3
7686.5540966175295,55996.2
7686.76366007643,55941.4
7686.97322353533,55696.7
7687.182786994231,55967.9
7687.39235045313,55841.5
7687.601913912031,55405.7
7687.811477370931,55587.2
7688.021040829832,55635.4
7688.230604288732,56192.8
7688.440167747633,55415.1
7688.649731206533,54377.6
7688.8592946654335,53752.9
7689.068858124334,54686.3
7689.2784215832335,53946.3
7689.487985042134,53034.0
7689.697548501034,52114.0
7689.907111959935,51351.7
7690.116675418835,51753.1
7690.326238877736,51871.1
7690.535802336636,53372.2
7690.745365795537,56696.2
7690.954929254436,58444.4
7691.164492713337,58440.5
7691.374056172237,57582.2
7691.5836196311375,56973.1
7691.793183090038,57321.6
7692.002746548938,56752.1
7692.212310007839,57163.5
7692.421873466739,57819.0
7692.63143692564,57808.4
7692.841000384539,56801.3
7693.05056384344,57008.7
7693.26012730234,57301.4
7693.469690761241,56310.7
7693.679254220141,56228.0
7693.8888176790415,57212.4
7694.098381137942,57594.5
7694.307944596842,57138.4
7694.517508055742,56386.9
7694.727071514642,56614.1
7694.936634973543,57124.5
7695.146198432443,57630.5
7695.355761891344,57204.1
7695.565325350244,55989.5
7695.774888809145,55300.6
7695.984452268045,55741.9
7696.194015726945,55595.0
7696.403579185845,56732.0
7696.6131426447455,56805.7
7696.822706103646,56695.0
7697.032269562546,56560.8
7697.241833021447,56879.8
7697.451396480347,57677.7
7697.660959939248,56800.1
7697.870523398148,56825.2
7698.080086857048,57167.8
7698.289650315948,55429.4
7698.499213774849,57925.3
7698.708777233749,57910.7
7698.9183406926495,57585.5
7699.12790415155,56955.3
7699.33746761045,57555.8
7699.547031069351,58047.7
7699.75659452825,56155.1
7699.966157987151,57257.9
7700.175721446051,57667.9
7700.385284904952,57250.1
7700.594848363852,58170.1
7700.804411822753,58392.3
7701.013975281653,58927.2
7701.2235387405535,58692.5
7701.433102199454,57729.0
7701.6426656583535,59245.1
7701.852229117254,58948.4
7702.061792576154,58321.8
7702.271356035055,56544.5
7702.480919493955,56369.2
7702.690482952856,58466.5
7702.900046411756,58416.7
7703.109609870657,57201.4
7703.319173329556,56372.8
7703.528736788457,58084.8
7703.738300247357,56560.5
7703.9478637062575,57315.2
7704.157427165158,56979.4
7704.366990624058,57141.9
7704.576554082959,58384.0
7704.786117541859,57900.6
7704.99568100076,57936.4
7705.205244459659,58942.8
7705.41480791856,60396.4
7705.62437137746,59683.8
7705.833934836361,57976.7
7706.043498295261,58748.2
7706.2530617541615,60615.9
7706.462625213062,61415.7
7706.672188671962,60377.6
7706.881752130862,62036.4
7707.091315589762,61461.0
7707.300879048663,61091.6
7707.510442507563,61399.0
7707.720005966464,60790.7
7707.929569425364,60523.0
7708.139132884265,61844.2
7708.348696343165,62476.5
7708.558259802066,62322.3
7708.767823260965,62546.8
7708.9773867198655,64101.7
7709.186950178766,64758.7
7709.396513637666,62857.3
7709.606077096567,62314.3
7709.815640555467,61943.3
7710.025204014368,61122.8
7710.234767473268,61565.0
7710.444330932168,61486.4
7710.653894391068,60649.4
7710.863457849969,61064.7
7711.073021308869,59270.7
7711.28258476777,59761.3
7711.49214822667,59070.7
7711.70171168557,58815.3
7711.911275144471,61498.6
7712.12083860337,61961.3
7712.330402062271,62982.8
7712.539965521171,63765.8
7712.749528980072,61724.3
7712.959092438972,61470.8
7713.168655897873,61869.0
7713.378219356773,61652.4
7713.587782815674,63348.0
7713.797346274574,63993.3
7714.006909733474,62923.3
7714.216473192374,62523.8
7714.426036651274,62906.4
7714.635600110175,62154.1
7714.845163569075,60295.0
7715.054727027976,60964.0
7715.264290486876,62103.2
7715.473853945777,61068.4
7715.683417404676,61674.7
7715.892980863577,61249.0
7716.102544322477,61664.6
7716.312107781378,63030.8
7716.521671240278,61557.0
7716.7312346991785,60740.4
7716.940798158079,61532.8
7717.150361616979,60767.3
7717.35992507588,59500.1
7717.569488534779,58875.4
7717.77905199368,58751.5
7717.98861545258,59424.8
7718.198178911481,59891.8
7718.407742370381,59687.7
7718.617305829282,59366.1
7718.826869288182,59368.6
7719.0364327470825,59617.6
7719.245996205982,59838.5
7719.4555596648825,59777.4
7719.665123123783,57481.5
7719.874686582683,58046.3
7720.084250041584,57892.8
7720.293813500484,59009.4
7720.503376959385,58572.4
7720.712940418285,58236.8
7720.922503877186,59349.1
7721.132067336085,58821.9
7721.341630794986,57902.7
7721.551194253886,57167.0
7721.7607577127865,56937.3
7721.970321171687,58384.5
7722.179884630587,58382.6
7722.389448089488,57737.9
7722.599011548388,57707.6
7722.808575007288,58344.3
7723.018138466188,58178.7
7723.227701925089,58234.6
7723.437265383989,57551.9
7723.64682884289,56750.5
7723.85639230179,56776.5
7724.0659557606905,55858.8
7724.275519219591,57377.5
7724.485082678491,58997.3
7724.694646137391,57600.7
7724.904209596291,57771.8
7725.113773055192,59097.5
7725.323336514092,57557.8
7725.532899972993,57716.8
7725.742463431893,58116.3
7725.952026890794,57615.0
7726.161590349694,57884.9
7726.371153808594,56272.9
7726.580717267494,57124.8
7726.7902807263945,57840.1
7726.999844185295,58031.1
7727.209407644195,57186.8
7727.418971103096,57547.8
7727.628534561996,58958.4
7727.838098020897,59375.0
7728.047661479797,57234.3
7728.257224938697,57850.2
7728.466788397597,56541.5
7728.676351856498,55688.8
7728.885915315398,56158.9
7729.0954787742985,57355.7
7729.305042233199,58546.7
7729.514605692099,58381.5
7729.724169151,57121.3
7729.933732609899,56863.5
7730.1432960688,57300.4
7730.3528595277,57321.6
7730.562422986601,57611.3
7730.771986445501,58028.8
7730.981549904402,59268.1
7731.191113363302,58343.7
7731.4006768222025,59047.0
7731.610240281103,57646.9
7731.8198037400025,56702.1
7732.029367198903,57965.4
7732.238930657803,58069.2
7732.448494116704,57756.7
7732.658057575604,58435.9
7732.867621034505,57937.0
7733.077184493405,59038.7
7733.286747952306,59027.3
7733.496311411205,57917.6
7733.705874870106,57634.2
7733.915438329006,59221.6
7734.1250017879065,58544.5
7734.334565246807,57610.1
7734.544128705707,57007.7
7734.753692164608,57877.8
7734.963255623508,57186.8
7735.172819082409,56303.9
7735.382382541308,56599.1
7735.591946000209,56851.8
7735.801509459109,57482.5
7736.01107291801,57445.5
7736.22063637691,58091.1
7736.4301998358105,57235.9
7736.639763294711,56540.1
7736.849326753611,56804.1
7737.058890212511,57080.2
7737.268453671411,56747.6
7737.478017130312,54959.1
7737.687580589212,55666.6
7737.897144048113,57905.9
7738.106707507013,57722.4
7738.316270965914,58250.1
7738.525834424814,58839.1
7738.735397883714,57930.9
7738.944961342614,57651.6
7739.1545248015145,56366.9
7739.364088260415,56516.5
7739.573651719315,57286.4
7739.783215178216,56002.1
7739.992778637116,55990.0
7740.202342096017,55255.6
7740.411905554917,55073.7
7740.621469013817,54473.6
7740.831032472717,56518.9
7741.040595931618,56992.5
7741.250159390518,54791.1
7741.4597228494185,54805.7
7741.669286308319,55676.9
7741.878849767219,56337.8
7742.08841322612,56506.7
7742.297976685019,55689.5
7742.50754014392,54828.9
7742.71710360282,54949.4
7742.926667061721,54416.2
7743.136230520621,55931.0
7743.345793979522,55433.2
7743.555357438422,55130.2
7743.764920897323,55820.5
7743.974484356223,56363.6
7744.1840478151225,55516.1
7744.393611274023,54470.7
7744.603174732923,54858.9
7744.812738191824,53445.0
7745.022301650724,53274.3
7745.231865109625,55911.0
7745.441428568525,55504.1
7745.650992027426,55300.4
7745.860555486325,54782.4
7746.070118945226,54698.9
7746.279682404126,56075.8
7746.489245863027,54560.3
7746.698809321927,53590.9
7746.908372780827,54145.0
7747.117936239728,56184.5
7747.327499698628,55425.2
7747.537063157528,54512.2
7747.746626616428,55059.5
7747.956190075329,54969.4
7748.165753534229,54025.1
7748.37531699313,53952.7
7748.58488045203,53574.0
7748.794443910931,53370.0
7749.004007369831,54314.7
7749.2135708287315,54837.6
7749.423134287631,55533.9
7749.632697746531,53947.2
7749.842261205432,53576.4
7750.051824664332,54811.4
7750.261388123233,54144.2
7750.470951582133,54499.1
7750.680515041034,54011.4
7750.890078499934,53176.0
7751.099641958834,53509.5
7751.309205417734,53050.2
7751.518768876635,52331.3
7751.728332335535,53316.7
7751.9378957944355,53920.8
7752.147459253336,54463.6
7752.357022712236,55289.9
7752.566586171137,53705.7
7752.776149630037,53324.9
7752.985713088937,52809.1
7753.195276547837,52306.7
7753.404840006738,53370.9
7753.614403465638,53915.5
7753.823966924539,54992.3
7754.033530383439,53416.2
7754.2430938423395,51727.1
7754.45265730124,52199.2
7754.6622207601395,53140.1
7754.87178421904,53236.2
7755.08134767794,52743.9
7755.290911136841,53207.1
7755.500474595741,53258.0
7755.710038054642,52179.5
7755.919601513542,52594.8
7756.129164972443,53254.9
7756.338728431343,53805.0
7756.548291890243,53019.0
7756.757855349143,53033.4
7756.9674188080435,52907.7
7757.176982266944,52950.3
7757.386545725844,52363.7
7757.596109184745,53184.6
7757.805672643645,53000.8
7758.015236102546,52525.7
7758.224799561445,52541.0
7758.434363020346,52344.3
7758.643926479246,53534.7
7758.853489938147,53802.9
7759.063053397047,52665.8
7759.2726168559475,51514.8
7759.482180314848,50523.7
7759.691743773748,49517.4
7759.901307232649,50726.6
7760.110870691548,51380.1
7760.320434150449,52035.7
7760.529997609349,52322.8
7760.73956106825,51533.9
7760.94912452715,50633.5
7761.158687986051,51777.3
7761.368251444951,52696.5
7761.5778149038515,52889.1
7761.787378362751,51612.6
7761.9969418216515,50323.8
7762.206505280552,51017.3
7762.416068739452,50718.7
7762.625632198353,49471.1
7762.835195657253,50386.7
7763.044759116154,51190.3
7763.254322575054,52202.3
7763.463886033955,52162.7
7763.673449492854,52664.4
7763.883012951755,53166.4
7764.092576410655,51665.6
7764.3021398695555,49667.3
7764.511703328456,49811.9
7764.721266787356,49266.8
7764.930830246257,50087.0
7765.140393705157,50220.4
7765.349957164057,51768.3
7765.559520622957,52409.0
7765.769084081858,49853.0
7765.978647540758,48796.1
7766.188210999659,49671.3
7766.397774458559,50642.8
7766.6073379174595,51832.1
7766.81690137636,52067.9
7767.02646483526,50844.1
7767.23602829416,50722.4
7767.44559175306,51692.8
7767.655155211961,52504.9
7767.864718670861,53248.7
7768.074282129762,51416.9
7768.283845588662,50617.0
7768.493409047563,51233.4
7768.702972506463,51714.7
7768.912535965363,51148.6
7769.122099424263,51941.0
7769.3316628831635,51547.2
7769.541226342064,52264.4
7769.750789800964,52052.3
7769.960353259865,51965.1
7770.169916718765,51982.8
7770.379480177666,51639.5
7770.589043636566,51681.9
7770.798607095466,51674.4
7771.008170554366,51966.5
7771.217734013267,50470.0
7771.427297472167,49507.9
7771.6368609310675,49200.3
7771.846424389968,49677.3
7772.055987848868,48652.9
7772.265551307769,48792.1
7772.475114766668,48161.4
7772.684678225569,47314.5
7772.894241684469,48312.4
7773.10380514337,49906.6
7773.31336860227,50420.9
7773.522932061171,49894.2
7773.732495520071,49672.4
7773.9420589789715,49275.3
7774.151622437872,49199.9
7774.3611858967715,48623.0
7774.570749355672,47739.1
7774.780312814572,47138.4
7774.989876273473,48672.5
7775.199439732373,48951.9
7775.409003191274,49165.9
7775.618566650174,49395.7
7775.828130109075,48675.0
7776.037693567974,48252.2
7776.247257026875,48565.7
7776.456820485775,49279.1
7776.6663839446755,49087.9
7776.875947403576,50413.5
7777.085510862476,50930.5
7777.295074321377,49290.2
7777.504637780277,49177.9
7777.714201239177,49803.9
7777.923764698077,49179.3
7778.133328156978,47530.7
7778.342891615878,49389.3
7778.552455074779,49719.7
7778.762018533679,48808.3
7778.97158199258,48691.5
7779.18114545148,48309.3
7779.39070891038,48060.3
7779.60027236928,46849.7
7779.80983582818,46780.9
7780.019399287081,48728.9
7780.228962745981,46455.1
7780.438526204882,47298.3
7780.648089663782,47167.7
7780.857653122683,46652.6
7781.067216581583,45728.8
7781.276780040483,45870.2
7781.486343499383,46055.5
7781.695906958284,46352.5
7781.905470417184,47069.0
7782.115033876084,47067.2
7782.324597334985,46597.6
7782.534160793885,45361.5
7782.743724252786,44190.0
7782.953287711686,45551.4
7783.162851170586,47480.4
7783.372414629486,46660.9
7783.581978088387,45218.8
7783.791541547287,44964.8
7784.001105006188,45511.6
7784.210668465088,45561.0
7784.4202319239885,45459.5
7784.629795382889,44464.9
7784.839358841788,43970.9
7785.048922300689,45961.8
7785.258485759589,46432.1
7785.46804921849,46358.4
7785.67761267739,44739.0
7785.887176136291,44427.4
7786.096739595191,45024.2
7786.306303054092,44983.1
7786.515866512991,44032.9
7786.725429971892,44201.1
7786.934993430792,43677.2
7787.1445568896925,44049.3
7787.354120348593,43823.2
7787.563683807493,43218.2
7787.773247266394,43862.1
7787.982810725294,42568.4
7788.192374184195,42693.2
7788.401937643094,42801.7
7788.611501101995,42911.9
7788.821064560895,44202.0
7789.030628019796,44947.2
7789.240191478696,43319.8
7789.4497549375965,44264.9
7789.659318396497,43245.4
7789.868881855397,42812.1
7790.078445314297,43357.7
7790.288008773197,44920.1
7790.497572232098,43224.0
7790.707135690998,42496.0
7790.916699149899,41701.7
7791.126262608799,41865.5
7791.3358260677,42867.0
7791.5453895266,42733.4
7791.7549529855005,44176.0
7791.9645164444,42869.8
7792.1740799033005,42338.4
7792.383643362201,42074.2
7792.593206821101,41839.3
7792.802770280002,42106.7
7793.012333738902,42405.3
7793.221897197803,42379.7
7793.431460656703,41998.4
7793.641024115603,41990.4
7793.850587574503,41805.9
7794.060151033404,41821.2
7794.269714492304,42486.2
7794.4792779512045,42838.8
7794.688841410105,42313.5
7794.898404869005,42216.6
7795.107968327906,42257.5
7795.317531786806,40924.2
7795.527095245706,42068.2
7795.736658704606,42165.4
7795.946222163507,41419.0
7796.155785622407,41452.1
7796.365349081308,42290.2
7796.574912540208,41460.4
7796.7844759991085,40563.7
7796.994039458009,41426.3
7797.2036029169085,40947.2
7797.413166375809,41690.2
7797.622729834709,40545.5
7797.83229329361,41519.8
7798.04185675251,42204.0
7798.251420211411,41695.8
7798.460983670311,41603.8
7798.670547129212,40738.2
7798.880110588112,39374.2
7799.089674047012,39938.3
7799.299237505912,41355.3
7799.5088009648125,41620.8
7799.718364423713,40544.7
7799.927927882613,40991.3
7800.137491341514,40450.9
7800.347054800414,39245.2
7800.556618259315,39815.8
7800.766181718214,40028.5
7800.975745177115,39686.1
7801.185308636015,39617.3
7801.394872094916,39533.5
7801.604435553816,40687.3
7801.8139990127165,40692.7
7802.023562471617,39759.0
7802.233125930517,38382.0
7802.442689389418,39296.9
7802.652252848317,38965.4
7802.861816307218,39224.0
7803.071379766118,39965.6
7803.280943225019,38652.1
7803.490506683919,38678.0
7803.70007014282,40158.4
7803.90963360172,38785.2
7804.1191970606205,38054.6
7804.32876051952,38807.8
7804.5383239784205,37680.1
7804.747887437321,37768.6
7804.957450896221,38003.6
7805.167014355122,37616.5
7805.376577814022,38949.9
7805.586141272923,39575.5
7805.795704731823,38036.0
7806.005268190724,37864.8
7806.214831649623,37545.8
7806.424395108524,37431.3
7806.633958567424,36251.5
7806.8435220263245,37340.3
7807.053085485225,35837.1
7807.262648944125,36786.1
7807.472212403026,36095.3
7807.681775861926,37215.9
7807.891339320826,37800.8
7808.100902779726,36837.3
7808.310466238627,37573.0
7808.520029697527,38695.0
7808.729593156428,38067.2
7808.939156615328,37559.9
7809.148720074229,36634.8
7809.358283533129,36235.0
7809.567846992029,36196.8
7809.777410450929,35389.3
7809.986973909829,36229.6
7810.19653736873,37165.0
7810.40610082763,36789.7
7810.615664286531,36365.4
7810.825227745431,36755.3
7811.034791204332,34746.9
7811.244354663232,35799.6
7811.453918122132,35569.9
7811.663481581032,36157.1
7811.873045039933,34022.0
7812.082608498833,35200.5
7812.292171957733,35560.2
7812.501735416634,36387.4
7812.711298875534,35901.8
7812.920862334435,35814.1
7813.130425793335,35265.6
7813.339989252235,34460.0
7813.549552711135,34623.6
7813.759116170036,35359.5
7813.968679628936,36201.2
7814.178243087837,34808.4
7814.387806546737,34823.3
7814.5973700056375,34510.9
7814.806933464538,35940.0
7815.016496923437,34933.2
7815.226060382338,35037.3
7815.435623841238,35399.0
7815.645187300139,35004.7
7815.854750759039,33659.9
7816.06431421794,33882.5
7816.27387767684,33534.0
7816.483441135741,33055.2
7816.69300459464,33272.8
7816.902568053541,32562.3
7817.112131512441,32960.8
7817.3216949713415,33156.0
7817.531258430242,32343.7
7817.740821889142,33511.5
7817.950385348043,33515.4
7818.159948806943,31785.2
7818.369512265844,31605.8
7818.579075724743,33447.9
7818.788639183644,32349.2
7818.998202642544,34009.9
7819.207766101445,33878.3
7819.417329560345,33280.1
7819.6268930192455,33328.7
7819.836456478146,32272.3
7820.046019937046,32240.1
7820.255583395946,32064.7
7820.465146854846,33555.1
7820.674710313747,32782.6
7820.884273772647,32843.4
7821.093837231548,33639.5
7821.303400690448,32469.4
7821.512964149349,31911.6
7821.722527608249,32524.2
7821.9320910671495,32684.3
7822.141654526049,32149.8
7822.3512179849495,31454.6
7822.56078144385,30465.6
7822.77034490275,30319.8
7822.979908361651,31718.3
7823.189471820551,30403.0
7823.399035279452,31562.9
7823.608598738352,32199.9
7823.818162197252,31204.9
7824.027725656152,32287.3
7824.237289115053,31339.4
7824.446852573953,32132.9
7824.6564160328535,32099.9
7824.865979491754,30180.9
7825.075542950654,29496.7
7825.285106409555,30818.8
7825.494669868454,29984.6
7825.704233327355,31453.1
7825.913796786255,31294.4
7826.123360245156,31164.8
7826.332923704056,29407.4
7826.542487162957,29299.2
7826.752050621857,29903.0
7826.9616140807575,29324.3
7827.171177539658,31574.8
7827.3807409985575,31509.5
7827.590304457458,29635.0
7827.799867916358,30817.4
7828.009431375259,29927.5
7828.218994834159,29801.2
7828.42855829306,30407.0
7828.63812175196,30353.7
7828.847685210861,30353.8
7829.05724866976,28876.0
7829.266812128661,28765.0
7829.476375587561,29129.9
7829.6859390464615,29406.0
7829.895502505362,29762.1
7830.105065964262,27556.6
7830.314629423163,27406.7
7830.524192882063,28018.4
7830.733756340964,27687.1
7830.943319799863,28283.8
7831.152883258764,28268.2
7831.362446717664,27751.5
7831.572010176565,28577.5
7831.781573635465,29623.0
7831.9911370943655,29171.1
7832.200700553266,27840.6
7832.410264012166,27836.7
7832.619827471066,28508.3
7832.829390929966,27335.8
7833.038954388867,27198.3
7833.248517847767,27362.0
7833.458081306668,28512.2
7833.667644765568,27369.0
7833.877208224469,26829.6
7834.086771683369,27507.9
7834.2963351422695,27940.5
7834.505898601169,28368.6
7834.7154620600695,26644.0
7834.92502551897,27761.6
7835.13458897787,26951.9
7835.344152436771,27771.9
7835.553715895671,27654.2
7835.763279354572,26127.8
7835.972842813472,27147.8
7836.182406272372,27068.2
7836.391969731272,27687.2
7836.601533190173,26585.9
7836.811096649073,24602.8
7837.0206601079735,26654.3
7837.230223566874,26673.7
7837.439787025774,25964.1
7837.649350484675,25471.4
7837.858913943575,26548.0
7838.068477402475,26928.6
7838.278040861375,25455.4
7838.487604320276,27380.0
7838.697167779176,27350.1
7838.906731238077,26151.2
7839.116294696977,25059.2
7839.3258581558775,24902.0
7839.535421614778,25536.0
7839.7449850736775,24926.7
7839.954548532578,26074.8
7840.164111991478,26206.2
7840.373675450379,25444.3
7840.583238909279,25411.0
7840.79280236818,25040.8
7841.00236582708,24079.7
7841.211929285981,24125.0
7841.421492744881,25514.5
7841.631056203781,24101.3
7841.840619662681,24459.6
7842.0501831215815,24899.9
7842.259746580482,25207.9
7842.469310039382,25161.6
7842.678873498283,24450.6
7842.888436957183,24076.5
7843.098000416084,24204.5
7843.307563874983,23635.3
7843.517127333884,23530.6
7843.726690792784,24143.5
7843.936254251685,24815.0
7844.145817710585,23169.8
7844.355381169486,23284.7
7844.564944628386,23993.2
7844.774508087286,24069.9
7844.984071546187,23357.7
7845.193635005086,24226.6
7845.403198463987,24400.5
7845.612761922887,23651.9
7845.822325381788,23022.7
7846.031888840688,22918.8
7846.241452299589,23755.3
7846.451015758489,23853.8
7846.66057921739,22372.7
7846.870142676289,23333.2
7847.07970613519,21815.2
7847.28926959409,21006.6
7847.49883305299,22747.2
7847.708396511891,22813.8
7847.917959970791,22488.8
7848.127523429692,22626.4
7848.337086888592,21937.5
7848.546650347493,22282.8
7848.756213806392,21868.9
7848.965777265293,21117.1
7849.175340724193,22958.0
7849.384904183094,21043.9
7849.594467641994,20848.4
7849.8040311008945,21523.2
7850.013594559795,22021.5
7850.223158018695,20919.0
7850.432721477595,21889.6
7850.642284936495,21940.5
7850.851848395396,21428.6
7851.061411854296,20935.9
7851.270975313197,21919.0
7851.480538772097,21203.0
7851.690102230998,21500.1
7851.899665689898,22524.7
7852.1092291487985,22239.5
7852.318792607698,21356.3
7852.5283560665985,20423.5
7852.737919525499,19815.9
7852.947482984399,20841.7
7853.1570464433,21649.4
7853.3666099022,20595.2
7853.576173361101,20387.8
7853.785736820001,19397.1
7853.995300278901,20364.4
7854.204863737801,20547.8
7854.414427196702,19833.1
7854.623990655602,19664.1
7854.8335541145025,18535.5
7855.043117573403,19060.9
7855.252681032303,20322.1
7855.462244491204,19500.6
7855.671807950103,20039.1
7855.881371409004,20168.4
7856.090934867904,19114.2
7856.300498326805,19500.5
7856.510061785705,19663.9
7856.719625244606,20139.5
7856.929188703506,19942.3
7857.1387521624065,18890.1
7857.348315621307,18878.2
7857.5578790802065,19663.8
7857.767442539107,19626.9
7857.977005998007,19255.2
7858.186569456908,18784.1
7858.396132915808,19060.6
7858.605696374709,20054.7
7858.815259833609,19338.3
7859.02482329251,18097.2
7859.234386751409,18458.2
7859.44395021031,18288.6
7859.65351366921,18546.7
7859.8630771281105,18497.0
7860.072640587011,18175.5
7860.282204045911,19359.3
7860.491767504812,18463.2
7860.701330963712,18121.1
7860.910894422613,18014.8
7861.120457881512,18020.1
7861.330021340413,17338.8
7861.539584799313,17475.5
7861.749148258214,17671.4
7861.958711717114,16828.6
7862.1682751760145,18089.1
7862.377838634915,18379.2
7862.587402093815,16482.3
7862.796965552715,18351.8
7863.006529011615,18376.1
7863.216092470516,17964.7
7863.425655929416,17372.6
7863.635219388317,18208.4
7863.844782847217,17479.5
7864.054346306118,17266.1
7864.263909765018,17190.2
7864.473473223918,17779.3
7864.683036682818,17796.8
7864.8926001417185,16388.2
7865.102163600619,16482.3
7865.311727059519,16907.5
7865.52129051842,17188.0
7865.73085397732,16810.4
7865.940417436221,18384.4
7866.149980895121,15899.6
7866.359544354021,16785.3
7866.569107812921,16609.6
7866.778671271822,16674.2
7866.988234730722,16122.2
7867.1977981896225,17817.0
7867.407361648523,17661.4
7867.616925107423,16757.5
7867.826488566324,16153.8
7868.036052025223,15754.5
7868.245615484124,15723.4
7868.455178943024,16726.4
7868.664742401925,16156.2
7868.874305860825,16356.0
7869.083869319726,16747.0
7869.293432778626,16964.8
7869.5029962375265,15421.9
7869.712559696427,15428.9
7869.9221231553265,15420.6
7870.131686614227,14917.2
7870.341250073127,16195.2
7870.550813532028,15825.9
7870.760376990928,16003.2
7870.969940449829,14663.2
7871.179503908729,14001.6
7871.38906736763,14042.9
7871.598630826529,14600.0
7871.80819428543,14090.8
7872.01775774433,14601.3
7872.2273212032305,14198.2
7872.436884662131,14228.6
7872.646448121031,12903.2
7872.856011579932,14635.3
7873.065575038832,15422.5
7873.275138497733,14775.4
7873.484701956632,14115.8
7873.694265415533,13957.5
7873.903828874433,14438.6
7874.113392333334,14407.8
7874.322955792234,13762.5
7874.5325192511345,13271.5
7874.742082710035,14052.8
7874.951646168935,13611.9
7875.161209627835,13501.8
7875.370773086735,13839.7
7875.580336545636,13832.7
7875.789900004536,13384.9
7875.999463463437,12323.6
7876.209026922337,12782.7
7876.418590381238,12872.0
7876.628153840138,12778.8
7876.837717299039,12059.4
7877.047280757938,11868.6
7877.2568442168385,12570.3
7877.466407675739,12346.5
7877.675971134639,12628.8
7877.88553459354,12650.8
7878.09509805244,12922.4
7878.304661511341,12308.5
7878.514224970241,10633.2
7878.723788429141,11481.6
7878.933351888041,11931.0
7879.142915346942,12574.4
7879.352478805842,13212.1
7879.562042264743,12172.3
7879.771605723643,10172.9
7879.981169182543,12213.1
7880.190732641444,11825.6
7880.400296100344,11548.0
7880.609859559244,12685.5
7880.819423018144,11587.5
7881.028986477045,11618.3
7881.238549935945,11774.1
7881.448113394846,11217.4
7881.657676853746,12526.3
7881.867240312647,11538.7
7882.076803771547,11949.9
7882.286367230447,11612.2
7882.495930689347,10707.2
7882.705494148247,11821.3
7882.915057607148,11958.9
7883.124621066048,11949.6
7883.334184524949,11805.6
7883.543747983849,11781.1
7883.75331144275,11541.9
7883.96287490165,11182.1
7884.17243836055,11578.0
7884.38200181945,10801.1
7884.591565278351,11331.7
7884.801128737251,10413.9
7885.0106921961515,10083.4
7885.220255655052,10565.4
7885.429819113952,10098.5
7885.639382572853,9747.84
7885.848946031752,10504.2
7886.058509490653,11475.8
7886.268072949553,10435.3
7886.477636408454,10460.4
7886.687199867354,9423.79
7886.896763326255,10080.3
7887.106326785155,10059.9
7887.3158902440555,9954.88
7887.525453702956,10371.8
7887.7350171618555,10430.7
7887.944580620756,11266.4
7888.154144079656,9064.25
7888.363707538557,9539.69
7888.573270997457,9869.67
7888.782834456358,9839.93
7888.992397915258,9767.4
7889.201961374159,8346.14
7889.411524833058,9196.3
7889.621088291959,10538.4
7889.830651750859,10779.9
7890.0402152097595,7791.31
7890.24977866866,8584.42
7890.45934212756,9501.12
7890.668905586461,8295.52
7890.878469045361,9002.59
7891.088032504262,7705.43
7891.297595963161,8870.05
7891.507159422062,6889.66
7891.716722880962,8439.25
7891.926286339863,7756.0
7892.135849798763,7984.28
7892.3454132576635,8291.08
7892.554976716564,9156.91
7892.764540175464,7527.23
7892.974103634364,8075.68
7893.183667093264,8629.26
7893.393230552165,8873.85
7893.602794011065,7833.98
7893.812357469966,7976.51
7894.021920928866,8115.38
7894.231484387767,7593.44
7894.441047846667,7360.5
