7607.6623989,-10.2442
7607.8710546267075,620.004
7608.079710353415,1021.92
7608.2883660801235,754.524
7608.497021806831,405.561
7608.705677533539,181.788
7608.914333260246,43.7603
7609.122988986955,272.426
7609.331644713662,676.263
7609.54030044037,747.014
7609.748956167077,857.707
7609.957611893785,808.642
7610.166267620493,1138.86
7610.374923347201,854.278
7610.583579073908,467.653
7610.792234800616,1051.83
7611.000890527324,1184.73
7611.209546254032,780.376
7611.4182019807395,738.13
7611.626857707447,1025.56
7611.835513434155,1525.51
7612.044169160863,1330.26
7612.252824887571,1092.27
7612.461480614278,1157.5
7612.670136340986,659.427
7612.878792067694,473.855
7613.087447794402,816.479
7613.296103521109,899.454
7613.504759247817,812.873
7613.713414974524,659.224
7613.922070701233,1127.51
7614.13072642794,1681.17
7614.339382154648,1491.6
7614.548037881355,1407.05
7614.756693608064,1342.19
7614.965349334771,1067.56
7615.174005061479,1114.72
7615.3826607881865,1340.81
7615.591316514894,1303.6
7615.7999722416025,1690.26
7616.00862796831,2034.53
7616.217283695018,1436.82
7616.425939421725,1669.12
7616.634595148434,2373.14
7616.843250875141,2346.15
7617.051906601849,2515.05
7617.260562328556,2277.09
7617.469218055264,2530.43
7617.677873781972,3150.99
7617.88652950868,2657.99
7618.095185235387,2148.63
7618.303840962095,2489.54
7618.512496688803,3158.43
7618.721152415511,3030.11
7618.9298081422185,2652.07
7619.138463868926,2952.44
7619.347119595634,2810.15
7619.555775322342,2665.5
7619.76443104905,3569.54
7619.973086775757,3217.8
7620.181742502465,3156.9
7620.390398229173,3003.02
7620.599053955881,2560.91
7620.807709682588,3109.35
7621.016365409296,2590.14
7621.225021136003,1425.37
7621.433676862712,2072.99
7621.642332589419,2592.83
7621.850988316127,2327.62
7622.059644042834,2438.53
7622.268299769543,2683.01
7622.47695549625,2422.31
7622.685611222958,2495.94
7622.8942669496655,2646.43
7623.102922676373,1813.37
7623.3115784030815,1082.08
7623.520234129789,1579.35
7623.728889856497,1257.64
7623.937545583204,1300.4
7624.146201309913,2281.2
7624.35485703662,1423.27
7624.563512763328,99.5976
7624.772168490035,567.772
7624.980824216743,1783.11
7625.189479943451,2269.78
7625.398135670159,1849.75
7625.606791396866,1905.4
7625.815447123574,2137.86
7626.024102850282,2877.5
7626.23275857699,2293.91
7626.4414143036975,1759.3
7626.650070030405,2039.3
7626.858725757113,1371.34
7627.067381483821,1019.67
7627.276037210529,1508.97
7627.484692937236,728.175
7627.693348663944,539.509
7627.902004390652,895.85
7628.11066011736,806.224
7628.319315844067,620.319
7628.527971570775,356.393
7628.736627297482,148.775
7628.945283024191,1184.92
7629.153938750898,1839.97
7629.362594477606,1751.91
7629.571250204313,2044.63
7629.779905931022,2246.59
7629.988561657729,2094.51
7630.197217384437,1803.24
7630.4058731111445,1552.15
7630.614528837852,1127.06
7630.8231845645605,273.67
7631.031840291268,727.168
7631.240496017976,1303.23
7631.449151744683,643.02
7631.657807471392,-129.696
7631.866463198099,199.648
7632.075118924807,878.991
7632.283774651514,1024.04
7632.492430378222,1415.86
7632.70108610493,2188.89
7632.909741831638,1793.7
7633.118397558345,2615.5
7633.327053285053,2654.73
7633.535709011761,3198.13
7633.744364738469,3804.25
7633.953020465176,3226.3
7634.161676191884,2848.48
7634.370331918592,3140.92
7634.5789876453,2964.67
7634.787643372008,1885.63
7634.996299098715,2458.01
7635.204954825423,2013.73
7635.413610552131,1341.43
7635.622266278839,1122.66
7635.830922005546,1194.02
7636.039577732254,1865.58
7636.248233458961,1946.88
7636.45688918567,1284.89
7636.665544912377,826.295
7636.874200639085,2287.79
7637.082856365792,2900.21
7637.291512092501,3906.22
7637.500167819208,4231.41
7637.708823545916,3818.98
7637.9174792726235,4876.69
7638.126134999331,5354.17
7638.3347907260395,4739.25
7638.543446452747,4398.02
7638.752102179455,4205.76
7638.960757906162,4136.72
7639.169413632871,3049.1
7639.378069359578,2794.68
7639.586725086286,2728.72
7639.795380812993,1842.57
7640.004036539701,2521.81
7640.212692266409,2261.09
7640.421347993117,2424.57
7640.630003719824,2548.77
7640.838659446532,2299.44
7641.04731517324,2407.08
7641.255970899948,3371.77
7641.464626626655,4612.56
7641.673282353363,5660.75
7641.8819380800705,6184.41
7642.090593806779,5848.7
7642.299249533487,6718.91
7642.507905260194,7297.38
7642.716560986902,6890.84
7642.92521671361,6030.82
7643.133872440318,5795.27
7643.342528167025,6335.3
7643.551183893733,6353.1
7643.75983962044,5264.06
7643.968495347149,3998.82
7644.177151073856,2828.11
7644.385806800564,3232.79
7644.594462527271,3215.74
7644.80311825398,3419.89
7645.011773980687,3027.25
7645.220429707395,2840.79
7645.4290854341025,3982.31
7645.63774116081,4688.33
7645.8463968875185,4868.25
7646.055052614226,6204.78
7646.263708340934,6740.23
7646.472364067641,7638.23
7646.68101979435,8386.18
7646.889675521057,8099.36
7647.098331247765,7971.76
7647.306986974472,8765.03
7647.51564270118,9001.99
7647.724298427888,8024.76
7647.932954154596,7535.41
7648.141609881303,7652.61
7648.350265608011,7307.22
7648.558921334719,6263.17
7648.767577061427,5842.1
7648.976232788134,4432.17
7649.184888514842,4047.66
7649.3935442415495,4956.33
7649.602199968258,3980.94
7649.8108556949655,3395.38
7650.019511421673,4301.09
7650.228167148381,4990.86
7650.436822875089,4321.96
7650.645478601797,4575.33
7650.854134328504,6475.01
7651.062790055212,7004.4
7651.271445781919,7018.53
7651.480101508628,8134.29
7651.688757235335,8481.56
7651.897412962043,8679.51
7652.10606868875,8891.82
7652.314724415459,8849.37
7652.523380142166,8491.64
7652.732035868874,8411.36
7652.9406915955815,8638.09
7653.149347322289,8445.03
7653.3580030489975,7463.1
7653.566658775705,6779.98
7653.775314502413,6444.01
7653.98397022912,4952.04
7654.192625955829,4606.96
7654.401281682536,4609.66
7654.609937409244,4485.18
7654.818593135951,5155.35
7655.027248862659,4878.45
7655.235904589367,4865.43
7655.444560316075,5509.87
7655.653216042782,5905.92
7655.86187176949,6921.38
7656.070527496198,7410.05
7656.279183222906,9057.02
7656.487838949613,9232.95
7656.696494676321,8939.07
7656.9051504030285,9454.41
7657.113806129737,9966.44
7657.3224618564445,10221.1
7657.531117583152,10335.5
7657.73977330986,9476.33
7657.948429036568,8193.86
7658.157084763276,8672.37
7658.365740489983,9584.34
7658.574396216691,8604.66
7658.783051943398,8245.9
7658.991707670107,7678.83
7659.200363396814,7163.78
7659.409019123522,6891.85
7659.617674850229,6505.1
7659.826330576938,6170.92
7660.034986303645,6154.46
7660.243642030353,6340.35
7660.4522977570605,6236.97
7660.660953483768,7620.1
7660.8696092104765,7942.77
7661.078264937184,8267.06
7661.286920663892,8555.83
7661.495576390599,9316.41
7661.704232117308,9737.86
7661.912887844015,9642.87
7662.121543570723,10363.4
7662.33019929743,10433.3
7662.538855024138,9703.19
7662.747510750846,10740.2
7662.956166477554,10181.4
7663.164822204261,10263.5
7663.373477930969,10923.9
7663.582133657677,10130.0
7663.790789384385,9845.34
7663.999445111092,10458.3
7664.2081008378,9909.14
7664.4167565645075,9162.08
7664.625412291216,8788.35
7664.8340680179235,7680.93
7665.042723744631,7595.02
7665.251379471339,6919.05
7665.460035198047,6886.64
7665.668690924755,7119.35
7665.877346651462,8132.88
7666.08600237817,7922.4
7666.294658104878,7956.78
7666.503313831586,9552.83
7666.711969558293,9256.54
7666.920625285001,9983.53
7667.129281011708,10927.9
7667.337936738417,10402.6
7667.546592465124,9730.14
7667.755248191832,11259.7
7667.9639039185395,11889.1
7668.172559645247,11459.3
7668.3812153719555,10619.1
7668.589871098663,10485.1
7668.798526825371,11518.1
7669.007182552078,11032.4
7669.215838278787,10478.8
7669.424494005494,11870.8
7669.633149732202,12205.4
7669.841805458909,12121.8
7670.050461185618,10791.6
7670.259116912325,9294.83
7670.467772639033,8661.83
7670.67642836574,8663.21
7670.885084092448,8549.81
7671.093739819156,8772.75
7671.302395545864,9287.31
7671.511051272571,8591.04
7671.719706999279,8881.06
7671.9283627259865,9109.09
7672.137018452695,9878.45
7672.3456741794025,10053.6
7672.55432990611,10949.2
7672.762985632818,11660.1
7672.971641359526,11385.5
7673.180297086234,11166.5
7673.388952812941,12184.7
7673.597608539649,13109.1
7673.806264266357,11989.0
7674.014919993065,11494.2
7674.223575719772,11677.0
7674.43223144648,12150.2
7674.640887173187,11462.9
7674.849542899896,12225.7
7675.058198626603,13427.4
7675.266854353311,12883.1
7675.4755100800185,12645.9
7675.684165806726,12351.8
7675.8928215334345,11243.7
7676.101477260142,11771.3
7676.31013298685,12490.7
7676.518788713557,12528.5
7676.727444440266,11217.5
7676.936100166973,11482.6
7677.144755893681,10606.5
7677.353411620388,10526.2
7677.562067347097,10804.0
7677.770723073804,10935.2
7677.979378800512,11004.4
7678.188034527219,10989.8
7678.396690253927,11872.0
7678.605345980635,13076.9
7678.814001707343,12939.5
7679.02265743405,13003.9
7679.231313160758,13561.9
7679.439968887466,13886.1
7679.648624614174,13977.6
7679.8572803408815,14070.8
7680.065936067589,13043.8
7680.274591794297,11771.1
7680.483247521005,12266.8
7680.691903247713,12468.3
7680.90055897442,12586.5
7681.109214701128,13788.6
7681.317870427836,12581.4
7681.526526154544,12496.0
7681.735181881251,13017.3
7681.943837607959,13061.3
7682.152493334666,11988.2
7682.361149061375,11883.0
7682.569804788082,12284.7
7682.77846051479,12020.4
7682.9871162414975,11824.8
7683.195771968206,11246.0
7683.4044276949135,10887.6
7683.613083421621,11523.6
7683.821739148329,11549.3
7684.030394875036,11738.5
7684.239050601745,12146.8
7684.447706328452,12265.7
7684.65636205516,12371.8
7684.865017781867,11466.2
7685.073673508576,12460.5
7685.282329235283,13255.9
7685.490984961991,13225.9
7685.699640688698,12875.6
7685.908296415406,12419.7
7686.116952142114,13249.7
7686.325607868822,13661.1
7686.534263595529,11740.1
7686.742919322237,11260.3
7686.951575048945,12105.5
7687.160230775653,12726.2
7687.3688865023605,11966.0
7687.577542229068,11622.0
7687.786197955776,12290.9
7687.994853682484,13222.5
7688.203509409192,13211.3
7688.412165135899,11997.0
7688.620820862607,11257.3
7688.829476589315,11670.4
7689.038132316023,12077.9
7689.24678804273,10864.7
7689.455443769438,9429.0
7689.664099496145,11273.1
7689.872755222854,10936.5
7690.081410949561,10319.3
7690.290066676269,10814.9
7690.4987224029765,11366.1
7690.707378129685,11600.6
7690.9160338563925,11675.1
7691.1246895831,11248.0
7691.333345309808,12025.2
7691.542001036515,12663.4
7691.750656763224,12136.9
7691.959312489931,12003.4
7692.167968216639,12012.3
7692.376623943346,12587.3
7692.585279670055,12803.9
7692.793935396762,11895.3
7693.00259112347,11969.3
7693.211246850177,11982.1
7693.419902576885,11993.3
7693.628558303593,11087.4
7693.837214030301,12067.2
7694.045869757008,11837.7
7694.254525483716,11922.1
7694.463181210424,12715.6
7694.671836937132,11244.2
7694.8804926638395,10597.6
7695.089148390547,12364.2
7695.297804117255,12408.3
7695.506459843963,11630.8
7695.715115570671,11957.8
7695.923771297378,11933.6
7696.132427024086,12385.4
7696.341082750794,11868.8
7696.549738477502,11814.7
7696.758394204209,11440.6
7696.967049930917,12219.3
7697.175705657624,12033.1
7697.384361384333,11953.5
7697.59301711104,11894.2
7697.801672837748,11502.3
7698.010328564455,12760.1
7698.218984291164,13827.8
7698.427640017871,13185.0
7698.636295744579,12672.2
7698.844951471287,12699.0
7699.053607197994,12111.3
7699.262262924703,11028.6
7699.47091865141,12605.9
7699.679574378118,11910.1
7699.888230104825,11499.9
7700.096885831534,12598.7
7700.305541558241,12175.3
7700.514197284949,12390.3
7700.722853011656,12422.6
7700.931508738364,12112.0
7701.140164465072,12646.9
7701.34882019178,12050.9
7701.557475918487,11815.2
7701.766131645195,12953.0
7701.974787371903,12895.8
7702.183443098611,12888.1
7702.3920988253185,11608.8
7702.600754552026,11357.4
7702.809410278734,12877.0
7703.018066005442,13409.9
7703.22672173215,12583.3
7703.435377458857,12206.1
7703.644033185565,11933.1
7703.852688912273,12349.2
7704.061344638981,13565.2
7704.270000365688,13790.7
7704.478656092396,13408.9
7704.687311819103,13226.2
7704.895967545812,12829.4
7705.104623272519,12740.8
7705.313278999227,12257.9
7705.521934725934,12113.4
7705.730590452643,13449.9
7705.93924617935,13031.4
7706.147901906058,13437.3
7706.3565576327655,13773.8
7706.565213359473,13864.8
7706.773869086182,14963.8
7706.982524812889,14000.0
7707.191180539597,14114.7
7707.399836266304,15334.7
7707.608491993013,13719.4
7707.81714771972,13406.8
7708.025803446428,13507.1
7708.234459173135,13073.7
7708.443114899843,14158.4
7708.651770626551,13839.0
7708.860426353259,14746.3
7709.069082079966,15091.8
7709.277737806674,14366.6
7709.486393533382,14863.8
7709.69504926009,13887.8
7709.9037049867975,15232.5
7710.112360713505,14326.0
7710.321016440213,14923.2
7710.529672166921,14500.0
7710.738327893629,14340.7
7710.946983620336,14974.0
7711.155639347044,14440.2
7711.364295073752,14332.1
7711.57295080046,14838.2
7711.781606527167,14891.1
7711.990262253875,14088.6
7712.198917980582,13919.6
7712.407573707291,14072.4
7712.616229433998,13848.4
7712.824885160706,16044.8
7713.033540887413,15736.9
7713.242196614122,13712.7
7713.450852340829,13176.5
7713.659508067537,14587.7
7713.8681637942445,15933.6
7714.076819520952,14780.0
7714.2854752476605,14309.6
7714.494130974368,14458.9
7714.702786701076,14605.4
7714.911442427783,14745.4
7715.120098154492,14888.2
7715.328753881199,15020.7
7715.537409607907,15257.2
7715.746065334614,14562.5
7715.954721061322,14529.7
7716.16337678803,15305.6
7716.372032514738,14435.3
7716.580688241445,13877.2
7716.789343968153,14632.8
7716.997999694861,14639.3
7717.206655421569,14439.9
7717.4153111482765,14465.5
7717.623966874984,15230.5
7717.832622601692,13780.3
7718.0412783284,12955.2
7718.249934055108,13838.6
7718.458589781815,13816.9
7718.667245508523,14735.9
7718.875901235231,16035.1
7719.084556961939,14377.3
7719.293212688646,14434.6
7719.501868415354,13651.6
7719.710524142061,12916.4
7719.91917986877,13126.7
7720.127835595477,14725.5
7720.336491322185,15701.1
7720.545147048892,15148.7
7720.753802775601,14903.3
7720.962458502308,14574.6
7721.171114229016,14055.4
7721.3797699557235,13723.7
7721.588425682431,14551.5
7721.7970814091395,15458.6
7722.005737135847,14595.8
7722.214392862555,14662.6
7722.423048589262,14002.6
7722.631704315971,14149.1
7722.840360042678,14927.6
7723.049015769386,14848.0
7723.257671496093,13316.8
7723.466327222801,13669.7
7723.674982949509,15443.0
7723.883638676217,16087.5
7724.092294402924,14215.3
7724.300950129632,14425.8
7724.50960585634,14714.4
7724.718261583048,14364.3
7724.9269173097555,14321.3
7725.135573036463,14534.4
7725.344228763171,14753.7
7725.552884489879,13866.6
7725.761540216587,13921.6
7725.970195943294,14657.7
7726.178851670002,14263.4
7726.38750739671,13764.8
7726.596163123418,13163.7
7726.804818850125,15219.9
7727.013474576833,15880.3
7727.22213030354,14885.7
7727.430786030249,15935.8
7727.639441756956,16125.6
7727.848097483664,15443.6
7728.056753210371,14722.4
7728.26540893708,14752.4
7728.474064663787,15939.1
7728.682720390495,14777.4
7728.8913761172025,14634.1
7729.10003184391,15041.9
7729.3086875706185,14500.1
7729.517343297326,14446.3
7729.725999024034,15294.4
7729.934654750741,15309.0
7730.14331047745,15031.9
7730.351966204157,14884.5
7730.560621930865,15118.6
7730.769277657572,15204.8
7730.97793338428,15674.7
7731.186589110988,16348.3
7731.395244837696,14941.5
7731.603900564403,14322.3
7731.812556291111,15201.2
7732.021212017819,15431.6
7732.229867744527,16423.2
7732.4385234712345,15841.6
7732.647179197942,15426.5
7732.85583492465,15391.5
7733.064490651358,14589.4
7733.273146378066,14692.3
7733.481802104773,14467.1
7733.690457831481,15426.6
7733.899113558189,15447.8
7734.107769284897,15382.3
7734.316425011604,15427.6
7734.525080738312,15745.4
7734.733736465019,15347.2
7734.942392191728,15918.3
7735.151047918435,15780.5
7735.359703645143,14012.3
7735.56835937185,13960.6
7735.777015098559,13561.8
7735.985670825266,14081.9
7736.194326551974,14369.8
7736.4029822786815,14842.9
7736.611638005389,14801.1
7736.8202937320975,15288.2
7737.028949458805,14852.6
7737.237605185513,14277.6
7737.44626091222,15718.8
7737.654916638929,15493.7
7737.863572365636,14706.4
7738.072228092344,14615.9
7738.280883819051,14427.0
7738.489539545759,15865.5
7738.698195272467,15943.3
7738.906850999175,14664.8
7739.115506725882,14814.0
7739.32416245259,14396.2
7739.532818179298,13904.3
7739.741473906006,14314.4
7739.9501296327135,15022.4
7740.158785359421,15116.8
7740.367441086129,15069.5
7740.576096812837,15585.3
7740.784752539545,15824.8
7740.993408266252,14895.4
7741.20206399296,14448.1
7741.410719719668,14592.9
7741.619375446376,16383.3
7741.828031173083,16192.4
7742.036686899791,14945.7
7742.245342626498,15878.0
7742.453998353207,15181.0
7742.662654079914,13675.2
7742.871309806622,14438.5
7743.079965533329,15307.3
7743.288621260038,14436.0
7743.497276986745,15070.1
7743.705932713453,15800.6
7743.9145884401605,15217.3
7744.123244166868,15952.2
7744.3318998935765,15586.9
7744.540555620284,14879.0
7744.749211346992,14793.7
7744.957867073699,15756.3
7745.166522800408,15182.0
7745.375178527115,14216.8
7745.583834253823,15056.8
7745.79248998053,15310.0
7746.001145707238,14339.8
7746.209801433946,15465.0
7746.418457160654,15882.1
7746.627112887361,14419.7
7746.835768614069,14990.3
7747.044424340777,14706.4
7747.253080067485,14387.9
7747.4617357941925,14680.7
7747.6703915209,14644.7
7747.879047247608,15391.3
7748.087702974316,14561.3
7748.296358701024,15016.7
7748.505014427731,15688.9
7748.713670154439,14837.4
7748.922325881147,14806.5
7749.130981607855,15412.2
7749.339637334562,15569.9
7749.54829306127,15646.0
7749.756948787977,15445.8
7749.965604514686,14348.4
7750.174260241393,13942.9
7750.382915968101,15038.8
7750.591571694808,15148.0
7750.800227421517,15476.6
7751.008883148224,15881.1
7751.217538874932,15149.4
7751.4261946016395,14904.4
7751.634850328347,13590.4
7751.8435060550555,14592.1
7752.052161781763,14761.3
7752.260817508471,14388.0
7752.469473235178,14595.2
7752.678128961887,13940.4
7752.886784688594,13719.8
7753.095440415302,14540.1
7753.304096142009,15753.7
7753.512751868717,15336.7
7753.721407595425,13760.2
7753.930063322133,14519.0
7754.13871904884,15356.6
7754.347374775548,14843.7
7754.556030502256,15153.0
7754.764686228964,14800.4
7754.9733419556715,14428.6
7755.181997682379,13543.8
7755.390653409087,14344.8
7755.599309135795,14580.6
7755.807964862503,14447.9
7756.01662058921,14692.1
7756.225276315918,14624.8
7756.433932042626,14412.9
7756.642587769334,14765.1
7756.851243496041,13991.9
7757.059899222749,13857.0
7757.268554949456,15331.9
7757.477210676165,15816.2
7757.685866402872,14831.4
7757.89452212958,14228.3
7758.103177856287,13215.0
7758.311833582996,15217.3
7758.520489309703,14388.7
7758.729145036411,14304.4
7758.9378007631185,14677.5
7759.146456489826,14810.2
7759.3551122165345,14051.8
7759.563767943242,14531.9
7759.77242366995,15293.6
7759.981079396657,13771.7
7760.189735123366,14427.1
7760.398390850073,15289.5
7760.607046576781,14461.5
7760.815702303488,14830.4
7761.024358030196,13929.5
7761.233013756904,13209.4
7761.441669483612,14753.4
7761.650325210319,15219.4
7761.858980937027,14070.3
7762.067636663735,14278.8
7762.276292390443,14019.8
7762.48494811715,13731.6
7762.693603843858,14186.6
7762.902259570566,14711.8
7763.110915297274,13745.6
7763.319571023982,13439.9
7763.528226750689,13152.9
7763.736882477397,13425.6
7763.945538204105,13547.6
7764.154193930813,13090.0
7764.36284965752,13418.5
7764.571505384228,13830.8
7764.780161110935,14435.1
7764.988816837644,13934.7
7765.197472564351,12910.3
7765.406128291059,14653.2
7765.614784017766,14727.7
7765.823439744475,14154.6
7766.032095471182,14397.8
7766.24075119789,14326.7
7766.4494069245975,13923.7
7766.658062651305,13033.4
7766.8667183780135,13958.6
7767.075374104721,14347.8
7767.284029831429,13408.4
7767.492685558136,13584.2
7767.701341284845,14548.7
7767.909997011552,13971.6
7768.11865273826,13242.2
7768.327308464967,14795.6
7768.535964191675,14250.8
7768.744619918383,13830.5
7768.953275645091,14152.4
7769.161931371798,13871.3
7769.370587098506,14880.9
7769.579242825214,14816.7
7769.787898551922,14376.8
7769.996554278629,13760.9
7770.205210005337,13727.6
7770.4138657320445,14385.8
7770.622521458753,14605.0
7770.831177185461,13974.0
7771.039832912168,12968.9
7771.248488638876,13779.4
7771.457144365584,13659.4
7771.665800092292,12965.8
7771.874455818999,13511.6
7772.083111545707,14212.1
7772.291767272414,13539.5
7772.500422999123,13146.9
7772.70907872583,14115.0
7772.917734452538,13910.0
7773.126390179245,13133.1
7773.335045905954,13410.5
7773.543701632661,13482.6
7773.752357359369,12854.8
7773.9610130860765,13027.0
7774.169668812785,13376.9
7774.3783245394925,14198.8
7774.5869802662,13364.8
7774.795635992908,13284.3
7775.004291719615,12673.8
7775.212947446324,13300.5
7775.421603173031,14164.6
7775.630258899739,15028.4
7775.838914626446,13424.5
7776.047570353154,13462.3
7776.256226079862,13082.9
7776.46488180657,13105.8
7776.673537533277,14433.8
7776.882193259985,12727.5
7777.090848986693,12795.6
7777.299504713401,13196.7
7777.508160440108,13244.3
7777.716816166816,13709.3
7777.925471893524,14022.5
7778.134127620232,12525.4
7778.3427833469395,13176.3
7778.551439073647,14016.9
7778.760094800355,13441.9
7778.968750527063,13493.0
7779.177406253771,13017.3
7779.386061980478,14140.2
7779.594717707186,13418.0
7779.803373433893,12377.0
7780.012029160602,12561.8
7780.220684887309,12590.1
7780.429340614017,13020.3
7780.637996340724,12578.0
7780.846652067433,13246.3
7781.05530779414,13143.9
7781.263963520848,11256.6
7781.4726192475555,11915.5
7781.681274974264,12322.0
7781.8899307009715,13936.1
7782.098586427679,13108.4
7782.307242154387,12282.3
7782.515897881094,12207.4
7782.724553607803,11657.4
7782.93320933451,11402.6
7783.141865061218,13437.7
7783.350520787925,12780.4
7783.559176514633,13233.0
7783.767832241341,12735.7
7783.976487968049,13147.2
7784.185143694756,12586.7
7784.393799421464,12552.5
7784.602455148172,12566.8
7784.81111087488,12222.9
7785.019766601587,12789.7
7785.228422328295,10960.9
7785.437078055003,11009.2
7785.645733781711,12000.4
7785.8543895084185,13522.2
7786.063045235126,12185.2
7786.271700961834,12316.8
7786.480356688542,13035.0
7786.68901241525,12789.8
7786.897668141957,12241.7
7787.106323868665,12196.7
7787.314979595372,11433.8
7787.523635322081,12679.6
7787.732291048788,12979.4
7787.940946775496,11837.8
7788.149602502203,11033.6
7788.358258228912,11730.2
7788.566913955619,12719.1
7788.775569682327,12663.6
7788.9842254090345,12418.5
7789.192881135743,11959.6
7789.4015368624505,12179.2
7789.610192589158,12755.2
7789.818848315866,11564.6
7790.027504042573,12354.8
7790.236159769282,11836.3
7790.444815495989,11608.7
7790.653471222697,11847.9
7790.862126949404,13557.9
7791.070782676112,12604.5
7791.27943840282,11888.9
7791.488094129528,12995.5
7791.696749856235,12691.0
7791.905405582943,12237.0
7792.114061309651,11347.9
7792.322717036359,12427.0
7792.531372763066,12183.0
7792.740028489774,11132.3
7792.948684216482,11924.5
7793.15733994319,12134.6
7793.3659956698975,11280.1
7793.574651396605,11838.3
7793.783307123313,11633.0
7793.991962850021,11399.6
7794.200618576729,12091.2
7794.409274303436,12512.7
7794.617930030144,12171.7
7794.826585756851,10823.9
7795.03524148356,12386.3
7795.243897210267,12595.8
7795.452552936975,11741.7
7795.661208663682,11256.7
7795.869864390391,10578.8
7796.078520117098,10960.5
7796.287175843806,12015.8
7796.4958315705135,11174.2
7796.704487297222,11883.8
7796.9131430239295,11249.6
7797.121798750637,11298.0
7797.330454477345,12423.0
7797.539110204052,11884.0
7797.747765930761,11154.5
7797.956421657468,11257.4
7798.165077384176,11333.6
7798.373733110883,12228.8
7798.582388837591,11577.4
7798.791044564299,10949.2
7798.999700291007,11298.0
7799.208356017714,10571.2
7799.417011744422,11565.4
7799.62566747113,11638.9
7799.834323197838,11617.6
7800.042978924545,11040.2
7800.251634651253,11607.6
7800.460290377961,11399.6
7800.668946104669,11965.8
7800.8776018313765,10726.8
7801.086257558084,10320.6
7801.294913284792,12436.2
7801.5035690115,12221.2
7801.712224738208,11736.1
7801.920880464915,11242.8
7802.129536191623,11967.8
7802.33819191833,10127.2
7802.546847645039,9778.93
7802.755503371746,10717.5
7802.964159098454,10707.0
7803.172814825161,11557.7
7803.38147055187,11729.7
7803.590126278577,10531.0
7803.798782005285,10635.8
7804.0074377319925,10752.1
7804.216093458701,10412.9
7804.4247491854085,9928.08
7804.633404912116,11074.7
7804.842060638824,10832.5
7805.050716365531,10893.3
7805.25937209224,10966.4
7805.468027818947,11769.7
7805.676683545655,10777.3
7805.885339272362,9857.16
7806.09399499907,10746.9
7806.302650725778,10213.8
7806.511306452486,9376.43
7806.719962179193,10339.2
7806.928617905901,10757.4
7807.137273632609,10502.1
7807.345929359317,10248.1
7807.554585086024,9844.68
7807.763240812732,9906.49
7807.97189653944,9821.89
7808.180552266148,10847.3
7808.3892079928555,10100.8
7808.597863719563,9912.24
7808.806519446271,10586.0
7809.015175172979,9376.16
7809.223830899687,9254.66
7809.432486626394,10728.8
7809.641142353102,10624.9
7809.84979807981,10087.3
7810.058453806518,11159.4
7810.267109533225,10101.8
7810.475765259933,9809.11
7810.68442098664,10399.3
7810.893076713349,11267.7
7811.101732440056,11195.9
7811.310388166764,9379.55
7811.5190438934715,8797.57
7811.72769962018,10330.5
7811.9363553468875,11017.9
7812.145011073595,9450.27
7812.353666800303,9651.98
7812.56232252701,10109.2
7812.770978253719,9235.3
7812.979633980426,8721.96
7813.188289707134,9027.73
7813.396945433841,10340.3
7813.60560116055,10208.5
7813.814256887257,9821.23
7814.022912613965,9330.22
7814.231568340672,9841.56
7814.44022406738,9392.44
7814.648879794088,9393.81
7814.857535520796,9952.69
7815.066191247503,10739.3
7815.274846974211,10173.7
7815.483502700919,9892.59
7815.692158427627,9156.7
7815.9008141543345,9000.37
7816.109469881042,9803.95
7816.31812560775,8571.56
7816.526781334458,10185.4
7816.735437061166,9578.44
7816.944092787873,9432.04
7817.152748514581,8535.86
7817.361404241289,8356.46
7817.570059967997,9121.84
7817.778715694704,9450.23
7817.987371421412,9490.74
7818.196027148119,9971.92
7818.404682874828,9258.2
7818.613338601535,9411.81
7818.821994328243,10302.9
7819.0306500549505,9040.46
7819.239305781659,8826.25
7819.4479615083665,9936.19
7819.656617235074,8530.77
7819.865272961782,9500.87
7820.073928688489,9984.91
7820.282584415198,9095.99
7820.491240141905,9266.22
7820.699895868613,9264.33
7820.90855159532,8562.79
7821.117207322029,9273.03
7821.325863048736,8810.17
7821.534518775444,8168.72
7821.743174502151,8068.17
7821.951830228859,9368.44
7822.160485955567,9681.63
7822.369141682275,8445.69
7822.577797408982,8755.04
7822.78645313569,9367.32
7822.995108862398,9135.94
7823.203764589106,9371.26
7823.4124203158135,9540.9
7823.621076042521,8482.17
7823.829731769229,8564.0
7824.038387495937,9196.21
7824.247043222645,8867.01
7824.455698949352,9866.06
7824.66435467606,8899.08
7824.873010402768,8629.42
7825.081666129476,7655.13
7825.290321856183,8044.31
7825.498977582891,8183.5
7825.707633309598,7545.08
7825.916289036307,7529.74
7826.124944763014,8140.46
7826.333600489722,8552.65
7826.542256216429,8065.04
7826.750911943138,8465.77
7826.9595676698455,8354.7
7827.168223396553,8076.8
7827.376879123261,7543.92
7827.585534849968,7496.86
7827.794190576677,8322.93
7828.002846303384,8733.67
7828.211502030092,9220.51
7828.420157756799,7920.0
7828.628813483508,7209.94
7828.837469210215,7488.22
7829.046124936923,7726.37
7829.25478066363,8747.88
7829.463436390338,9443.2
7829.672092117046,7858.68
7829.880747843754,7587.35
7830.089403570461,7469.52
7830.298059297169,7633.56
7830.506715023877,7252.79
7830.715370750585,7658.25
7830.9240264772925,7410.46
7831.132682204,7347.4
7831.341337930708,7726.73
7831.549993657416,6831.11
7831.758649384124,6708.3
7831.967305110831,8511.8
7832.175960837539,9298.43
7832.384616564247,8296.39
7832.593272290955,7341.31
7832.801928017662,6908.77
7833.01058374437,6439.85
7833.219239471077,7276.69
7833.427895197786,7491.24
7833.636550924493,7730.99
7833.845206651201,7777.29
7834.053862377908,5931.01
7834.262518104617,5914.66
7834.471173831324,6858.4
7834.679829558032,5710.43
7834.8884852847395,6637.29
7835.097141011447,7419.56
7835.305796738156,6697.08
7835.514452464863,6830.77
7835.723108191571,6035.79
7835.931763918278,5987.53
7836.140419644987,7080.3
7836.349075371694,6761.74
7836.557731098402,6535.14
7836.766386825109,7549.08
7836.975042551817,6831.54
7837.183698278525,6177.57
7837.392354005233,5130.83
7837.60100973194,6163.22
7837.809665458648,6945.68
7838.018321185356,6737.2
7838.226976912064,6174.57
7838.4356326387715,6701.9
7838.644288365479,6969.14
7838.852944092187,5917.49
7839.061599818895,6622.44
7839.270255545603,5525.96
7839.47891127231,5316.91
7839.687566999018,6710.11
7839.896222725726,6071.89
7840.104878452434,5896.41
7840.313534179141,5451.1
7840.522189905849,5078.94
7840.730845632556,5325.88
7840.939501359265,6040.37
7841.148157085972,5968.93
7841.35681281268,5131.82
7841.565468539387,6179.86
7841.774124266096,5360.48
7841.982779992803,5560.46
7842.191435719511,4531.95
7842.4000914462185,4478.8
7842.608747172926,4741.92
7842.8174028996345,5991.74
7843.026058626342,5363.18
7843.23471435305,4334.64
7843.443370079757,4563.39
7843.652025806466,5508.49
7843.860681533173,5249.09
7844.069337259881,5512.82
7844.277992986588,4278.15
7844.486648713296,4351.81
7844.695304440004,4916.93
7844.903960166712,4443.21
7845.112615893419,4566.36
7845.321271620127,4836.12
7845.529927346835,4767.24
7845.738583073543,4765.03
7845.9472388002505,5920.41
7846.155894526958,6023.06
7846.364550253666,4529.71
7846.573205980374,4976.82
7846.781861707082,4147.51
7846.990517433789,4525.72
7847.199173160497,5179.89
7847.407828887205,4702.93
7847.616484613913,4635.96
7847.82514034062,4039.64
7848.033796067328,3434.06
7848.242451794035,3591.78
7848.451107520744,4997.55
7848.659763247451,4379.03
7848.868418974159,4435.41
7849.077074700866,4830.46
7849.285730427575,4544.46
7849.494386154282,3699.68
7849.70304188099,3602.75
7849.9116976076975,3017.35
7850.120353334405,3407.09
7850.3290090611135,3560.41
7850.537664787821,5088.43
7850.746320514529,4582.1
7850.954976241236,3731.53
7851.163631967945,2923.32
7851.372287694652,3240.29
7851.58094342136,2551.32
7851.789599148067,3016.53
7851.998254874775,3778.47
7852.206910601483,3507.47
7852.415566328191,2814.11
7852.624222054898,2706.88
7852.832877781606,2521.84
7853.041533508314,3357.61
7853.250189235022,3508.73
7853.4588449617295,2907.49
7853.667500688437,3409.93
7853.876156415145,3494.95
7854.084812141853,3810.95
7854.293467868561,3553.2
7854.502123595268,2305.05
7854.710779321976,2591.51
7854.919435048684,3213.27
7855.128090775392,3110.03
7855.336746502099,3157.06
7855.545402228807,3727.96
7855.754057955514,3561.22
7855.962713682223,3137.85
7856.17136940893,2935.27
7856.380025135638,2224.49
7856.588680862345,2989.18
7856.797336589054,3741.43
7857.005992315761,3007.3
7857.214648042469,2675.17
7857.4233037691765,3622.67
7857.631959495884,3366.12
7857.8406152225925,2146.71
7858.0492709493,2459.07
7858.257926676008,3533.72
7858.466582402715,2571.85
7858.675238129424,1833.97
7858.883893856131,2965.49
7859.092549582839,2605.83
7859.301205309546,2349.25
7859.509861036254,3102.13
7859.718516762962,2916.99
7859.92717248967,2225.28
7860.135828216377,2259.36
7860.344483943085,3223.8
7860.553139669793,2230.02
7860.761795396501,2049.33
7860.9704511232085,2959.44
7861.179106849916,2008.67
7861.387762576624,2286.23
7861.596418303332,2950.89
7861.80507403004,2096.55
7862.013729756747,1549.95
7862.222385483455,1314.85
7862.431041210163,1496.28
7862.639696936871,1962.24
7862.848352663578,2868.81
7863.057008390286,3435.47
7863.265664116993,1503.76
7863.474319843702,1327.93
7863.682975570409,1656.23
7863.891631297117,2686.98
7864.100287023824,2822.16
7864.308942750533,2162.94
7864.51759847724,2115.88
7864.726254203948,1975.77
7864.9349099306555,2664.89
7865.143565657363,2359.55
7865.3522213840715,2035.28
7865.560877110779,3010.05
7865.769532837487,1513.51
7865.978188564194,1736.56
7866.186844290903,854.736
7866.39550001761,1208.66
7866.604155744318,1916.17
7866.812811471025,2794.47
7867.021467197733,2669.06
7867.230122924441,1553.17
7867.438778651149,1881.0
7867.647434377856,2793.73
7867.856090104564,2994.28
7868.064745831272,2321.68
7868.27340155798,1620.45
7868.4820572846875,2053.63
7868.690713011395,1537.41
7868.899368738103,1113.96
7869.108024464811,2682.33
7869.316680191519,2352.14
7869.525335918226,1126.33
7869.733991644934,1253.51
7869.942647371642,1387.15
7870.15130309835,2170.79
7870.359958825057,1682.34
7870.568614551765,2319.77
7870.777270278472,1378.21
7870.985926005181,1514.55
7871.194581731888,1847.97
7871.403237458596,1007.04
7871.611893185303,1501.88
7871.820548912012,720.583
7872.029204638719,1833.24
7872.237860365427,1978.36
7872.4465160921345,1571.94
7872.655171818842,1575.49
7872.8638275455505,1501.94
7873.072483272258,1345.11
7873.281138998966,1607.27
7873.489794725673,1690.57
7873.698450452382,1968.72
7873.907106179089,1489.69
7874.115761905797,1474.2
7874.324417632504,1603.57
7874.533073359212,676.643
7874.74172908592,543.521
7874.950384812628,1396.46
7875.159040539335,1625.75
7875.367696266043,1385.71
7875.576351992751,1737.99
7875.785007719459,2067.46
7875.9936634461665,1673.66
7876.202319172874,1821.1
7876.410974899582,1467.19
7876.61963062629,1350.44
7876.828286352998,1327.36
7877.036942079705,1816.61
7877.245597806413,1773.82
7877.454253533121,1675.47
7877.662909259829,1555.33
7877.871564986536,874.043
7878.080220713244,1879.9
7878.288876439951,2209.09
7878.49753216666,1427.15
7878.706187893367,2129.72
7878.914843620075,2031.12
7879.123499346782,2002.85
7879.332155073491,1366.97
7879.540810800198,2005.26
7879.749466526906,908.489
7879.9581222536135,-65.8531
7880.166777980321,1408.41
7880.3754337070295,1163.25
7880.584089433737,1098.65
7880.792745160445,1799.35
7881.001400887152,1088.55
7881.210056613861,1073.02
7881.418712340568,1234.96
7881.627368067276,1743.15
7881.836023793983,1649.52
7882.044679520692,1104.35
7882.253335247399,1239.97
7882.461990974107,876.147
7882.670646700814,1447.85
7882.879302427522,1387.23
7883.08795815423,-3.19801
7883.296613880938,1045.42
7883.5052696076455,1231.88
7883.713925334353,704.748
7883.922581061061,1521.5
7884.131236787769,1636.71
7884.339892514477,1264.6
7884.548548241184,1544.94
7884.757203967892,2355.8
7884.9658596946,2820.77
7885.174515421308,2406.11
7885.383171148015,609.211
7885.591826874723,1298.27
7885.800482601431,682.317
7886.009138328139,1416.85
7886.217794054846,1791.69
7886.426449781554,1192.85
7886.635105508261,1526.31
7886.84376123497,551.197
7887.052416961677,1071.34
7887.261072688385,1233.6
7887.4697284150925,1358.14
7887.6783841418,1321.04
7887.8870398685085,879.146
7888.095695595216,1220.7
7888.304351321924,811.699
7888.513007048631,1969.38
7888.72166277534,1172.3
7888.930318502047,1499.19
7889.138974228755,1615.41
7889.347629955462,1075.84
7889.556285682171,1384.7
7889.764941408878,1789.49
7889.973597135586,1176.32
7890.182252862293,2658.86
7890.390908589001,1496.05
7890.599564315709,1172.46
7890.808220042417,1555.96
7891.016875769124,2192.34
7891.225531495832,2066.49
7891.43418722254,381.501
7891.642842949248,1820.5
7891.851498675956,1034.35
7892.060154402663,1813.24
7892.268810129371,2142.03
7892.477465856079,809.617
7892.686121582787,870.998
7892.894777309494,1738.88
7893.103433036202,1640.8
7893.31208876291,2203.7
7893.520744489618,1868.03
7893.729400216325,1256.46
7893.938055943033,1177.39
7894.14671166974,1762.22
