6487.8332819321,77031.4
6488.0127655027945,76465.2
6488.19224907349,76715.1
6488.371732644184,78692.1
6488.551216214879,79716.2
6488.730699785573,79386.4
6488.910183356267,79375.0
6489.089666926962,79176.5
6489.2691504976565,79016.0
6489.448634068352,81346.2
6489.628117639046,82318.7
6489.80760120974,83383.8
6489.987084780435,85538.7
6490.166568351129,86153.1
6490.346051921823,84259.7
6490.525535492518,82661.2
6490.705019063213,82326.0
6490.884502633908,81116.7
6491.063986204602,82945.1
6491.243469775296,85709.8
6491.422953345991,87965.3
6491.602436916685,89236.8
6491.78192048738,89370.1
6491.961404058075,89609.7
6492.140887628769,90693.3
6492.320371199464,90983.5
6492.499854770158,90003.1
6492.679338340853,90276.4
6492.858821911547,89406.5
6493.038305482241,89102.3
6493.2177890529365,90995.9
6493.397272623631,93750.5
6493.576756194326,95222.8
6493.75623976502,94483.4
6493.935723335714,94593.1
6494.115206906409,95947.1
6494.294690477103,96948.7
6494.4741740477975,96018.7
6494.653657618493,96850.3
6494.833141189187,98200.5
6495.012624759882,97839.7
6495.192108330576,98774.8
6495.37159190127,99200.1
6495.551075471965,98537.4
6495.7305590426595,96723.1
6495.910042613355,96349.1
6496.089526184049,98178.6
6496.269009754743,100694.0
6496.448493325438,102841.0
6496.627976896132,104094.0
6496.807460466827,103717.0
6496.986944037521,102393.0
6497.166427608216,101491.0
6497.345911178911,100974.0
6497.525394749605,100176.0
6497.7048783203,101988.0
6497.884361890994,104556.0
6498.063845461688,105498.0
6498.243329032383,106263.0
6498.422812603078,106527.0
6498.602296173772,108192.0
6498.781779744467,107680.0
6498.961263315161,106822.0
6499.140746885856,107896.0
6499.32023045655,109430.0
6499.499714027244,109231.0
6499.6791975979395,108560.0
6499.858681168634,109360.0
6500.038164739329,110305.0
6500.217648310023,110131.0
6500.397131880717,110677.0
6500.576615451412,111790.0
6500.756099022106,113621.0
6500.935582592801,114345.0
6501.115066163496,112765.0
6501.29454973419,111917.0
6501.474033304885,113684.0
6501.653516875579,114417.0
6501.833000446274,113626.0
6502.012484016968,115186.0
6502.1919675876625,116430.0
6502.371451158358,117038.0
6502.550934729052,117808.0
6502.730418299746,118359.0
6502.909901870441,117372.0
6503.089385441135,115551.0
6503.26886901183,116422.0
6503.448352582524,118334.0
6503.627836153219,121228.0
6503.807319723914,120500.0
6503.986803294608,119542.0
6504.166286865303,119994.0
6504.345770435997,121501.0
6504.525254006691,125547.0
6504.704737577386,128476.0
6504.8842211480805,125722.0
6505.063704718776,125595.0
6505.24318828947,126247.0
6505.422671860164,126416.0
6505.602155430859,127562.0
6505.781639001553,127994.0
6505.961122572248,128470.0
6506.1406061429425,129311.0
6506.320089713637,129124.0
6506.499573284332,129707.0
6506.679056855026,129270.0
6506.85854042572,129148.0
6507.038023996415,132286.0
6507.217507567109,133142.0
6507.396991137804,133014.0
6507.576474708499,132906.0
6507.755958279193,132875.0
6507.935441849888,134834.0
6508.114925420582,136285.0
6508.294408991277,135454.0
6508.473892561971,135403.0
6508.6533761326655,134434.0
6508.832859703361,134368.0
6509.012343274055,135881.0
6509.19182684475,139244.0
6509.371310415444,141285.0
6509.550793986138,140332.0
6509.730277556833,140248.0
6509.909761127527,141885.0
6510.0892446982225,143313.0
6510.268728268917,143404.0
6510.448211839611,144857.0
6510.627695410306,147585.0
6510.807178981,147503.0
6510.986662551694,148131.0
6511.166146122389,149481.0
6511.3456296930835,149149.0
6511.525113263779,151804.0
6511.704596834473,151737.0
6511.884080405167,148142.0
6512.063563975862,148952.0
6512.243047546556,151456.0
6512.422531117251,156334.0
6512.6020146879455,159783.0
6512.78149825864,159623.0
6512.960981829335,159842.0
6513.140465400029,160530.0
6513.319948970724,159443.0
6513.499432541418,160334.0
6513.678916112112,161971.0
6513.858399682807,165140.0
6514.037883253502,165232.0
6514.217366824197,162269.0
6514.396850394891,159034.0
6514.576333965585,157296.0
6514.75581753628,157925.0
6514.935301106974,160070.0
6515.114784677669,163131.0
6515.294268248364,166212.0
6515.473751819058,166708.0
6515.653235389753,164751.0
6515.832718960447,161915.0
6516.012202531141,161733.0
6516.191686101836,161662.0
6516.37116967253,158729.0
6516.5506532432255,155679.0
6516.73013681392,155696.0
6516.909620384614,159687.0
6517.089103955309,165684.0
6517.268587526003,169922.0
6517.448071096698,175673.0
6517.627554667392,176959.0
6517.8070382380865,176097.0
6517.986521808782,176034.0
6518.166005379476,177352.0
6518.345488950171,180044.0
6518.524972520865,181773.0
6518.704456091559,181732.0
6518.883939662254,180023.0
6519.0634232329485,178781.0
6519.242906803644,177836.0
6519.422390374338,178757.0
6519.601873945032,178703.0
6519.781357515727,180145.0
6519.960841086421,184006.0
6520.140324657115,184793.0
6520.31980822781,182438.0
6520.499291798505,181844.0
6520.6787753692,182608.0
6520.858258939894,183775.0
6521.037742510588,184490.0
6521.217226081283,185477.0
6521.396709651977,185124.0
6521.576193222672,184933.0
6521.755676793367,184972.0
6521.935160364061,183809.0
6522.114643934756,184309.0
6522.29412750545,186706.0
6522.473611076145,184964.0
6522.653094646839,183522.0
6522.832578217533,183009.0
6523.0120617882285,185549.0
6523.191545358923,186706.0
6523.371028929618,186157.0
6523.550512500312,185064.0
6523.729996071006,183623.0
6523.909479641701,184553.0
6524.088963212395,187122.0
6524.2684467830895,188230.0
6524.447930353785,192011.0
6524.627413924479,191375.0
6524.806897495174,192655.0
6524.986381065868,191638.0
6525.165864636562,194167.0
6525.345348207257,196594.0
6525.5248317779515,194631.0
6525.704315348647,194715.0
6525.883798919341,196931.0
6526.063282490035,196586.0
6526.24276606073,197658.0
6526.422249631424,198403.0
6526.601733202119,200793.0
6526.781216772813,201600.0
6526.960700343508,203671.0
6527.140183914203,203503.0
6527.319667484897,202857.0
6527.499151055592,203629.0
6527.678634626286,204590.0
6527.85811819698,205334.0
6528.037601767675,205931.0
6528.2170853383695,205909.0
6528.396568909064,204421.0
6528.576052479759,207422.0
6528.755536050453,206535.0
6528.935019621148,208420.0
6529.114503191842,211354.0
6529.293986762536,212812.0
6529.4734703332315,212675.0
6529.652953903926,212766.0
6529.832437474621,212476.0
6530.011921045315,210345.0
6530.191404616009,211235.0
6530.370888186704,213514.0
6530.550371757398,214554.0
6530.729855328093,214027.0
6530.909338898788,214994.0
6531.088822469482,215383.0
6531.268306040177,216548.0
6531.447789610871,217880.0
6531.627273181566,218168.0
6531.80675675226,219382.0
6531.9862403229545,219712.0
6532.16572389365,215973.0
6532.345207464344,214736.0
6532.524691035038,215942.0
6532.704174605733,219135.0
6532.883658176427,222447.0
6533.063141747122,222467.0
6533.242625317816,222952.0
6533.422108888511,224460.0
6533.601592459206,224673.0
6533.7810760299,223931.0
6533.960559600595,224066.0
6534.140043171289,224848.0
6534.319526741983,224903.0
6534.499010312678,225189.0
6534.6784938833725,224788.0
6534.857977454068,227674.0
6535.037461024762,233381.0
6535.216944595456,232136.0
6535.396428166151,230169.0
6535.575911736845,230674.0
6535.75539530754,234223.0
6535.9348788782345,238015.0
6536.114362448929,237475.0
6536.293846019624,237214.0
6536.473329590318,236432.0
6536.652813161012,234016.0
6536.832296731707,237562.0
6537.011780302401,241326.0
6537.191263873096,240581.0
6537.370747443791,240810.0
6537.550231014485,242548.0
6537.72971458518,245515.0
6537.909198155874,244695.0
6538.088681726569,241601.0
6538.268165297263,243034.0
6538.4476488679575,246509.0
6538.627132438653,249606.0
6538.806616009347,248446.0
6538.986099580042,248781.0
6539.165583150736,249566.0
6539.34506672143,248717.0
6539.524550292125,251301.0
6539.704033862819,253356.0
6539.8835174335145,252082.0
6540.063001004209,252955.0
6540.242484574903,254993.0
6540.421968145598,254776.0
6540.601451716292,255297.0
6540.780935286986,254126.0
6540.960418857681,251921.0
6541.1399024283755,255511.0
6541.319385999071,257705.0
6541.498869569765,260212.0
6541.678353140459,260488.0
6541.857836711154,259677.0
6542.037320281848,256569.0
6542.216803852543,255914.0
6542.3962874232375,258100.0
6542.575770993932,259489.0
6542.755254564627,260637.0
6542.934738135321,261592.0
6543.114221706016,264720.0
6543.29370527671,266597.0
6543.473188847404,265284.0
6543.652672418099,257991.0
6543.832155988794,256400.0
6544.011639559489,255739.0
6544.191123130183,260442.0
6544.370606700877,269294.0
6544.550090271572,273305.0
6544.729573842266,272973.0
6544.9090574129605,271293.0
6545.088540983656,270781.0
6545.26802455435,273871.0
6545.447508125045,273316.0
6545.626991695739,274211.0
6545.806475266433,276287.0
6545.985958837128,275707.0
6546.165442407822,279692.0
6546.3449259785175,280490.0
6546.524409549212,281522.0
6546.703893119906,284228.0
6546.883376690601,284852.0
6547.062860261295,283524.0
6547.24234383199,282744.0
6547.421827402684,282618.0
6547.6013109733785,281622.0
6547.780794544074,283202.0
6547.960278114768,289669.0
6548.139761685463,289486.0
6548.319245256157,291507.0
6548.498728826851,285222.0
6548.678212397546,285552.0
6548.8576959682405,289191.0
6549.037179538935,294740.0
6549.21666310963,297755.0
6549.396146680324,298406.0
6549.575630251019,300529.0
6549.755113821713,305722.0
6549.934597392407,309613.0
6550.114080963102,306374.0
6550.293564533797,306959.0
6550.473048104492,311709.0
6550.652531675186,314434.0
6550.83201524588,316278.0
6551.011498816575,317605.0
6551.190982387269,323838.0
6551.370465957964,326930.0
6551.5499495286585,325523.0
6551.729433099353,325217.0
6551.908916670048,328975.0
6552.088400240742,332483.0
6552.267883811437,332561.0
6552.447367382131,331734.0
6552.626850952825,330591.0
6552.8063345235205,335312.0
6552.985818094215,349606.0
6553.165301664909,359152.0
6553.344785235604,368766.0
6553.524268806298,372486.0
6553.703752376993,367604.0
6553.883235947687,372708.0
6554.0627195183815,385030.0
6554.242203089077,393155.0
6554.421686659771,397024.0
6554.601170230466,402119.0
6554.78065380116,412024.0
6554.960137371854,422396.0
6555.139620942549,432015.0
6555.3191045132435,442136.0
6555.498588083939,446132.0
6555.678071654633,461735.0
6555.857555225327,478882.0
6556.037038796022,490458.0
6556.216522366716,506135.0
6556.396005937411,518173.0
6556.575489508105,533243.0
6556.7549730788,553603.0
6556.934456649495,568667.0
6557.113940220189,584632.0
6557.293423790883,612727.0
6557.472907361578,645721.0
6557.652390932272,679533.0
6557.831874502967,714252.0
6558.0113580736615,747252.0
6558.190841644356,787280.0
6558.370325215051,822955.0
6558.549808785745,863111.0
6558.72929235644,922443.0
6558.908775927134,985282.0
6559.088259497828,1.0519e+06
6559.2677430685235,1.10271e+06
6559.447226639218,1.16741e+06
6559.626710209913,1.24314e+06
6559.806193780607,1.31778e+06
6559.985677351301,1.40627e+06
6560.165160921996,1.49653e+06
6560.34464449269,1.55274e+06
6560.524128063385,1.59772e+06
6560.70361163408,1.67062e+06
6560.883095204774,1.73844e+06
6561.062578775469,1.78792e+06
6561.242062346163,1.79787e+06
6561.421545916857,1.79434e+06
6561.601029487552,1.80951e+06
6561.7805130582465,1.74335e+06
6561.959996628942,1.60055e+06
6562.139480199636,1.37257e+06
6562.31896377033,1.09792e+06
6562.498447341025,878154.0
6562.677930911719,777913.0
6562.857414482414,826526.0
6563.036898053108,998468.0
6563.216381623803,1.23494e+06
6563.395865194498,1.47503e+06
6563.575348765192,1.65865e+06
6563.754832335887,1.75576e+06
6563.934315906581,1.77092e+06
6564.113799477275,1.78375e+06
6564.29328304797,1.79674e+06
6564.4727666186645,1.78669e+06
6564.65225018936,1.78127e+06
6564.831733760054,1.73398e+06
6565.011217330748,1.6672e+06
6565.190700901443,1.5818e+06
6565.370184472137,1.509e+06
6565.549668042831,1.44046e+06
6565.7291516135265,1.36114e+06
6565.908635184221,1.27409e+06
6566.088118754916,1.19761e+06
6566.26760232561,1.13221e+06
6566.447085896304,1.07088e+06
6566.626569466999,1.01958e+06
6566.806053037693,964726.0
6566.985536608388,912381.0
6567.165020179083,866985.0
6567.344503749777,820019.0
6567.523987320472,776624.0
6567.703470891166,742310.0
6567.882954461861,709359.0
6568.062438032555,679471.0
6568.2419216032495,651145.0
6568.421405173945,623233.0
6568.600888744639,601003.0
6568.780372315334,581263.0
6568.959855886028,560834.0
6569.139339456722,546292.0
6569.318823027417,530976.0
6569.498306598111,512834.0
6569.677790168806,501195.0
6569.857273739501,495168.0
6570.036757310195,490612.0
6570.21624088089,477901.0
6570.395724451584,466581.0
6570.575208022278,457077.0
6570.754691592973,449100.0
6570.9341751636675,437908.0
6571.113658734363,429411.0
6571.293142305057,423470.0
6571.472625875751,419214.0
6571.652109446446,411411.0
6571.83159301714,402997.0
6572.011076587835,393300.0
6572.1905601585295,386746.0
6572.370043729224,384926.0
6572.549527299919,383408.0
6572.729010870613,380810.0
6572.908494441308,381013.0
6573.087978012002,378733.0
6573.267461582696,371972.0
6573.446945153391,371364.0
6573.626428724086,368909.0
6573.80591229478,364621.0
6573.985395865475,364644.0
6574.164879436169,360254.0
6574.344363006864,357164.0
6574.523846577558,353648.0
6574.7033301482525,344631.0
6574.882813718948,337829.0
6575.062297289642,339993.0
6575.241780860337,349926.0
6575.421264431031,352586.0
6575.600748001725,351141.0
6575.78023157242,348780.0
6575.959715143114,344522.0
6576.1391987138095,344293.0
6576.318682284504,345218.0
6576.498165855198,341237.0
6576.677649425893,338824.0
6576.857132996587,340438.0
6577.036616567282,340531.0
6577.216100137976,339096.0
6577.3955837086705,335360.0
6577.575067279366,335678.0
6577.75455085006,338468.0
6577.934034420754,335037.0
6578.113517991449,334007.0
6578.293001562143,331448.0
6578.472485132838,330151.0
6578.6519687035325,331323.0
6578.831452274227,330500.0
6579.010935844922,328701.0
6579.190419415616,327445.0
6579.369902986311,328670.0
6579.549386557005,329562.0
6579.728870127699,330041.0
6579.908353698394,328890.0
6580.087837269089,329617.0
6580.267320839784,330815.0
6580.446804410478,327918.0
6580.626287981172,325187.0
6580.805771551867,323226.0
6580.985255122561,323628.0
6581.164738693256,326799.0
6581.3442222639505,328434.0
6581.523705834645,329170.0
6581.70318940534,329346.0
6581.882672976034,328382.0
6582.062156546729,324439.0
6582.241640117423,326059.0
6582.421123688117,329770.0
6582.6006072588125,329831.0
6582.780090829507,326720.0
6582.959574400201,328704.0
6583.139057970896,323513.0
6583.31854154159,319703.0
6583.498025112285,323495.0
6583.677508682979,327886.0
6583.8569922536735,329182.0
6584.036475824369,328374.0
6584.215959395063,326517.0
6584.395442965758,326729.0
6584.574926536452,326951.0
6584.754410107146,325535.0
6584.933893677841,328687.0
6585.1133772485355,331420.0
6585.292860819231,326751.0
6585.472344389925,324745.0
6585.651827960619,327460.0
6585.831311531314,326986.0
6586.010795102008,327660.0
6586.190278672703,324835.0
6586.369762243397,323970.0
6586.549245814092,321890.0
6586.728729384787,318059.0
6586.908212955481,321782.0
6587.087696526175,323524.0
6587.26718009687,323949.0
6587.446663667564,325012.0
6587.626147238259,326660.0
6587.8056308089535,327139.0
6587.985114379648,325711.0
6588.164597950343,327868.0
6588.344081521037,331044.0
6588.523565091732,328794.0
6588.703048662426,327145.0
6588.88253223312,326709.0
6589.0620158038155,326515.0
6589.24149937451,327978.0
6589.420982945205,326175.0
6589.600466515899,323936.0
6589.779950086593,324434.0
6589.959433657288,323526.0
6590.138917227982,323516.0
6590.318400798677,325592.0
6590.497884369372,326805.0
6590.677367940066,325588.0
6590.856851510761,322900.0
6591.036335081455,322924.0
6591.215818652149,327738.0
6591.395302222844,325161.0
6591.5747857935385,322743.0
6591.754269364234,321727.0
6591.933752934928,323352.0
6592.113236505622,324479.0
6592.292720076317,321936.0
6592.472203647011,321087.0
6592.651687217706,320700.0
6592.8311707884,318909.0
6593.010654359095,318522.0
6593.19013792979,318482.0
6593.369621500484,319502.0
6593.549105071179,320004.0
6593.728588641873,320974.0
6593.908072212567,320234.0
6594.087555783262,322216.0
6594.2670393539565,318850.0
6594.446522924652,315075.0
6594.626006495346,316836.0
6594.80549006604,319695.0
6594.984973636735,323653.0
6595.164457207429,323140.0
6595.343940778123,320618.0
6595.5234243488185,319140.0
6595.702907919513,320103.0
6595.882391490208,323482.0
6596.061875060902,319830.0
6596.241358631596,315725.0
6596.420842202291,315814.0
6596.600325772985,317386.0
6596.77980934368,317362.0
6596.959292914375,319902.0
6597.138776485069,320972.0
6597.318260055764,318462.0
6597.497743626458,321154.0
6597.677227197153,323597.0
6597.856710767847,321197.0
6598.0361943385415,320071.0
6598.215677909237,318628.0
6598.395161479931,318364.0
6598.574645050626,318356.0
6598.75412862132,318268.0
6598.933612192014,317765.0
6599.113095762709,315605.0
6599.292579333403,311455.0
6599.472062904098,314112.0
6599.651546474793,317311.0
6599.831030045487,317588.0
6600.010513616182,317469.0
6600.189997186876,316343.0
6600.36948075757,317624.0
6600.548964328265,319501.0
6600.7284478989595,317366.0
6600.907931469655,316460.0
6601.087415040349,319338.0
6601.266898611043,319556.0
6601.446382181738,318970.0
6601.625865752432,316966.0
6601.805349323127,313401.0
6601.9848328938215,314059.0
6602.164316464516,315055.0
6602.343800035211,314558.0
6602.523283605905,314637.0
6602.7027671766,315691.0
6602.882250747294,316120.0
6603.061734317988,314488.0
6603.241217888683,315501.0
6603.420701459378,315867.0
6603.600185030072,311518.0
6603.779668600767,312720.0
6603.959152171461,313139.0
6604.138635742156,317182.0
6604.31811931285,313561.0
6604.4976028835445,312236.0
6604.6770864542395,311201.0
6604.856570024934,310626.0
6605.036053595629,313396.0
6605.215537166323,310577.0
6605.395020737017,312350.0
6605.574504307712,312350.0
6605.753987878406,311214.0
6605.9334714491015,311189.0
6606.112955019796,313465.0
6606.29243859049,315950.0
6606.471922161185,311608.0
6606.651405731879,314903.0
6606.830889302574,315043.0
6607.010372873268,311875.0
6607.1898564439625,309064.0
6607.369340014658,311393.0
6607.548823585352,309284.0
6607.728307156046,309974.0
6607.907790726741,312492.0
6608.087274297435,311387.0
6608.26675786813,307325.0
6608.4462414388245,308215.0
6608.625725009519,310586.0
6608.805208580214,309158.0
6608.984692150908,308856.0
6609.164175721603,310151.0
6609.343659292297,308722.0
6609.523142862991,306006.0
6609.702626433686,309049.0
6609.882110004381,308882.0
6610.061593575076,309251.0
6610.24107714577,310748.0
6610.420560716464,309426.0
6610.600044287159,308850.0
6610.779527857853,309554.0
6610.959011428548,306203.0
6611.1384949992425,303215.0
6611.317978569937,306222.0
6611.497462140632,308230.0
6611.676945711326,308118.0
6611.85642928202,309380.0
6612.035912852715,307878.0
6612.215396423409,306376.0
6612.3948799941045,304475.0
6612.574363564799,302060.0
6612.753847135493,302463.0
6612.933330706188,301822.0
6613.112814276882,301319.0
6613.292297847577,302755.0
6613.471781418271,300514.0
6613.6512649889655,296992.0
6613.830748559661,300905.0
6614.010232130355,302110.0
6614.18971570105,299808.0
6614.369199271744,303223.0
6614.548682842438,305076.0
6614.728166413133,303288.0
6614.9076499838275,301612.0
6615.087133554523,302512.0
6615.266617125217,301467.0
6615.446100695911,302098.0
6615.625584266606,305024.0
6615.8050678373,301217.0
6615.984551407995,301422.0
6616.164034978689,302697.0
6616.343518549384,303180.0
6616.523002120079,302161.0
6616.702485690773,300087.0
6616.881969261467,298767.0
6617.061452832162,299503.0
6617.240936402856,299021.0
6617.420419973551,300635.0
6617.5999035442455,301947.0
6617.77938711494,300252.0
6617.958870685635,297691.0
6618.138354256329,297190.0
6618.317837827024,296224.0
6618.497321397718,295567.0
6618.676804968412,296384.0
6618.8562885391075,299748.0
6619.035772109802,297181.0
6619.215255680497,296288.0
6619.394739251191,299412.0
6619.574222821885,298219.0
6619.75370639258,301085.0
6619.933189963274,296510.0
6620.112673533969,293276.0
6620.292157104664,294453.0
6620.471640675358,296181.0
6620.651124246053,298382.0
6620.830607816747,296821.0
6621.010091387441,295604.0
6621.189574958136,295758.0
6621.3690585288305,297230.0
6621.548542099526,293614.0
6621.72802567022,290538.0
6621.907509240914,293436.0
6622.086992811609,295598.0
6622.266476382303,298262.0
6622.445959952998,294569.0
6622.625443523692,291036.0
6622.804927094387,291215.0
6622.984410665082,293492.0
6623.163894235776,292002.0
6623.343377806471,293436.0
6623.522861377165,291730.0
6623.702344947859,292560.0
6623.881828518554,293677.0
6624.0613120892485,291268.0
6624.240795659944,290107.0
6624.420279230638,290661.0
6624.599762801332,289788.0
6624.779246372027,287323.0
6624.958729942721,292707.0
6625.138213513415,292757.0
6625.3176970841105,289225.0
6625.497180654805,288309.0
6625.6766642255,288546.0
6625.856147796194,288935.0
6626.035631366888,288481.0
6626.215114937583,285890.0
6626.394598508277,286030.0
6626.574082078972,286222.0
6626.753565649667,288499.0
6626.933049220361,288540.0
6627.112532791056,284211.0
6627.29201636175,283019.0
6627.471499932445,284748.0
6627.650983503139,287236.0
6627.8304670738335,283835.0
6628.0099506445285,282289.0
6628.189434215223,284633.0
6628.368917785918,284276.0
6628.548401356612,282374.0
6628.727884927306,283945.0
6628.907368498001,286881.0
6629.086852068695,287494.0
6629.26633563939,285767.0
6629.445819210085,282135.0
6629.625302780779,281556.0
6629.804786351474,283332.0
6629.984269922168,282140.0
6630.163753492862,280437.0
6630.343237063557,282415.0
6630.5227206342515,287215.0
6630.702204204947,286434.0
6630.881687775641,280012.0
6631.061171346335,279619.0
6631.24065491703,280102.0
6631.420138487724,280809.0
6631.599622058419,280536.0
6631.7791056291135,281422.0
6631.958589199808,283405.0
6632.138072770503,281772.0
6632.317556341197,279621.0
6632.497039911892,277965.0
6632.676523482586,278414.0
6632.85600705328,280254.0
6633.035490623975,279400.0
6633.21497419467,276419.0
6633.394457765364,276183.0
6633.573941336059,275805.0
6633.753424906753,276850.0
6633.932908477448,276521.0
6634.112392048142,275536.0
6634.2918756188365,275511.0
6634.4713591895315,276705.0
6634.650842760226,278545.0
6634.830326330921,277677.0
6635.009809901615,274429.0
6635.189293472309,273144.0
6635.368777043004,272418.0
6635.548260613698,272772.0
6635.7277441843935,271252.0
6635.907227755088,273198.0
6636.086711325782,272572.0
6636.266194896477,273356.0
6636.445678467171,270439.0
6636.625162037866,270726.0
6636.80464560856,268861.0
6636.9841291792545,269419.0
6637.16361274995,271410.0
6637.343096320644,272043.0
6637.522579891338,268530.0
6637.702063462033,267640.0
6637.881547032727,269912.0
6638.061030603422,271671.0
6638.2405141741165,271749.0
6638.419997744811,268686.0
6638.599481315506,265399.0
6638.7789648862,264904.0
6638.958448456895,266144.0
6639.137932027589,264436.0
6639.317415598283,266489.0
6639.496899168978,268826.0
6639.676382739673,267827.0
6639.855866310368,266630.0
6640.035349881062,266013.0
6640.214833451756,264914.0
6640.394317022451,264755.0
6640.573800593145,264096.0
6640.75328416384,263765.0
6640.9327677345345,262763.0
6641.112251305229,262826.0
6641.291734875924,263978.0
6641.471218446618,263766.0
6641.650702017312,263888.0
6641.830185588007,260974.0
6642.009669158701,260771.0
6642.1891527293965,260893.0
6642.368636300091,260509.0
6642.548119870785,262135.0
6642.72760344148,262019.0
6642.907087012174,259523.0
6643.086570582869,259863.0
6643.266054153563,259306.0
6643.4455377242575,260160.0
6643.625021294953,259190.0
6643.804504865647,256962.0
6643.983988436342,257049.0
6644.163472007036,257122.0
6644.34295557773,256818.0
6644.522439148425,256522.0
6644.7019227191195,255997.0
6644.881406289815,253081.0
6645.060889860509,256695.0
6645.240373431203,259231.0
6645.419857001898,258275.0
6645.599340572592,254840.0
6645.778824143286,254148.0
6645.958307713981,255080.0
6646.137791284676,254861.0
6646.317274855371,254635.0
6646.496758426065,255361.0
6646.676241996759,252625.0
6646.855725567454,250950.0
6647.035209138148,253095.0
6647.214692708843,253479.0
6647.3941762795375,252735.0
6647.573659850232,250161.0
6647.753143420927,250969.0
6647.932626991621,251000.0
6648.112110562316,250904.0
6648.29159413301,249948.0
6648.471077703704,250818.0
6648.6505612743995,250378.0
6648.830044845094,247623.0
6649.009528415789,247983.0
6649.189011986483,247229.0
6649.368495557177,247901.0
6649.547979127872,247773.0
6649.727462698566,247763.0
6649.9069462692605,246029.0
6650.086429839956,245417.0
6650.26591341065,244629.0
6650.445396981345,244690.0
6650.624880552039,243908.0
6650.804364122733,246232.0
6650.983847693428,247621.0
6651.1633312641225,244709.0
6651.342814834818,242369.0
6651.522298405512,242132.0
6651.701781976206,240206.0
6651.881265546901,240688.0
6652.060749117595,242035.0
6652.24023268829,244010.0
6652.419716258984,243949.0
6652.599199829679,241634.0
6652.778683400374,239589.0
6652.958166971068,242967.0
6653.137650541763,241209.0
6653.317134112457,237125.0
6653.496617683151,237978.0
6653.676101253846,238092.0
6653.8555848245405,237812.0
6654.035068395235,236839.0
6654.21455196593,239199.0
6654.394035536624,240425.0
6654.573519107319,236387.0
6654.753002678013,235573.0
6654.932486248707,235843.0
6655.1119698194025,234458.0
6655.291453390097,236978.0
6655.470936960792,234604.0
6655.650420531486,233589.0
6655.82990410218,235685.0
6656.009387672875,232739.0
6656.188871243569,230125.0
6656.368354814264,231384.0
6656.547838384959,235127.0
6656.727321955653,234960.0
6656.906805526348,232110.0
6657.086289097042,229681.0
6657.265772667737,230727.0
6657.445256238431,232385.0
6657.6247398091255,229960.0
6657.8042233798205,230138.0
6657.983706950515,230098.0
6658.163190521209,231166.0
6658.342674091904,229258.0
6658.522157662598,228146.0
6658.701641233293,227719.0
6658.881124803987,226073.0
6659.060608374682,227159.0
6659.240091945377,225223.0
6659.419575516071,225694.0
6659.599059086766,227550.0
6659.77854265746,227469.0
6659.958026228154,227759.0
6660.137509798849,225361.0
6660.3169933695435,222096.0
6660.496476940239,222798.0
6660.675960510933,222789.0
6660.855444081627,226777.0
6661.034927652322,223846.0
6661.214411223016,220258.0
6661.393894793711,219102.0
6661.5733783644055,220498.0
6661.7528619351,221801.0
6661.932345505795,221689.0
6662.111829076489,219954.0
6662.291312647183,219927.0
6662.470796217878,218282.0
6662.650279788572,218137.0
6662.829763359267,218307.0
6663.009246929962,217718.0
6663.188730500656,217436.0
6663.368214071351,218296.0
6663.547697642045,218545.0
6663.72718121274,217329.0
6663.906664783434,217299.0
6664.086148354128,217911.0
6664.2656319248235,216185.0
6664.445115495518,213609.0
6664.624599066213,213499.0
6664.804082636907,213887.0
6664.983566207601,215082.0
6665.163049778296,214424.0
6665.34253334899,211585.0
6665.5220169196855,211966.0
6665.70150049038,211015.0
6665.880984061074,212256.0
6666.060467631769,212283.0
6666.239951202463,210741.0
6666.419434773157,207491.0
6666.598918343852,208647.0
6666.7784019145465,205889.0
6666.957885485242,206224.0
6667.137369055936,210020.0
6667.31685262663,208985.0
6667.496336197325,207626.0
6667.675819768019,208977.0
6667.855303338714,207565.0
6668.0347869094085,206813.0
6668.214270480103,207468.0
6668.393754050798,206199.0
6668.573237621492,207088.0
6668.752721192187,202655.0
6668.932204762881,205209.0
6669.111688333575,204730.0
6669.29117190427,202787.0
6669.470655474965,202492.0
6669.65013904566,203138.0
6669.829622616354,201864.0
6670.009106187048,200952.0
6670.188589757743,200742.0
6670.368073328437,201157.0
6670.547556899131,199522.0
6670.7270404698265,201673.0
6670.906524040521,199493.0
6671.086007611216,197654.0
6671.26549118191,198875.0
6671.444974752604,198289.0
6671.624458323299,196907.0
6671.803941893993,196481.0
6671.9834254646885,196022.0
6672.162909035383,193369.0
6672.342392606077,193681.0
6672.521876176772,191102.0
6672.701359747466,189812.0
6672.880843318161,189744.0
6673.060326888855,188128.0
6673.2398104595495,190674.0
6673.419294030245,191506.0
6673.598777600939,189144.0
6673.778261171634,187651.0
6673.957744742328,184929.0
6674.137228313022,184684.0
6674.316711883717,184734.0
6674.4961954544115,184473.0
6674.675679025106,185280.0
6674.855162595801,184183.0
6675.034646166495,182963.0
6675.21412973719,182736.0
6675.393613307884,184253.0
6675.573096878578,184049.0
6675.752580449273,182123.0
6675.932064019968,179691.0
6676.111547590663,181219.0
6676.291031161357,179755.0
6676.470514732051,176231.0
6676.649998302746,178220.0
6676.82948187344,175767.0
6677.008965444135,175891.0
6677.1884490148295,175837.0
6677.367932585524,174407.0
6677.547416156219,173824.0
6677.726899726913,173342.0
6677.906383297608,173838.0
6678.085866868302,173078.0
6678.265350438996,170912.0
6678.4448340096915,172260.0
6678.624317580386,174175.0
6678.80380115108,174220.0
6678.983284721775,171695.0
6679.162768292469,170836.0
6679.342251863164,169977.0
6679.521735433858,168494.0
6679.7012190045525,169251.0
6679.880702575248,171146.0
6680.060186145942,168396.0
6680.239669716637,167153.0
6680.419153287331,167537.0
6680.598636858025,169379.0
6680.77812042872,169207.0
6680.9576039994145,166835.0
6681.1370875701095,166811.0
6681.316571140804,165096.0
6681.496054711498,165576.0
6681.675538282193,167629.0
6681.855021852887,166693.0
6682.034505423582,166821.0
6682.213988994276,167117.0
6682.393472564971,164775.0
6682.572956135666,166596.0
6682.75243970636,166929.0
6682.931923277054,164305.0
6683.111406847749,163654.0
6683.290890418443,163636.0
6683.470373989138,163947.0
6683.6498575598325,163715.0
6683.829341130527,163231.0
6684.008824701222,162557.0
6684.188308271916,161675.0
6684.367791842611,162716.0
6684.547275413305,163995.0
6684.726758983999,164002.0
6684.9062425546945,161285.0
6685.085726125389,162367.0
6685.265209696084,160693.0
6685.444693266778,160419.0
6685.624176837472,160035.0
6685.803660408167,161115.0
6685.983143978861,164074.0
6686.162627549556,159166.0
6686.342111120251,159486.0
6686.521594690945,158482.0
6686.70107826164,159349.0
6686.880561832334,160626.0
6687.060045403028,156728.0
6687.239528973723,156134.0
6687.4190125444175,155817.0
6687.5984961151125,155041.0
6687.777979685807,156576.0
6687.957463256501,156711.0
6688.136946827196,154067.0
6688.31643039789,155116.0
6688.495913968585,155447.0
6688.675397539279,153947.0
6688.854881109974,154290.0
6689.034364680669,151901.0
6689.213848251363,150813.0
6689.393331822058,149725.0
6689.572815392752,148672.0
6689.752298963446,150072.0
6689.931782534141,149372.0
6690.1112661048355,147745.0
6690.290749675531,149151.0
6690.470233246225,149976.0
6690.649716816919,148395.0
6690.829200387614,145521.0
6691.008683958308,145988.0
6691.188167529002,145808.0
6691.3676510996975,146747.0
6691.547134670392,145031.0
6691.726618241087,143957.0
6691.906101811781,142162.0
6692.085585382475,144364.0
6692.26506895317,144008.0
6692.444552523864,141967.0
6692.624036094559,141596.0
6692.803519665254,141370.0
6692.983003235948,141376.0
6693.162486806643,140580.0
6693.341970377337,139514.0
6693.521453948032,139904.0
6693.700937518726,139443.0
6693.88042108942,139853.0
6694.0599046601155,138326.0
6694.23938823081,137335.0
6694.418871801505,136323.0
6694.598355372199,137132.0
6694.777838942893,136393.0
6694.957322513588,134230.0
6695.136806084282,134592.0
6695.316289654977,136004.0
6695.495773225672,135287.0
6695.675256796366,133907.0
6695.854740367061,132114.0
6696.034223937755,132256.0
6696.213707508449,132453.0
6696.393191079144,132410.0
6696.5726746498385,129914.0
6696.752158220534,129801.0
6696.931641791228,130470.0
6697.111125361922,126712.0
6697.290608932617,126961.0
6697.470092503311,127030.0
6697.649576074006,128453.0
6697.8290596447005,127225.0
6698.008543215395,126689.0
6698.18802678609,126988.0
6698.367510356784,126928.0
6698.546993927479,126156.0
6698.726477498173,124997.0
6698.905961068867,122802.0
6699.085444639562,122725.0
6699.264928210257,122989.0
6699.444411780952,123617.0
6699.623895351646,122424.0
6699.80337892234,119931.0
6699.982862493035,117186.0
6700.162346063729,120298.0
6700.341829634423,121171.0
6700.5213132051185,121124.0
6700.700796775813,119290.0
6700.880280346508,118259.0
6701.059763917202,118297.0
6701.239247487896,117652.0
6701.418731058591,116442.0
6701.598214629285,116567.0
6701.7776981999805,116321.0
6701.957181770675,114561.0
6702.136665341369,113419.0
6702.316148912064,115723.0
6702.495632482758,114765.0
6702.675116053453,112629.0
6702.854599624147,112250.0
6703.0340831948415,111041.0
6703.213566765537,111776.0
6703.393050336231,111644.0
6703.572533906926,111884.0
6703.75201747762,111484.0
6703.931501048314,109723.0
6704.110984619009,108938.0
6704.2904681897035,107094.0
6704.469951760398,107252.0
6704.649435331093,108533.0
6704.828918901787,106429.0
6705.008402472482,107197.0
6705.187886043176,104965.0
6705.36736961387,104527.0
6705.546853184565,107592.0
6705.72633675526,103724.0
6705.905820325955,103873.0
6706.085303896649,103639.0
6706.264787467343,103430.0
6706.444271038038,102191.0
6706.623754608732,102786.0
6706.803238179427,102638.0
6706.9827217501215,102316.0
6707.162205320816,101845.0
6707.341688891511,99746.3
6707.521172462205,100278.0
6707.7006560329,100377.0
6707.880139603594,97537.9
6708.059623174288,98430.0
6708.2391067449835,97834.7
6708.418590315678,97876.2
6708.598073886372,96939.7
6708.777557457067,97727.5
6708.957041027761,97447.3
6709.136524598456,95035.7
6709.31600816915,95786.5
6709.4954917398445,94765.0
6709.67497531054,94399.7
6709.854458881234,93458.5
6710.033942451929,94116.6
6710.213426022623,92914.0
6710.392909593317,92687.0
6710.572393164012,91065.5
6710.7518767347065,91384.9
6710.9313603054015,91129.8
6711.110843876096,89792.5
6711.29032744679,88648.1
6711.469811017485,89621.6
6711.649294588179,91047.4
6711.828778158874,88849.3
6712.008261729568,87667.8
6712.187745300263,87848.0
6712.367228870958,86297.8
6712.546712441652,86086.8
6712.726196012347,86386.3
6712.905679583041,84901.9
6713.085163153735,85208.6
6713.26464672443,84446.0
6713.4441302951245,84530.0
6713.623613865819,83367.0
6713.803097436514,83896.4
6713.982581007208,83019.3
6714.162064577903,82631.3
6714.341548148597,81245.8
6714.521031719291,81487.9
6714.7005152899865,80265.9
6714.879998860681,80167.8
6715.059482431376,80300.7
6715.23896600207,80007.8
6715.418449572764,79902.0
6715.597933143459,79221.3
6715.777416714153,77156.8
6715.956900284848,77283.0
6716.136383855543,77230.9
6716.315867426237,76677.4
6716.495350996932,75862.4
6716.674834567626,75823.8
6716.854318138321,74984.5
6717.033801709015,73227.0
6717.213285279709,74742.3
6717.3927688504045,74387.0
6717.572252421099,73135.6
6717.751735991793,73828.5
6717.931219562488,73238.5
6718.110703133182,71214.1
6718.290186703877,70846.8
6718.469670274571,69345.8
6718.649153845266,70980.2
6718.828637415961,71458.6
6719.008120986655,69642.6
6719.18760455735,70704.7
6719.367088128044,69167.7
6719.546571698738,68590.5
6719.726055269433,67371.8
6719.9055388401275,68165.4
6720.085022410823,67220.4
6720.264505981517,67449.5
6720.443989552211,67108.8
6720.623473122906,67510.6
6720.8029566936,65846.7
6720.982440264295,64998.3
6721.1619238349895,65230.9
6721.341407405684,64595.9
6721.520890976379,63775.3
6721.700374547073,65099.3
6721.879858117767,64007.0
6722.059341688462,62982.7
6722.238825259156,62525.9
6722.418308829851,63341.5
6722.597792400546,61660.1
6722.77727597124,61903.1
6722.956759541935,62603.0
6723.136243112629,60435.1
6723.315726683324,60368.8
6723.495210254018,58994.4
6723.674693824712,58557.2
6723.8541773954075,57371.3
6724.033660966102,59009.1
6724.213144536797,58194.2
6724.392628107491,58149.5
6724.572111678185,58116.6
6724.75159524888,56726.0
6724.931078819574,57370.4
6725.1105623902695,57771.7
6725.290045960964,57329.5
6725.469529531658,56303.3
6725.649013102353,56340.3
6725.828496673047,54896.6
6726.007980243741,55192.8
6726.187463814436,54217.5
6726.3669473851305,54172.8
6726.546430955826,53115.7
6726.72591452652,53373.3
6726.905398097214,52201.0
6727.084881667909,52432.4
6727.264365238603,51937.9
6727.443848809298,52040.2
6727.6233323799925,51631.4
6727.802815950687,51581.1
6727.982299521382,50519.5
6728.161783092076,51201.1
6728.341266662771,50551.2
6728.520750233465,50421.6
6728.700233804159,48908.7
6728.879717374854,48670.8
6729.059200945549,49092.1
6729.238684516244,49632.6
6729.418168086938,48821.7
6729.597651657632,48211.0
6729.777135228327,47273.5
6729.956618799021,46705.4
6730.136102369715,46981.3
6730.3155859404105,46223.4
6730.495069511105,46324.9
6730.6745530818,46559.8
6730.854036652494,47126.4
6731.033520223188,45203.0
6731.213003793883,44475.1
6731.392487364577,44495.4
6731.5719709352725,44034.3
6731.751454505967,42601.5
6731.930938076661,42359.8
6732.110421647356,42863.8
6732.28990521805,44123.3
6732.469388788745,43075.0
6732.648872359439,43234.1
6732.8283559301335,41760.9
6733.007839500829,41019.5
6733.187323071523,39748.7
6733.366806642218,39945.5
6733.546290212912,40359.2
6733.725773783606,39731.7
6733.905257354301,39926.4
6734.0847409249955,39865.6
6734.26422449569,36073.0
