6487.4240518042,92680.3
6487.6035768886295,92285.4
6487.783101973058,93072.0
6487.962627057488,93470.4
6488.142152141917,93338.4
6488.321677226347,93675.8
6488.5012023107765,96335.0
6488.680727395205,99334.8
6488.860252479635,98072.9
6489.039777564064,97948.7
6489.219302648494,98482.6
6489.398827732924,98669.3
6489.578352817352,98878.6
6489.757877901782,100648.0
6489.937402986211,102063.0
6490.116928070641,102000.0
6490.296453155071,102633.0
6490.475978239499,101404.0
6490.655503323929,98330.2
6490.835028408358,97849.3
6491.014553492788,100947.0
6491.194078577218,105138.0
6491.3736036616465,107691.0
6491.553128746076,106942.0
6491.732653830506,105578.0
6491.912178914935,107746.0
6492.091703999365,109457.0
6492.2712290837935,110353.0
6492.450754168223,109560.0
6492.630279252653,108324.0
6492.809804337082,107392.0
6492.989329421512,106866.0
6493.1688545059405,107617.0
6493.34837959037,109573.0
6493.5279046748,111396.0
6493.707429759229,114440.0
6493.886954843659,117414.0
6494.066479928088,117636.0
6494.246005012517,117067.0
6494.425530096947,116321.0
6494.605055181376,116914.0
6494.784580265806,119633.0
6494.964105350235,120170.0
6495.143630434664,118436.0
6495.323155519094,118068.0
6495.502680603523,117877.0
6495.682205687953,115292.0
6495.861730772382,115026.0
6496.041255856811,116039.0
6496.220780941241,118316.0
6496.40030602567,122988.0
6496.5798311101,124295.0
6496.759356194529,125313.0
6496.938881278958,123982.0
6497.118406363388,124257.0
6497.297931447817,125279.0
6497.477456532247,124638.0
6497.656981616676,123872.0
6497.8365067011055,125604.0
6498.016031785535,127011.0
6498.195556869964,125852.0
6498.375081954394,128905.0
6498.554607038823,130156.0
6498.7341321232525,129340.0
6498.913657207682,129651.0
6499.093182292111,131207.0
6499.272707376541,132799.0
6499.45223246097,133090.0
6499.6317575453995,131817.0
6499.811282629829,131177.0
6499.990807714258,131874.0
6500.170332798688,134563.0
6500.349857883118,135662.0
6500.529382967547,134005.0
6500.708908051976,134582.0
6500.888433136405,136110.0
6501.067958220835,136299.0
6501.247483305265,137169.0
6501.427008389694,137781.0
6501.606533474123,138469.0
6501.786058558552,139215.0
6501.965583642982,139645.0
6502.145108727412,139711.0
6502.324633811841,139788.0
6502.50415889627,140737.0
6502.683683980699,142126.0
6502.863209065129,142655.0
6503.042734149559,143802.0
6503.222259233988,146408.0
6503.401784318417,144579.0
6503.581309402846,145518.0
6503.760834487276,144833.0
6503.940359571706,145798.0
6504.119884656135,148436.0
6504.299409740564,147844.0
6504.478934824993,147953.0
6504.658459909423,151650.0
6504.837984993853,151726.0
6505.017510078282,153819.0
6505.1970351627115,154823.0
6505.37656024714,154454.0
6505.55608533157,155683.0
6505.735610416,155774.0
6505.915135500429,154992.0
6506.0946605848585,157191.0
6506.274185669287,160245.0
6506.453710753717,160710.0
6506.633235838147,159939.0
6506.812760922576,160458.0
6506.9922860070055,161286.0
6507.171811091434,161870.0
6507.351336175864,163397.0
6507.530861260294,162024.0
6507.710386344723,161058.0
6507.889911429153,163759.0
6508.069436513582,163023.0
6508.248961598011,163712.0
6508.428486682441,162151.0
6508.60801176687,160793.0
6508.7875368513,163053.0
6508.967061935729,168839.0
6509.146587020158,172872.0
6509.326112104588,171774.0
6509.505637189017,171718.0
6509.685162273447,174103.0
6509.864687357876,171197.0
6510.044212442305,170845.0
6510.223737526735,172800.0
6510.403262611164,174479.0
6510.582787695594,177298.0
6510.762312780023,177989.0
6510.941837864452,177823.0
6511.121362948882,178530.0
6511.300888033311,179584.0
6511.480413117741,182550.0
6511.65993820217,184225.0
6511.839463286599,183932.0
6512.018988371029,181875.0
6512.198513455458,179549.0
6512.378038539888,181748.0
6512.5575636243175,186994.0
6512.737088708746,192455.0
6512.916613793176,195982.0
6513.096138877605,195638.0
6513.275663962035,193840.0
6513.4551890464645,194831.0
6513.634714130893,199724.0
6513.814239215323,199961.0
6513.993764299752,197675.0
6514.173289384182,197005.0
6514.3528144686115,195667.0
6514.53233955304,189485.0
6514.71186463747,184421.0
6514.891389721899,187677.0
6515.070914806329,193698.0
6515.250439890759,197920.0
6515.429964975187,200500.0
6515.609490059617,200254.0
6515.789015144046,195533.0
6515.968540228476,193890.0
6516.148065312906,195969.0
6516.3275903973345,191195.0
6516.507115481764,184869.0
6516.686640566194,186631.0
6516.866165650623,191290.0
6517.045690735053,201285.0
6517.2252158194815,206186.0
6517.404740903911,209229.0
6517.584265988341,214447.0
6517.76379107277,214183.0
6517.9433161572,211837.0
6518.1228412416285,214321.0
6518.302366326058,219495.0
6518.481891410488,221466.0
6518.661416494917,220080.0
6518.840941579347,219701.0
6519.020466663776,217569.0
6519.199991748205,214029.0
6519.379516832635,211781.0
6519.559041917064,212777.0
6519.738567001494,218443.0
6519.918092085923,221888.0
6520.097617170352,221096.0
6520.277142254782,220393.0
6520.456667339211,220556.0
6520.636192423641,221867.0
6520.81571750807,222404.0
6520.995242592499,222093.0
6521.174767676929,222585.0
6521.354292761358,222027.0
6521.533817845788,223453.0
6521.713342930217,223432.0
6521.892868014646,221413.0
6522.072393099076,220864.0
6522.251918183505,221718.0
6522.431443267935,223696.0
6522.610968352364,226030.0
6522.790493436793,225857.0
6522.970018521223,224994.0
6523.149543605652,225617.0
6523.329068690082,223818.0
6523.508593774511,220313.0
6523.6881188589405,219142.0
6523.86764394337,219457.0
6524.047169027799,221837.0
6524.226694112229,228371.0
6524.406219196659,233791.0
6524.5857442810875,233759.0
6524.765269365517,231479.0
6524.944794449946,232892.0
6525.124319534376,235180.0
6525.303844618806,234129.0
6525.4833697032345,237600.0
6525.662894787664,237747.0
6525.842419872093,235829.0
6526.021944956523,238505.0
6526.201470040953,239416.0
6526.380995125382,241576.0
6526.560520209811,244319.0
6526.74004529424,244163.0
6526.91957037867,241590.0
6527.0990954631,239516.0
6527.278620547529,240992.0
6527.458145631958,242812.0
6527.637670716387,244408.0
6527.817195800817,246144.0
6527.996720885247,247554.0
6528.176245969676,249754.0
6528.355771054105,251278.0
6528.535296138534,250806.0
6528.714821222964,251393.0
6528.894346307394,250956.0
6529.073871391823,251473.0
6529.253396476252,254014.0
6529.432921560681,254120.0
6529.612446645111,251399.0
6529.791971729541,252364.0
6529.97149681397,255348.0
6530.151021898399,257209.0
6530.330546982828,260036.0
6530.510072067258,257494.0
6530.689597151688,257067.0
6530.869122236117,258106.0
6531.0486473205465,261321.0
6531.228172404975,262135.0
6531.407697489405,263632.0
6531.587222573835,264866.0
6531.766747658264,263138.0
6531.9462727426935,260895.0
6532.125797827122,256461.0
6532.305322911552,250744.0
6532.484847995982,254478.0
6532.664373080411,261473.0
6532.8438981648405,265879.0
6533.02342324927,270622.0
6533.202948333699,268843.0
6533.382473418129,270398.0
6533.561998502558,276170.0
6533.741523586988,273088.0
6533.921048671417,268674.0
6534.100573755846,271151.0
6534.280098840276,273198.0
6534.459623924705,274530.0
6534.639149009135,276283.0
6534.818674093564,279171.0
6534.998199177993,280017.0
6535.177724262423,280605.0
6535.357249346852,279385.0
6535.536774431282,280696.0
6535.716299515711,280719.0
6535.89582460014,282820.0
6536.07534968457,283858.0
6536.254874768999,284301.0
6536.434399853429,284936.0
6536.613924937858,280658.0
6536.793450022287,285335.0
6536.972975106717,288563.0
6537.152500191146,293019.0
6537.332025275576,295118.0
6537.5115503600055,294886.0
6537.691075444434,294871.0
6537.870600528864,294924.0
6538.050125613293,296678.0
6538.229650697723,298379.0
6538.4091757821525,296627.0
6538.588700866581,294626.0
6538.768225951011,296436.0
6538.94775103544,298786.0
6539.12727611987,299207.0
6539.3068012042995,303935.0
6539.486326288728,306255.0
6539.665851373158,305217.0
6539.845376457587,305273.0
6540.024901542017,308302.0
6540.204426626447,307734.0
6540.383951710875,304578.0
6540.563476795305,306858.0
6540.743001879735,310503.0
6540.922526964164,308699.0
6541.102052048594,306763.0
6541.281577133022,307767.0
6541.461102217452,311395.0
6541.640627301882,313098.0
6541.820152386311,308114.0
6541.999677470741,306396.0
6542.1792025551695,308706.0
6542.358727639599,307664.0
6542.538252724029,309294.0
6542.717777808458,315183.0
6542.897302892888,315887.0
6543.0768279773165,315055.0
6543.256353061746,319346.0
6543.435878146176,318482.0
6543.615403230605,310784.0
6543.794928315035,301602.0
6543.9744533994635,301665.0
6544.153978483893,310612.0
6544.333503568323,321993.0
6544.513028652752,326216.0
6544.692553737182,324201.0
6544.872078821611,323596.0
6545.05160390604,329476.0
6545.23112899047,336262.0
6545.410654074899,336485.0
6545.590179159329,333173.0
6545.769704243758,332591.0
6545.949229328187,334572.0
6546.128754412617,337410.0
6546.308279497046,338907.0
6546.487804581476,340262.0
6546.667329665905,340214.0
6546.846854750334,343424.0
6547.026379834764,342928.0
6547.205904919193,343805.0
6547.385430003623,341744.0
6547.564955088052,340311.0
6547.744480172481,344553.0
6547.924005256911,346620.0
6548.10353034134,349906.0
6548.28305542577,350614.0
6548.4625805102,343620.0
6548.642105594628,340497.0
6548.821630679058,346763.0
6549.001155763487,359425.0
6549.180680847917,366313.0
6549.360205932347,369198.0
6549.5397310167755,369351.0
6549.719256101205,369833.0
6549.898781185634,371809.0
6550.078306270064,372639.0
6550.257831354494,375387.0
6550.4373564389225,380117.0
6550.616881523352,383787.0
6550.796406607781,389660.0
6550.975931692211,391274.0
6551.155456776641,392554.0
6551.3349818610695,391430.0
6551.514506945499,391975.0
6551.694032029928,395870.0
6551.873557114358,400592.0
6552.053082198788,402369.0
6552.232607283217,400463.0
6552.412132367646,396664.0
6552.591657452075,396897.0
6552.771182536505,403571.0
6552.950707620935,416821.0
6553.130232705364,431754.0
6553.309757789793,436695.0
6553.489282874222,440736.0
6553.668807958652,444263.0
6553.848333043082,449980.0
6554.027858127511,462769.0
6554.20738321194,474129.0
6554.386908296369,483127.0
6554.566433380799,488581.0
6554.745958465229,502358.0
6554.925483549658,514560.0
6555.105008634087,519096.0
6555.284533718516,531718.0
6555.464058802946,550282.0
6555.643583887376,560507.0
6555.823108971805,572073.0
6556.0026340562345,593874.0
6556.182159140664,612396.0
6556.361684225093,632956.0
6556.541209309523,655746.0
6556.720734393952,678434.0
6556.9002594783815,695220.0
6557.079784562811,717147.0
6557.25930964724,741477.0
6557.43883473167,778244.0
6557.618359816099,827899.0
6557.7978849005285,871692.0
6557.977409984958,910415.0
6558.156935069387,955124.0
6558.336460153817,1.00102e+06
6558.515985238246,1.05919e+06
6558.695510322676,1.13644e+06
6558.875035407105,1.2029e+06
6559.054560491534,1.27688e+06
6559.234085575964,1.36271e+06
6559.413610660393,1.44322e+06
6559.593135744823,1.53944e+06
6559.772660829252,1.63396e+06
6559.952185913681,1.73062e+06
6560.131710998111,1.8299e+06
6560.31123608254,1.9122e+06
6560.49076116697,1.97517e+06
6560.670286251399,2.03291e+06
6560.849811335828,2.09796e+06
6561.029336420258,2.13744e+06
6561.208861504687,2.13114e+06
6561.388386589117,2.13142e+06
6561.567911673546,2.11402e+06
6561.747436757975,1.9968e+06
6561.926961842405,1.80287e+06
6562.106486926834,1.49294e+06
6562.286012011264,1.16525e+06
6562.465537095693,940681.0
6562.645062180122,896499.0
6562.824587264552,1.03276e+06
6563.004112348981,1.30692e+06
6563.183637433411,1.60397e+06
6563.3631625178405,1.85143e+06
6563.542687602269,2.04566e+06
6563.722212686699,2.13683e+06
6563.901737771128,2.12457e+06
6564.081262855558,2.10299e+06
6564.2607879399875,2.09793e+06
6564.440313024416,2.08849e+06
6564.619838108846,2.07996e+06
6564.799363193276,2.05256e+06
6564.978888277705,1.9772e+06
6565.1584133621345,1.88139e+06
6565.337938446563,1.78256e+06
6565.517463530993,1.69144e+06
6565.696988615423,1.59882e+06
6565.876513699852,1.48816e+06
6566.056038784282,1.40089e+06
6566.23556386871,1.3327e+06
6566.41508895314,1.26326e+06
6566.59461403757,1.19239e+06
6566.774139121999,1.12211e+06
6566.953664206429,1.06939e+06
6567.133189290857,1.02243e+06
6567.312714375287,969159.0
6567.492239459717,927020.0
6567.671764544146,878524.0
6567.851289628576,835192.0
6568.0308147130045,799984.0
6568.210339797434,775027.0
6568.389864881864,745376.0
6568.569389966293,711866.0
6568.748915050723,679106.0
6568.9284401351515,659218.0
6569.107965219581,644917.0
6569.287490304011,631939.0
6569.46701538844,616727.0
6569.64654047287,600236.0
6569.8260655572985,585081.0
6570.005590641728,573684.0
6570.185115726158,565086.0
6570.364640810587,551175.0
6570.544165895017,535703.0
6570.723690979446,530190.0
6570.903216063875,525831.0
6571.082741148305,514563.0
6571.262266232734,506890.0
6571.441791317164,503998.0
6571.621316401593,492828.0
6571.800841486022,481876.0
6571.980366570452,462942.0
6572.159891654881,454129.0
6572.339416739311,456839.0
6572.5189418237405,462131.0
6572.698466908169,457542.0
6572.877991992599,456550.0
6573.057517077028,459276.0
6573.237042161458,448652.0
6573.416567245888,439737.0
6573.596092330316,439631.0
6573.775617414746,442061.0
6573.955142499175,442972.0
6574.134667583605,433876.0
6574.314192668035,424249.0
6574.493717752463,419073.0
6574.673242836893,411611.0
6574.852767921322,401229.0
6575.032293005752,400567.0
6575.211818090182,414383.0
6575.3913431746105,419220.0
6575.57086825904,420989.0
6575.750393343469,416620.0
6575.929918427899,416406.0
6576.109443512329,413569.0
6576.2889685967575,410355.0
6576.468493681187,411567.0
6576.648018765616,411537.0
6576.827543850046,409773.0
6577.007068934476,409686.0
6577.1865940189045,409963.0
6577.366119103334,413517.0
6577.545644187763,412032.0
6577.725169272193,405658.0
6577.904694356623,406283.0
6578.084219441052,405325.0
6578.263744525481,401333.0
6578.44326960991,399218.0
6578.62279469434,402705.0
6578.80231977877,397698.0
6578.981844863199,396505.0
6579.161369947628,398988.0
6579.340895032057,398520.0
6579.520420116487,396699.0
6579.699945200917,398997.0
6579.879470285346,397775.0
6580.058995369775,397816.0
6580.238520454204,397438.0
6580.418045538634,391992.0
6580.597570623064,389955.0
6580.777095707493,391147.0
6580.956620791922,388515.0
6581.136145876352,390870.0
6581.315670960781,394906.0
6581.495196045211,394808.0
6581.67472112964,395564.0
6581.8542462140695,397697.0
6582.033771298499,398129.0
6582.213296382928,392653.0
6582.392821467358,391413.0
6582.572346551787,396181.0
6582.7518716362165,398652.0
6582.931396720646,398528.0
6583.110921805075,394321.0
6583.290446889505,390106.0
6583.469971973934,389295.0
6583.6494970583635,390955.0
6583.829022142793,390594.0
6584.008547227222,393711.0
6584.188072311652,399087.0
6584.367597396081,401248.0
6584.547122480511,398321.0
6584.72664756494,400034.0
6584.906172649369,400735.0
6585.085697733799,398342.0
6585.265222818228,398708.0
6585.444747902658,395864.0
6585.624272987087,394599.0
6585.803798071516,394322.0
6585.983323155946,394224.0
6586.162848240375,393409.0
6586.342373324805,388466.0
6586.521898409234,384788.0
6586.701423493663,381813.0
6586.880948578093,388345.0
6587.060473662522,394420.0
6587.239998746952,394559.0
6587.419523831381,393956.0
6587.59904891581,393613.0
6587.77857400024,399195.0
6587.958099084669,395760.0
6588.137624169099,395946.0
6588.317149253528,392701.0
6588.496674337957,395105.0
6588.676199422387,397862.0
6588.855724506817,398674.0
6589.035249591246,396688.0
6589.2147746756755,392707.0
6589.394299760104,392702.0
6589.573824844534,395619.0
6589.753349928964,397949.0
6589.932875013393,392772.0
6590.1124000978225,390896.0
6590.291925182251,395617.0
6590.471450266681,395326.0
6590.650975351111,393939.0
6590.83050043554,394823.0
6591.0100255199695,390875.0
6591.189550604398,388605.0
6591.369075688828,390885.0
6591.548600773258,390174.0
6591.728125857687,389953.0
6591.907650942117,389975.0
6592.087176026545,388949.0
6592.266701110975,392056.0
6592.446226195405,397334.0
6592.625751279834,394716.0
6592.805276364264,392212.0
6592.984801448692,390944.0
6593.164326533122,386950.0
6593.343851617552,386393.0
6593.523376701981,384769.0
6593.702901786411,387360.0
6593.8824268708395,386298.0
6594.061951955269,386875.0
6594.241477039699,385580.0
6594.421002124128,386033.0
6594.600527208558,388148.0
6594.7800522929865,388301.0
6594.959577377416,391085.0
6595.139102461846,393292.0
6595.318627546275,390888.0
6595.498152630705,386736.0
6595.6776777151335,386153.0
6595.857202799563,388069.0
6596.036727883993,386273.0
6596.216252968422,385604.0
6596.395778052852,383381.0
6596.575303137281,384796.0
6596.75482822171,384318.0
6596.93435330614,381856.0
6597.113878390569,386099.0
6597.293403474999,387659.0
6597.4729285594285,386977.0
6597.652453643857,384535.0
6597.831978728287,383184.0
6598.011503812716,387345.0
6598.191028897146,385499.0
6598.3705539815755,381847.0
6598.550079066004,383810.0
6598.729604150434,386441.0
6598.909129234863,386468.0
6599.088654319293,379009.0
6599.268179403723,374747.0
6599.447704488151,376814.0
6599.627229572581,376764.0
6599.80675465701,386504.0
6599.98627974144,391198.0
6600.16580482587,385469.0
6600.3453299102985,380360.0
6600.524854994728,377373.0
6600.704380079157,380855.0
6600.883905163587,382643.0
6601.063430248017,383183.0
6601.2429553324455,383065.0
6601.422480416875,380350.0
6601.602005501304,378377.0
6601.781530585734,381242.0
6601.961055670164,383139.0
6602.1405807545925,383193.0
6602.320105839022,377022.0
6602.499630923451,379934.0
6602.679156007881,378213.0
6602.858681092311,381781.0
6603.03820617674,385916.0
6603.217731261169,383706.0
6603.397256345598,380508.0
6603.576781430028,374679.0
6603.756306514458,373229.0
6603.935831598887,377508.0
6604.115356683316,380393.0
6604.294881767745,381411.0
6604.474406852175,382730.0
6604.653931936605,381409.0
6604.833457021034,376835.0
6605.012982105463,377364.0
6605.192507189893,377797.0
6605.372032274322,377005.0
6605.551557358752,379170.0
6605.731082443181,377584.0
6605.91060752761,378526.0
6606.09013261204,380775.0
6606.269657696469,379151.0
6606.449182780899,377328.0
6606.628707865328,377465.0
6606.808232949757,375745.0
6606.987758034187,375605.0
6607.167283118616,375683.0
6607.346808203046,374406.0
6607.526333287475,373717.0
6607.7058583719045,375088.0
6607.885383456334,379002.0
6608.064908540763,379884.0
6608.244433625193,378056.0
6608.423958709622,380109.0
6608.6034837940515,374689.0
6608.783008878481,372969.0
6608.96253396291,377702.0
6609.14205904734,378210.0
6609.321584131769,374384.0
6609.5011092161985,368359.0
6609.680634300628,370229.0
6609.860159385057,373239.0
6610.039684469487,373393.0
6610.219209553916,370232.0
6610.398734638346,372608.0
6610.578259722775,372872.0
6610.757784807204,374253.0
6610.937309891634,373971.0
6611.116834976063,370857.0
6611.296360060493,369153.0
6611.475885144922,371343.0
6611.655410229351,373122.0
6611.834935313781,373940.0
6612.01446039821,374493.0
6612.19398548264,368686.0
6612.373510567069,366066.0
6612.553035651498,365160.0
6612.732560735928,362026.0
6612.912085820357,369167.0
6613.091610904787,369606.0
6613.271135989216,363077.0
6613.450661073645,361122.0
6613.630186158075,363273.0
6613.809711242505,366080.0
6613.989236326934,365438.0
6614.168761411363,365980.0
6614.348286495792,370961.0
6614.527811580222,368701.0
6614.707336664652,365439.0
6614.886861749081,366101.0
6615.0663868335105,369805.0
6615.245911917939,369968.0
6615.425437002369,369504.0
6615.604962086799,366031.0
6615.784487171228,367385.0
6615.9640122556575,368814.0
6616.143537340086,367882.0
6616.323062424516,367810.0
6616.502587508946,367691.0
6616.682112593375,365864.0
6616.8616376778045,366612.0
6617.041162762233,367229.0
6617.220687846663,369205.0
6617.400212931093,366131.0
6617.579738015522,364481.0
6617.759263099952,363611.0
6617.93878818438,364977.0
6618.11831326881,363945.0
6618.29783835324,362692.0
6618.477363437669,359424.0
6618.656888522099,360074.0
6618.8364136065275,361698.0
6619.015938690957,362293.0
6619.195463775387,363510.0
6619.374988859816,361605.0
6619.554513944246,359892.0
6619.7340390286745,359036.0
6619.913564113104,358405.0
6620.093089197534,362318.0
6620.272614281963,361600.0
6620.452139366393,357704.0
6620.631664450822,356406.0
6620.811189535251,357985.0
6620.990714619681,359741.0
6621.17023970411,359541.0
6621.34976478854,359121.0
6621.5292898729695,357251.0
6621.708814957398,357314.0
6621.888340041828,357731.0
6622.067865126257,354578.0
6622.247390210687,356939.0
6622.4269152951165,355761.0
6622.606440379545,352324.0
6622.785965463975,353950.0
6622.965490548404,356189.0
6623.145015632834,355075.0
6623.3245407172635,352264.0
6623.504065801692,352126.0
6623.683590886122,355101.0
6623.863115970551,354360.0
6624.042641054981,352172.0
6624.222166139411,352292.0
6624.401691223839,352817.0
6624.581216308269,354037.0
6624.760741392698,353869.0
6624.940266477128,350529.0
6625.119791561558,348993.0
6625.299316645986,350957.0
6625.478841730416,351988.0
6625.658366814845,350426.0
6625.837891899275,347921.0
6626.017416983705,343998.0
6626.1969420681335,346660.0
6626.376467152563,348048.0
6626.555992236992,346196.0
6626.735517321422,345922.0
6626.915042405852,344732.0
6627.0945674902805,341862.0
6627.27409257471,340902.0
6627.453617659139,342827.0
6627.633142743569,347946.0
6627.812667827999,343940.0
6627.9921929124275,338708.0
6628.171717996857,339570.0
6628.351243081286,341372.0
6628.530768165716,344114.0
6628.710293250146,344804.0
6628.889818334575,344910.0
6629.069343419004,344033.0
6629.248868503433,343045.0
6629.428393587863,340318.0
6629.607918672293,341720.0
6629.787443756722,342105.0
6629.966968841151,342471.0
6630.146493925581,343428.0
6630.32601901001,343125.0
6630.50554409444,338309.0
6630.685069178869,339643.0
6630.864594263298,343674.0
6631.044119347728,342586.0
6631.223644432157,342873.0
6631.403169516587,340613.0
6631.582694601016,339490.0
6631.762219685445,336721.0
6631.941744769875,340256.0
6632.121269854304,339869.0
6632.300794938734,332668.0
6632.480320023163,333970.0
6632.659845107592,336637.0
6632.839370192022,335284.0
6633.018895276451,337089.0
6633.198420360881,334607.0
6633.37794544531,334123.0
6633.5574705297395,336397.0
6633.736995614169,333513.0
6633.916520698598,331830.0
6634.096045783028,332533.0
6634.275570867457,338913.0
6634.4550959518865,332507.0
6634.634621036316,329910.0
6634.814146120745,333952.0
6634.993671205175,331483.0
6635.173196289604,330073.0
6635.3527213740335,331378.0
6635.532246458463,332344.0
6635.711771542892,331204.0
6635.891296627322,329426.0
6636.070821711751,327628.0
6636.250346796181,327819.0
6636.42987188061,330682.0
6636.609396965039,327502.0
6636.788922049469,328018.0
6636.968447133899,328587.0
6637.147972218328,326545.0
6637.327497302757,326602.0
6637.507022387186,327453.0
6637.686547471616,327789.0
6637.866072556046,328024.0
6638.045597640475,324102.0
6638.225122724904,321116.0
6638.404647809333,321180.0
6638.584172893763,323812.0
6638.763697978193,327052.0
6638.943223062622,325735.0
6639.122748147051,323972.0
6639.30227323148,323819.0
6639.48179831591,323063.0
6639.66132340034,321650.0
6639.840848484769,321206.0
6640.0203735691985,324166.0
6640.199898653627,322956.0
6640.379423738057,322105.0
6640.558948822487,316189.0
6640.738473906916,315835.0
6640.9179989913455,320561.0
6641.097524075774,321005.0
6641.277049160204,316707.0
6641.456574244634,316080.0
6641.636099329063,316203.0
6641.8156244134925,314687.0
6641.995149497921,315952.0
6642.174674582351,315993.0
6642.354199666781,315311.0
6642.53372475121,317386.0
6642.7132498356395,314798.0
6642.892774920068,311405.0
6643.072300004498,309935.0
6643.251825088928,316650.0
6643.431350173357,317252.0
6643.610875257787,310278.0
6643.790400342215,309235.0
6643.969925426645,309256.0
6644.149450511075,313519.0
6644.328975595504,311414.0
6644.508500679934,312434.0
6644.6880257643625,313103.0
6644.867550848792,310673.0
6645.047075933222,309896.0
6645.226601017651,310821.0
6645.406126102081,310716.0
6645.5856511865095,309189.0
6645.765176270939,310270.0
6645.944701355369,309151.0
6646.124226439798,307064.0
6646.303751524228,305356.0
6646.483276608657,307794.0
6646.662801693086,308730.0
6646.842326777516,305497.0
6647.021851861945,306218.0
6647.201376946375,305498.0
6647.3809020308045,307656.0
6647.560427115233,302682.0
6647.739952199663,300824.0
6647.919477284092,304423.0
6648.099002368522,307288.0
6648.2785274529515,303540.0
6648.45805253738,301979.0
6648.63757762181,296414.0
6648.817102706239,298318.0
6648.996627790669,299592.0
6649.1761528750985,303071.0
6649.355677959527,301087.0
6649.535203043957,299229.0
6649.714728128386,299366.0
6649.894253212816,297296.0
6650.073778297246,298143.0
6650.253303381674,297217.0
6650.432828466104,298747.0
6650.612353550533,297716.0
6650.791878634963,294846.0
6650.971403719393,294806.0
6651.150928803821,294864.0
6651.330453888251,295542.0
6651.50997897268,296424.0
6651.68950405711,293885.0
6651.86902914154,294244.0
6652.0485542259685,295729.0
6652.228079310398,295468.0
6652.407604394827,293565.0
6652.587129479257,291436.0
6652.766654563687,289622.0
6652.9461796481155,289876.0
6653.125704732545,289386.0
6653.305229816975,287565.0
6653.484754901404,286496.0
6653.664279985834,290232.0
6653.8438050702625,291889.0
6654.023330154692,290763.0
6654.202855239122,291517.0
6654.382380323551,288516.0
6654.561905407981,286413.0
6654.74143049241,287924.0
6654.920955576839,288253.0
6655.100480661269,287303.0
6655.280005745698,287978.0
6655.459530830128,286287.0
6655.639055914557,284927.0
6655.818580998986,282750.0
6655.998106083416,281058.0
6656.177631167845,282663.0
6656.357156252275,281437.0
6656.536681336704,280899.0
6656.716206421133,281217.0
6656.895731505563,279246.0
6657.075256589992,280205.0
6657.254781674422,278844.0
6657.434306758851,279580.0
6657.61383184328,278797.0
6657.79335692771,280452.0
6657.972882012139,278722.0
6658.152407096569,276541.0
6658.331932180998,276298.0
6658.511457265427,275777.0
6658.690982349857,275749.0
6658.870507434286,273858.0
6659.050032518716,274441.0
6659.229557603145,275182.0
6659.4090826875745,274774.0
6659.588607772004,273750.0
6659.768132856433,273407.0
6659.947657940863,272144.0
6660.127183025292,272786.0
6660.3067081097215,271805.0
6660.486233194151,270507.0
6660.66575827858,270809.0
6660.84528336301,268382.0
6661.024808447439,269826.0
6661.2043335318685,266424.0
6661.383858616298,265079.0
6661.563383700727,267763.0
6661.742908785157,266451.0
6661.922433869586,267614.0
6662.101958954016,265516.0
6662.281484038445,262926.0
6662.461009122874,267805.0
6662.640534207304,268784.0
6662.820059291734,265584.0
6662.999584376163,261660.0
6663.179109460592,261755.0
6663.358634545021,261945.0
6663.538159629451,263350.0
6663.717684713881,261611.0
6663.89720979831,258782.0
6664.076734882739,257951.0
6664.256259967168,259684.0
6664.435785051598,259957.0
6664.615310136028,259453.0
6664.794835220457,258375.0
6664.974360304886,260125.0
6665.153885389315,255736.0
6665.333410473745,253545.0
6665.512935558175,254860.0
6665.692460642604,258000.0
6665.8719857270335,256052.0
6666.051510811462,252831.0
6666.231035895892,254137.0
6666.410560980322,252270.0
6666.590086064751,251357.0
6666.7696111491805,250428.0
6666.949136233609,250923.0
6667.128661318039,250282.0
6667.308186402469,251760.0
6667.487711486898,255258.0
6667.6672365713275,250796.0
6667.846761655756,249413.0
6668.026286740186,247570.0
6668.205811824616,248439.0
6668.385336909045,249621.0
6668.564861993475,246385.0
6668.744387077903,245266.0
6668.923912162333,244136.0
6669.103437246763,244065.0
6669.282962331192,245125.0
6669.462487415622,244522.0
6669.642012500051,243852.0
6669.82153758448,242591.0
6670.00106266891,243348.0
6670.180587753339,243341.0
6670.360112837769,242769.0
6670.539637922198,239922.0
6670.719163006627,242469.0
6670.898688091057,244309.0
6671.078213175486,240483.0
6671.257738259916,235999.0
6671.437263344345,237584.0
6671.616788428774,235924.0
6671.796313513204,235478.0
6671.975838597633,236250.0
6672.155363682063,234555.0
6672.334888766492,232157.0
6672.514413850921,230551.0
6672.693938935351,231389.0
6672.87346401978,228628.0
6673.05298910421,227229.0
6673.2325141886395,228695.0
6673.412039273068,227588.0
6673.591564357498,227119.0
6673.771089441927,224355.0
6673.950614526357,220997.0
6674.1301396107865,223644.0
6674.309664695215,223424.0
6674.489189779645,225493.0
6674.668714864074,223933.0
6674.848239948504,219919.0
6675.0277650329335,219189.0
6675.207290117362,222215.0
6675.386815201792,220312.0
6675.566340286221,219573.0
6675.745865370651,218078.0
6675.925390455081,217482.0
6676.104915539509,215765.0
6676.284440623939,218246.0
6676.463965708368,215549.0
6676.643490792798,210465.0
6676.823015877228,210007.0
6677.002540961656,213473.0
6677.182066046086,211596.0
6677.361591130515,210493.0
6677.541116214945,208644.0
6677.720641299375,208635.0
6677.9001663838035,207963.0
6678.079691468233,208282.0
6678.259216552662,212072.0
6678.438741637092,210439.0
6678.618266721522,207432.0
6678.7977918059505,206652.0
6678.97731689038,206332.0
6679.15684197481,205343.0
6679.336367059239,204739.0
6679.515892143669,206984.0
6679.6954172280975,203741.0
6679.874942312527,204497.0
6680.054467396957,202388.0
6680.233992481386,200568.0
6680.413517565816,204103.0
6680.593042650245,203379.0
6680.772567734674,201240.0
6680.952092819104,200140.0
6681.131617903533,202003.0
6681.311142987963,200827.0
6681.490668072392,200338.0
6681.670193156821,201367.0
6681.849718241251,200772.0
6682.02924332568,200739.0
6682.20876841011,201220.0
6682.388293494539,199889.0
6682.567818578968,198982.0
6682.747343663398,200800.0
6682.926868747827,197745.0
6683.106393832257,195309.0
6683.285918916686,197191.0
6683.465444001115,197232.0
6683.644969085545,196714.0
6683.824494169974,197582.0
6684.004019254404,197720.0
6684.183544338833,196799.0
6684.3630694232625,196211.0
6684.542594507692,195176.0
6684.722119592121,192313.0
6684.901644676551,196919.0
6685.08116976098,197436.0
6685.2606948454095,195699.0
6685.440219929839,193839.0
6685.619745014268,194186.0
6685.799270098698,195229.0
6685.978795183128,192532.0
6686.1583202675565,191956.0
6686.337845351986,190485.0
6686.517370436415,191253.0
6686.696895520845,190926.0
6686.876420605275,189356.0
6687.055945689704,190149.0
6687.235470774133,190070.0
6687.414995858562,187890.0
6687.594520942992,188166.0
6687.774046027422,186970.0
6687.953571111851,186185.0
6688.13309619628,186087.0
6688.312621280709,183480.0
6688.492146365139,183860.0
6688.671671449569,185607.0
6688.851196533998,185608.0
6689.030721618427,182271.0
6689.210246702856,179889.0
6689.389771787286,181056.0
6689.569296871716,181536.0
6689.748821956145,178802.0
6689.928347040574,177780.0
6690.107872125003,179077.0
6690.287397209433,178242.0
6690.466922293863,179117.0
6690.646447378292,177868.0
6690.825972462721,177125.0
6691.00549754715,174058.0
6691.18502263158,173709.0
6691.36454771601,174681.0
6691.544072800439,173173.0
6691.7235978848685,174250.0
6691.903122969297,173535.0
6692.082648053727,170859.0
6692.262173138157,170627.0
6692.441698222586,170724.0
6692.6212233070155,170556.0
6692.800748391444,169637.0
6692.980273475874,169989.0
6693.159798560304,168554.0
6693.339323644733,167963.0
6693.5188487291625,167830.0
6693.698373813591,166043.0
6693.877898898021,165473.0
6694.057423982451,163813.0
6694.23694906688,165096.0
6694.41647415131,164217.0
6694.595999235738,164350.0
6694.775524320168,161596.0
6694.955049404598,161653.0
6695.134574489027,160297.0
6695.314099573457,161098.0
6695.493624657886,161331.0
6695.673149742315,161132.0
6695.852674826745,158270.0
6696.032199911174,158887.0
6696.211724995604,159763.0
6696.391250080033,158814.0
6696.570775164462,159380.0
6696.750300248892,157641.0
6696.929825333321,155463.0
6697.109350417751,155854.0
6697.28887550218,156294.0
6697.468400586609,154648.0
6697.647925671039,153303.0
6697.827450755468,153593.0
6698.006975839898,151423.0
6698.186500924327,150870.0
6698.366026008756,152165.0
6698.545551093186,151459.0
6698.725076177615,149604.0
6698.904601262045,148091.0
6699.0841263464745,145810.0
6699.263651430903,146182.0
6699.443176515333,148112.0
6699.622701599762,147002.0
6699.802226684192,145684.0
6699.9817517686215,147729.0
6700.16127685305,147270.0
6700.34080193748,147948.0
6700.520327021909,145582.0
6700.699852106339,145196.0
6700.8793771907685,141048.0
6701.058902275197,140374.0
6701.238427359627,141832.0
6701.417952444056,140942.0
6701.597477528486,139367.0
6701.777002612916,137073.0
6701.956527697344,137801.0
6702.136052781774,137066.0
6702.315577866204,138309.0
6702.495102950633,137308.0
6702.674628035063,136143.0
6702.8541531194915,136558.0
6703.033678203921,134261.0
6703.213203288351,134173.0
6703.39272837278,135114.0
6703.57225345721,134826.0
6703.7517785416385,131247.0
6703.931303626068,132212.0
6704.110828710498,132008.0
6704.290353794927,130868.0
6704.469878879357,129507.0
6704.6494039637855,128073.0
6704.828929048215,129802.0
6705.008454132645,129382.0
6705.187979217074,128079.0
6705.367504301504,126917.0
6705.547029385933,126218.0
6705.726554470362,124643.0
6705.906079554792,123467.0
6706.085604639221,123498.0
6706.265129723651,123122.0
6706.44465480808,122535.0
6706.624179892509,122684.0
6706.803704976939,122687.0
6706.983230061368,123457.0
6707.162755145798,123417.0
6707.342280230227,121718.0
6707.521805314656,119753.0
6707.701330399086,119877.0
6707.880855483515,118684.0
6708.060380567945,118540.0
6708.239905652374,118067.0
6708.419430736803,117823.0
6708.598955821233,117697.0
6708.778480905662,117578.0
6708.958005990092,116048.0
6709.137531074521,114316.0
6709.31705615895,114051.0
6709.49658124338,114180.0
6709.676106327809,114423.0
6709.855631412239,114030.0
6710.035156496668,113700.0
6710.2146815810975,110645.0
6710.394206665527,110639.0
6710.573731749956,111717.0
6710.753256834386,111252.0
6710.932781918816,110701.0
6711.1123070032445,109396.0
6711.291832087674,109370.0
6711.471357172103,107320.0
6711.650882256533,106815.0
6711.830407340963,105236.0
6712.0099324253915,105622.0
6712.189457509821,103409.0
6712.36898259425,103600.0
6712.54850767868,104424.0
6712.72803276311,104165.0
6712.907557847539,103327.0
6713.087082931968,102100.0
6713.266608016397,103457.0
6713.446133100827,102009.0
6713.625658185257,101794.0
6713.805183269686,100050.0
6713.984708354115,98171.5
6714.164233438544,97635.6
6714.343758522974,98697.5
6714.523283607404,98749.3
6714.702808691833,98347.8
6714.882333776262,98483.3
6715.061858860691,97757.0
6715.241383945121,95762.7
6715.420909029551,93330.5
6715.60043411398,94080.2
6715.779959198409,95849.9
6715.959484282838,94609.9
6716.139009367268,93667.9
6716.318534451698,93607.4
6716.498059536127,92195.3
6716.677584620556,90421.0
6716.857109704985,90876.6
6717.036634789415,90533.3
6717.216159873845,88890.1
6717.395684958274,87694.5
6717.5752100427035,88073.9
6717.754735127133,86624.5
6717.934260211562,86517.3
6718.113785295992,86993.5
6718.293310380421,87023.1
6718.4728354648505,85699.4
6718.65236054928,85757.2
6718.831885633709,84103.1
6719.011410718139,85347.8
6719.190935802568,84220.2
6719.3704608869975,83217.6
6719.549985971427,81626.9
6719.729511055856,83049.7
6719.909036140286,84042.8
6720.088561224715,80715.4
6720.268086309145,80467.8
6720.447611393574,80376.7
6720.627136478003,79677.7
6720.806661562433,79669.8
6720.986186646862,78569.5
6721.165711731292,78154.8
6721.345236815721,77415.0
6721.52476190015,77071.9
6721.70428698458,76718.5
6721.883812069009,75379.0
6722.063337153439,75051.8
6722.242862237868,74686.0
6722.422387322297,75884.9
6722.601912406727,75344.2
6722.781437491156,73959.0
6722.960962575586,72459.3
6723.140487660015,71798.2
6723.320012744444,72885.5
6723.499537828874,74104.7
6723.679062913303,72669.4
6723.858587997733,71597.5
6724.038113082162,70558.3
6724.217638166591,70167.4
6724.397163251021,69618.5
6724.57668833545,69225.2
6724.75621341988,68982.8
6724.9357385043095,68751.3
6725.115263588738,68947.5
6725.294788673168,67739.5
6725.474313757597,67430.3
6725.653838842027,66967.9
6725.8333639264565,66886.0
6726.012889010885,66098.5
6726.192414095315,66060.6
6726.371939179744,65578.6
6726.551464264174,65274.6
6726.7309893486035,64572.4
6726.910514433032,62667.7
6727.090039517462,63036.9
6727.269564601892,63336.7
6727.449089686321,62595.5
6727.628614770751,60962.4
6727.808139855179,62645.3
6727.987664939609,62017.6
6728.167190024039,60393.7
6728.346715108468,61381.5
6728.526240192898,60681.0
6728.7057652773265,59922.9
6728.885290361756,59313.7
6729.064815446186,57852.4
6729.244340530615,57871.2
6729.423865615045,58051.4
6729.6033906994735,58395.5
6729.782915783903,56786.6
6729.962440868333,56646.4
6730.141965952762,56499.4
6730.321491037192,54385.5
6730.5010161216205,54975.4
6730.68054120605,55016.2
6730.86006629048,53672.4
6731.039591374909,52775.9
6731.219116459339,53197.1
6731.398641543768,53227.0
6731.578166628197,53190.4
6731.757691712627,52164.7
6731.937216797056,52648.9
6732.116741881486,53054.0
6732.296266965915,51676.6
6732.475792050344,51485.1
6732.655317134774,51002.9
6732.834842219203,50712.2
6733.014367303633,49893.7
6733.193892388062,49428.0
6733.373417472491,48816.9
6733.552942556921,48014.9
6733.73246764135,46966.8
6733.91199272578,43964.1
