7605.6913477311,1617.02
7605.901162780927,1419.37
7606.110977830754,1222.91
7606.320792880581,1616.85
7606.530607930408,1126.16
7606.740422980235,631.323
7606.950238030062,1665.18
7607.16005307989,2365.9
7607.369868129716,1728.6
7607.579683179543,2123.79
7607.78949822937,1794.87
7607.999313279198,1934.61
7608.209128329025,2702.98
7608.4189433788515,3117.1
7608.628758428678,2530.89
7608.838573478505,1796.93
7609.048388528333,1960.07
7609.25820357816,1417.4
7609.468018627987,2314.35
7609.677833677813,2513.39
7609.887648727641,1795.56
7610.097463777468,1541.8
7610.307278827295,1942.23
7610.517093877122,2960.66
7610.726908926949,4480.06
7610.936723976776,5084.0
7611.146539026603,5736.45
7611.35635407643,5375.22
7611.566169126257,4046.14
7611.775984176084,2804.37
7611.985799225911,2132.67
7612.195614275738,2366.71
7612.405429325565,3132.75
7612.615244375393,2866.75
7612.8250594252195,2692.6
7613.034874475046,3395.48
7613.244689524873,4438.14
7613.454504574701,5500.6
7613.664319624528,7277.03
7613.8741346743545,9013.62
7614.083949724181,9337.08
7614.293764774008,8701.6
7614.503579823836,6810.39
7614.713394873663,4985.81
7614.92320992349,4341.86
7615.133024973316,4685.41
7615.342840023144,5594.71
7615.552655072971,6160.14
7615.762470122798,6512.75
7615.972285172625,7358.09
7616.182100222452,7639.66
7616.391915272279,9324.83
7616.601730322106,11451.1
7616.811545371933,13128.0
7617.02136042176,15001.2
7617.231175471587,15909.5
7617.440990521414,15901.9
7617.650805571241,16410.7
7617.860620621068,16003.8
7618.070435670896,15112.3
7618.2802507207225,15541.8
7618.490065770549,15821.9
7618.699880820376,15419.4
7618.909695870204,15677.6
7619.119510920031,16032.1
7619.329325969858,15491.0
7619.539141019684,14925.3
7619.748956069511,14398.2
7619.958771119339,13893.5
7620.168586169166,12479.4
7620.378401218993,10434.9
7620.588216268819,7369.91
7620.798031318647,5132.56
7621.007846368474,5386.25
7621.217661418301,7497.03
7621.427476468128,10137.6
7621.637291517955,11383.9
7621.847106567782,12478.5
7622.056921617609,13155.3
7622.266736667436,12849.5
7622.476551717264,10848.6
7622.6863667670905,8784.08
7622.896181816917,6853.47
7623.105996866744,4491.35
7623.315811916571,4311.61
7623.525626966399,4958.04
7623.7354420162255,4509.52
7623.945257066052,4524.24
7624.155072115879,4217.99
7624.364887165707,3580.52
7624.574702215534,4624.02
7624.784517265361,7206.77
7624.994332315187,9367.57
7625.204147365015,11210.8
7625.413962414842,12835.8
7625.623777464669,13879.2
7625.833592514496,13112.7
7626.0434075643225,11422.6
7626.25322261415,9645.29
7626.463037663977,7576.72
7626.672852713804,4939.41
7626.882667763631,2938.75
7627.092482813458,3229.37
7627.302297863285,3853.72
7627.512112913112,3817.56
7627.721927962939,3828.69
7627.931743012767,3164.51
7628.1415580625935,3886.61
7628.35137311242,4675.06
7628.561188162247,5657.13
7628.771003212074,9681.07
7628.980818261902,12393.6
7629.190633311729,13482.9
7629.400448361555,14795.0
7629.610263411382,14560.2
7629.82007846121,13386.9
7630.029893511037,11379.2
7630.239708560864,8950.73
7630.44952361069,6927.43
7630.659338660518,5141.02
7630.869153710345,3679.92
7631.078968760172,2712.51
7631.288783809999,3334.0
7631.4985988598255,4378.06
7631.708413909653,3902.52
7631.91822895948,3650.63
7632.128044009307,4026.7
7632.337859059134,5061.81
7632.5476741089615,7630.32
7632.757489158788,10101.1
7632.967304208615,11998.3
7633.177119258442,13990.1
7633.38693430827,15129.5
7633.5967493580965,15441.3
7633.806564407923,15084.7
7634.01637945775,14139.7
7634.226194507577,12463.5
7634.436009557405,10177.1
7634.645824607232,8002.34
7634.855639657058,5984.56
7635.065454706885,3947.85
7635.275269756713,3125.35
7635.48508480654,2692.25
7635.694899856367,3036.79
7635.9047149061935,3558.02
7636.114529956021,4030.72
7636.324345005848,4758.69
7636.534160055675,6298.18
7636.743975105502,9163.04
7636.9537901553285,11025.3
7637.163605205156,13860.6
7637.373420254983,15782.1
7637.58323530481,17530.2
7637.793050354637,18066.3
7638.0028654044645,17529.3
7638.212680454291,17323.6
7638.422495504118,16999.0
7638.632310553945,15404.6
7638.842125603773,12736.3
7639.0519406536,10236.8
7639.261755703426,6927.07
7639.471570753253,4355.74
7639.68138580308,3904.95
7639.891200852908,4278.67
7640.101015902735,4188.75
7640.310830952561,4048.07
7640.520646002388,4789.15
7640.730461052216,6138.54
7640.940276102043,7422.05
7641.15009115187,10750.1
7641.3599062016965,14135.3
7641.569721251524,16140.2
7641.779536301351,17565.2
7641.989351351178,18875.0
7642.199166401005,19528.9
7642.408981450832,19304.9
7642.618796500659,19003.3
7642.828611550486,19452.2
7643.038426600313,19484.9
7643.24824165014,17067.6
7643.4580566999675,14269.2
7643.667871749794,11268.4
7643.877686799621,8661.92
7644.087501849448,7047.22
7644.297316899276,5833.56
7644.507131949103,5231.61
7644.716946998929,5652.35
7644.926762048756,5889.33
7645.136577098583,6296.94
7645.346392148411,7946.19
7645.556207198238,10744.7
7645.7660222480645,13399.3
7645.975837297891,17475.1
7646.185652347719,20075.4
7646.395467397546,20380.2
7646.605282447373,21217.9
7646.8150974971995,22294.0
7647.024912547027,22811.9
7647.234727596854,23340.2
7647.444542646681,22786.3
7647.654357696508,22620.0
7647.864172746335,21486.4
7648.073987796162,19881.4
7648.283802845989,17168.3
7648.493617895816,13849.7
7648.703432945643,11316.9
7648.913247995471,9486.62
7649.123063045297,8356.03
7649.332878095124,7844.24
7649.542693144951,7842.5
7649.752508194779,8612.85
7649.962323244606,8624.73
7650.172138294432,10207.4
7650.381953344259,13624.3
7650.591768394086,16529.1
7650.801583443914,19377.5
7651.011398493741,22131.0
7651.2212135435675,23397.5
7651.431028593394,24642.5
7651.640843643222,24586.8
7651.850658693049,24963.4
7652.060473742876,25188.0
7652.270288792703,24835.5
7652.48010384253,24892.6
7652.689918892357,24857.8
7652.899733942184,24017.0
7653.109548992011,22562.1
7653.319364041838,20532.3
7653.529179091665,17892.1
7653.738994141492,15044.3
7653.948809191319,12873.2
7654.158624241146,12133.0
7654.368439290974,14097.3
7654.5782543408,13147.3
7654.788069390627,11057.9
7654.997884440454,11471.1
7655.207699490282,13349.3
7655.417514540109,15417.9
7655.6273295899355,18304.1
7655.837144639762,21522.2
7656.04695968959,23954.6
7656.256774739417,26636.6
7656.466589789244,27102.6
7656.6764048390705,27681.9
7656.886219888897,27042.7
7657.096034938725,26917.0
7657.305849988552,28042.8
7657.515665038379,28006.6
7657.725480088206,27137.7
7657.935295138033,27764.7
7658.14511018786,28071.7
7658.354925237687,25736.0
7658.564740287514,23848.7
7658.774555337342,21252.6
7658.984370387168,19160.3
7659.194185436995,17093.0
7659.404000486822,15389.1
7659.613815536649,15127.8
7659.823630586477,15021.8
7660.033445636303,15166.8
7660.24326068613,16301.1
7660.453075735957,16924.8
7660.662890785785,18293.6
7660.872705835612,20661.4
7661.0825208854385,24242.8
7661.292335935265,27319.4
7661.502150985093,29013.9
7661.71196603492,29383.4
7661.921781084747,29303.6
7662.131596134574,29282.4
7662.3414111844,30050.5
7662.551226234228,30403.3
7662.761041284055,29289.4
7662.970856333882,29228.2
7663.180671383709,29095.0
7663.390486433536,29142.5
7663.600301483363,29215.6
7663.81011653319,29169.9
7664.019931583017,27141.7
7664.229746632845,24868.6
7664.439561682671,23049.1
7664.649376732498,21344.8
7664.859191782325,19745.6
7665.069006832152,18636.3
7665.27882188198,18728.5
7665.4886369318065,19044.2
7665.698451981633,19467.8
7665.90826703146,20225.7
7666.118082081288,21153.1
7666.327897131115,23297.5
7666.5377121809415,26358.0
7666.747527230768,28661.1
7666.957342280596,30067.9
7667.167157330423,30513.9
7667.37697238025,30879.8
7667.586787430077,31772.2
7667.796602479903,31530.4
7668.006417529731,31041.6
7668.216232579558,31794.6
7668.426047629385,32263.6
7668.635862679212,32388.1
7668.845677729039,31986.6
7669.055492778866,31521.3
7669.265307828693,31384.8
7669.47512287852,30807.1
7669.684937928348,29998.5
7669.894752978174,28850.2
7670.104568028001,26737.4
7670.314383077828,25653.1
7670.524198127655,25664.0
7670.734013177483,23292.6
7670.9438282273095,22612.5
7671.153643277136,23776.4
7671.363458326963,23620.9
7671.573273376791,23785.8
7671.783088426618,24827.9
7671.992903476445,25921.8
7672.202718526271,28207.3
7672.412533576099,30414.5
7672.622348625926,31191.2
7672.832163675753,32312.1
7673.04197872558,33265.2
7673.251793775406,32804.4
7673.461608825234,32854.8
7673.671423875061,34002.6
7673.881238924888,33809.6
7674.091053974715,33750.8
7674.300869024542,33656.2
7674.510684074369,34108.4
7674.720499124196,33856.8
7674.930314174023,33179.0
7675.140129223851,32771.9
7675.3499442736775,32622.7
7675.559759323504,32160.5
7675.769574373331,30196.5
7675.979389423158,29113.6
7676.189204472986,29170.1
7676.3990195228125,28496.1
7676.608834572639,27388.8
7676.818649622466,26495.9
7677.028464672294,27314.3
7677.238279722121,27397.7
7677.448094771948,27847.1
7677.657909821774,29537.8
7677.867724871602,29815.6
7678.077539921429,30185.1
7678.287354971256,31957.5
7678.497170021083,32788.1
7678.7069850709095,34131.8
7678.916800120737,34086.5
7679.126615170564,33497.2
7679.336430220391,34354.9
7679.546245270218,34624.9
7679.756060320045,35519.2
7679.965875369872,34914.2
7680.175690419699,34867.0
7680.385505469526,34639.0
7680.595320519354,34716.4
7680.8051355691805,35718.0
7681.014950619007,35261.3
7681.224765668834,34379.2
7681.434580718662,34673.0
7681.644395768489,34359.8
7681.854210818316,33775.2
7682.064025868142,32701.9
7682.273840917969,31639.4
7682.483655967797,32154.1
7682.693471017624,30489.2
7682.903286067451,29498.1
7683.113101117277,29455.9
7683.322916167105,29606.4
7683.532731216932,29734.8
7683.742546266759,30967.2
7683.952361316586,31627.9
7684.162176366413,31272.6
7684.37199141624,33118.6
7684.581806466067,34217.7
7684.791621515894,35144.6
7685.001436565721,35154.2
7685.2112516155485,34902.0
7685.421066665375,34795.5
7685.630881715202,35207.9
7685.840696765029,35967.6
7686.050511814857,35631.1
7686.2603268646835,35485.4
7686.47014191451,35530.2
7686.679956964337,35016.2
7686.889772014165,35440.3
7687.099587063992,35724.2
7687.309402113819,35338.1
7687.519217163645,35938.6
7687.729032213472,35302.6
7687.9388472633,36113.2
7688.148662313127,35265.2
7688.358477362954,34361.9
7688.5682924127805,33794.3
7688.778107462608,33847.8
7688.987922512435,32957.5
7689.197737562262,32611.8
7689.407552612089,32331.7
7689.617367661916,31879.5
7689.827182711743,32181.4
7690.03699776157,32943.2
7690.246812811397,33203.2
7690.456627861224,33038.6
7690.6664429110515,33407.3
7690.876257960878,34337.2
7691.086073010705,35332.8
7691.295888060532,36557.3
7691.50570311036,36560.9
7691.715518160187,36075.6
7691.925333210013,36010.9
7692.13514825984,37115.1
7692.344963309668,36842.2
7692.554778359495,36443.5
7692.764593409322,36102.3
7692.974408459148,35642.9
7693.184223508975,35927.2
7693.394038558803,35750.9
7693.60385360863,35735.6
7693.813668658457,36438.9
7694.0234837082835,35674.1
7694.233298758111,35728.7
7694.443113807938,36890.6
7694.652928857765,36549.0
7694.862743907592,36400.2
7695.0725589574195,35874.8
7695.282374007246,35120.5
7695.492189057073,35657.2
7695.7020041069,35687.4
7695.911819156727,34734.6
7696.1216342065545,33935.4
7696.331449256381,34770.9
7696.541264306208,34618.3
7696.751079356035,35077.5
7696.960894405863,35781.0
7697.17070945569,35577.1
7697.380524505516,35984.4
7697.590339555343,35164.0
7697.800154605171,35724.4
7698.009969654998,36190.7
7698.219784704825,36274.6
7698.4295997546515,35839.5
7698.639414804478,35876.0
7698.849229854306,36382.5
7699.059044904133,36996.0
7699.26885995396,36702.8
7699.4786750037865,35807.9
7699.688490053614,36743.1
7699.898305103441,37512.5
7700.108120153268,36686.2
7700.317935203095,36785.9
7700.5277502529225,37075.1
7700.737565302749,36630.4
7700.947380352576,36951.5
7701.157195402403,37530.2
7701.36701045223,37363.1
7701.5768255020575,37087.6
7701.786640551884,38317.7
7701.996455601711,38215.8
7702.206270651538,37146.2
7702.416085701366,36002.1
7702.625900751193,36246.5
7702.835715801019,35434.1
7703.045530850846,35647.7
7703.255345900674,36106.8
7703.465160950501,35863.3
7703.674976000328,36411.0
7703.8847910501545,36465.3
7704.094606099981,36052.1
7704.304421149809,36536.9
7704.514236199636,36783.7
7704.724051249463,37420.5
7704.93386629929,38558.5
7705.143681349117,37747.0
7705.353496398944,36771.2
7705.563311448771,37696.7
7705.773126498598,38298.0
7705.9829415484255,36982.6
7706.192756598252,37237.0
7706.402571648079,37355.6
7706.612386697906,37285.6
7706.822201747733,36812.8
7707.032016797561,38442.9
7707.241831847387,38948.7
7707.451646897214,37993.4
7707.661461947041,37958.9
7707.871276996869,37298.7
7708.081092046696,37145.4
7708.2909070965225,37293.7
7708.500722146349,38077.3
7708.710537196177,38124.6
7708.920352246004,37155.5
7709.130167295831,36951.3
7709.3399823456575,37234.6
7709.549797395484,37499.9
7709.759612445312,37132.4
7709.969427495139,38362.4
7710.179242544966,37121.2
7710.389057594793,36410.8
7710.59887264462,36699.1
7710.808687694447,37390.2
7711.018502744274,36201.0
7711.228317794101,37405.1
7711.4381328439285,37051.9
7711.647947893755,37218.6
7711.857762943582,37582.2
7712.067577993409,37953.0
7712.277393043236,37381.9
7712.487208093064,36690.5
7712.69702314289,37036.0
7712.906838192717,37167.1
7713.116653242544,36453.5
7713.326468292372,36639.5
7713.536283342199,37137.7
7713.7460983920255,36873.4
7713.955913441852,37396.4
7714.16572849168,37974.8
7714.375543541507,37292.4
7714.585358591334,36870.8
7714.7951736411605,37276.5
7715.004988690987,36718.3
7715.214803740815,36825.4
7715.424618790642,37704.9
7715.634433840469,37653.1
7715.844248890296,38115.1
7716.054063940123,37558.1
7716.26387898995,37113.4
7716.473694039777,37669.6
7716.683509089604,38202.0
7716.893324139432,37690.6
7717.103139189258,36846.2
7717.312954239085,36891.6
7717.522769288912,36572.9
7717.73258433874,37386.8
7717.942399388567,37267.0
7718.1522144383935,36234.9
7718.36202948822,37193.5
7718.571844538047,37908.2
7718.781659587875,37226.8
7718.991474637702,37285.8
7719.2012896875285,37742.0
7719.411104737355,37395.7
7719.620919787183,36977.7
7719.83073483701,37005.6
7720.040549886837,37336.9
7720.250364936664,37630.2
7720.460179986491,37253.4
7720.669995036318,36521.1
7720.879810086145,35690.8
7721.089625135972,36839.9
7721.299440185799,36071.0
7721.509255235626,36714.4
7721.719070285453,36269.4
7721.92888533528,37047.7
7722.138700385107,37073.2
7722.348515434935,36791.8
7722.558330484761,36517.2
7722.768145534588,36449.9
7722.977960584415,36443.4
7723.187775634243,36487.1
7723.39759068407,37010.9
7723.6074057338965,37102.5
7723.817220783723,35984.5
7724.02703583355,35742.4
7724.236850883378,36725.7
7724.446665933205,36728.6
7724.6564809830315,36801.9
7724.866296032858,36995.4
7725.076111082686,36636.1
7725.285926132513,36713.7
7725.49574118234,35610.0
7725.705556232167,35402.8
7725.915371281994,35833.8
7726.125186331821,36222.0
7726.335001381648,37290.8
7726.544816431475,36978.2
7726.754631481302,36345.6
7726.964446531129,37498.8
7727.174261580956,36525.0
7727.384076630783,36738.9
7727.59389168061,36645.7
7727.803706730438,36730.2
7728.013521780264,37647.4
7728.223336830091,36915.6
7728.433151879918,36220.0
7728.642966929746,36919.6
7728.852781979573,37623.8
7729.0625970293995,36376.9
7729.272412079226,36103.8
7729.482227129053,35881.4
7729.692042178881,36010.8
7729.901857228708,35563.9
7730.111672278535,35996.6
7730.321487328361,36196.8
7730.531302378189,36298.5
7730.741117428016,35865.5
7730.950932477843,35947.9
7731.16074752767,36289.5
7731.370562577497,35712.2
7731.580377627324,35584.5
7731.790192677151,35786.5
7732.000007726978,36330.2
7732.209822776805,36281.9
7732.419637826632,36017.4
7732.629452876459,35400.1
7732.839267926286,35587.8
7733.049082976113,35789.3
7733.258898025941,36248.0
7733.4687130757675,35424.0
7733.678528125594,35203.5
7733.888343175421,35590.0
7734.098158225249,35891.7
7734.307973275076,35787.2
7734.5177883249025,36283.7
7734.727603374729,36127.6
7734.937418424556,35254.9
7735.147233474384,35784.8
7735.357048524211,35736.7
7735.566863574038,36363.3
7735.776678623864,35883.9
7735.986493673692,36462.9
7736.196308723519,35908.3
7736.406123773346,35679.6
7736.615938823173,35527.8
7736.825753873,36337.0
7737.035568922827,36061.6
7737.245383972654,35884.7
7737.455199022481,36002.8
7737.665014072308,35057.1
7737.874829122135,35735.2
7738.084644171962,35318.0
7738.294459221789,35024.2
7738.504274271616,36553.6
7738.714089321444,35888.7
7738.9239043712705,35806.3
7739.133719421097,35633.6
7739.343534470924,35774.5
7739.553349520752,35751.3
7739.763164570579,36114.0
7739.972979620406,36078.7
7740.182794670232,35055.5
7740.39260972006,35599.6
7740.602424769887,35942.8
7740.812239819714,36012.5
7741.022054869541,35347.6
7741.231869919367,34612.4
7741.441684969195,35912.8
7741.651500019022,35542.1
7741.861315068849,34313.7
7742.071130118676,35432.9
7742.280945168503,35547.5
7742.49076021833,34507.0
7742.700575268157,34171.9
7742.910390317984,33993.9
7743.120205367812,34132.3
7743.3300204176385,34743.2
7743.539835467465,34464.8
7743.749650517292,35314.2
7743.959465567119,35621.7
7744.169280616947,34632.8
7744.3790956667735,34725.8
7744.5889107166,35379.0
7744.798725766427,35211.8
7745.008540816255,34741.9
7745.218355866082,34161.8
7745.428170915909,33387.8
7745.637985965735,34104.6
7745.847801015563,34470.4
7746.05761606539,34975.6
7746.267431115217,34361.6
7746.477246165044,34491.2
7746.6870612148705,34830.5
7746.896876264698,35123.9
7747.106691314525,33970.1
7747.316506364352,33867.6
7747.526321414179,35609.4
7747.736136464006,35090.8
7747.945951513833,35342.0
7748.15576656366,33915.0
7748.365581613487,34512.7
7748.575396663315,35567.5
7748.7852117131415,35288.4
7748.995026762968,34588.7
7749.204841812795,35112.5
7749.414656862622,34709.5
7749.62447191245,35094.1
7749.834286962277,34960.5
7750.044102012103,34126.8
7750.25391706193,34363.3
7750.463732111758,34965.7
7750.673547161585,33925.2
7750.883362211412,33768.1
7751.093177261238,33833.1
7751.302992311066,35059.7
7751.512807360893,34732.8
7751.72262241072,35099.1
7751.932437460547,34311.2
7752.1422525103735,33521.1
7752.352067560201,34266.6
7752.561882610028,34190.0
7752.771697659855,34124.4
7752.981512709682,34833.1
7753.1913277595095,34946.6
7753.401142809336,33873.2
7753.610957859163,34549.5
7753.82077290899,33529.5
7754.030587958818,33700.7
7754.2404030086445,34182.4
7754.450218058471,34758.0
7754.660033108298,33948.7
7754.869848158125,32861.7
7755.079663207953,33574.3
7755.28947825778,34586.8
7755.499293307606,34600.7
7755.709108357433,34279.1
7755.918923407261,33699.9
7756.128738457088,34088.1
7756.338553506915,34866.4
7756.5483685567415,33510.6
7756.758183606569,33183.4
7756.967998656396,33213.8
7757.177813706223,32914.8
7757.38762875605,33229.3
7757.5974438058765,33864.0
7757.807258855704,34029.3
7758.017073905531,33724.6
7758.226888955358,34086.0
7758.436704005185,34792.1
7758.6465190550125,34538.2
7758.856334104839,33881.1
7759.066149154666,32812.7
7759.275964204493,33051.5
7759.485779254321,34051.7
7759.695594304148,33607.8
7759.905409353974,33224.8
7760.115224403801,33335.1
7760.325039453628,33513.4
7760.534854503456,33253.7
7760.744669553283,32279.9
7760.954484603109,32566.4
7761.164299652936,33829.7
7761.374114702764,33189.9
7761.583929752591,32945.5
7761.793744802418,32379.5
7762.0035598522445,32706.6
7762.213374902072,33510.5
7762.423189951899,31858.5
7762.633005001726,32189.1
7762.842820051553,32520.1
7763.05263510138,32205.4
7763.262450151207,32375.0
7763.472265201034,31872.6
7763.682080250861,32054.5
7763.891895300688,31541.3
7764.1017103505155,31861.7
7764.311525400342,31219.7
7764.521340450169,32166.0
7764.731155499996,31866.8
7764.940970549824,30762.3
7765.150785599651,31173.3
7765.360600649477,32554.6
7765.570415699304,32859.0
7765.780230749131,33108.1
7765.990045798959,32854.6
7766.199860848786,31812.7
7766.4096758986125,32101.9
7766.619490948439,32070.3
7766.829305998267,31148.5
7767.039121048094,30766.1
7767.248936097921,31436.2
7767.4587511477475,30858.4
7767.668566197575,31233.0
7767.878381247402,31507.9
7768.088196297229,31487.9
7768.298011347056,30372.7
7768.507826396883,30208.1
7768.71764144671,31209.4
7768.927456496537,30822.5
7769.137271546364,30741.5
7769.347086596191,30606.4
7769.556901646019,31311.6
7769.766716695845,30987.0
7769.976531745672,30358.2
7770.186346795499,30064.5
7770.396161845327,29990.9
7770.605976895154,30371.2
7770.81579194498,29301.1
7771.025606994807,30109.2
7771.235422044634,29345.0
7771.445237094462,28879.3
7771.655052144289,28864.1
7771.8648671941155,29828.1
7772.074682243942,28500.6
7772.28449729377,27728.5
7772.494312343597,29090.4
7772.704127393424,29017.7
7772.913942443251,28069.2
7773.123757493078,27827.0
7773.333572542905,28020.8
7773.543387592732,28781.3
7773.753202642559,29116.5
7773.963017692386,28373.6
7774.172832742213,28647.1
7774.38264779204,28062.2
7774.592462841867,27333.6
7774.802277891694,28396.8
7775.012092941522,28818.9
7775.221907991348,28373.0
7775.431723041175,28991.1
7775.641538091002,29107.8
7775.85135314083,28243.1
7776.061168190657,28299.5
7776.2709832404835,29261.9
7776.48079829031,28796.5
7776.690613340137,27955.7
7776.900428389965,28294.2
7777.110243439792,28242.6
7777.3200584896185,28286.8
7777.529873539445,29122.9
7777.739688589273,29857.0
7777.9495036391,29831.7
7778.159318688927,29770.6
7778.369133738754,29451.5
7778.578948788581,29428.1
7778.788763838408,29523.1
7778.998578888235,29217.4
7779.208393938062,28879.4
7779.418208987889,29755.1
7779.628024037716,29832.1
7779.837839087543,29193.0
7780.04765413737,29913.7
7780.257469187197,29726.9
7780.467284237025,29526.2
7780.677099286851,29566.9
7780.886914336678,29622.5
7781.096729386505,29842.4
7781.306544436333,29921.2
7781.51635948616,29253.3
7781.7261745359865,27988.5
7781.935989585813,28480.6
7782.145804635641,29651.2
7782.355619685468,30469.8
7782.565434735295,29325.5
7782.775249785122,29921.6
7782.985064834948,29667.3
7783.194879884776,28658.9
7783.404694934603,28517.1
7783.61450998443,28636.1
7783.824325034257,28382.5
7784.034140084084,29205.3
7784.243955133911,28625.2
7784.453770183738,27761.1
7784.663585233565,28100.7
7784.873400283393,28153.7
7785.083215333219,28214.2
7785.293030383046,28216.7
7785.502845432873,29004.7
7785.7126604827,28421.9
7785.922475532528,28095.8
7786.1322905823545,28347.5
7786.342105632181,28455.7
7786.551920682008,28575.1
7786.761735731836,28369.1
7786.971550781663,28721.7
7787.1813658314895,28142.8
7787.391180881316,28929.5
7787.600995931144,29262.8
7787.810810980971,28153.8
7788.020626030798,27673.9
7788.230441080625,27391.2
7788.440256130451,27471.5
7788.650071180279,27853.9
7788.859886230106,27145.1
7789.069701279933,28148.5
7789.27951632976,27697.5
7789.489331379587,26546.0
7789.699146429414,27384.5
7789.908961479241,27438.6
7790.118776529068,27691.8
7790.328591578896,27910.9
7790.538406628722,27444.0
7790.748221678549,26901.0
7790.958036728376,27019.8
7791.167851778203,27265.7
7791.377666828031,27520.8
7791.5874818778575,28221.3
7791.797296927684,27825.9
7792.007111977511,26582.9
7792.216927027339,27376.3
7792.426742077166,28192.0
7792.636557126993,26883.8
7792.846372176819,26196.3
7793.056187226647,28136.4
7793.266002276474,27744.0
7793.475817326301,27591.6
7793.685632376128,26826.0
7793.895447425954,26808.2
7794.105262475782,27132.3
7794.315077525609,26518.8
7794.524892575436,26429.7
7794.734707625263,26955.1
7794.94452267509,26632.8
7795.154337724917,27108.0
7795.364152774744,26362.0
7795.573967824571,25846.3
7795.783782874399,26661.2
7795.9935979242255,26526.5
7796.203412974052,27234.3
7796.413228023879,26929.9
7796.623043073706,25813.8
7796.832858123534,26312.0
7797.0426731733605,25922.9
7797.252488223187,26376.9
7797.462303273014,25516.1
7797.672118322842,25957.8
7797.881933372669,25271.8
7798.091748422496,25963.8
7798.301563472322,26306.0
7798.51137852215,26650.3
7798.721193571977,26209.1
7798.931008621804,26011.6
7799.140823671631,25481.5
7799.3506387214575,26009.0
7799.560453771285,24897.9
7799.770268821112,25138.8
7799.980083870939,25738.7
7800.189898920766,24998.3
7800.399713970593,25406.3
7800.60952902042,25797.0
7800.819344070247,25884.8
7801.029159120074,26183.1
7801.238974169902,25275.5
7801.4487892197285,25047.6
7801.658604269555,25833.0
7801.868419319382,25367.4
7802.07823436921,25698.2
7802.288049419037,24723.9
7802.497864468864,24000.5
7802.70767951869,24810.6
7802.917494568517,25386.8
7803.127309618345,25280.6
7803.337124668172,24737.6
7803.546939717999,24433.3
7803.756754767825,24232.1
7803.966569817653,24441.8
7804.17638486748,25315.1
7804.386199917307,25136.9
7804.596014967134,24461.9
7804.805830016961,24500.1
7805.015645066788,24144.6
7805.225460116615,24959.2
7805.435275166442,24672.6
7805.645090216269,24561.0
7805.8549052660965,24298.0
7806.064720315923,25211.5
7806.27453536575,24427.8
7806.484350415577,24975.2
7806.694165465405,24804.6
7806.9039805152315,23876.8
7807.113795565058,23876.4
7807.323610614885,23837.8
7807.533425664713,23919.1
7807.74324071454,23409.9
7807.953055764367,23767.7
7808.162870814193,23576.7
7808.37268586402,24139.7
7808.582500913848,24162.7
7808.792315963675,24209.0
7809.002131013502,23208.9
7809.2119460633285,23576.3
7809.421761113156,24240.1
7809.631576162983,23771.2
7809.84139121281,24217.6
7810.051206262637,23528.6
7810.261021312464,23032.0
7810.470836362291,23248.5
7810.680651412118,22977.3
7810.890466461945,22785.9
7811.100281511772,22894.9
7811.3100965615995,24043.8
7811.519911611426,22046.1
7811.729726661253,22483.8
7811.93954171108,23226.8
7812.149356760908,23189.2
7812.359171810735,23037.0
7812.568986860561,22861.7
7812.778801910388,23058.0
7812.988616960216,22918.1
7813.198432010043,23060.8
7813.40824705987,22733.5
7813.618062109696,21696.7
7813.827877159523,22648.9
7814.037692209351,22073.3
7814.247507259178,22349.1
7814.457322309005,22040.7
7814.6671373588315,21879.0
7814.876952408659,23052.7
7815.086767458486,21931.9
7815.296582508313,22427.8
7815.50639755814,22577.0
7815.7162126079675,22469.9
7815.926027657794,22092.0
7816.135842707621,21043.7
7816.345657757448,20963.9
7816.555472807275,21981.2
7816.7652878571025,21794.8
7816.975102906929,21055.4
7817.184917956756,21691.0
7817.394733006583,21886.7
7817.604548056411,20910.5
7817.814363106238,21468.3
7818.024178156064,21121.3
7818.233993205891,21384.9
7818.443808255719,21572.5
7818.653623305546,21444.4
7818.863438355373,21135.6
7819.0732534051995,22004.0
7819.283068455026,21944.8
7819.492883504854,20634.1
7819.702698554681,20017.9
7819.912513604508,20451.6
7820.1223286543345,20312.7
7820.332143704162,21023.8
7820.541958753989,20914.2
7820.751773803816,20265.9
7820.961588853643,21439.5
7821.1714039034705,21216.0
7821.381218953297,21469.3
7821.591034003124,21164.0
7821.800849052951,20295.1
7822.010664102778,20617.3
7822.220479152606,19991.1
7822.430294202432,20480.0
7822.640109252259,19793.5
7822.849924302086,20231.6
7823.059739351914,20020.7
7823.269554401741,20051.8
7823.479369451567,20334.3
7823.689184501394,20727.1
7823.898999551222,20209.6
7824.108814601049,19501.8
7824.318629650876,20539.0
7824.5284447007025,19100.5
7824.738259750529,18980.4
7824.948074800357,19893.7
7825.157889850184,19694.0
7825.367704900011,19521.1
7825.577519949838,20106.3
7825.787334999665,20183.9
7825.997150049492,19370.0
7826.206965099319,18335.9
7826.416780149146,19694.4
7826.6265951989735,20030.6
7826.8364102488,19106.8
7827.046225298627,19844.3
7827.256040348454,19464.4
7827.465855398281,19993.3
7827.675670448109,20189.0
7827.885485497935,18655.0
7828.095300547762,19119.5
7828.305115597589,19311.5
7828.514930647417,18908.2
7828.724745697244,18628.1
7828.9345607470705,19014.5
7829.144375796897,19369.9
7829.354190846725,19843.0
7829.564005896552,18977.7
7829.773820946379,19315.5
7829.9836359962055,19272.3
7830.193451046032,18860.8
7830.40326609586,18256.0
7830.613081145687,18245.6
7830.822896195514,17531.4
7831.032711245341,18989.1
7831.242526295168,18545.2
7831.452341344995,19271.2
7831.662156394822,18561.7
7831.871971444649,17973.3
7832.081786494477,18885.0
7832.291601544303,19053.2
7832.50141659413,18033.0
7832.711231643957,18275.5
7832.921046693784,18101.4
7833.130861743612,17480.1
7833.340676793438,18396.2
7833.550491843265,18007.2
7833.760306893092,18077.2
7833.97012194292,17727.5
7834.179936992747,18232.5
7834.3897520425735,17422.0
7834.5995670924,18323.4
7834.809382142228,18329.7
7835.019197192055,17450.1
7835.229012241882,17391.0
7835.438827291709,17579.7
7835.648642341535,17381.0
7835.858457391363,16764.8
7836.06827244119,16811.6
7836.278087491017,17751.3
7836.487902540844,17147.4
7836.697717590671,17512.8
7836.907532640498,18023.7
7837.117347690325,17647.8
7837.327162740152,16967.7
7837.53697778998,16551.3
7837.746792839806,16283.9
7837.956607889633,16362.2
7838.16642293946,17223.6
7838.376237989287,16638.7
7838.586053039115,17454.3
7838.7958680889415,16668.6
7839.005683138768,16940.3
7839.215498188595,17249.1
7839.425313238423,16879.5
7839.63512828825,16333.3
7839.8449433380765,15882.6
7840.054758387903,15933.8
7840.264573437731,15450.5
7840.474388487558,15908.8
7840.684203537385,16467.3
7840.894018587212,15986.2
7841.103833637038,15764.3
7841.313648686866,15729.9
7841.523463736693,15131.6
7841.73327878652,15472.5
7841.943093836347,15800.1
7842.152908886174,15383.0
7842.362723936001,15312.8
7842.572538985828,15886.6
7842.782354035655,15427.8
7842.992169085483,15384.7
7843.201984135309,16178.6
7843.411799185136,16214.3
7843.621614234963,15770.6
7843.831429284791,14989.1
7844.041244334618,15085.2
7844.2510593844445,15617.5
7844.460874434271,15541.8
7844.670689484098,15306.8
7844.880504533926,15204.2
7845.090319583753,15429.9
7845.30013463358,15901.3
7845.509949683406,14612.9
7845.719764733234,15379.3
7845.929579783061,14648.8
7846.139394832888,14493.0
7846.349209882715,14478.9
7846.559024932542,13963.0
7846.768839982369,14429.0
7846.978655032196,14449.1
7847.188470082023,14678.5
7847.39828513185,14920.9
7847.608100181677,14664.4
7847.817915231504,15208.1
7848.027730281331,14598.8
7848.237545331158,13811.7
7848.447360380986,13370.5
7848.6571754308125,13608.7
7848.866990480639,14516.9
7849.076805530466,14127.2
7849.286620580294,14409.4
7849.496435630121,14405.7
7849.7062506799475,14587.6
7849.916065729774,14015.6
7850.125880779601,14284.1
7850.335695829429,13630.7
7850.545510879256,13710.2
7850.755325929083,13547.8
7850.965140978909,13872.4
7851.174956028737,13781.5
7851.384771078564,13769.9
7851.594586128391,13654.5
7851.804401178218,14137.6
7852.014216228045,13845.2
7852.224031277872,13823.8
7852.433846327699,13162.0
7852.643661377526,13495.2
7852.853476427353,12980.2
7853.06329147718,12936.9
7853.273106527007,13710.2
7853.482921576834,12965.1
7853.692736626661,12071.9
7853.902551676489,12054.6
7854.1123667263155,13019.5
7854.322181776142,12760.6
7854.531996825969,12408.6
7854.741811875797,12590.1
7854.951626925624,12519.7
7855.1614419754505,13051.4
7855.371257025277,12729.1
7855.581072075104,12580.2
7855.790887124932,12536.3
7856.000702174759,12520.7
7856.210517224586,11207.8
7856.420332274412,12478.3
7856.63014732424,12792.9
7856.839962374067,13142.4
7857.049777423894,13945.1
7857.259592473721,13249.5
7857.469407523548,11488.9
7857.679222573375,12468.2
7857.889037623202,12411.1
7858.098852673029,12745.4
7858.308667722856,12035.6
7858.5184827726835,12220.6
7858.72829782251,12123.7
7858.938112872337,12287.0
7859.147927922164,12112.6
7859.357742971992,11034.6
7859.5675580218185,12486.8
7859.777373071645,11761.2
7859.987188121472,11440.7
7860.1970031713,11804.4
7860.406818221127,11215.1
7860.616633270954,11442.0
7860.82644832078,11627.1
7861.036263370607,10493.0
7861.246078420435,10851.6
7861.455893470262,12211.3
7861.665708520089,11643.9
7861.8755235699155,11089.6
7862.085338619743,11488.2
7862.29515366957,11459.3
7862.504968719397,10706.2
7862.714783769224,11232.0
7862.924598819051,10701.9
7863.134413868878,11163.9
7863.344228918705,10834.6
7863.554043968532,11435.0
7863.76385901836,10284.5
7863.9736740681865,10319.3
7864.183489118013,10467.0
7864.39330416784,10165.9
7864.603119217667,9455.32
7864.812934267495,9429.1
7865.0227493173215,10493.6
7865.232564367148,10312.8
7865.442379416975,10841.3
7865.652194466803,10398.9
7865.86200951663,9103.6
7866.071824566457,9585.71
7866.281639616283,10165.0
7866.491454666111,10341.3
7866.701269715938,10247.2
7866.911084765765,10981.5
7867.120899815592,10743.9
7867.3307148654185,9739.86
7867.540529915246,10104.2
7867.750344965073,10892.1
7867.9601600149,10001.6
7868.169975064727,10636.1
7868.379790114554,9837.73
7868.589605164381,9542.32
7868.799420214208,10121.6
7869.009235264035,9842.66
7869.219050313863,9979.76
7869.4288653636895,10696.0
7869.638680413516,8889.82
7869.848495463343,10169.0
7870.05831051317,10113.4
7870.268125562998,8943.22
7870.477940612825,8576.82
7870.687755662651,9062.95
7870.897570712478,8836.6
7871.107385762306,9517.27
7871.317200812133,9397.91
7871.52701586196,9866.53
7871.7368309117865,10070.7
7871.946645961614,9415.07
7872.156461011441,8691.3
7872.366276061268,8999.77
7872.576091111095,8502.48
7872.7859061609215,8911.76
7872.995721210749,8658.14
7873.205536260576,9177.3
7873.415351310403,8768.32
7873.62516636023,8610.47
7873.8349814100575,8383.04
7874.044796459884,7921.37
7874.254611509711,8498.64
7874.464426559538,9026.73
7874.674241609366,9674.07
7874.8840566591925,8792.1
7875.093871709019,7983.41
7875.303686758846,8482.58
7875.513501808673,8619.83
7875.723316858501,8764.11
7875.933131908328,7752.93
7876.142946958154,8321.22
7876.352762007981,7592.61
7876.562577057809,7481.97
7876.772392107636,8347.78
7876.982207157463,7867.56
7877.1920222072895,7703.29
7877.401837257117,8480.55
7877.611652306944,8365.05
7877.821467356771,7852.61
7878.031282406598,7778.12
7878.2410974564245,7017.81
7878.450912506252,7082.37
7878.660727556079,8386.06
7878.870542605906,7170.55
7879.080357655733,7250.42
7879.2901727055605,7812.23
7879.499987755387,7569.55
7879.709802805214,7536.39
7879.919617855041,6969.08
7880.129432904869,7126.84
7880.339247954696,7374.44
7880.549063004522,6608.51
7880.758878054349,5990.05
7880.968693104176,6455.8
7881.178508154004,7655.32
7881.388323203831,7395.84
7881.598138253657,8506.12
7881.807953303484,7609.07
7882.017768353312,6375.08
7882.227583403139,6312.31
7882.437398452966,6319.94
7882.6472135027925,7319.07
7882.85702855262,6697.61
7883.066843602447,6932.82
7883.276658652274,6183.69
7883.486473702101,6423.84
7883.696288751928,6934.25
7883.906103801755,6826.08
7884.115918851582,6217.52
7884.325733901409,6829.06
7884.535548951236,6480.02
7884.7453640010635,5475.24
7884.95517905089,5911.7
7885.164994100717,5925.54
7885.374809150544,6548.96
7885.584624200372,6584.55
7885.794439250199,6655.54
7886.004254300025,6221.81
7886.214069349852,5969.11
7886.423884399679,6345.1
7886.633699449507,5910.74
7886.843514499334,6600.06
7887.0533295491605,6183.26
7887.263144598987,6026.98
7887.472959648815,6050.36
7887.682774698642,4992.66
7887.892589748469,5651.84
7888.1024047982955,5431.77
7888.312219848123,5873.51
7888.52203489795,6028.51
7888.731849947777,4855.92
7888.941664997604,5992.22
7889.151480047431,5475.62
7889.361295097258,6121.86
7889.571110147085,6751.54
7889.780925196912,6233.32
7889.990740246739,5862.96
7890.200555296567,6245.16
7890.410370346393,5971.47
7890.62018539622,5846.45
7890.830000446047,5882.85
7891.039815495875,5342.98
7891.249630545702,4915.77
7891.459445595528,5466.36
7891.669260645355,5251.24
7891.879075695182,5207.27
7892.08889074501,5131.33
7892.298705794837,5185.4
7892.5085208446635,5480.15
7892.71833589449,4878.55
7892.928150944318,4181.87
7893.137965994145,4045.66
7893.347781043972,4126.61
7893.557596093799,5233.29
7893.767411143626,5013.67
