7605.9138928258,3357.11
7606.123275497486,3626.57
7606.332658169173,4335.46
7606.542040840859,3113.92
7606.751423512545,2165.42
7606.960806184232,2446.18
7607.170188855918,3448.41
7607.379571527606,4588.56
7607.588954199292,4059.11
7607.798336870978,2897.06
7608.007719542665,2540.58
7608.217102214351,3953.36
7608.4264848860375,5908.61
7608.635867557724,7065.85
7608.84525022941,6771.52
7609.054632901097,4931.52
7609.264015572783,2867.39
7609.4733982444695,2615.84
7609.682780916156,4059.31
7609.892163587842,5473.68
7610.10154625953,4318.96
7610.310928931216,3348.92
7610.520311602902,3824.58
7610.729694274589,5350.56
7610.939076946275,7947.2
7611.148459617962,10741.8
7611.357842289648,11817.9
7611.567224961334,10258.3
7611.776607633021,7235.88
7611.985990304707,4378.34
7612.195372976394,3577.47
7612.40475564808,5134.17
7612.614138319767,6800.84
7612.823520991454,6620.05
7613.03290366314,5341.74
7613.2422863348265,5512.49
7613.451669006513,8923.55
7613.661051678199,12784.9
7613.870434349886,15534.6
7614.079817021572,18131.1
7614.2891996932585,18332.4
7614.498582364945,15030.3
7614.707965036631,10712.7
7614.917347708318,7848.21
7615.126730380004,7709.99
7615.336113051691,9703.57
7615.545495723378,11340.5
7615.754878395064,11281.1
7615.964261066751,11232.2
7616.173643738437,11553.2
7616.383026410123,14590.6
7616.59240908181,19780.8
7616.801791753496,22903.2
7617.011174425183,25319.8
7617.220557096869,26224.9
7617.429939768555,26641.7
7617.639322440242,27184.8
7617.848705111928,27136.1
7618.0580877836155,26977.1
7618.267470455302,26933.9
7618.476853126988,27369.8
7618.686235798675,28147.9
7618.895618470361,27349.1
7619.1050011420475,26953.2
7619.314383813734,26621.9
7619.52376648542,26528.7
7619.733149157107,25258.1
7619.942531828793,24456.9
7620.1519145004795,23150.9
7620.361297172166,19654.3
7620.570679843852,15189.4
7620.78006251554,10033.3
7620.989445187226,9807.44
7621.198827858912,13062.0
7621.408210530599,17170.9
7621.617593202285,21155.9
7621.826975873972,23669.1
7622.036358545658,24641.8
7622.245741217344,24251.9
7622.455123889031,21698.8
7622.664506560717,17654.8
7622.873889232404,12660.4
7623.08327190409,7957.42
7623.292654575777,7176.41
7623.502037247464,8747.1
7623.71141991915,10219.7
7623.9208025908365,10030.3
7624.130185262523,8160.22
7624.339567934209,6802.17
7624.548950605896,7718.27
7624.758333277582,11435.1
7624.9677159492685,16382.6
7625.177098620955,20600.7
7625.386481292641,23144.9
7625.595863964328,24556.7
7625.805246636014,24342.5
7626.014629307701,22483.3
7626.224011979388,19587.2
7626.433394651074,14786.5
7626.642777322761,9895.94
7626.852159994447,6661.36
7627.061542666133,5939.7
7627.27092533782,7244.13
7627.480308009506,8761.31
7627.689690681193,8325.46
7627.899073352879,6164.95
7628.108456024565,5089.47
7628.317838696252,7560.92
7628.527221367938,13184.7
7628.7366040396255,17527.7
7628.945986711312,21178.8
7629.155369382998,24132.8
7629.364752054685,25865.1
7629.574134726371,25875.2
7629.7835173980575,24853.3
7629.992900069744,23335.7
7630.20228274143,20007.1
7630.411665413117,14867.3
7630.621048084803,9991.55
7630.8304307564895,6940.71
7631.039813428176,6151.91
7631.249196099862,7582.54
7631.45857877155,8218.45
7631.667961443236,7395.53
7631.877344114922,6606.6
7632.086726786609,6563.95
7632.296109458295,9484.12
7632.505492129982,14201.0
7632.714874801668,19171.6
7632.924257473354,23030.6
7633.133640145041,26365.9
7633.343022816727,28255.7
7633.552405488414,28057.2
7633.7617881601,27492.1
7633.971170831787,27059.5
7634.180553503474,24597.8
7634.38993617516,20060.8
7634.5993188468465,15231.5
7634.808701518533,10356.4
7635.018084190219,7326.16
7635.227466861906,6701.77
7635.436849533592,7878.38
7635.6462322052785,9078.31
7635.855614876965,8331.79
7636.064997548651,7087.9
7636.274380220338,8441.61
7636.483762892024,11338.5
7636.693145563711,16703.5
7636.902528235398,22822.3
7637.111910907084,26263.9
7637.321293578771,28378.4
7637.530676250457,30844.1
7637.740058922143,31860.8
7637.94944159383,30925.7
7638.158824265516,30600.5
7638.368206937203,30510.4
7638.577589608889,27638.9
7638.786972280575,23014.3
7638.996354952262,17465.4
7639.205737623948,12249.3
7639.4151202956355,8629.56
7639.624502967322,8315.03
7639.833885639008,10079.1
7640.043268310695,10041.6
7640.252650982381,8815.48
7640.462033654067,8539.18
7640.671416325754,10436.7
7640.88079899744,14304.1
7641.090181669127,21129.6
7641.299564340813,26638.1
7641.508947012499,30123.7
7641.718329684186,33298.3
7641.927712355872,34812.9
7642.13709502756,34833.2
7642.346477699246,34794.7
7642.555860370932,34716.3
7642.765243042619,34191.5
7642.974625714305,33306.7
7643.184008385992,31506.3
7643.393391057678,27546.1
7643.602773729364,21229.8
7643.812156401051,15107.3
7644.021539072737,11881.6
7644.2309217444235,11464.9
7644.44030441611,12486.3
7644.649687087797,12501.4
7644.859069759484,11884.9
7645.06845243117,11755.1
7645.277835102856,13619.4
7645.487217774543,17880.7
7645.696600446229,23990.0
7645.905983117916,30247.0
7646.115365789602,34708.2
7646.324748461288,37218.1
7646.534131132975,38406.8
7646.743513804661,39135.0
7646.952896476348,38472.9
7647.162279148034,39190.3
7647.371661819721,38912.1
7647.581044491408,38140.9
7647.790427163094,37441.5
7647.9998098347805,34919.3
7648.209192506467,30713.8
7648.418575178153,25433.8
7648.62795784984,19678.3
7648.837340521526,16651.2
7649.0467231932125,16153.0
7649.256105864899,16870.4
7649.465488536585,17382.5
7649.674871208272,16582.3
7649.884253879958,15760.6
7650.093636551645,17712.7
7650.303019223332,22955.9
7650.512401895018,29580.7
7650.721784566705,35632.2
7650.931167238391,39019.6
7651.140549910077,41849.6
7651.349932581764,42780.4
7651.55931525345,42724.1
7651.768697925137,42927.3
7651.978080596823,43000.0
7652.187463268509,43258.3
7652.396845940196,43399.1
7652.606228611882,42375.7
7652.8156112835695,41758.8
7653.024993955256,40623.4
7653.234376626942,36538.7
7653.443759298629,31319.3
7653.653141970315,26106.0
7653.8625246420015,22538.5
7654.071907313688,21530.3
7654.281289985374,22354.0
7654.490672657061,23323.5
7654.700055328747,23018.2
7654.9094380004335,21981.1
7655.11882067212,22627.2
7655.328203343807,26664.6
7655.537586015494,32704.5
7655.74696868718,38674.3
7655.956351358866,42762.5
7656.165734030553,44982.5
7656.375116702239,46299.8
7656.584499373926,46625.0
7656.793882045612,46227.4
7657.003264717298,46822.4
7657.212647388985,47929.5
7657.422030060671,47377.1
7657.631412732358,47999.5
7657.840795404044,47253.9
7658.050178075731,45197.7
7658.259560747418,44769.9
7658.468943419104,42951.0
7658.6783260907905,38549.6
7658.887708762477,33437.0
7659.097091434163,29023.3
7659.30647410585,27739.9
7659.515856777536,28250.9
7659.7252394492225,29390.7
7659.934622120909,29194.3
7660.144004792595,28595.1
7660.353387464282,28767.8
7660.562770135968,31159.0
7660.772152807655,36804.8
7660.981535479342,42653.6
7661.190918151028,45837.2
7661.400300822715,47534.3
7661.609683494401,48844.5
7661.819066166087,49649.3
7662.028448837774,49589.9
7662.23783150946,49568.5
7662.447214181147,49601.8
7662.656596852833,49806.5
7662.865979524519,49882.2
7663.075362196206,49971.0
7663.284744867892,49444.5
7663.4941275395795,48889.2
7663.703510211266,48783.2
7663.912892882952,46986.4
7664.122275554639,43760.5
7664.331658226325,39693.3
7664.5410408980115,36539.3
7664.750423569698,34823.6
7664.959806241384,34282.9
7665.169188913071,34538.5
7665.378571584757,34668.4
7665.5879542564435,34172.1
7665.79733692813,33847.7
7666.006719599817,35833.8
7666.216102271504,40298.9
7666.42548494319,44384.4
7666.634867614876,48145.8
7666.844250286563,50954.6
7667.053632958249,52505.6
7667.263015629936,51608.8
7667.472398301622,51014.7
7667.681780973308,52119.9
7667.891163644995,53540.4
7668.100546316681,53706.3
7668.309928988368,53280.0
7668.519311660054,53546.6
7668.728694331741,53828.4
7668.938077003428,53324.3
7669.147459675114,51785.1
7669.3568423468005,52401.3
7669.566225018487,51415.2
7669.775607690173,49959.5
7669.98499036186,46173.8
7670.194373033546,42446.4
7670.4037557052325,40710.5
7670.613138376919,40607.0
7670.822521048605,41541.6
7671.031903720292,41922.4
7671.241286391978,41595.0
7671.450669063665,40852.8
7671.660051735352,42009.1
7671.869434407038,43130.3
7672.078817078725,47077.0
7672.288199750411,51049.9
7672.497582422097,53420.4
7672.706965093784,53974.5
7672.91634776547,53512.1
7673.125730437157,53692.7
7673.335113108843,55092.1
7673.544495780529,56114.2
7673.753878452216,55618.8
7673.963261123902,55509.1
7674.1726437955895,55562.7
7674.382026467276,54541.1
7674.591409138962,54483.4
7674.800791810649,55375.7
7675.010174482335,56444.9
7675.2195571540215,56418.0
7675.428939825708,55523.8
7675.638322497394,54326.4
7675.847705169081,51911.2
7676.057087840767,48956.2
7676.266470512453,47174.4
7676.47585318414,45702.2
7676.685235855827,45520.8
7676.894618527514,46221.5
7677.1040011992,46012.8
7677.313383870886,45477.3
7677.522766542573,46723.3
7677.732149214259,48301.1
7677.941531885946,49761.1
7678.150914557632,52214.6
7678.360297229318,54406.1
7678.569679901005,55572.1
7678.779062572691,56600.2
7678.9884452443775,56835.2
7679.197827916064,56718.9
7679.407210587751,57008.4
7679.616593259438,57211.4
7679.825975931124,57814.2
7680.03535860281,57884.9
7680.244741274497,57608.0
7680.454123946183,58387.1
7680.66350661787,58957.7
7680.872889289556,58254.2
7681.082271961242,57396.8
7681.291654632929,57546.8
7681.501037304615,58524.7
7681.710419976302,58455.4
7681.919802647988,56209.7
7682.129185319675,54126.4
7682.338567991362,53337.8
7682.547950663048,52234.2
7682.7573333347345,52373.1
7682.966716006421,52100.5
7683.176098678107,51116.6
7683.385481349794,50971.1
7683.59486402148,51175.5
7683.8042466931665,51241.5
7684.013629364853,51906.5
7684.223012036539,53713.6
7684.432394708226,56195.7
7684.641777379912,57651.6
7684.851160051599,58038.7
7685.060542723286,57353.4
7685.269925394972,58328.2
7685.479308066659,59017.4
7685.688690738345,59199.0
7685.898073410031,58440.4
7686.107456081718,59089.9
7686.316838753404,59797.9
7686.526221425091,59903.7
7686.735604096777,59942.1
7686.944986768463,60018.0
7687.15436944015,60703.4
7687.363752111837,60185.8
7687.5731347835235,59541.0
7687.78251745521,60120.4
7687.991900126896,59380.3
7688.201282798583,58765.2
7688.410665470269,57982.3
7688.6200481419555,57613.0
7688.829430813642,56633.6
7689.038813485328,55670.8
7689.248196157015,54629.2
7689.457578828701,54597.9
7689.6669615003875,54948.2
7689.876344172074,55042.6
7690.085726843761,55574.5
7690.295109515448,55386.6
7690.504492187134,56317.1
7690.71387485882,57694.1
7690.923257530507,57726.5
7691.132640202193,59306.8
7691.34202287388,59442.3
7691.551405545566,60105.6
7691.760788217252,60967.9
7691.970170888939,61093.9
7692.179553560625,60044.3
7692.388936232312,59910.2
7692.598318903998,61357.6
7692.807701575685,61155.3
7693.017084247372,60058.0
7693.226466919058,60550.6
7693.4358495907445,60449.4
7693.645232262431,59877.4
7693.854614934117,59134.3
7694.063997605804,59705.4
7694.27338027749,60528.9
7694.4827629491765,61397.0
7694.692145620863,60654.4
7694.901528292549,60439.1
7695.110910964236,60079.1
7695.320293635922,59899.2
7695.529676307609,59159.9
7695.739058979296,59009.4
7695.948441650982,58369.4
7696.157824322669,57298.8
7696.367206994355,57819.1
7696.576589666041,58263.3
7696.785972337728,59194.6
7696.995355009414,59212.5
7697.204737681101,58989.9
7697.414120352787,59445.4
7697.623503024473,59845.3
7697.83288569616,59806.5
7698.042268367847,60293.5
7698.2516510395335,60870.1
7698.46103371122,61518.9
7698.670416382906,60903.1
7698.879799054593,60834.4
7699.089181726279,61646.0
7699.2985643979655,62453.5
7699.507947069652,61916.3
7699.717329741338,60199.6
7699.926712413025,60115.8
7700.136095084711,60885.2
7700.3454777563975,61264.3
7700.554860428084,60569.4
7700.764243099771,60403.9
7700.973625771458,61721.5
7701.183008443144,62167.7
7701.39239111483,61767.1
7701.601773786517,61392.5
7701.811156458203,61705.2
7702.02053912989,60286.0
7702.229921801576,59777.5
7702.439304473262,60717.2
7702.648687144949,61538.3
7702.858069816635,61063.2
7703.067452488322,60130.0
7703.276835160008,60260.6
7703.486217831695,60481.3
7703.695600503382,61336.5
7703.904983175068,62225.7
7704.1143658467545,61238.5
7704.323748518441,60206.9
7704.533131190127,60842.4
7704.742513861814,62606.6
7704.9518965335,62932.8
7705.1612792051865,62279.7
7705.370661876873,62588.8
7705.580044548559,63229.9
7705.789427220246,63381.9
7705.998809891932,62248.4
7706.208192563619,61822.8
7706.417575235306,61680.9
7706.626957906992,62092.9
7706.836340578679,62596.1
7707.045723250365,62481.5
7707.255105922051,62696.5
7707.464488593738,61777.9
7707.673871265424,62236.3
7707.883253937111,62317.7
7708.092636608797,61603.7
7708.302019280483,62413.4
7708.51140195217,61897.0
7708.720784623857,62402.7
7708.9301672955435,63170.0
7709.13954996723,63311.2
7709.348932638916,61844.4
7709.558315310603,62344.0
7709.767697982289,62121.1
7709.9770806539755,61361.4
7710.186463325662,62021.1
7710.395845997348,62169.8
7710.605228669035,61173.4
7710.814611340721,61313.1
7711.0239940124075,62287.5
7711.233376684094,62510.1
7711.442759355781,62985.1
7711.652142027468,62899.3
7711.861524699154,62183.7
7712.07090737084,63029.8
7712.280290042527,62461.0
7712.489672714213,60620.5
7712.6990553859,61478.9
7712.908438057586,61693.4
7713.117820729272,60997.8
7713.327203400959,61892.8
7713.536586072645,63023.9
7713.745968744332,62544.3
7713.955351416018,62748.9
7714.164734087705,61957.7
7714.374116759392,61715.4
7714.583499431078,62403.9
7714.792882102764,62659.0
7715.002264774451,62414.8
7715.211647446137,62491.5
7715.421030117824,62657.1
7715.63041278951,62417.0
7715.839795461196,62524.4
7716.049178132883,62454.8
7716.258560804569,62607.0
7716.467943476256,61883.2
7716.677326147942,62624.1
7716.886708819629,62631.4
7717.096091491316,63578.8
7717.305474163002,62337.7
7717.5148568346885,62276.9
7717.724239506375,61337.3
7717.933622178061,61964.5
7718.143004849748,62295.3
7718.352387521434,62434.0
7718.5617701931205,63190.5
7718.771152864807,63965.7
7718.980535536493,63226.3
7719.18991820818,62001.7
7719.399300879867,61667.1
7719.608683551553,62344.1
7719.81806622324,62236.1
7720.027448894926,61658.2
7720.236831566613,61980.5
7720.446214238299,62262.8
7720.655596909985,62756.4
7720.864979581672,62036.1
7721.074362253358,60355.3
7721.283744925045,60196.7
7721.493127596731,61775.5
7721.702510268417,62445.7
7721.911892940104,61312.7
7722.121275611791,62003.7
7722.3306582834775,62639.1
7722.540040955164,61835.0
7722.74942362685,62274.6
7722.958806298537,62370.4
7723.168188970223,61798.5
7723.3775716419095,60943.1
7723.586954313596,61822.6
7723.796336985282,62082.3
7724.005719656969,62666.3
7724.215102328655,61680.5
7724.4244850003415,60872.6
7724.633867672028,61452.7
7724.843250343715,61252.2
7725.052633015402,60600.6
7725.262015687088,59896.2
7725.471398358774,60083.3
7725.680781030461,61416.2
7725.890163702147,61835.9
7726.099546373834,61450.6
7726.30892904552,61827.0
7726.518311717206,62975.6
7726.727694388893,62988.6
7726.937077060579,62592.4
7727.146459732266,61561.1
7727.355842403952,60744.5
7727.565225075639,60899.5
7727.774607747326,61493.3
7727.983990419012,61379.8
7728.1933730906985,61899.2
7728.402755762385,62036.6
7728.612138434071,62618.5
7728.821521105758,61467.4
7729.030903777444,62696.0
7729.2402864491305,61939.1
7729.449669120817,60852.3
7729.659051792503,60546.1
7729.86843446419,60439.2
7730.077817135877,60140.5
7730.287199807563,60164.7
7730.49658247925,61051.6
7730.705965150936,61620.2
7730.915347822623,61702.7
7731.124730494309,62035.1
7731.334113165995,61592.6
7731.543495837682,61462.5
7731.752878509368,61863.5
7731.962261181055,61462.8
7732.171643852741,61353.6
7732.381026524427,61700.2
7732.590409196114,61555.4
7732.799791867801,60079.1
7733.0091745394875,60037.2
7733.218557211174,59858.0
7733.42793988286,59911.8
7733.637322554547,60336.0
7733.846705226233,60221.3
7734.0560878979195,60968.9
7734.265470569606,62283.6
7734.474853241292,60831.9
7734.684235912979,60894.8
7734.893618584665,60928.1
7735.1030012563515,61160.5
7735.312383928038,60114.3
7735.521766599725,60659.5
7735.731149271412,61527.6
7735.940531943098,60588.5
7736.149914614784,60708.8
7736.359297286471,60034.8
7736.568679958157,60707.0
7736.778062629844,60896.8
7736.98744530153,60593.3
7737.196827973216,59658.3
7737.406210644903,59641.9
7737.615593316589,60228.1
7737.824975988276,59952.4
7738.034358659963,60303.8
7738.243741331649,61426.6
7738.453124003336,60813.0
7738.662506675022,60153.0
7738.8718893467085,61012.9
7739.081272018395,59902.4
7739.290654690081,58595.1
7739.500037361768,59709.6
7739.709420033454,59528.6
7739.9188027051405,58881.5
7740.128185376827,60300.2
7740.337568048513,60871.3
7740.5469507202,60045.5
7740.756333391886,59533.0
7740.965716063573,58948.9
7741.17509873526,58848.8
7741.384481406946,58877.1
7741.593864078633,59082.4
7741.803246750319,59939.1
7742.012629422005,59720.3
7742.222012093692,58646.3
7742.431394765378,58060.6
7742.640777437065,58856.2
7742.850160108751,59898.1
7743.059542780437,58658.8
7743.268925452124,57926.0
7743.478308123811,58421.9
7743.6876907954975,59076.6
7743.897073467184,60270.2
7744.10645613887,59861.5
7744.315838810557,60073.1
7744.525221482243,59642.7
7744.7346041539295,59264.8
7744.943986825616,60148.7
7745.153369497302,60239.5
7745.362752168989,59398.1
7745.572134840675,58558.7
7745.7815175123615,57445.8
7745.990900184048,56453.3
7746.200282855735,57838.9
7746.409665527422,57375.0
7746.619048199108,57936.6
7746.828430870794,58179.2
7747.037813542481,57689.0
7747.247196214167,57674.0
7747.456578885854,58215.3
7747.66596155754,58571.8
7747.875344229226,58895.6
7748.084726900913,58817.9
7748.294109572599,57941.3
7748.503492244286,57360.0
7748.712874915973,58242.9
7748.922257587659,57641.8
7749.131640259346,57745.0
7749.341022931032,58256.6
7749.5504056027185,58475.3
7749.759788274405,58276.2
7749.969170946091,58331.5
7750.178553617778,58497.9
7750.387936289464,57491.3
7750.59731896115,56961.2
7750.806701632837,56625.1
7751.016084304523,57047.4
7751.22546697621,57310.8
7751.434849647896,56855.4
7751.644232319583,57158.2
7751.85361499127,56936.4
7752.062997662956,56893.0
7752.272380334643,57997.1
7752.481763006329,57490.7
7752.691145678015,57211.0
7752.900528349702,57814.6
7753.109911021388,57645.0
7753.3192936930745,57582.7
7753.528676364761,56104.8
7753.738059036447,56155.5
7753.947441708134,56967.4
7754.156824379821,57771.2
7754.366207051507,57241.3
7754.575589723194,56016.4
7754.78497239488,56583.8
7754.994355066567,56262.7
7755.203737738253,56517.4
7755.413120409939,57081.0
7755.622503081626,55997.0
7755.831885753312,55958.5
7756.041268424999,55704.7
7756.250651096685,56329.3
7756.460033768371,56406.0
7756.669416440058,56891.2
7756.878799111745,56712.3
7757.0881817834315,55776.8
7757.297564455118,56624.8
7757.506947126804,56649.3
7757.716329798491,57094.3
7757.925712470177,56531.7
7758.1350951418635,55282.6
7758.34447781355,54624.5
7758.553860485236,56028.5
7758.763243156923,55830.2
7758.972625828609,54532.8
7759.1820085002955,54392.4
7759.391391171983,55470.8
7759.600773843669,54619.9
7759.810156515356,54344.9
7760.019539187042,55930.3
7760.228921858728,55817.7
7760.438304530415,54219.8
7760.647687202101,53803.5
7760.857069873788,55064.8
7761.066452545474,55681.1
7761.27583521716,55881.7
7761.485217888847,54322.8
7761.694600560533,54092.4
7761.90398323222,54218.4
7762.113365903906,54652.2
7762.322748575593,53218.8
7762.53213124728,54216.2
7762.741513918966,55310.5
7762.9508965906525,54847.2
7763.160279262339,54756.0
7763.369661934025,54104.0
7763.579044605712,54230.5
7763.788427277398,54514.6
7763.9978099490845,53757.9
7764.207192620771,52728.9
7764.416575292457,53790.6
7764.625957964144,54157.6
7764.835340635831,53400.9
7765.044723307517,53963.1
7765.254105979204,53487.5
7765.46348865089,53066.2
7765.672871322577,53272.4
7765.882253994263,53738.1
7766.091636665949,53774.7
7766.301019337636,54102.4
7766.510402009322,53612.1
7766.719784681009,52908.9
7766.929167352695,53554.2
7767.138550024381,52483.4
7767.347932696068,52405.7
7767.557315367755,51953.4
7767.7666980394415,51915.7
7767.976080711128,52809.6
7768.185463382814,52550.5
7768.394846054501,52989.6
7768.604228726187,53708.3
7768.8136113978735,52228.4
7769.02299406956,51732.3
7769.232376741246,52829.5
7769.441759412933,52305.5
7769.651142084619,52116.3
7769.8605247563055,52356.0
7770.069907427993,52333.6
7770.279290099679,51818.0
7770.488672771366,50841.1
7770.698055443052,50425.8
7770.907438114738,50675.6
7771.116820786425,50664.0
7771.326203458111,51486.8
7771.535586129798,51227.2
7771.744968801484,51131.2
7771.95435147317,50674.3
7772.163734144857,49417.7
7772.373116816543,49676.8
7772.58249948823,49044.6
7772.791882159916,49571.6
7773.001264831603,49189.5
7773.21064750329,47369.7
7773.420030174976,47764.8
7773.6294128466625,47589.8
7773.838795518349,47165.2
7774.048178190035,46833.5
7774.257560861722,47166.5
7774.466943533408,47273.5
7774.6763262050945,46703.8
7774.885708876781,46201.7
7775.095091548467,45638.7
7775.304474220154,46086.6
7775.513856891841,46423.5
7775.723239563527,46014.6
7775.932622235214,46476.4
7776.1420049069,46622.4
7776.351387578587,47884.3
7776.560770250273,48101.1
7776.770152921959,47502.1
7776.979535593646,48154.4
7777.188918265332,47429.4
7777.398300937019,47979.6
7777.607683608705,47217.4
7777.817066280391,47290.4
7778.026448952078,48331.7
7778.235831623765,48651.6
7778.4452142954515,49546.2
7778.654596967138,48605.3
7778.863979638824,48006.9
7779.073362310511,49104.6
7779.282744982197,49418.9
7779.4921276538835,49367.9
7779.70151032557,49773.9
7779.910892997256,49109.3
7780.120275668943,49007.1
7780.329658340629,48962.3
7780.5390410123155,49858.2
7780.748423684003,49638.6
7780.957806355689,49267.3
7781.167189027376,48989.7
7781.376571699062,48575.6
7781.585954370748,49466.5
7781.795337042435,48903.4
7782.004719714121,49428.1
7782.214102385808,48351.2
7782.423485057494,49370.9
7782.63286772918,48538.4
7782.842250400867,48063.8
7783.051633072553,47479.9
7783.26101574424,47498.0
7783.470398415926,48529.9
7783.679781087613,48407.8
7783.8891637593,47986.5
7784.098546430986,48237.0
7784.3079291026725,48346.8
7784.517311774359,48344.9
7784.726694446045,47849.9
7784.936077117732,46470.4
7785.145459789418,47343.9
7785.354842461104,47476.3
7785.564225132791,48298.5
7785.773607804477,47673.3
7785.982990476164,47246.5
7786.192373147851,47745.3
7786.401755819537,47769.9
7786.611138491224,47336.4
7786.82052116291,46464.5
7787.029903834597,47414.8
7787.239286506283,48142.2
7787.448669177969,47908.5
7787.658051849656,46780.9
7787.867434521342,46423.5
7788.076817193029,46521.3
7788.286199864715,46779.3
7788.495582536401,46587.6
7788.704965208088,46779.5
7788.914347879775,47031.5
7789.123730551461,46416.5
7789.333113223148,46350.6
7789.542495894834,46482.3
7789.751878566521,46172.4
7789.961261238207,46493.6
7790.170643909893,46750.5
7790.38002658158,46959.1
7790.589409253266,45617.5
7790.798791924953,46040.5
7791.008174596639,46069.1
7791.217557268325,46113.3
7791.426939940013,46897.2
7791.636322611699,45364.6
7791.8457052833855,44699.1
7792.055087955072,46130.9
7792.264470626758,45221.9
7792.473853298445,44143.0
7792.683235970131,45390.0
7792.8926186418175,45582.9
7793.102001313504,45563.1
7793.31138398519,44935.2
7793.520766656877,45248.7
7793.730149328563,45243.6
7793.9395320002495,44280.5
7794.148914671936,43714.5
7794.358297343623,43918.8
7794.56768001531,43821.8
7794.777062686996,43453.2
7794.986445358682,43165.4
7795.195828030369,43965.8
7795.405210702055,43695.8
7795.614593373742,44012.3
7795.823976045428,45154.3
7796.033358717114,44961.8
7796.242741388801,44210.7
7796.452124060487,43719.2
7796.661506732174,43269.0
7796.870889403861,43693.8
7797.080272075547,43620.5
7797.289654747234,44203.3
7797.49903741892,44082.9
7797.7084200906065,43741.7
7797.917802762293,43168.5
7798.127185433979,42918.1
7798.336568105666,43292.4
7798.545950777352,44477.4
7798.7553334490385,43722.7
7798.964716120725,43225.7
7799.174098792411,43470.6
7799.383481464098,43084.1
7799.592864135785,43236.9
7799.802246807471,42352.8
7800.011629479158,42107.6
7800.221012150844,42701.1
7800.430394822531,42973.9
7800.639777494217,42325.0
7800.849160165903,41808.7
7801.05854283759,42455.9
7801.267925509276,42493.1
7801.477308180963,41715.3
7801.686690852649,42800.4
7801.896073524335,43323.5
7802.105456196023,42940.2
7802.314838867709,41334.8
7802.5242215393955,40565.1
7802.733604211082,41357.3
7802.942986882768,41941.3
7803.152369554455,41718.7
7803.361752226141,41279.3
7803.5711348978275,41763.5
7803.780517569514,41672.6
7803.9899002412,41835.9
7804.199282912887,41557.7
7804.408665584573,40751.5
7804.6180482562595,39669.6
7804.827430927946,39807.3
7805.036813599633,41031.7
7805.24619627132,40653.7
7805.455578943006,40621.5
7805.664961614692,40473.4
7805.874344286379,40907.6
7806.083726958065,40509.6
7806.293109629752,40157.1
7806.502492301438,40130.4
7806.711874973124,40359.6
7806.921257644811,39869.8
7807.130640316497,39644.5
7807.340022988184,39851.4
7807.549405659871,39788.1
7807.758788331557,39895.9
7807.968171003244,39061.5
7808.17755367493,39295.4
7808.3869363466165,39821.7
7808.596319018303,39926.8
7808.805701689989,40166.6
7809.015084361676,39811.1
7809.224467033362,39279.6
7809.4338497050485,39908.4
7809.643232376735,38666.0
7809.852615048421,38300.9
7810.061997720108,39058.9
7810.271380391795,38324.2
7810.480763063481,37554.2
7810.690145735168,38823.5
7810.899528406854,37954.1
7811.108911078541,36830.0
7811.318293750227,38090.8
7811.527676421913,37901.6
7811.7370590936,38496.3
7811.946441765286,38607.6
7812.155824436973,37671.7
7812.365207108659,38312.4
7812.574589780345,37882.8
7812.783972452033,38366.1
7812.993355123719,37995.3
7813.2027377954055,37552.2
7813.412120467092,37993.8
7813.621503138778,37070.8
7813.830885810465,37312.4
7814.040268482151,37652.9
7814.2496511538375,36729.9
7814.459033825524,36251.5
7814.66841649721,36441.0
7814.877799168897,36422.9
7815.087181840583,36889.8
7815.2965645122695,36331.6
7815.505947183956,36722.0
7815.715329855643,37292.6
7815.92471252733,37221.4
7816.134095199016,36135.8
7816.343477870702,35714.4
7816.552860542389,35671.1
7816.762243214075,35283.4
7816.971625885762,35427.4
7817.181008557448,35219.2
7817.390391229134,35737.1
7817.599773900821,35672.2
7817.809156572507,35755.0
7818.018539244194,35104.4
7818.227921915881,34999.2
7818.437304587567,35871.3
7818.646687259254,35875.5
7818.85606993094,36032.1
7819.0654526026265,35849.8
7819.274835274313,35538.0
7819.484217945999,35259.6
7819.693600617686,34400.9
7819.902983289372,33841.5
7820.1123659610585,35532.2
7820.321748632745,35181.9
7820.531131304431,34415.8
7820.740513976118,34142.9
7820.949896647805,34175.9
7821.159279319491,34267.6
7821.368661991178,34781.5
7821.578044662864,34323.9
7821.787427334551,33599.0
7821.996810006237,33752.6
7822.206192677923,33792.9
7822.41557534961,34684.8
7822.624958021296,34081.3
7822.834340692983,34152.2
7823.043723364669,34040.1
7823.253106036355,34920.2
7823.462488708043,34349.8
7823.671871379729,34206.3
7823.881254051415,33811.0
7824.090636723102,33021.1
7824.300019394788,33210.0
7824.509402066475,33266.2
7824.718784738161,33015.4
7824.928167409847,32724.3
7825.137550081534,32314.3
7825.34693275322,32317.5
7825.556315424907,32507.7
7825.765698096593,32796.3
7825.975080768279,33382.2
7826.184463439966,33006.4
7826.393846111653,31927.9
7826.60322878334,32331.2
7826.812611455026,32045.7
7827.021994126712,33135.3
7827.231376798399,32503.1
7827.440759470085,32451.8
7827.6501421417715,32258.9
7827.859524813458,32224.9
7828.068907485144,32137.5
7828.278290156831,30665.9
7828.487672828517,30117.5
7828.6970555002035,31792.2
7828.906438171891,31965.0
7829.115820843577,31543.8
7829.325203515264,31473.6
7829.53458618695,31094.3
7829.743968858636,31086.7
7829.953351530323,30666.7
7830.162734202009,30070.9
7830.372116873696,30415.9
7830.581499545382,30125.7
7830.790882217068,30777.7
7831.000264888755,30867.7
7831.209647560441,30586.6
7831.419030232128,29893.3
7831.628412903815,30679.4
7831.837795575501,31138.7
7832.047178247188,30082.8
7832.256560918874,28714.9
7832.4659435905605,28881.5
7832.675326262247,30487.5
7832.884708933933,30418.6
7833.09409160562,30630.6
7833.303474277306,30324.8
7833.5128569489925,30534.8
7833.722239620679,30274.9
7833.931622292365,29067.3
7834.141004964053,30055.0
7834.350387635739,29257.8
7834.559770307425,28601.2
7834.769152979112,28538.5
7834.978535650798,29360.6
7835.187918322485,29831.3
7835.397300994171,28498.1
7835.606683665857,29011.4
7835.816066337544,29693.7
7836.02544900923,28790.7
7836.234831680917,29007.7
7836.444214352603,29190.3
7836.653597024289,28265.7
7836.862979695976,27975.1
7837.072362367663,27763.2
7837.2817450393495,28225.8
7837.491127711036,28326.5
7837.700510382722,27946.8
7837.909893054409,27988.2
7838.119275726095,27305.5
7838.3286583977815,27852.8
7838.538041069468,27981.3
7838.747423741154,28491.1
7838.956806412841,28252.0
7839.166189084527,27298.4
7839.3755717562135,26949.7
7839.584954427901,26727.8
7839.794337099587,26140.3
7840.003719771274,26025.3
7840.21310244296,26666.5
7840.422485114646,27190.0
7840.631867786333,27487.9
7840.841250458019,27172.2
7841.050633129706,27429.7
7841.260015801392,26970.4
7841.469398473078,26189.0
7841.678781144765,26487.0
7841.888163816451,26832.5
7842.097546488138,26823.2
7842.306929159825,26973.6
7842.516311831511,26116.9
7842.725694503198,26170.8
7842.935077174884,26069.8
7843.1444598465705,26412.5
7843.353842518257,26400.6
7843.563225189943,25626.4
7843.77260786163,25183.9
7843.981990533316,24972.7
7844.1913732050025,25813.2
7844.400755876689,25962.4
7844.610138548375,25507.7
7844.819521220063,25188.0
7845.028903891749,25314.0
7845.238286563435,24875.7
7845.447669235122,24979.9
7845.657051906808,24447.9
7845.866434578495,24569.1
7846.075817250181,25058.6
7846.285199921867,23964.4
7846.494582593554,25064.7
7846.70396526524,23859.0
7846.913347936927,23920.6
7847.122730608613,24552.4
7847.332113280299,23425.9
7847.541495951986,24322.5
7847.750878623673,24837.6
7847.9602612953595,24950.2
7848.169643967046,24842.3
7848.379026638732,24006.8
7848.588409310419,23976.3
7848.797791982105,24211.2
7849.0071746537915,24161.3
7849.216557325478,23201.9
7849.425939997164,23334.8
7849.635322668851,22996.7
7849.844705340537,23288.1
7850.0540880122235,23103.6
7850.263470683911,22570.2
7850.472853355597,22957.2
7850.682236027284,22727.9
7850.89161869897,22082.2
7851.101001370656,22923.7
7851.310384042343,22686.1
7851.519766714029,21773.3
7851.729149385716,22959.4
7851.938532057402,22864.3
7852.147914729088,22986.5
7852.357297400775,22370.9
7852.566680072461,21891.3
7852.776062744148,22599.4
7852.985445415835,22381.5
7853.194828087521,21661.3
7853.404210759208,22333.3
7853.613593430894,22074.5
7853.8229761025805,21449.8
7854.032358774267,21340.8
7854.241741445953,21946.0
7854.45112411764,21727.0
7854.660506789326,20881.7
7854.8698894610125,21735.0
7855.079272132699,21550.4
7855.288654804385,21500.4
7855.498037476073,20906.2
7855.707420147759,20595.7
7855.916802819445,21058.9
7856.126185491132,20449.0
7856.335568162818,20686.3
7856.544950834505,21076.9
7856.754333506191,20975.8
7856.963716177877,21408.6
7857.173098849564,20607.7
7857.38248152125,20113.6
7857.591864192937,21140.6
7857.801246864623,21316.2
7858.010629536309,20597.6
7858.220012207996,19935.9
7858.429394879683,19364.0
7858.6387775513695,19825.9
7858.848160223056,19783.5
7859.057542894742,20178.6
7859.266925566429,20449.5
7859.476308238115,20063.5
7859.685690909801,20075.6
7859.895073581488,19528.4
7860.104456253174,19782.0
7860.313838924861,19777.5
7860.523221596547,19896.8
7860.732604268233,19589.3
7860.941986939921,18626.5
7861.151369611607,19433.1
7861.360752283294,19695.0
7861.57013495498,19213.0
7861.779517626666,19597.1
7861.988900298353,19533.7
7862.198282970039,19229.8
7862.4076656417255,18377.3
7862.617048313412,18205.8
7862.826430985098,18837.7
7863.035813656785,19533.4
7863.245196328471,18575.7
7863.4545790001575,18178.8
7863.663961671845,18059.7
7863.873344343531,18977.9
7864.082727015218,17956.3
7864.292109686904,18030.4
7864.50149235859,18747.3
7864.710875030277,18128.5
7864.920257701963,17774.3
7865.12964037365,17881.6
7865.339023045336,17672.1
7865.548405717022,16730.1
7865.757788388709,16620.9
7865.967171060395,16409.4
7866.1765537320825,16905.8
7866.385936403769,17467.9
7866.595319075455,17117.3
7866.804701747142,17551.6
7867.014084418828,16662.9
7867.2234670905145,16202.5
7867.432849762201,16807.1
7867.642232433887,17241.8
7867.851615105574,17018.2
7868.06099777726,17405.3
7868.2703804489465,16946.8
7868.479763120633,16683.7
7868.689145792319,16635.6
7868.898528464006,16331.5
7869.107911135693,16240.4
7869.317293807379,16661.2
7869.526676479066,16254.5
7869.736059150752,15989.3
7869.945441822439,15386.6
7870.154824494125,16269.4
7870.364207165811,15988.4
7870.573589837498,16057.6
7870.782972509184,15732.9
7870.992355180871,15984.8
7871.201737852557,15932.6
7871.411120524243,15897.2
7871.620503195931,15801.3
7871.829885867617,15656.4
7872.0392685393035,15429.5
7872.24865121099,15024.8
7872.458033882676,14797.8
7872.667416554363,15025.3
7872.876799226049,14929.3
7873.0861818977355,13909.9
7873.295564569422,14908.1
7873.504947241108,14591.8
7873.714329912795,14540.3
7873.923712584481,14654.9
7874.1330952561675,15442.7
7874.342477927855,14981.6
7874.551860599541,14369.8
7874.761243271228,14726.2
7874.970625942914,13968.6
7875.1800086146,13568.6
7875.389391286287,14265.4
7875.598773957973,14710.7
7875.80815662966,13692.5
7876.017539301346,13241.1
7876.226921973032,13882.1
7876.436304644719,13501.5
7876.645687316405,12656.8
7876.8550699880925,13106.1
7877.064452659779,14026.5
7877.273835331465,14046.4
7877.483218003152,13736.7
7877.692600674838,13042.3
7877.9019833465245,12725.9
7878.111366018211,13462.4
7878.320748689897,13445.6
7878.530131361584,13432.1
7878.73951403327,12584.0
7878.9488967049565,12960.9
7879.158279376643,12219.1
7879.367662048329,12686.4
7879.577044720016,12319.5
7879.786427391703,12541.2
7879.995810063389,12588.8
7880.205192735076,12367.6
7880.414575406762,12892.7
7880.623958078449,12002.9
7880.833340750135,12295.0
7881.042723421821,13172.6
7881.252106093508,12516.1
7881.461488765194,11436.0
7881.670871436881,11594.4
7881.880254108567,11915.2
7882.089636780253,12165.2
7882.299019451941,11878.3
7882.508402123627,12106.4
7882.7177847953135,12844.4
7882.927167467,12017.4
7883.136550138686,11970.4
7883.345932810373,11638.0
7883.555315482059,11610.2
7883.7646981537455,11494.1
7883.974080825432,11641.6
7884.183463497118,11820.5
7884.392846168805,10482.5
7884.602228840491,11348.8
7884.8116115121775,11113.1
7885.020994183865,11139.1
7885.230376855551,10889.0
7885.439759527238,11718.3
7885.649142198924,10728.6
7885.85852487061,11158.6
7886.067907542297,10715.6
7886.277290213983,10888.3
7886.48667288567,9828.56
7886.696055557356,10639.1
7886.905438229042,10100.8
7887.114820900729,10746.3
7887.324203572415,10620.7
7887.5335862441025,10212.9
7887.742968915789,10432.6
7887.952351587475,9912.14
7888.161734259162,10430.3
7888.371116930848,9960.72
7888.5804996025345,10043.4
7888.789882274221,10184.8
7888.999264945907,9669.59
7889.208647617594,10304.6
7889.41803028928,10101.1
7889.6274129609665,10056.8
7889.836795632653,9915.17
7890.046178304339,10526.8
7890.255560976026,9157.76
7890.464943647713,9509.57
7890.674326319399,8850.96
7890.883708991086,8435.41
7891.093091662772,9160.85
7891.302474334459,8936.22
7891.511857006145,8300.57
7891.721239677831,10057.9
7891.930622349518,9259.8
7892.140005021204,8883.18
7892.349387692891,8702.31
7892.558770364577,8258.83
7892.768153036263,8650.92
7892.977535707951,8156.49
7893.186918379637,7844.34
7893.3963010513235,8302.99
