6486.7268208054,54726.4
6486.906607642657,56468.6
6487.086394479913,59953.6
6487.26618131717,60914.8
6487.445968154427,61484.4
6487.625754991684,61651.1
6487.80554182894,60843.0
6487.985328666196,61673.8
6488.165115503453,62244.6
6488.34490234071,63569.8
6488.524689177966,64924.8
6488.704476015223,64701.6
6488.88426285248,63881.9
6489.064049689736,62830.1
6489.243836526993,63989.3
6489.42362336425,67819.4
6489.603410201506,67469.4
6489.783197038762,68112.7
6489.962983876019,69214.0
6490.142770713276,69622.9
6490.322557550533,67939.3
6490.502344387789,62479.5
6490.682131225046,56045.4
6490.861918062303,56014.0
6491.041704899559,63607.4
6491.221491736816,69868.7
6491.401278574072,73178.5
6491.581065411329,73218.8
6491.760852248585,73221.8
6491.940639085842,74069.3
6492.120425923099,73767.0
6492.300212760355,73415.4
6492.479999597612,73630.3
6492.659786434869,68904.0
6492.839573272126,63636.6
6493.0193601093815,61887.3
6493.199146946638,65749.6
6493.378933783895,71232.4
6493.558720621152,74527.2
6493.738507458408,77374.1
6493.918294295665,79449.8
6494.098081132922,77518.6
6494.277867970178,77291.9
6494.457654807435,76403.4
6494.6374416446915,77276.9
6494.817228481948,79867.6
6494.997015319204,82101.8
6495.176802156461,83259.8
6495.356588993718,80695.7
6495.536375830975,74512.6
6495.716162668231,68553.3
6495.895949505488,66366.0
6496.075736342745,70355.0
6496.255523180001,78219.7
6496.4353100172575,83450.5
6496.615096854514,84081.9
6496.794883691771,84331.4
6496.974670529027,84971.1
6497.154457366284,82747.4
6497.334244203541,78749.3
6497.514031040798,78011.3
6497.693817878054,80242.5
6497.873604715311,84190.3
6498.0533915525675,87497.5
6498.2331783898235,88056.9
6498.41296522708,88709.4
6498.592752064337,89633.8
6498.772538901594,90522.9
6498.95232573885,91169.9
6499.132112576107,90269.8
6499.311899413364,89862.8
6499.49168625062,90801.1
6499.671473087877,90689.5
6499.8512599251335,90471.6
6500.03104676239,92790.1
6500.210833599646,93761.7
6500.390620436903,94946.3
6500.57040727416,93963.0
6500.750194111417,94427.5
6500.929980948673,95789.8
6501.10976778593,95848.0
6501.289554623187,95744.2
6501.469341460443,95142.0
6501.6491282976995,96322.0
6501.828915134956,97109.4
6502.008701972213,96234.1
6502.188488809469,96044.6
6502.368275646726,96811.8
6502.548062483983,97535.5
6502.72784932124,98069.0
6502.907636158496,98386.6
6503.087422995753,98784.2
6503.2672098330095,99421.9
6503.446996670265,98873.5
6503.626783507522,98019.1
6503.806570344779,98720.8
6503.986357182036,97870.4
6504.166144019292,97021.8
6504.345930856549,99572.3
6504.525717693806,102573.0
6504.705504531063,104617.0
6504.885291368319,105591.0
6505.065078205575,107808.0
6505.244865042832,108156.0
6505.424651880088,108126.0
6505.604438717345,108284.0
6505.784225554602,109222.0
6505.964012391859,110510.0
6506.143799229115,110137.0
6506.323586066372,110756.0
6506.503372903629,110976.0
6506.683159740885,109990.0
6506.862946578141,110226.0
6507.042733415398,111625.0
6507.222520252655,112260.0
6507.402307089911,111265.0
6507.582093927168,110164.0
6507.761880764425,110916.0
6507.941667601682,113099.0
6508.121454438938,115415.0
6508.301241276195,111514.0
6508.481028113451,106142.0
6508.660814950707,105076.0
6508.840601787964,108367.0
6509.020388625221,113049.0
6509.200175462478,116927.0
6509.379962299734,119202.0
6509.559749136991,119908.0
6509.739535974248,120788.0
6509.919322811505,120814.0
6510.0991096487605,119156.0
6510.278896486017,119993.0
6510.458683323274,121114.0
6510.63847016053,120958.0
6510.818256997787,121034.0
6510.998043835044,120919.0
6511.177830672301,121383.0
6511.357617509557,122814.0
6511.537404346814,122957.0
6511.7171911840705,118639.0
6511.896978021327,112651.0
6512.076764858583,109223.0
6512.25655169584,111119.0
6512.436338533097,117562.0
6512.616125370353,124057.0
6512.79591220761,127080.0
6512.975699044867,127790.0
6513.155485882124,129041.0
6513.33527271938,128346.0
6513.5150595566365,127770.0
6513.694846393893,127374.0
6513.874633231149,127552.0
6514.054420068406,126496.0
6514.234206905663,122721.0
6514.41399374292,116164.0
6514.593780580176,106758.0
6514.773567417433,104745.0
6514.95335425469,112056.0
6515.1331410919465,126639.0
6515.3129279292025,134969.0
6515.492714766459,131384.0
6515.672501603716,125481.0
6515.852288440972,124214.0
6516.032075278229,123452.0
6516.211862115486,116402.0
6516.391648952743,101596.0
6516.571435789999,91381.3
6516.751222627256,96500.0
6516.9310094645125,109610.0
6517.110796301769,121059.0
6517.290583139025,129094.0
6517.470369976282,136909.0
6517.650156813539,139090.0
6517.829943650795,133595.0
6518.009730488052,132326.0
6518.189517325309,135258.0
6518.369304162566,140663.0
6518.549090999822,141103.0
6518.7288778370785,140928.0
6518.908664674335,136741.0
6519.088451511592,132070.0
6519.268238348848,127100.0
6519.448025186105,123647.0
6519.627812023362,129414.0
6519.807598860618,139850.0
6519.987385697875,148505.0
6520.167172535132,149613.0
6520.3469593723885,151711.0
6520.526746209644,154371.0
6520.706533046901,152964.0
6520.886319884158,150718.0
6521.066106721414,152894.0
6521.245893558671,154879.0
6521.425680395928,153265.0
6521.605467233185,153172.0
6521.785254070441,150997.0
6521.965040907698,148847.0
6522.1448277449545,148853.0
6522.324614582211,151757.0
6522.504401419467,155097.0
6522.684188256724,157804.0
6522.863975093981,158354.0
6523.043761931237,156011.0
6523.223548768494,152908.0
6523.403335605751,147945.0
6523.583122443008,139559.0
6523.762909280264,136211.0
6523.94269611752,139895.0
6524.122482954777,147595.0
6524.302269792034,158407.0
6524.48205662929,165429.0
6524.661843466547,165922.0
6524.841630303804,165342.0
6525.02141714106,166408.0
6525.201203978317,167349.0
6525.380990815574,168014.0
6525.56077765283,167366.0
6525.740564490086,166473.0
6525.920351327343,169913.0
6526.1001381646,171477.0
6526.279925001857,171374.0
6526.459711839113,171068.0
6526.63949867637,171574.0
6526.819285513627,173945.0
6526.999072350883,174578.0
6527.1788591881395,172349.0
6527.358646025396,172833.0
6527.538432862653,171884.0
6527.718219699909,173926.0
6527.898006537166,174970.0
6528.077793374423,174932.0
6528.257580211679,176956.0
6528.437367048936,178228.0
6528.617153886193,178602.0
6528.79694072345,179342.0
6528.9767275607055,180342.0
6529.156514397962,183248.0
6529.336301235219,181284.0
6529.516088072476,177927.0
6529.695874909732,179779.0
6529.875661746989,182407.0
6530.055448584246,184545.0
6530.235235421502,182413.0
6530.415022258759,178100.0
6530.5948090960155,177337.0
6530.774595933272,180186.0
6530.954382770528,183185.0
6531.134169607785,185392.0
6531.313956445042,186567.0
6531.493743282299,183208.0
6531.673530119555,184388.0
6531.853316956812,186940.0
6532.033103794069,177273.0
6532.212890631325,165504.0
6532.3926774685815,162178.0
6532.572464305838,168932.0
6532.752251143095,181875.0
6532.932037980351,190580.0
6533.111824817608,192037.0
6533.291611654865,191477.0
6533.471398492122,189352.0
6533.651185329378,187206.0
6533.830972166635,181552.0
6534.0107590038915,176227.0
6534.1905458411475,176578.0
6534.370332678404,182314.0
6534.550119515661,187486.0
6534.729906352918,188500.0
6534.909693190174,189741.0
6535.089480027431,193367.0
6535.269266864688,195004.0
6535.449053701944,198526.0
6535.628840539201,200138.0
6535.8086273764575,197573.0
6535.988414213714,197489.0
6536.16820105097,198908.0
6536.347987888227,197765.0
6536.527774725484,194064.0
6536.707561562741,190625.0
6536.887348399997,192320.0
6537.067135237254,198042.0
6537.246922074511,200911.0
6537.426708911767,203248.0
6537.606495749023,202497.0
6537.78628258628,207482.0
6537.966069423537,207011.0
6538.145856260793,207507.0
6538.32564309805,209272.0
6538.505429935307,209313.0
6538.685216772564,208882.0
6538.86500360982,209269.0
6539.044790447077,210303.0
6539.2245772843335,210763.0
6539.404364121589,209842.0
6539.584150958846,208758.0
6539.763937796103,211140.0
6539.94372463336,214892.0
6540.123511470616,215398.0
6540.303298307873,210992.0
6540.48308514513,210800.0
6540.662871982387,214212.0
6540.842658819643,216848.0
6541.022445656899,216604.0
6541.202232494156,215700.0
6541.382019331412,217533.0
6541.561806168669,217559.0
6541.741593005926,216156.0
6541.921379843183,215062.0
6542.101166680439,204154.0
6542.280953517696,199067.0
6542.460740354953,204634.0
6542.6405271922085,214117.0
6542.820314029465,218732.0
6543.000100866722,219381.0
6543.179887703979,219619.0
6543.359674541235,221462.0
6543.539461378492,211789.0
6543.719248215749,185105.0
6543.899035053006,175056.0
6544.078821890262,185144.0
6544.258608727519,208014.0
6544.438395564775,222497.0
6544.618182402031,227661.0
6544.797969239288,228602.0
6544.977756076545,227866.0
6545.157542913802,229084.0
6545.337329751058,229571.0
6545.517116588315,225843.0
6545.696903425572,222123.0
6545.876690262829,222243.0
6546.0564771000845,226025.0
6546.236263937341,231568.0
6546.416050774598,231696.0
6546.595837611854,232350.0
6546.775624449111,234779.0
6546.955411286368,234376.0
6547.135198123625,232690.0
6547.314984960881,226103.0
6547.494771798138,216069.0
6547.6745586353945,211541.0
6547.854345472651,216092.0
6548.034132309907,226913.0
6548.213919147164,229237.0
6548.393705984421,210973.0
6548.573492821677,195577.0
6548.753279658934,202746.0
6548.933066496191,219687.0
6549.112853333448,233495.0
6549.292640170704,238686.0
6549.4724270079605,240238.0
6549.652213845217,245925.0
6549.832000682474,246867.0
6550.01178751973,246189.0
6550.191574356987,245587.0
6550.371361194244,245229.0
6550.5511480315,246766.0
6550.730934868757,246693.0
6550.910721706014,248537.0
6551.0905085432705,249119.0
6551.2702953805265,250431.0
6551.450082217783,248126.0
6551.62986905504,246290.0
6551.809655892296,243227.0
6551.989442729553,242948.0
6552.16922956681,241735.0
6552.349016404067,225227.0
6552.528803241323,205195.0
6552.70859007858,200770.0
6552.8883769158365,219376.0
6553.068163753093,246286.0
6553.247950590349,255425.0
6553.427737427606,250778.0
6553.607524264863,241488.0
6553.787311102119,236343.0
6553.967097939376,242083.0
6554.146884776633,251900.0
6554.32667161389,256416.0
6554.506458451146,258055.0
6554.6862452884025,259003.0
6554.866032125659,258116.0
6555.045818962916,260237.0
6555.225605800172,264262.0
6555.405392637429,264312.0
6555.585179474686,267152.0
6555.764966311942,273742.0
6555.944753149199,274616.0
6556.124539986456,276255.0
6556.3043268237125,275679.0
6556.484113660968,277786.0
6556.663900498225,284073.0
6556.843687335482,276156.0
6557.023474172738,260737.0
6557.203261009995,256446.0
6557.383047847252,268811.0
6557.562834684509,285224.0
6557.742621521765,287830.0
6557.922408359022,283176.0
6558.102195196278,287360.0
6558.281982033535,298433.0
6558.461768870791,310939.0
6558.641555708048,322268.0
6558.821342545305,329111.0
6559.001129382561,338870.0
6559.180916219818,350023.0
6559.360703057075,361079.0
6559.540489894332,370152.0
6559.720276731588,381695.0
6559.900063568844,391968.0
6560.079850406101,405973.0
6560.259637243358,414547.0
6560.439424080614,425866.0
6560.619210917871,451871.0
6560.798997755128,482912.0
6560.978784592384,517940.0
6561.158571429641,564646.0
6561.338358266898,625208.0
6561.518145104154,699303.0
6561.69793194141,777565.0
6561.877718778667,875966.0
6562.057505615924,955881.0
6562.237292453181,1.01196e+06
6562.417079290437,1.05439e+06
6562.596866127694,1.10834e+06
6562.776652964951,1.18731e+06
6562.956439802207,1.30258e+06
6563.1362266394635,1.3738e+06
6563.31601347672,1.3657e+06
6563.495800313977,1.29497e+06
6563.675587151233,1.17684e+06
6563.85537398849,1.05309e+06
6564.035160825747,948493.0
6564.214947663004,884281.0
6564.39473450026,898787.0
6564.574521337517,943043.0
6564.7543081747735,942952.0
6564.9340950120295,903821.0
6565.113881849286,853257.0
6565.293668686543,810545.0
6565.4734555238,767507.0
6565.653242361056,715813.0
6565.833029198313,664311.0
6566.01281603557,622798.0
6566.192602872826,583181.0
6566.372389710083,537579.0
6566.5521765473395,496846.0
6566.731963384596,469187.0
6566.911750221852,448560.0
6567.091537059109,427407.0
6567.271323896366,403615.0
6567.451110733623,383420.0
6567.630897570879,371414.0
6567.810684408136,364977.0
6567.990471245393,356943.0
6568.170258082649,348386.0
6568.3500449199055,335899.0
6568.529831757162,319295.0
6568.709618594419,307643.0
6568.889405431675,304269.0
6569.069192268932,304275.0
6569.248979106189,308649.0
6569.428765943446,306867.0
6569.608552780702,301772.0
6569.788339617959,302297.0
6569.9681264552155,301270.0
6570.1479132924715,299739.0
6570.327700129728,300979.0
6570.507486966985,295349.0
6570.687273804242,287472.0
6570.867060641498,286740.0
6571.046847478755,289175.0
6571.226634316012,291694.0
6571.406421153268,293255.0
6571.586207990525,284556.0
6571.7659948277815,269792.0
6571.945781665038,252672.0
6572.125568502294,242786.0
6572.305355339551,255001.0
6572.485142176808,277167.0
6572.664929014065,288754.0
6572.844715851321,288951.0
6573.024502688578,286522.0
6573.204289525835,283062.0
6573.384076363091,282449.0
6573.563863200347,283182.0
6573.743650037604,282180.0
6573.923436874861,284584.0
6574.103223712117,284671.0
6574.283010549374,283002.0
6574.462797386631,269838.0
6574.642584223888,239066.0
6574.822371061144,223902.0
6575.002157898401,235323.0
6575.181944735657,263884.0
6575.361731572913,282240.0
6575.54151841017,285330.0
6575.721305247427,289035.0
6575.901092084684,287291.0
6576.08087892194,284599.0
6576.260665759197,281874.0
6576.440452596454,281958.0
6576.620239433711,285773.0
6576.800026270967,287027.0
6576.979813108223,286025.0
6577.15959994548,286039.0
6577.339386782736,288066.0
6577.519173619993,291444.0
6577.69896045725,290213.0
6577.878747294507,287137.0
6578.058534131763,287217.0
6578.23832096902,284527.0
6578.418107806277,285250.0
6578.597894643533,285569.0
6578.777681480789,283153.0
6578.957468318046,280005.0
6579.137255155303,279878.0
6579.317041992559,284277.0
6579.496828829816,287220.0
6579.676615667073,286841.0
6579.85640250433,286038.0
6580.036189341586,286127.0
6580.2159761788425,284920.0
6580.395763016099,281797.0
6580.575549853355,270497.0
6580.755336690612,262498.0
6580.935123527869,267128.0
6581.114910365126,278223.0
6581.294697202382,287150.0
6581.474484039639,286912.0
6581.654270876896,286543.0
6581.834057714153,284252.0
6582.0138445514085,284911.0
6582.193631388665,284269.0
6582.373418225922,281456.0
6582.553205063178,282063.0
6582.732991900435,285925.0
6582.912778737692,284528.0
6583.092565574949,278348.0
6583.272352412205,270670.0
6583.452139249462,268671.0
6583.6319260867185,274166.0
6583.811712923975,281767.0
6583.991499761231,288733.0
6584.171286598488,288885.0
6584.351073435745,286458.0
6584.530860273001,287467.0
6584.710647110258,288614.0
6584.890433947515,286896.0
6585.070220784772,286349.0
6585.250007622028,286549.0
6585.4297944592845,284045.0
6585.609581296541,280360.0
6585.789368133798,280160.0
6585.969154971054,285480.0
6586.148941808311,280835.0
6586.328728645568,263321.0
6586.508515482824,253405.0
6586.688302320081,254342.0
6586.868089157338,267292.0
6587.0478759945945,280675.0
6587.2276628318505,285155.0
6587.407449669107,285005.0
6587.587236506364,287384.0
6587.76702334362,287212.0
6587.946810180877,284782.0
6588.126597018134,284674.0
6588.306383855391,284602.0
6588.486170692647,282252.0
6588.665957529904,283368.0
6588.8457443671605,284623.0
6589.025531204417,285905.0
6589.205318041673,285757.0
6589.38510487893,282191.0
6589.564891716187,283381.0
6589.744678553443,286445.0
6589.9244653907,285875.0
6590.104252227957,285796.0
6590.284039065214,286088.0
6590.46382590247,288466.0
6590.643612739726,288609.0
6590.823399576983,283782.0
6591.00318641424,285018.0
6591.182973251496,285701.0
6591.362760088753,285017.0
6591.54254692601,283907.0
6591.722333763266,283263.0
6591.902120600523,285202.0
6592.08190743778,287402.0
6592.2616942750365,285070.0
6592.441481112292,281989.0
6592.621267949549,282315.0
6592.801054786806,281625.0
6592.980841624063,279597.0
6593.160628461319,279844.0
6593.340415298576,279885.0
6593.520202135833,280087.0
6593.699988973089,280754.0
6593.879775810346,282631.0
6594.059562647602,278271.0
6594.239349484859,274060.0
6594.419136322115,275214.0
6594.598923159372,277979.0
6594.778709996629,281376.0
6594.958496833885,284573.0
6595.138283671142,283028.0
6595.318070508399,285525.0
6595.497857345656,289249.0
6595.6776441829115,288860.0
6595.857431020168,285210.0
6596.037217857425,280270.0
6596.217004694682,283561.0
6596.396791531938,286025.0
6596.576578369195,283028.0
6596.756365206452,282100.0
6596.936152043708,281647.0
6597.115938880965,284542.0
6597.295725718222,286920.0
6597.475512555478,288414.0
6597.655299392734,285564.0
6597.835086229991,286536.0
6598.014873067248,287361.0
6598.194659904505,288068.0
6598.374446741761,288414.0
6598.554233579018,289140.0
6598.734020416275,281992.0
6598.913807253531,275957.0
6599.0935940907875,273073.0
6599.273380928044,272092.0
6599.453167765301,270056.0
6599.632954602557,276024.0
6599.812741439814,280457.0
6599.992528277071,286248.0
6600.172315114328,285533.0
6600.352101951584,284464.0
6600.531888788841,284810.0
6600.7116756260975,283428.0
6600.8914624633535,282897.0
6601.07124930061,283942.0
6601.251036137867,284858.0
6601.430822975124,286039.0
6601.61060981238,282808.0
6601.790396649637,278572.0
6601.970183486894,273191.0
6602.14997032415,269863.0
6602.329757161407,276865.0
6602.5095439986635,281052.0
6602.68933083592,281258.0
6602.869117673176,283924.0
6603.048904510433,283441.0
6603.22869134769,282444.0
6603.408478184947,284557.0
6603.588265022203,285849.0
6603.76805185946,281758.0
6603.947838696717,278923.0
6604.127625533973,280483.0
6604.3074123712295,281378.0
6604.487199208486,282920.0
6604.666986045743,282019.0
6604.846772882999,281375.0
6605.026559720256,279104.0
6605.206346557513,276845.0
6605.38613339477,273865.0
6605.565920232026,275098.0
6605.745707069283,276655.0
6605.9254939065395,278160.0
6606.105280743795,279248.0
6606.285067581052,281882.0
6606.464854418309,283267.0
6606.644641255566,281188.0
6606.824428092822,281621.0
6607.004214930079,280980.0
6607.184001767336,280007.0
6607.363788604593,280501.0
6607.543575441849,281359.0
6607.7233622791055,284263.0
6607.903149116362,281940.0
6608.082935953618,281253.0
6608.262722790875,281084.0
6608.442509628132,281890.0
6608.622296465389,279327.0
6608.802083302645,280822.0
6608.981870139902,281602.0
6609.161656977159,280732.0
6609.3414438144155,276977.0
6609.521230651671,278287.0
6609.701017488928,280087.0
6609.880804326185,277120.0
6610.060591163441,277241.0
6610.240378000698,275500.0
6610.420164837955,276358.0
6610.599951675212,280079.0
6610.779738512468,277655.0
6610.959525349725,277547.0
6611.139312186981,278050.0
6611.319099024237,275216.0
6611.498885861494,273771.0
6611.678672698751,273696.0
6611.858459536008,273457.0
6612.038246373264,273993.0
6612.218033210521,274013.0
6612.397820047778,269132.0
6612.577606885035,267091.0
6612.7573937222905,272282.0
6612.937180559547,277503.0
6613.116967396804,276509.0
6613.29675423406,273433.0
6613.476541071317,274047.0
6613.656327908574,272851.0
6613.836114745831,270647.0
6614.015901583087,272154.0
6614.195688420344,272563.0
6614.375475257601,273351.0
6614.555262094857,273524.0
6614.735048932113,272196.0
6614.91483576937,270959.0
6615.094622606627,271405.0
6615.274409443883,273985.0
6615.45419628114,273588.0
6615.633983118397,272120.0
6615.813769955654,269789.0
6615.99355679291,272450.0
6616.1733436301665,275027.0
6616.353130467423,274333.0
6616.532917304679,273167.0
6616.712704141936,272766.0
6616.892490979193,275608.0
6617.07227781645,274977.0
6617.252064653706,274041.0
6617.431851490963,275317.0
6617.61163832822,272292.0
6617.7914251654765,270990.0
6617.9712120027325,270676.0
6618.150998839989,268518.0
6618.330785677246,272181.0
6618.510572514502,273250.0
6618.690359351759,269563.0
6618.870146189016,268923.0
6619.049933026273,268762.0
6619.229719863529,267824.0
6619.409506700786,268192.0
6619.5892935380425,271217.0
6619.769080375299,271114.0
6619.948867212555,268929.0
6620.128654049812,270364.0
6620.308440887069,270457.0
6620.488227724325,270606.0
6620.668014561582,272780.0
6620.847801398839,268061.0
6621.027588236096,264959.0
6621.207375073352,266349.0
6621.3871619106085,267318.0
6621.566948747865,267019.0
6621.746735585122,265369.0
6621.926522422378,265261.0
6622.106309259635,266593.0
6622.286096096892,270142.0
6622.465882934148,268512.0
6622.645669771405,265360.0
6622.825456608662,263963.0
6623.0052434459185,264420.0
6623.1850302831745,266126.0
6623.364817120431,264887.0
6623.544603957688,262787.0
6623.724390794945,262389.0
6623.904177632201,264089.0
6624.083964469458,266946.0
6624.263751306715,266431.0
6624.443538143971,265679.0
6624.623324981228,263743.0
6624.8031118184845,262977.0
6624.982898655741,262201.0
6625.162685492997,262024.0
6625.342472330254,265373.0
6625.522259167511,264688.0
6625.702046004767,263448.0
6625.881832842024,261739.0
6626.061619679281,258943.0
6626.241406516538,258902.0
6626.421193353794,256864.0
6626.60098019105,259268.0
6626.780767028307,263433.0
6626.960553865564,264205.0
6627.14034070282,261028.0
6627.320127540077,263379.0
6627.499914377334,263155.0
6627.67970121459,256508.0
6627.859488051847,253731.0
6628.039274889104,255883.0
6628.21906172636,258481.0
6628.398848563616,257897.0
6628.578635400873,260212.0
6628.75842223813,257677.0
6628.938209075387,258425.0
6629.117995912643,257077.0
6629.2977827499,258255.0
6629.477569587157,258747.0
6629.657356424413,256462.0
6629.83714326167,258351.0
6630.016930098926,260647.0
6630.196716936183,257173.0
6630.376503773439,255459.0
6630.556290610696,256861.0
6630.736077447953,256674.0
6630.915864285209,255771.0
6631.095651122466,254984.0
6631.275437959723,257147.0
6631.45522479698,254587.0
6631.6350116342355,254804.0
6631.814798471492,256896.0
6631.994585308749,254606.0
6632.174372146006,250852.0
6632.354158983262,250815.0
6632.533945820519,253282.0
6632.713732657776,252155.0
6632.893519495032,250100.0
6633.073306332289,252970.0
6633.2530931695455,253898.0
6633.432880006802,252614.0
6633.612666844058,252819.0
6633.792453681315,252446.0
6633.972240518572,254923.0
6634.152027355829,254720.0
6634.331814193085,252020.0
6634.511601030342,250525.0
6634.691387867599,250982.0
6634.871174704855,254145.0
6635.0509615421115,251898.0
6635.230748379368,250837.0
6635.410535216625,249766.0
6635.590322053881,248968.0
6635.770108891138,248585.0
6635.949895728395,248042.0
6636.129682565652,248214.0
6636.309469402908,250868.0
6636.489256240165,249860.0
6636.6690430774215,249334.0
6636.8488299146775,250888.0
6637.028616751934,250111.0
6637.208403589191,245493.0
6637.388190426448,243090.0
6637.567977263704,245774.0
6637.747764100961,249637.0
6637.927550938218,249099.0
6638.107337775475,245526.0
6638.287124612731,244159.0
6638.4669114499875,243085.0
6638.646698287244,244157.0
6638.8264851245,245090.0
6639.006271961757,245469.0
6639.186058799014,245091.0
6639.365845636271,242621.0
6639.545632473527,239281.0
6639.725419310784,244531.0
6639.905206148041,246938.0
6640.084992985297,243116.0
6640.2647798225535,240233.0
6640.44456665981,240365.0
6640.624353497067,241728.0
6640.804140334323,241293.0
6640.98392717158,241441.0
6641.163714008837,239077.0
6641.343500846094,239139.0
6641.52328768335,241288.0
6641.703074520607,241001.0
6641.8828613578635,240926.0
6642.062648195119,236971.0
6642.242435032376,233657.0
6642.422221869633,232977.0
6642.60200870689,234560.0
6642.781795544146,236878.0
6642.961582381403,235448.0
6643.14136921866,236956.0
6643.321156055917,239118.0
6643.500942893173,239745.0
6643.680729730429,240245.0
6643.860516567686,239996.0
6644.040303404942,235426.0
6644.220090242199,234312.0
6644.399877079456,236284.0
6644.579663916713,238686.0
6644.759450753969,236790.0
6644.939237591226,233269.0
6645.119024428483,234007.0
6645.298811265739,235592.0
6645.478598102995,235283.0
6645.658384940252,232865.0
6645.838171777509,233977.0
6646.017958614765,237163.0
6646.197745452022,236351.0
6646.377532289279,231416.0
6646.557319126536,230467.0
6646.737105963792,232245.0
6646.916892801049,232880.0
6647.096679638305,232320.0
6647.276466475561,231724.0
6647.456253312818,231051.0
6647.636040150075,233685.0
6647.815826987332,232848.0
6647.995613824588,230810.0
6648.175400661845,230425.0
6648.355187499102,228449.0
6648.534974336359,227972.0
6648.7147611736145,228008.0
6648.894548010871,229766.0
6649.074334848128,227904.0
6649.254121685384,226689.0
6649.433908522641,228482.0
6649.613695359898,228250.0
6649.793482197155,227751.0
6649.973269034411,229014.0
6650.153055871668,227300.0
6650.3328427089245,227670.0
6650.512629546181,229584.0
6650.692416383437,225361.0
6650.872203220694,225199.0
6651.051990057951,227759.0
6651.231776895207,225385.0
6651.411563732464,222152.0
6651.591350569721,224423.0
6651.771137406978,227163.0
6651.950924244234,223230.0
6652.1307110814905,221314.0
6652.310497918747,220450.0
6652.490284756004,221330.0
6652.67007159326,223904.0
6652.849858430517,221423.0
6653.029645267774,224874.0
6653.20943210503,222613.0
6653.389218942287,219179.0
6653.569005779544,218676.0
6653.7487926168005,219809.0
6653.9285794540565,218476.0
6654.108366291313,218123.0
6654.28815312857,218308.0
6654.467939965827,218898.0
6654.647726803083,220758.0
6654.82751364034,219106.0
6655.007300477597,216729.0
6655.187087314853,215781.0
6655.36687415211,215472.0
6655.5466609893665,215836.0
6655.726447826623,215608.0
6655.906234663879,216524.0
6656.086021501136,216825.0
6656.265808338393,215909.0
6656.445595175649,215239.0
6656.625382012906,212987.0
6656.805168850163,213131.0
6656.98495568742,211715.0
6657.164742524676,213083.0
6657.3445293619325,213085.0
6657.524316199189,211697.0
6657.704103036446,211122.0
6657.883889873702,212725.0
6658.063676710959,212333.0
6658.243463548216,210985.0
6658.423250385472,207750.0
6658.603037222729,208053.0
6658.782824059986,210664.0
6658.9626108972425,210689.0
6659.142397734498,210397.0
6659.322184571755,210125.0
6659.501971409012,208385.0
6659.681758246268,207133.0
6659.861545083525,207010.0
6660.041331920782,208531.0
6660.221118758039,207783.0
6660.400905595295,207453.0
6660.580692432552,206557.0
6660.7604792698085,206682.0
6660.940266107065,205272.0
6661.120052944321,203551.0
6661.299839781578,203908.0
6661.479626618835,205770.0
6661.659413456091,203814.0
6661.839200293348,201821.0
6662.018987130605,199813.0
6662.198773967862,203162.0
6662.378560805118,205305.0
6662.558347642374,205779.0
6662.738134479631,200907.0
6662.917921316888,204064.0
6663.097708154144,203695.0
6663.277494991401,202257.0
6663.457281828658,201308.0
6663.637068665914,200748.0
6663.816855503171,200438.0
6663.996642340428,200674.0
6664.176429177684,198037.0
6664.35621601494,197904.0
6664.536002852197,199076.0
6664.715789689454,197596.0
6664.895576526711,197847.0
6665.075363363967,197585.0
6665.255150201224,194406.0
6665.434937038481,193974.0
6665.614723875737,194886.0
6665.7945107129935,194779.0
6665.97429755025,192949.0
6666.154084387507,192335.0
6666.333871224763,195091.0
6666.51365806202,194156.0
6666.693444899277,194985.0
6666.873231736534,195804.0
6667.05301857379,194785.0
6667.232805411047,194250.0
6667.412592248304,193465.0
6667.5923790855595,192072.0
6667.772165922816,192883.0
6667.951952760073,192913.0
6668.13173959733,189734.0
6668.311526434586,190892.0
6668.491313271843,189198.0
6668.6711001091,188031.0
6668.850886946357,187791.0
6669.030673783613,187555.0
6669.2104606208695,187297.0
6669.390247458126,188805.0
6669.570034295382,187724.0
6669.749821132639,185903.0
6669.929607969896,186083.0
6670.109394807153,186582.0
6670.289181644409,183236.0
6670.468968481666,182190.0
6670.648755318923,183884.0
6670.828542156179,184364.0
6671.0083289934355,184068.0
6671.188115830692,183388.0
6671.367902667949,182006.0
6671.547689505205,181548.0
6671.727476342462,182754.0
6671.907263179719,182781.0
6672.087050016976,181908.0
6672.266836854232,179335.0
6672.446623691489,178240.0
6672.6264105287455,178735.0
6672.8061973660015,178141.0
6672.985984203258,177925.0
6673.165771040515,176304.0
6673.345557877772,177383.0
6673.525344715028,177474.0
6673.705131552285,174460.0
6673.884918389542,174156.0
6674.064705226799,173541.0
6674.244492064055,171699.0
6674.4242789013115,169858.0
6674.604065738568,170552.0
6674.783852575824,168615.0
6674.963639413081,169749.0
6675.143426250338,170166.0
6675.323213087595,168793.0
6675.502999924851,169102.0
6675.682786762108,170748.0
6675.862573599365,169993.0
6676.042360436621,169571.0
6676.222147273877,172536.0
6676.401934111134,172904.0
6676.581720948391,172226.0
6676.761507785647,174183.0
6676.941294622904,175028.0
6677.121081460161,173511.0
6677.300868297418,174366.0
6677.480655134674,174997.0
6677.660441971931,176870.0
6677.8402288091875,173304.0
6678.020015646443,172856.0
6678.1998024837,171083.0
6678.379589320957,171514.0
6678.559376158214,173614.0
6678.73916299547,168461.0
6678.918949832727,167588.0
6679.098736669984,163928.0
6679.278523507241,163834.0
6679.458310344497,165040.0
6679.638097181753,165451.0
6679.81788401901,165266.0
6679.997670856266,165516.0
6680.177457693523,165254.0
6680.35724453078,167994.0
6680.537031368037,168752.0
6680.716818205293,166212.0
6680.89660504255,167046.0
6681.076391879807,168349.0
6681.256178717063,168499.0
6681.435965554319,166317.0
6681.615752391576,163621.0
6681.795539228833,162071.0
6681.975326066089,160424.0
6682.155112903346,157556.0
6682.334899740603,156229.0
6682.51468657786,155600.0
6682.694473415116,155306.0
6682.874260252373,157088.0
6683.054047089629,155081.0
6683.233833926886,152418.0
6683.413620764142,153267.0
6683.593407601399,152340.0
6683.773194438656,153203.0
6683.952981275912,152555.0
6684.132768113169,152460.0
6684.312554950426,151218.0
6684.492341787683,151233.0
6684.6721286249385,152008.0
6684.851915462195,152859.0
6685.031702299452,152590.0
6685.211489136708,151442.0
6685.391275973965,149998.0
6685.571062811222,149586.0
6685.750849648479,148852.0
6685.930636485735,146489.0
6686.110423322992,147124.0
6686.2902101602485,146732.0
6686.469996997505,147463.0
6686.649783834761,147246.0
6686.829570672018,149930.0
6687.009357509275,149211.0
6687.189144346531,146235.0
6687.368931183788,145506.0
6687.548718021045,145267.0
6687.728504858302,142336.0
6687.908291695558,143247.0
6688.0880785328145,143504.0
6688.267865370071,142916.0
6688.447652207328,141386.0
6688.627439044584,142245.0
6688.807225881841,142948.0
6688.987012719098,142250.0
6689.166799556354,141221.0
6689.346586393611,140611.0
6689.526373230868,141151.0
6689.7061600681245,140278.0
6689.8859469053805,138030.0
6690.065733742637,137306.0
6690.245520579894,138952.0
6690.42530741715,140120.0
6690.605094254407,139919.0
6690.784881091664,138016.0
6690.964667928921,136698.0
6691.144454766177,136834.0
6691.324241603434,136413.0
6691.5040284406905,135042.0
6691.683815277947,135228.0
6691.863602115203,135498.0
6692.04338895246,134712.0
6692.223175789717,135017.0
6692.402962626973,134184.0
6692.58274946423,132106.0
6692.762536301487,131131.0
6692.942323138744,132168.0
6693.122109976,128864.0
6693.3018968132565,130160.0
6693.481683650513,129268.0
6693.66147048777,128876.0
6693.841257325026,129436.0
6694.021044162283,128515.0
6694.20083099954,127000.0
6694.380617836796,127977.0
6694.560404674053,126760.0
6694.74019151131,126916.0
6694.9199783485665,125881.0
6695.099765185822,125674.0
6695.279552023079,125830.0
6695.459338860336,126385.0
6695.639125697593,124734.0
6695.818912534849,123785.0
6695.998699372106,124746.0
6696.178486209363,123196.0
6696.358273046619,122168.0
6696.538059883876,120773.0
6696.717846721132,122017.0
6696.897633558389,121587.0
6697.077420395645,119516.0
6697.257207232902,120758.0
6697.436994070159,121083.0
6697.616780907416,120352.0
6697.796567744672,119406.0
6697.976354581929,119170.0
6698.156141419186,119800.0
6698.335928256442,118238.0
6698.515715093698,116362.0
6698.695501930955,116267.0
6698.875288768212,115501.0
6699.055075605468,114902.0
6699.234862442725,116200.0
6699.414649279982,117721.0
6699.594436117238,114592.0
6699.774222954495,112187.0
6699.954009791752,111116.0
6700.133796629008,110994.0
6700.313583466264,113440.0
6700.493370303521,113156.0
6700.673157140778,110502.0
6700.852943978035,110303.0
6701.032730815291,110593.0
6701.212517652548,108482.0
6701.392304489805,108100.0
6701.572091327061,109905.0
6701.7518781643175,110066.0
6701.931665001574,106956.0
6702.111451838831,107366.0
6702.291238676087,107386.0
6702.471025513344,106723.0
6702.650812350601,107511.0
6702.830599187858,105500.0
6703.010386025114,103402.0
6703.190172862371,103737.0
6703.3699596996275,103250.0
6703.5497465368835,103004.0
6703.72953337414,103926.0
6703.909320211397,102743.0
6704.089107048654,102812.0
6704.26889388591,101895.0
6704.448680723167,101099.0
6704.628467560424,101062.0
6704.80825439768,100324.0
6704.988041234937,100149.0
6705.1678280721935,100408.0
6705.34761490945,99481.8
6705.527401746706,98416.7
6705.707188583963,97679.3
6705.88697542122,97085.0
6706.066762258477,98628.3
6706.246549095733,97377.5
6706.42633593299,95390.6
6706.606122770247,95438.5
6706.785909607503,95279.0
6706.9656964447595,94446.0
6707.145483282016,94825.4
6707.325270119273,94167.1
6707.505056956529,94077.3
6707.684843793786,93758.4
6707.864630631043,93502.4
6708.0444174683,92789.5
6708.224204305556,92980.2
6708.403991142813,91271.2
6708.5837779800695,91107.8
6708.7635648173255,90246.0
6708.943351654582,89592.4
6709.123138491839,88685.9
6709.302925329096,89279.7
6709.482712166352,90453.1
6709.662499003609,90411.9
6709.842285840866,89764.0
6710.022072678123,87668.1
6710.201859515379,86799.3
6710.3816463526355,86745.7
6710.561433189892,86330.6
6710.741220027148,84695.0
6710.921006864405,85336.8
6711.100793701662,85035.3
6711.280580538919,85781.9
6711.460367376175,85153.7
6711.640154213432,82413.7
6711.819941050689,82149.2
6711.9997278879455,83162.6
6712.179514725201,82648.2
6712.359301562458,82184.5
6712.539088399715,82242.0
6712.718875236971,79951.1
6712.898662074228,79610.4
6713.078448911485,80632.0
6713.258235748742,79753.6
6713.438022585998,78590.0
6713.617809423255,78016.2
6713.797596260511,78642.6
6713.977383097768,79052.8
6714.157169935024,77220.8
6714.336956772281,75617.8
6714.516743609538,75882.2
6714.696530446794,76852.9
6714.876317284051,77357.9
6715.056104121308,75569.0
6715.235890958565,75188.1
6715.415677795821,74157.9
6715.595464633077,74480.3
6715.775251470334,75160.5
6715.95503830759,74669.1
6716.134825144847,74259.4
6716.314611982104,73456.9
6716.494398819361,72559.0
6716.674185656617,71457.2
6716.853972493874,71412.3
6717.033759331131,70676.2
6717.213546168387,71358.7
6717.393333005643,71217.5
6717.5731198429,69229.5
6717.752906680157,69522.3
6717.932693517413,68597.0
6718.11248035467,68278.4
6718.292267191927,69636.4
6718.472054029184,68735.5
6718.65184086644,65911.9
6718.8316277036965,66041.2
6719.011414540953,66542.0
6719.191201378209,65825.8
6719.370988215466,65704.7
6719.550775052723,66028.0
6719.73056188998,65598.8
6719.910348727236,65700.6
6720.090135564493,64985.3
6720.26992240175,64318.9
6720.449709239007,63539.0
6720.6294960762625,63699.4
6720.809282913519,62568.4
6720.989069750776,61530.6
6721.168856588032,61315.1
6721.348643425289,62094.4
6721.528430262546,62076.0
6721.708217099803,60623.4
6721.888003937059,59795.1
6722.067790774316,60911.7
6722.2475776115725,59337.2
6722.427364448829,59349.4
6722.607151286085,59423.9
6722.786938123342,58241.4
6722.966724960599,57546.7
6723.146511797855,57511.8
6723.326298635112,57448.2
6723.506085472369,55143.0
6723.685872309626,55148.5
6723.865659146882,55839.6
6724.0454459841385,54896.1
6724.225232821395,55070.9
6724.405019658652,55454.6
6724.584806495908,53940.7
6724.764593333165,53339.2
6724.944380170422,53657.3
6725.124167007678,54208.3
6725.303953844935,54196.9
6725.483740682192,53775.3
6725.6635275194485,54303.4
6725.8433143567045,52789.4
6726.023101193961,50829.3
6726.202888031218,50990.3
6726.382674868475,51472.7
6726.562461705731,50941.7
6726.742248542988,50362.0
6726.922035380245,49264.2
6727.101822217501,49156.0
6727.281609054758,48755.1
6727.4613958920145,49749.6
6727.641182729271,49262.3
6727.820969566527,48179.9
6728.000756403784,47966.9
6728.180543241041,48006.5
6728.360330078298,46810.2
6728.540116915554,46309.9
6728.719903752811,45517.1
6728.899690590068,47020.8
6729.079477427324,46374.7
6729.25926426458,45598.4
6729.439051101837,44386.8
6729.618837939094,44984.6
6729.79862477635,44668.9
6729.978411613607,45441.9
6730.158198450864,45172.6
6730.33798528812,44139.7
6730.517772125377,44069.6
6730.697558962634,43410.0
6730.8773457998905,43488.5
6731.057132637146,43413.7
6731.236919474403,42847.2
6731.41670631166,41634.8
6731.596493148917,41479.1
6731.776279986173,41441.3
6731.95606682343,41619.8
6732.135853660687,41149.9
6732.315640497943,40384.1
6732.4954273352,41181.9
6732.675214172456,40201.3
6732.855001009713,39077.8
6733.034787846969,38551.6
6733.214574684226,40040.6
6733.394361521483,38922.1
6733.57414835874,34495.3
