6486.5879693817,23648.3
6486.767727059077,22952.0
6486.9474847364545,24051.7
6487.1272424138315,25466.2
6487.307000091209,25922.1
6487.486757768586,25780.4
6487.666515445964,25792.9
6487.846273123341,26322.8
6488.026030800719,26659.2
6488.205788478096,26130.3
6488.385546155474,27002.4
6488.565303832851,27730.8
6488.745061510229,28043.3
6488.924819187606,27527.3
6489.104576864984,26578.2
6489.284334542361,26716.1
6489.464092219739,27284.2
6489.643849897116,28604.3
6489.823607574493,28866.3
6490.0033652518705,30050.1
6490.1831229292475,29634.3
6490.362880606625,28450.1
6490.542638284002,27163.2
6490.72239596138,24605.7
6490.902153638757,24994.1
6491.081911316135,28044.5
6491.261668993512,30717.6
6491.44142667089,31794.5
6491.621184348267,31417.6
6491.800942025645,32108.9
6491.980699703022,33388.7
6492.1604573804,33072.3
6492.340215057777,32886.7
6492.519972735154,32402.7
6492.699730412532,29499.3
6492.879488089909,27360.3
6493.0592457672865,28015.7
6493.2390034446635,30121.6
6493.418761122041,31470.6
6493.598518799418,32367.6
6493.778276476796,33781.6
6493.958034154173,33603.4
6494.137791831551,32749.0
6494.317549508928,33113.3
6494.497307186306,33801.5
6494.677064863683,34083.8
6494.856822541061,34990.9
6495.036580218438,35066.6
6495.216337895816,33584.0
6495.396095573193,33387.7
6495.57585325057,30245.1
6495.755610927948,28933.7
6495.935368605325,29125.1
6496.1151262827025,30991.7
6496.2948839600795,33833.7
6496.474641637457,35098.9
6496.654399314834,35435.9
6496.834156992212,36543.4
6497.013914669589,35492.1
6497.193672346967,34857.8
6497.373430024344,33907.6
6497.553187701722,33055.9
6497.732945379099,33372.2
6497.912703056477,34512.5
6498.092460733854,35440.5
6498.272218411231,36245.4
6498.451976088609,37406.3
6498.631733765986,37799.6
6498.811491443364,38378.3
6498.991249120741,38686.2
6499.1710067981185,37787.1
6499.350764475495,37950.8
6499.530522152873,38607.8
6499.71027983025,37737.8
6499.890037507628,37702.7
6500.069795185005,38587.6
6500.249552862383,39087.7
6500.42931053976,38718.8
6500.609068217138,40539.3
6500.788825894515,40356.4
6500.968583571893,39405.0
6501.14834124927,39944.7
6501.328098926647,39602.6
6501.507856604025,39910.6
6501.687614281402,39587.0
6501.86737195878,39817.6
6502.047129636157,39979.6
6502.2268873135345,39265.9
6502.406644990911,40123.5
6502.586402668289,40568.3
6502.766160345666,39699.4
6502.945918023044,41002.1
6503.125675700421,42104.7
6503.305433377799,41885.5
6503.485191055176,41721.1
6503.664948732554,40779.7
6503.844706409931,40281.4
6504.024464087309,40721.3
6504.204221764686,40917.3
6504.383979442063,40984.0
6504.563737119441,42577.7
6504.743494796818,44983.7
6504.923252474196,45031.0
6505.103010151573,45435.2
6505.28276782895,44969.8
6505.462525506327,45640.9
6505.642283183705,46399.4
6505.822040861082,45969.6
6506.00179853846,46636.5
6506.181556215837,47546.6
6506.361313893215,45956.1
6506.541071570592,46464.6
6506.72082924797,47302.0
6506.900586925347,48050.6
6507.080344602724,48325.7
6507.260102280102,48166.4
6507.439859957479,47962.3
6507.619617634857,47738.3
6507.799375312234,47892.8
6507.979132989612,48475.4
6508.158890666989,47681.6
6508.338648344366,45298.6
6508.518406021743,44285.9
6508.698163699121,44006.8
6508.877921376498,45143.7
6509.057679053876,47929.2
6509.237436731253,49468.0
6509.417194408631,48684.9
6509.596952086008,48953.3
6509.776709763386,51066.0
6509.956467440763,50400.7
6510.13622511814,50930.4
6510.315982795518,51443.5
6510.495740472895,51096.5
6510.675498150273,51201.1
6510.85525582765,51528.2
6511.035013505028,51547.4
6511.214771182405,51637.4
6511.394528859782,51253.6
6511.574286537159,50621.8
6511.754044214537,49674.3
6511.933801891914,48136.0
6512.113559569292,47525.7
6512.293317246669,48383.4
6512.473074924047,49912.0
6512.652832601424,51982.7
6512.832590278801,53875.5
6513.012347956179,54189.6
6513.192105633556,54353.3
6513.371863310934,53792.8
6513.551620988311,53865.8
6513.731378665689,53030.3
6513.911136343066,52728.4
6514.090894020444,53666.9
6514.2706516978205,52586.5
6514.450409375198,48575.9
6514.630167052575,45902.7
6514.809924729953,47449.0
6514.98968240733,51354.1
6515.169440084708,56658.1
6515.349197762085,58501.9
6515.528955439463,57199.1
6515.70871311684,55419.5
6515.888470794217,55364.6
6516.068228471595,55458.4
6516.247986148972,51561.2
6516.42774382635,45295.2
6516.607501503727,42321.3
6516.787259181105,45499.9
6516.967016858482,50476.8
6517.14677453586,55311.6
6517.3265322132365,59971.7
6517.506289890614,63277.7
6517.686047567991,63734.3
6517.865805245369,62161.8
6518.045562922746,60681.6
6518.225320600124,60689.4
6518.405078277501,63067.1
6518.584835954879,62884.6
6518.764593632256,62104.8
6518.944351309633,59829.1
6519.124108987011,56667.2
6519.303866664388,53814.2
6519.483624341766,52408.7
6519.663382019143,54817.3
6519.843139696521,60227.9
6520.022897373898,63256.9
6520.2026550512755,63321.4
6520.3824127286525,64650.9
6520.56217040603,64034.0
6520.741928083407,64460.3
6520.921685760785,64807.9
6521.101443438162,64381.4
6521.28120111554,64907.3
6521.460958792917,64997.7
6521.640716470294,64215.7
6521.820474147672,64534.4
6522.000231825049,63385.4
6522.179989502427,64293.3
6522.359747179804,64480.8
6522.539504857182,65397.1
6522.719262534559,66354.8
6522.899020211937,66336.8
6523.078777889314,65586.2
6523.2585355666915,63558.1
6523.4382932440685,60986.2
6523.618050921446,59308.7
6523.797808598823,57966.9
6523.977566276201,60682.9
6524.157323953578,65169.1
6524.337081630956,67608.1
6524.516839308333,68978.6
6524.69659698571,70116.7
6524.876354663088,71221.8
6525.056112340465,70371.7
6525.235870017843,69198.2
6525.41562769522,71004.8
6525.595385372598,70120.3
6525.775143049975,70005.5
6525.954900727353,70907.2
6526.13465840473,71151.4
6526.3144160821075,72352.7
6526.4941737594845,72937.7
6526.673931436862,72148.9
6526.853689114239,72711.9
6527.033446791617,74018.0
6527.213204468994,73002.9
6527.392962146371,72343.4
6527.572719823749,74428.0
6527.752477501126,74479.7
6527.932235178504,73983.2
6528.111992855881,74795.1
6528.291750533259,74638.9
6528.471508210636,74604.4
6528.651265888014,75792.3
6528.831023565391,75250.3
6529.010781242769,74805.4
6529.190538920146,76546.4
6529.3702965975235,75740.8
6529.5500542749005,76696.0
6529.729811952278,75874.0
6529.909569629655,76626.2
6530.089327307033,77101.7
6530.26908498441,75901.1
6530.448842661787,74245.4
6530.628600339165,74524.3
6530.808358016542,75586.3
6530.98811569392,76578.8
6531.167873371297,78190.7
6531.347631048675,78069.0
6531.527388726052,78881.7
6531.70714640343,78619.8
6531.886904080807,77377.8
6532.066661758185,73413.9
6532.246419435562,70186.8
6532.4261771129395,69246.8
6532.6059347903165,72573.3
6532.785692467694,78319.0
6532.965450145071,81004.3
6533.145207822448,81378.5
6533.324965499826,82375.1
6533.504723177203,81922.7
6533.684480854581,79089.1
6533.864238531958,75830.6
6534.043996209336,73859.5
6534.223753886713,74844.4
6534.403511564091,78140.9
6534.583269241468,80858.1
6534.763026918846,81153.5
6534.942784596223,81196.3
6535.122542273601,83591.0
6535.302299950978,85558.4
6535.4820576283555,84848.9
6535.6618153057325,85063.1
6535.84157298311,84459.3
6536.021330660487,84178.6
6536.201088337864,84788.2
6536.380846015242,83806.1
6536.560603692619,81826.6
6536.740361369997,81374.6
6536.920119047374,82668.5
6537.099876724752,84673.4
6537.279634402129,86297.3
6537.459392079507,87028.7
6537.639149756884,87616.8
6537.818907434262,87789.3
6537.998665111639,89267.3
6538.178422789017,88973.0
6538.358180466394,89984.4
6538.5379381437715,89901.1
6538.7176958211485,90177.2
6538.897453498526,90776.9
6539.077211175903,90347.0
6539.25696885328,89683.1
6539.436726530658,89729.3
6539.616484208035,91037.0
6539.796241885413,89674.1
6539.97599956279,91820.6
6540.155757240168,91426.3
6540.335514917545,90965.8
6540.515272594923,90459.4
6540.6950302723,90922.9
6540.874787949678,92632.0
6541.054545627055,93940.5
6541.234303304433,93914.5
6541.41406098181,94450.7
6541.5938186591875,94525.0
6541.7735763365645,92477.6
6541.9533340139415,92772.8
6542.133091691319,87740.5
6542.312849368696,87344.2
6542.492607046074,90317.9
6542.672364723451,94249.2
6542.852122400829,95726.9
6543.031880078206,96898.5
6543.211637755584,97705.3
6543.391395432961,95954.8
6543.571153110339,89979.2
6543.750910787716,81757.2
6543.930668465094,79014.4
6544.110426142471,84341.0
6544.290183819849,93105.9
6544.469941497226,97955.6
6544.6496991746035,97621.5
6544.8294568519805,99220.2
6545.009214529357,99699.6
6545.188972206735,100462.0
6545.368729884112,100760.0
6545.54848756149,100108.0
6545.728245238867,99587.0
6545.908002916245,98574.4
6546.087760593622,99159.9
6546.267518271,102318.0
6546.447275948377,103151.0
6546.627033625755,102900.0
6546.806791303132,103678.0
6546.98654898051,103101.0
6547.166306657887,104453.0
6547.346064335265,101852.0
6547.525822012642,98317.8
6547.705579690019,95668.3
6547.8853373673965,97360.4
6548.065095044773,102017.0
6548.244852722151,101483.0
6548.424610399528,95200.0
6548.604368076906,90224.7
6548.784125754283,92745.1
6548.963883431661,100428.0
6549.143641109038,106905.0
6549.323398786416,109481.0
6549.503156463793,110749.0
6549.682914141171,111140.0
6549.862671818548,111667.0
6550.042429495926,111098.0
6550.222187173303,111686.0
6550.401944850681,113840.0
6550.581702528058,113979.0
6550.761460205435,113717.0
6550.941217882812,115117.0
6551.120975560189,114911.0
6551.300733237567,114722.0
6551.480490914944,116177.0
6551.660248592322,115872.0
6551.840006269699,113857.0
6552.019763947077,114855.0
6552.199521624454,112971.0
6552.379279301832,104592.0
6552.559036979209,98704.7
6552.738794656587,99221.1
6552.918552333964,107990.0
6553.098310011342,119970.0
6553.278067688719,124308.0
6553.457825366097,121034.0
6553.637583043474,116167.0
6553.817340720851,116479.0
6553.997098398228,119558.0
6554.176856075605,124590.0
6554.356613752983,128976.0
6554.53637143036,128832.0
6554.716129107738,131269.0
6554.895886785115,134283.0
6555.075644462493,135925.0
6555.25540213987,137238.0
6555.435159817248,138046.0
6555.614917494625,140589.0
6555.794675172003,144521.0
6555.97443284938,146458.0
6556.154190526758,149967.0
6556.333948204135,155353.0
6556.513705881512,156667.0
6556.69346355889,159744.0
6556.8732212362665,154456.0
6557.052978913644,149764.0
6557.232736591021,153476.0
6557.412494268399,165003.0
6557.592251945776,177715.0
6557.772009623154,183831.0
6557.951767300531,184789.0
6558.131524977909,188743.0
6558.311282655286,199055.0
6558.491040332664,213777.0
6558.670798010041,227425.0
6558.850555687419,238016.0
6559.030313364796,251093.0
6559.210071042174,264177.0
6559.389828719551,280562.0
6559.569586396928,300718.0
6559.749344074306,321001.0
6559.9291017516825,343496.0
6560.10885942906,364012.0
6560.288617106437,386032.0
6560.468374783815,414685.0
6560.648132461192,451889.0
6560.82789013857,495257.0
6561.007647815947,542283.0
6561.187405493325,593629.0
6561.367163170702,655387.0
6561.54692084808,730408.0
6561.726678525457,807333.0
6561.906436202835,887319.0
6562.086193880212,979010.0
6562.265951557589,1.06908e+06
6562.445709234967,1.16052e+06
6562.625466912344,1.27982e+06
6562.805224589722,1.41618e+06
6562.9849822670985,1.51036e+06
6563.164739944476,1.5254e+06
6563.344497621853,1.43519e+06
6563.524255299231,1.29197e+06
6563.704012976608,1.14082e+06
6563.883770653986,972959.0
6564.063528331363,825113.0
6564.243286008741,749813.0
6564.423043686118,737201.0
6564.602801363496,744760.0
6564.782559040873,723628.0
6564.962316718251,681590.0
6565.142074395628,639630.0
6565.321832073005,585733.0
6565.501589750383,526081.0
6565.68134742776,474759.0
6565.8611051051375,435049.0
6566.0408627825145,398271.0
6566.220620459892,366156.0
6566.400378137269,335963.0
6566.580135814647,311956.0
6566.759893492024,293821.0
6566.939651169402,277795.0
6567.119408846779,264870.0
6567.299166524157,252329.0
6567.478924201534,239065.0
6567.658681878912,227358.0
6567.838439556289,218481.0
6568.018197233667,209755.0
6568.197954911044,202378.0
6568.377712588421,194343.0
6568.557470265799,181881.0
6568.737227943176,172710.0
6568.9169856205535,169297.0
6569.0967432979305,169864.0
6569.276500975308,168573.0
6569.456258652685,167375.0
6569.636016330063,163933.0
6569.81577400744,161767.0
6569.995531684818,160353.0
6570.175289362195,161199.0
6570.355047039573,159248.0
6570.53480471695,150672.0
6570.714562394328,149419.0
6570.894320071705,148711.0
6571.074077749082,147513.0
6571.25383542646,146537.0
6571.433593103837,144391.0
6571.613350781215,142397.0
6571.793108458592,133153.0
6571.9728661359695,122668.0
6572.1526238133465,120870.0
6572.332381490724,126100.0
6572.512139168101,136214.0
6572.691896845479,140166.0
6572.871654522856,139001.0
6573.051412200234,137659.0
6573.231169877611,136093.0
6573.410927554989,135154.0
6573.590685232366,135325.0
6573.770442909744,135128.0
6573.950200587121,134537.0
6574.129958264498,134240.0
6574.309715941876,132176.0
6574.489473619253,125016.0
6574.669231296631,112612.0
6574.848988974008,106771.0
6575.0287466513855,112561.0
6575.2085043287625,123984.0
6575.38826200614,132073.0
6575.568019683517,130703.0
6575.747777360895,130279.0
6575.927535038272,130360.0
6576.10729271565,127759.0
6576.287050393027,126533.0
6576.466808070405,128053.0
6576.646565747782,128768.0
6576.826323425159,127149.0
6577.006081102537,126594.0
6577.185838779914,126770.0
6577.365596457292,127259.0
6577.545354134669,128893.0
6577.725111812047,128431.0
6577.904869489424,127781.0
6578.0846271668015,127955.0
6578.2643848441785,126329.0
6578.444142521556,126891.0
6578.623900198933,126840.0
6578.803657876311,125986.0
6578.983415553688,125670.0
6579.163173231066,125508.0
6579.342930908443,125124.0
6579.522688585821,126402.0
6579.702446263198,127308.0
6579.882203940575,127197.0
6580.061961617953,127082.0
6580.24171929533,127167.0
6580.421476972708,124059.0
6580.601234650085,119806.0
6580.780992327463,118793.0
6580.96075000484,121866.0
6581.1405076822175,125333.0
6581.3202653595945,127607.0
6581.500023036972,129169.0
6581.679780714349,127647.0
6581.859538391727,125926.0
6582.039296069104,125764.0
6582.219053746482,124859.0
6582.398811423859,125446.0
6582.578569101237,124909.0
6582.758326778614,124725.0
6582.938084455991,124445.0
6583.117842133369,123271.0
6583.297599810746,120759.0
6583.477357488124,119487.0
6583.657115165501,121346.0
6583.836872842879,124191.0
6584.016630520256,126379.0
6584.1963881976335,127022.0
6584.3761458750105,127447.0
6584.555903552388,127156.0
6584.735661229765,126291.0
6584.915418907143,126440.0
6585.09517658452,127179.0
6585.274934261898,126175.0
6585.454691939275,125983.0
6585.634449616652,126603.0
6585.81420729403,126046.0
6585.993964971407,127317.0
6586.173722648785,125538.0
6586.353480326162,119238.0
6586.53323800354,115678.0
6586.712995680917,116545.0
6586.892753358295,121822.0
6587.072511035672,126364.0
6587.2522687130495,127874.0
6587.4320263904265,129813.0
6587.611784067804,129487.0
6587.791541745181,129370.0
6587.971299422559,125712.0
6588.151057099936,127546.0
6588.330814777314,127074.0
6588.510572454691,125846.0
6588.690330132068,123673.0
6588.870087809446,122239.0
6589.049845486823,123930.0
6589.229603164201,124972.0
6589.409360841578,123860.0
6589.589118518956,122561.0
6589.768876196333,123747.0
6589.948633873711,123835.0
6590.128391551088,122835.0
6590.3081492284655,123613.0
6590.4879069058425,123832.0
6590.66766458322,124140.0
6590.847422260597,124029.0
6591.027179937975,123199.0
6591.206937615352,122991.0
6591.386695292729,121732.0
6591.566452970107,122930.0
6591.746210647484,123216.0
6591.925968324862,123853.0
6592.105726002239,123131.0
6592.285483679617,123159.0
6592.465241356994,123633.0
6592.644999034372,123448.0
6592.824756711749,122908.0
6593.004514389127,120729.0
6593.184272066504,121839.0
6593.3640297438815,122055.0
6593.5437874212585,122525.0
6593.723545098636,122699.0
6593.903302776013,122471.0
6594.083060453391,119739.0
6594.262818130768,117981.0
6594.442575808145,118258.0
6594.622333485523,121474.0
6594.8020911629,124306.0
6594.981848840278,124424.0
6595.161606517655,122858.0
6595.341364195033,122720.0
6595.52112187241,122921.0
6595.700879549788,123473.0
6595.880637227165,122907.0
6596.060394904543,122316.0
6596.24015258192,122884.0
6596.4199102592975,121976.0
6596.599667936674,121889.0
6596.779425614052,122578.0
6596.959183291429,122886.0
6597.138940968807,122411.0
6597.318698646184,121924.0
6597.498456323561,123206.0
6597.678214000939,124540.0
6597.857971678316,123843.0
6598.037729355694,124854.0
6598.217487033071,124568.0
6598.397244710449,124223.0
6598.577002387826,123755.0
6598.756760065204,122776.0
6598.936517742581,120957.0
6599.116275419959,118084.0
6599.296033097336,117783.0
6599.4757907747135,118688.0
6599.65554845209,121666.0
6599.835306129468,123313.0
6600.015063806845,123967.0
6600.194821484222,123438.0
6600.3745791616,122828.0
6600.554336838977,122266.0
6600.734094516355,121121.0
6600.913852193732,120916.0
6601.09360987111,122738.0
6601.273367548487,123418.0
6601.453125225865,122826.0
6601.632882903242,121564.0
6601.81264058062,120543.0
6601.992398257997,118608.0
6602.172155935375,117248.0
6602.351913612752,118700.0
6602.531671290129,121373.0
6602.711428967506,123188.0
6602.891186644884,122504.0
6603.070944322261,121240.0
6603.250701999638,120883.0
6603.430459677016,121082.0
6603.610217354393,120956.0
6603.789975031771,121265.0
6603.969732709148,121225.0
6604.149490386526,121722.0
6604.329248063903,122684.0
6604.509005741281,121170.0
6604.688763418658,121121.0
6604.868521096036,120723.0
6605.048278773413,120886.0
6605.228036450791,119526.0
6605.407794128168,118175.0
6605.587551805545,118685.0
6605.767309482922,119325.0
6605.947067160299,119714.0
6606.126824837677,120461.0
6606.306582515054,121840.0
6606.486340192432,120974.0
6606.666097869809,122135.0
6606.845855547187,121452.0
6607.025613224564,121066.0
6607.205370901942,120760.0
6607.385128579319,120827.0
6607.564886256697,120636.0
6607.744643934074,121002.0
6607.924401611452,122334.0
6608.104159288829,121110.0
6608.283916966207,121336.0
6608.4636746435835,122835.0
6608.643432320961,120660.0
6608.823189998338,120876.0
6609.002947675715,119226.0
6609.182705353093,118281.0
6609.36246303047,118386.0
6609.542220707848,118999.0
6609.721978385225,119725.0
6609.901736062603,118957.0
6610.08149373998,117984.0
6610.261251417358,118724.0
6610.441009094735,119278.0
6610.620766772113,118310.0
6610.80052444949,118929.0
6610.980282126868,120562.0
6611.160039804245,119877.0
6611.339797481623,118203.0
6611.5195551589995,116963.0
6611.699312836377,118477.0
6611.879070513754,118142.0
6612.058828191131,117890.0
6612.238585868509,116921.0
6612.418343545886,115189.0
6612.598101223264,114937.0
6612.777858900641,116670.0
6612.957616578019,118838.0
6613.137374255396,119348.0
6613.317131932774,117406.0
6613.496889610151,116842.0
6613.676647287529,114726.0
6613.856404964906,114161.0
6614.036162642284,114089.0
6614.215920319661,115602.0
6614.395677997039,116581.0
6614.5754356744155,116368.0
6614.7551933517925,116693.0
6614.93495102917,116641.0
6615.114708706547,117359.0
6615.294466383925,117481.0
6615.474224061302,117831.0
6615.65398173868,116882.0
6615.833739416057,117017.0
6616.013497093435,117748.0
6616.193254770812,116172.0
6616.37301244819,115788.0
6616.552770125567,117196.0
6616.732527802945,118398.0
6616.912285480322,117171.0
6617.0920431577,117235.0
6617.271800835077,117335.0
6617.4515585124545,115707.0
6617.6313161898315,115966.0
6617.8110738672085,117277.0
6617.990831544586,117098.0
6618.170589221963,116044.0
6618.350346899341,117893.0
6618.530104576718,117140.0
6618.709862254096,114874.0
6618.889619931473,114479.0
6619.069377608851,114640.0
6619.249135286228,116893.0
6619.428892963606,117776.0
6619.608650640983,116626.0
6619.788408318361,116370.0
6619.968165995738,116633.0
6620.147923673116,116708.0
6620.327681350493,116349.0
6620.50743902787,116140.0
6620.6871967052475,115754.0
6620.8669543826245,115835.0
6621.046712060002,115988.0
6621.226469737379,116032.0
6621.406227414757,116020.0
6621.585985092134,114721.0
6621.765742769512,113710.0
6621.945500446889,113140.0
6622.125258124267,113429.0
6622.305015801644,113204.0
6622.484773479022,114421.0
6622.664531156399,114545.0
6622.844288833777,114299.0
6623.024046511154,114728.0
6623.203804188532,114340.0
6623.383561865909,114677.0
6623.563319543286,113459.0
6623.7430772206635,112418.0
6623.9228348980405,113415.0
6624.102592575418,114284.0
6624.282350252795,113523.0
6624.462107930173,113517.0
6624.64186560755,113260.0
6624.821623284928,113423.0
6625.001380962305,112947.0
6625.181138639683,113234.0
6625.36089631706,113752.0
6625.540653994438,114761.0
6625.720411671815,114668.0
6625.900169349193,113218.0
6626.07992702657,113280.0
6626.259684703948,113130.0
6626.439442381325,112666.0
6626.619200058702,113013.0
6626.7989577360795,112275.0
6626.9787154134565,112731.0
6627.158473090834,114794.0
6627.338230768211,113692.0
6627.517988445589,112544.0
6627.697746122966,111546.0
6627.877503800344,113122.0
6628.057261477721,111256.0
6628.237019155099,110339.0
6628.416776832476,111791.0
6628.596534509854,112134.0
6628.776292187231,112564.0
6628.956049864609,111803.0
6629.135807541986,111800.0
6629.315565219363,112177.0
6629.495322896741,111269.0
6629.675080574118,110536.0
6629.8548382514955,110893.0
6630.0345959288725,110494.0
6630.21435360625,111012.0
6630.394111283627,111134.0
6630.573868961005,110144.0
6630.753626638382,111625.0
6630.93338431576,110283.0
6631.113141993137,109428.0
6631.292899670515,109978.0
6631.472657347892,110515.0
6631.65241502527,109073.0
6631.832172702647,110949.0
6632.011930380024,109882.0
6632.191688057402,109604.0
6632.371445734779,108432.0
6632.551203412157,108951.0
6632.730961089534,108924.0
6632.9107187669115,108612.0
6633.0904764442885,109098.0
6633.270234121666,108567.0
6633.449991799043,109508.0
6633.629749476421,110011.0
6633.809507153798,109334.0
6633.989264831176,108727.0
6634.169022508553,108489.0
6634.348780185931,110201.0
6634.528537863308,109042.0
6634.708295540686,107841.0
6634.888053218063,107703.0
6635.06781089544,107239.0
6635.247568572818,107804.0
6635.427326250195,107995.0
6635.607083927573,108208.0
6635.78684160495,107210.0
6635.9665992823275,107254.0
6636.1463569597045,106951.0
6636.326114637082,106643.0
6636.505872314459,106175.0
6636.685629991837,107099.0
6636.865387669214,108278.0
6637.045145346592,107335.0
6637.224903023969,106280.0
6637.404660701347,107667.0
6637.584418378724,108335.0
6637.764176056102,106877.0
6637.943933733479,106291.0
6638.123691410856,106543.0
6638.303449088234,107587.0
6638.483206765611,106973.0
6638.662964442989,106086.0
6638.842722120366,104566.0
6639.0224797977435,104617.0
6639.2022374751205,106532.0
6639.381995152498,105452.0
6639.561752829875,104847.0
6639.741510507253,105865.0
6639.92126818463,103844.0
6640.101025862008,103330.0
6640.280783539385,105338.0
6640.460541216763,105848.0
6640.64029889414,103588.0
6640.820056571518,103376.0
6640.999814248895,102345.0
6641.179571926272,101921.0
6641.35932960365,103396.0
6641.539087281027,103706.0
6641.718844958405,103300.0
6641.898602635782,103621.0
6642.0783603131595,102690.0
6642.258117990536,100554.0
6642.437875667914,101321.0
6642.617633345291,100912.0
6642.797391022669,102367.0
6642.977148700046,100619.0
6643.156906377424,101314.0
6643.336664054801,102802.0
6643.516421732179,103864.0
6643.696179409556,103348.0
6643.875937086933,102086.0
6644.055694764311,101922.0
6644.235452441688,101633.0
6644.415210119066,101546.0
6644.594967796443,101571.0
6644.774725473821,101317.0
6644.954483151198,101582.0
6645.1342408285755,101318.0
6645.313998505952,101221.0
6645.49375618333,101530.0
6645.673513860707,101347.0
6645.853271538085,101119.0
6646.033029215462,101581.0
6646.21278689284,100896.0
6646.392544570217,100399.0
6646.572302247594,100943.0
6646.752059924972,100308.0
6646.931817602349,99104.9
6647.111575279727,98549.5
6647.291332957104,98194.9
6647.471090634482,99427.3
6647.650848311859,99515.1
6647.830605989237,98871.7
6648.010363666614,98728.1
6648.190121343991,98995.6
6648.369879021368,99252.9
6648.549636698746,98404.9
6648.729394376123,97015.5
6648.909152053501,98342.0
6649.088909730878,97106.5
6649.268667408256,96537.7
6649.448425085633,97552.0
6649.62818276301,98527.1
6649.807940440388,97847.2
6649.987698117765,97224.4
6650.167455795143,97974.8
6650.34721347252,97782.5
6650.526971149898,95856.9
6650.706728827275,96148.5
6650.886486504653,98002.7
6651.06624418203,96745.0
6651.246001859407,97065.0
6651.425759536784,98442.9
6651.605517214162,96841.0
6651.785274891539,96621.3
6651.965032568917,97438.7
6652.144790246294,95589.0
6652.324547923672,96291.2
6652.504305601049,95292.3
6652.684063278426,94626.8
6652.863820955804,95538.6
6653.043578633181,95179.8
6653.223336310559,95827.7
6653.403093987936,95271.8
6653.582851665314,95957.0
6653.762609342691,95426.5
6653.942367020069,95036.6
6654.1221246974455,94441.1
6654.301882374823,93746.3
6654.4816400522,94014.4
6654.661397729578,96027.7
6654.841155406955,93843.7
6655.020913084333,92300.3
6655.20067076171,93407.6
6655.380428439088,93077.9
6655.560186116465,95430.5
6655.739943793842,95278.1
6655.91970147122,93417.3
6656.099459148597,92752.8
6656.279216825975,92897.7
6656.458974503352,93022.7
6656.63873218073,94968.3
6656.818489858107,92460.7
6656.998247535485,92302.8
6657.1780052128615,91894.5
6657.357762890239,91623.6
6657.537520567616,92011.3
6657.717278244994,91926.0
6657.897035922371,91270.2
6658.076793599749,91915.7
6658.256551277126,91379.6
6658.436308954503,90779.2
6658.616066631881,90370.0
6658.795824309258,91473.6
6658.975581986636,89771.3
6659.155339664013,88999.8
6659.335097341391,90582.2
6659.514855018768,89933.8
6659.694612696146,89832.3
6659.874370373523,90211.1
6660.0541280509005,89211.7
6660.2338857282775,88184.1
6660.413643405655,88267.3
6660.593401083032,87744.0
6660.77315876041,88932.2
6660.952916437787,88459.8
6661.132674115164,87697.0
6661.312431792542,87229.6
6661.492189469919,87662.0
6661.671947147297,87155.9
6661.851704824674,86595.2
6662.031462502052,85475.5
6662.211220179429,86318.6
6662.390977856807,87071.2
6662.570735534184,86003.9
6662.750493211562,86889.1
6662.930250888939,86555.7
6663.1100085663165,86228.8
6663.2897662436935,85998.9
6663.469523921071,86672.6
6663.649281598448,87054.4
6663.829039275826,86840.1
6664.008796953203,85009.5
6664.18855463058,85431.3
6664.368312307958,85112.4
6664.548069985335,85967.1
6664.727827662713,85653.9
6664.90758534009,85729.7
6665.087343017468,85149.6
6665.267100694845,84074.9
6665.446858372223,84355.3
6665.6266160496,84370.0
6665.806373726978,84029.8
6665.986131404355,84876.3
6666.1658890817325,83920.5
6666.3456467591095,83330.8
6666.525404436487,85122.3
6666.705162113864,84888.6
6666.884919791242,82455.7
6667.064677468619,83060.3
6667.244435145996,82656.0
6667.424192823374,82733.8
6667.603950500751,82376.6
6667.783708178129,82283.7
6667.963465855506,82279.3
6668.143223532884,82883.0
6668.322981210261,83537.0
6668.502738887639,83221.2
6668.682496565016,81731.0
6668.862254242394,80835.6
6669.042011919771,81073.3
6669.2217695971485,80414.4
6669.4015272745255,79748.9
6669.581284951903,79879.2
6669.76104262928,80121.4
6669.940800306658,79795.5
6670.120557984035,79234.5
6670.300315661412,80178.3
6670.48007333879,80350.9
6670.659831016167,79868.4
6670.839588693545,78223.7
6671.019346370922,78638.5
6671.1991040483,78551.0
6671.378861725677,78423.9
6671.558619403055,78908.5
6671.738377080432,78197.1
6671.91813475781,77039.3
6672.097892435187,76794.8
6672.2776501125645,76141.6
6672.4574077899415,77098.2
6672.637165467319,76967.8
6672.816923144696,76303.6
6672.996680822073,78303.7
6673.176438499451,77634.3
6673.356196176828,76649.3
6673.535953854206,76943.9
6673.715711531583,77309.6
6673.895469208961,75861.8
6674.075226886338,75063.1
6674.254984563716,75411.2
6674.434742241093,77113.3
6674.614499918471,76103.9
6674.794257595848,76506.8
6674.974015273226,75235.5
6675.153772950603,75340.0
6675.3335306279805,75765.2
6675.5132883053575,75302.1
6675.6930459827345,74344.5
6675.872803660112,74522.7
6676.052561337489,73623.9
6676.232319014867,73043.2
6676.412076692244,72818.8
6676.591834369622,73645.2
6676.771592046999,71677.1
6676.951349724377,69991.5
6677.131107401754,70961.9
6677.310865079132,70030.3
6677.490622756509,70375.3
6677.670380433887,70398.6
6677.850138111264,69866.9
6678.029895788642,69863.0
6678.209653466019,70690.2
6678.3894111433965,70065.1
6678.5691688207735,68907.2
6678.7489264981505,69054.1
6678.928684175528,70277.7
6679.108441852905,71102.5
6679.288199530283,70827.8
6679.46795720766,70934.7
6679.647714885038,69887.1
6679.827472562415,70703.2
6680.007230239793,70911.6
6680.18698791717,70498.8
6680.366745594548,71555.3
6680.546503271925,70865.7
6680.726260949303,69191.0
6680.90601862668,69899.2
6681.085776304058,70946.0
6681.265533981435,69782.8
6681.4452916588125,70692.9
6681.6250493361895,71055.2
6681.8048070135665,70188.7
6681.984564690944,70871.9
6682.164322368321,68544.4
6682.344080045699,68789.1
6682.523837723076,68361.9
6682.703595400454,67516.3
6682.883353077831,67717.1
6683.063110755209,67426.4
6683.242868432586,67360.7
6683.422626109964,65973.6
6683.602383787341,66210.8
6683.782141464719,66336.9
6683.961899142096,66595.1
6684.141656819474,66031.0
6684.321414496851,65824.8
6684.5011721742285,65816.2
6684.6809298516055,66464.5
6684.860687528982,65287.3
6685.04044520636,65478.3
6685.220202883737,65077.4
6685.399960561115,65799.7
6685.579718238492,66705.0
6685.75947591587,64604.9
6685.939233593247,64403.5
6686.118991270625,64673.9
6686.298748948002,64272.6
6686.47850662538,63442.1
6686.658264302757,64393.6
6686.838021980135,63332.2
6687.017779657512,63171.2
6687.19753733489,63502.9
6687.377295012267,62601.0
6687.557052689644,62376.6
6687.7368103670215,62155.4
6687.916568044398,62533.5
6688.096325721776,61732.8
6688.276083399153,62205.3
6688.455841076531,62791.2
6688.635598753908,61947.8
6688.815356431286,61286.1
6688.995114108663,62290.2
6689.174871786041,61132.9
6689.354629463418,60819.5
6689.534387140796,61501.6
6689.714144818173,59957.8
6689.893902495551,59858.5
6690.073660172928,59803.1
6690.253417850305,59811.6
6690.433175527683,60488.2
6690.61293320506,58949.9
6690.7926908824375,57882.1
6690.972448559814,59294.5
6691.152206237192,58532.6
6691.331963914569,58613.7
6691.511721591947,59666.6
6691.691479269324,57907.0
6691.871236946702,57293.0
6692.050994624079,58290.7
6692.230752301457,57634.5
6692.410509978834,58037.5
6692.590267656212,57514.1
6692.770025333589,57358.1
6692.949783010967,55994.4
6693.129540688344,55910.8
6693.309298365721,56118.8
6693.489056043099,56588.0
6693.668813720476,57555.9
6693.848571397853,56333.5
6694.02832907523,55879.1
6694.208086752608,55474.9
6694.387844429985,55515.8
6694.567602107363,55348.9
6694.74735978474,54399.5
6694.927117462118,54434.5
6695.106875139495,54868.1
6695.286632816873,55137.7
6695.46639049425,54197.7
6695.646148171628,54258.9
6695.825905849005,53727.2
6696.005663526383,53530.0
6696.18542120376,52619.2
6696.365178881137,52952.1
6696.544936558515,53247.3
6696.724694235892,52026.6
6696.904451913269,52609.0
6697.084209590646,52071.4
6697.263967268024,52277.0
6697.443724945401,51121.4
6697.623482622779,52009.7
6697.803240300156,52131.6
6697.982997977534,51791.7
6698.162755654911,51243.7
6698.342513332289,50244.2
6698.522271009666,50233.3
6698.702028687044,50425.7
6698.881786364421,50023.7
6699.061544041799,49674.1
6699.241301719176,48469.9
6699.421059396553,48759.3
6699.600817073931,49512.8
6699.7805747513075,48260.6
6699.960332428685,49440.8
6700.140090106062,49259.7
6700.31984778344,48619.3
6700.499605460817,47849.7
6700.679363138195,48256.7
6700.859120815572,47808.5
6701.03887849295,48556.3
6701.218636170327,48195.5
6701.398393847705,46397.7
6701.578151525082,47110.7
6701.75790920246,46827.2
6701.937666879837,47284.6
6702.117424557214,47234.9
6702.297182234592,45586.0
6702.476939911969,45244.8
6702.656697589347,45695.9
6702.8364552667235,45884.0
6703.016212944101,45591.6
6703.195970621478,46231.9
6703.375728298856,45533.7
6703.555485976233,45583.9
6703.735243653611,45398.2
6703.915001330988,44844.0
6704.094759008366,45698.0
6704.274516685743,44719.2
6704.454274363121,44163.5
6704.634032040498,43657.4
6704.813789717875,44218.9
6704.993547395253,44342.1
6705.17330507263,43817.9
6705.353062750008,43771.4
6705.532820427385,43327.7
6705.7125781047625,42994.0
6705.8923357821395,42643.4
6706.072093459517,43287.5
6706.251851136894,42987.8
6706.431608814272,42989.8
6706.611366491649,42809.1
6706.791124169027,42008.6
6706.970881846404,41722.2
6707.150639523782,40699.3
6707.330397201159,40540.8
6707.510154878537,41108.3
6707.689912555914,40463.2
6707.869670233291,41943.8
6708.049427910669,41304.6
6708.229185588046,40513.9
6708.408943265424,40364.2
6708.588700942801,39740.5
6708.7684586201785,39648.8
6708.9482162975555,39323.3
6709.127973974933,38761.8
6709.30773165231,38153.9
6709.487489329688,38314.6
6709.667247007065,37506.2
6709.847004684443,39191.3
6710.02676236182,39091.8
6710.206520039198,38149.5
6710.386277716575,37659.0
6710.566035393953,36852.5
6710.74579307133,37139.0
6710.925550748707,36452.2
6711.105308426085,36944.9
6711.285066103462,36397.9
6711.46482378084,37005.9
6711.644581458217,36279.8
6711.8243391355945,34835.6
6712.0040968129715,35117.0
6712.183854490349,35499.5
6712.363612167726,35981.2
6712.543369845104,36068.0
6712.723127522481,34802.1
6712.902885199859,34347.3
6713.082642877236,35570.7
6713.262400554614,34553.2
6713.442158231991,34573.7
6713.621915909369,34074.9
6713.801673586746,34135.2
6713.981431264123,34839.9
6714.161188941501,34066.1
6714.340946618878,34051.0
6714.520704296256,33815.9
6714.700461973633,34158.7
6714.8802196510105,33004.3
6715.0599773283875,32452.1
6715.239735005765,33146.8
6715.419492683142,32390.3
6715.59925036052,31499.5
6715.779008037897,32096.1
6715.958765715275,32979.2
6716.138523392652,32572.4
6716.31828107003,33048.7
6716.498038747407,30889.4
6716.677796424784,30576.7
6716.857554102162,31008.0
6717.037311779539,31730.2
6717.217069456917,31595.3
6717.396827134294,30810.1
6717.576584811672,30407.9
6717.756342489049,30654.2
6717.9361001664265,31609.3
6718.1158578438035,30104.1
6718.295615521181,29327.3
6718.475373198558,29658.5
6718.655130875936,29250.3
6718.834888553313,29030.8
6719.014646230691,28649.6
6719.194403908068,28746.0
6719.374161585445,28170.4
6719.553919262823,28614.2
6719.7336769402,28638.0
6719.913434617578,28458.0
6720.093192294955,27658.0
6720.272949972333,28263.0
6720.45270764971,27837.9
6720.632465327088,27700.9
6720.812223004465,27364.4
6720.9919806818425,26790.2
6721.1717383592195,27259.6
6721.351496036597,28194.7
6721.531253713974,26907.8
6721.711011391352,26538.8
6721.890769068729,25642.2
6722.070526746107,26078.2
6722.250284423484,25690.6
6722.430042100861,27451.6
6722.609799778239,25488.3
6722.789557455616,25526.6
6722.969315132994,25363.6
6723.149072810371,25157.7
6723.328830487749,25480.3
6723.508588165126,25777.6
6723.688345842504,24462.4
6723.868103519881,24522.5
6724.0478611972585,24192.5
6724.2276188746355,23953.4
6724.407376552013,23450.8
6724.58713422939,23617.6
6724.766891906768,24138.1
6724.946649584145,23220.3
6725.126407261523,23726.2
6725.3061649389,22853.2
6725.485922616277,23400.7
6725.665680293655,22868.8
6725.845437971032,22525.9
6726.02519564841,22699.0
6726.204953325787,22486.1
6726.384711003165,22206.9
6726.564468680542,22135.1
6726.74422635792,22338.4
6726.923984035297,22701.1
6727.1037417126745,22182.0
6727.2834993900515,21798.0
6727.463257067429,21198.9
6727.643014744806,20225.3
6727.822772422184,21912.9
6728.002530099561,21308.0
6728.182287776939,21195.7
6728.362045454316,20916.0
6728.541803131693,20588.4
6728.721560809071,21239.7
6728.901318486448,20350.2
6729.081076163826,19754.5
6729.260833841203,20023.0
6729.440591518581,19632.8
6729.620349195958,20374.0
6729.800106873336,19272.1
6729.979864550713,19387.3
6730.1596222280905,19721.3
6730.3393799054675,19626.9
6730.519137582845,18858.6
6730.698895260222,18669.2
6730.8786529376,19519.1
6731.058410614977,17855.7
6731.238168292354,18942.2
6731.417925969732,18627.6
6731.597683647109,18399.1
6731.777441324487,18205.7
6731.957199001864,17348.2
6732.136956679242,17915.3
6732.316714356619,17460.0
6732.496472033997,17914.5
6732.676229711374,17029.7
6732.855987388752,17257.1
6733.035745066129,17099.3
6733.2155027435065,16531.8
6733.3952604208835,15683.7
