6490.6283525481,74145.4
6490.807357397118,75103.0
6490.986362246135,75355.8
6491.165367095153,78180.9
6491.34437194417,80401.1
6491.523376793187,80960.5
6491.702381642204,81551.1
6491.881386491222,81528.4
6492.060391340239,81523.8
6492.239396189257,81903.3
6492.418401038274,82865.6
6492.597405887292,80535.1
6492.776410736309,79614.3
6492.955415585327,81631.9
6493.134420434344,83176.6
6493.313425283361,83568.1
6493.492430132378,83960.3
6493.671434981396,84341.8
6493.850439830413,85864.0
6494.0294446794305,87411.1
6494.208449528448,88124.0
6494.3874543774655,87917.9
6494.566459226483,87619.1
6494.7454640755,88188.2
6494.924468924518,89280.0
6495.1034737735345,90090.8
6495.282478622552,91039.8
6495.461483471569,91390.4
6495.640488320587,88738.5
6495.819493169604,88549.3
6495.998498018622,89399.7
6496.177502867639,90139.4
6496.356507716657,92558.2
6496.535512565674,93608.4
6496.714517414691,93561.8
6496.893522263708,93899.8
6497.072527112726,94604.6
6497.251531961743,93525.5
6497.430536810761,93059.4
6497.609541659778,94286.0
6497.788546508796,95255.9
6497.967551357813,95687.1
6498.146556206831,95853.3
6498.325561055848,94966.5
6498.504565904865,96177.7
6498.683570753882,97901.1
6498.8625756029,98946.1
6499.041580451917,98818.7
6499.2205853009345,97634.8
6499.399590149952,97554.5
6499.5785949989695,98859.4
6499.757599847987,99169.5
6499.936604697004,101236.0
6500.115609546022,101929.0
6500.2946143950385,100539.0
6500.473619244056,101134.0
6500.652624093073,102837.0
6500.831628942091,102931.0
6501.010633791108,102549.0
6501.189638640126,103067.0
6501.368643489143,103467.0
6501.547648338161,103071.0
6501.726653187178,102841.0
6501.905658036195,104242.0
6502.084662885212,105632.0
6502.26366773423,107270.0
6502.442672583247,109045.0
6502.621677432265,109635.0
6502.800682281282,109173.0
6502.9796871303,107619.0
6503.158691979317,107479.0
6503.337696828335,109744.0
6503.516701677352,110967.0
6503.695706526369,110340.0
6503.874711375386,110312.0
6504.053716224404,110537.0
6504.232721073421,110864.0
6504.411725922439,112942.0
6504.590730771456,113944.0
6504.7697356204735,115186.0
6504.948740469491,117022.0
6505.1277453185085,117095.0
6505.306750167526,116727.0
6505.4857550165425,117697.0
6505.66475986556,117715.0
6505.843764714577,116566.0
6506.022769563595,117259.0
6506.201774412612,118977.0
6506.38077926163,121083.0
6506.559784110647,120905.0
6506.738788959665,123634.0
6506.917793808682,122509.0
6507.096798657699,120729.0
6507.275803506716,122553.0
6507.454808355734,124462.0
6507.633813204751,125088.0
6507.812818053769,124653.0
6507.991822902786,124803.0
6508.170827751804,125153.0
6508.349832600821,124559.0
6508.528837449839,122606.0
6508.707842298856,123562.0
6508.886847147873,125742.0
6509.06585199689,127833.0
6509.244856845908,129984.0
6509.423861694925,128415.0
6509.602866543943,128981.0
6509.78187139296,129229.0
6509.9608762419775,129975.0
6510.139881090995,131752.0
6510.3188859400125,130668.0
6510.49789078903,129624.0
6510.6768956380465,130305.0
6510.855900487064,131453.0
6511.0349053360815,133933.0
6511.213910185099,134231.0
6511.392915034116,134676.0
6511.571919883134,134244.0
6511.750924732151,133398.0
6511.929929581169,134079.0
6512.108934430186,135005.0
6512.287939279203,136547.0
6512.46694412822,138816.0
6512.645948977238,141029.0
6512.824953826255,143989.0
6513.003958675273,144304.0
6513.18296352429,145700.0
6513.361968373308,146593.0
6513.540973222325,147987.0
6513.719978071343,148525.0
6513.89898292036,147426.0
6514.077987769377,146386.0
6514.256992618394,145408.0
6514.435997467412,142929.0
6514.615002316429,140855.0
6514.794007165447,142571.0
6514.973012014464,145536.0
6515.152016863482,149686.0
6515.331021712499,152841.0
6515.5100265615165,151659.0
6515.689031410534,149220.0
6515.8680362595505,149797.0
6516.047041108568,150912.0
6516.2260459575855,148357.0
6516.405050806603,144725.0
6516.58405565562,144862.0
6516.763060504638,145570.0
6516.942065353655,151223.0
6517.121070202673,155723.0
6517.30007505169,157532.0
6517.479079900707,160332.0
6517.658084749724,162729.0
6517.837089598742,161586.0
6518.016094447759,159424.0
6518.195099296777,160825.0
6518.374104145794,163743.0
6518.553108994812,166186.0
6518.732113843829,165660.0
6518.911118692847,164762.0
6519.090123541864,162933.0
6519.269128390881,159462.0
6519.448133239898,157802.0
6519.627138088916,160983.0
6519.806142937933,166394.0
6519.985147786951,167694.0
6520.164152635968,165335.0
6520.343157484986,164532.0
6520.522162334003,165779.0
6520.7011671830205,168393.0
6520.880172032038,167443.0
6521.059176881055,166296.0
6521.238181730072,168814.0
6521.4171865790895,169217.0
6521.596191428107,167456.0
6521.775196277124,169798.0
6521.954201126142,170081.0
6522.133205975159,169049.0
6522.312210824177,169090.0
6522.491215673194,170804.0
6522.670220522211,173645.0
6522.849225371228,172986.0
6523.028230220246,170694.0
6523.207235069263,170866.0
6523.386239918281,170456.0
6523.565244767298,169021.0
6523.744249616316,168407.0
6523.923254465333,170531.0
6524.102259314351,172187.0
6524.281264163368,175091.0
6524.460269012385,178284.0
6524.639273861402,177798.0
6524.81827871042,178347.0
6524.997283559437,180376.0
6525.176288408455,180005.0
6525.355293257472,181371.0
6525.53429810649,181074.0
6525.713302955507,180707.0
6525.8923078045245,181247.0
6526.071312653542,183172.0
6526.250317502559,184743.0
6526.429322351576,185840.0
6526.6083272005935,185610.0
6526.787332049611,184665.0
6526.9663368986285,185063.0
6527.145341747646,186714.0
6527.324346596663,188413.0
6527.503351445681,189843.0
6527.682356294698,190246.0
6527.861361143715,187137.0
6528.040365992732,188862.0
6528.21937084175,190570.0
6528.398375690767,189578.0
6528.577380539785,190742.0
6528.756385388802,192583.0
6528.93539023782,193786.0
6529.114395086837,195868.0
6529.293399935855,193719.0
6529.472404784872,192954.0
6529.651409633889,194681.0
6529.830414482906,196956.0
6530.009419331924,197386.0
6530.188424180941,195717.0
6530.367429029959,194657.0
6530.546433878976,194883.0
6530.725438727994,197016.0
6530.904443577011,198745.0
6531.083448426029,197640.0
6531.262453275046,198896.0
6531.441458124063,200942.0
6531.62046297308,205526.0
6531.7994678220975,204302.0
6531.978472671115,202539.0
6532.1574775201325,199898.0
6532.33648236915,197420.0
6532.515487218167,198405.0
6532.694492067185,203791.0
6532.873496916202,209935.0
6533.052501765219,210237.0
6533.231506614236,205689.0
6533.410511463254,205772.0
6533.589516312271,207458.0
6533.768521161289,207916.0
6533.947526010306,209018.0
6534.126530859324,210097.0
6534.305535708341,208613.0
6534.484540557359,208628.0
6534.663545406376,209946.0
6534.842550255393,210937.0
6535.02155510441,213594.0
6535.200559953428,215426.0
6535.379564802445,217831.0
6535.558569651463,218525.0
6535.73757450048,217552.0
6535.916579349498,217385.0
6536.095584198515,218487.0
6536.274589047533,218681.0
6536.45359389655,218267.0
6536.632598745567,219111.0
6536.811603594584,220436.0
6536.990608443602,222128.0
6537.169613292619,224778.0
6537.3486181416365,224448.0
6537.527622990654,222886.0
6537.7066278396715,226790.0
6537.885632688689,226905.0
6538.064637537706,228760.0
6538.243642386724,228793.0
6538.42264723574,227774.0
6538.601652084758,228817.0
6538.780656933775,231545.0
6538.959661782793,233574.0
6539.13866663181,233766.0
6539.317671480828,233156.0
6539.496676329845,232540.0
6539.675681178863,233476.0
6539.85468602788,233267.0
6540.033690876897,236001.0
6540.212695725914,240256.0
6540.391700574932,239636.0
6540.570705423949,237817.0
6540.749710272967,238258.0
6540.928715121984,240380.0
6541.107719971002,240955.0
6541.286724820019,240841.0
6541.465729669037,243715.0
6541.644734518054,246537.0
6541.823739367071,248013.0
6542.002744216088,242875.0
6542.181749065106,239146.0
6542.360753914123,242318.0
6542.5397587631405,243107.0
6542.718763612158,245722.0
6542.8977684611755,250660.0
6543.076773310193,252646.0
6543.25577815921,251322.0
6543.434783008228,249133.0
6543.6137878572445,245869.0
6543.792792706262,241713.0
6543.971797555279,242057.0
6544.150802404297,247153.0
6544.329807253314,254509.0
6544.508812102332,257760.0
6544.687816951349,258151.0
6544.866821800367,258337.0
6545.045826649384,262112.0
6545.224831498401,264024.0
6545.403836347418,261835.0
6545.582841196436,262005.0
6545.761846045453,263180.0
6545.940850894471,262250.0
6546.119855743488,265103.0
6546.298860592506,268110.0
6546.477865441523,269180.0
6546.656870290541,270392.0
6546.835875139558,270191.0
6547.014879988575,268548.0
6547.193884837592,267628.0
6547.37288968661,271305.0
6547.551894535627,271110.0
6547.7308993846445,269860.0
6547.909904233662,272408.0
6548.0889090826795,276640.0
6548.267913931697,279510.0
6548.446918780714,271730.0
6548.625923629732,268350.0
6548.8049284787485,274469.0
6548.983933327766,281957.0
6549.162938176783,284462.0
6549.341943025801,285756.0
6549.520947874818,288912.0
6549.699952723836,289358.0
6549.878957572853,291323.0
6550.057962421871,294513.0
6550.236967270888,295582.0
6550.415972119905,298657.0
6550.594976968922,303090.0
6550.77398181794,303103.0
6550.952986666957,300422.0
6551.131991515975,301782.0
6551.310996364992,306811.0
6551.49000121401,309599.0
6551.669006063027,309819.0
6551.848010912045,310701.0
6552.027015761062,315758.0
6552.206020610079,317330.0
6552.385025459096,311149.0
6552.564030308114,308911.0
6552.743035157131,314893.0
6552.922040006149,321354.0
6553.101044855166,327924.0
6553.2800497041835,337459.0
6553.459054553201,345190.0
6553.6380594022185,345542.0
6553.817064251236,345684.0
6553.9960691002525,349284.0
6554.17507394927,357283.0
6554.354078798287,362556.0
6554.533083647305,373525.0
6554.712088496322,383308.0
6554.89109334534,383834.0
6555.070098194357,386574.0
6555.249103043375,398002.0
6555.428107892392,407280.0
6555.607112741409,414200.0
6555.786117590426,425617.0
6555.965122439444,434279.0
6556.144127288461,448331.0
6556.323132137479,458587.0
6556.502136986496,471939.0
6556.681141835514,488181.0
6556.860146684531,506373.0
6557.039151533549,518446.0
6557.218156382566,535201.0
6557.397161231583,559883.0
6557.5761660806,585886.0
6557.755170929618,609890.0
6557.934175778635,639476.0
6558.113180627653,671849.0
6558.29218547667,700902.0
6558.4711903256875,739197.0
6558.650195174705,773538.0
6558.8292000237225,817181.0
6559.00820487274,854355.0
6559.1872097217565,886129.0
6559.366214570774,932762.0
6559.5452194197915,980062.0
6559.724224268809,1.01717e+06
6559.903229117826,1.0497e+06
6560.082233966844,1.07345e+06
6560.261238815861,1.08398e+06
6560.440243664879,1.09719e+06
6560.619248513896,1.12669e+06
6560.798253362913,1.16591e+06
6560.97725821193,1.20069e+06
6561.156263060948,1.23252e+06
6561.335267909965,1.2899e+06
6561.514272758983,1.34216e+06
6561.693277608,1.35612e+06
6561.872282457018,1.35656e+06
6562.051287306035,1.35525e+06
6562.230292155053,1.35637e+06
6562.40929700407,1.37711e+06
6562.588301853087,1.38473e+06
6562.767306702104,1.38337e+06
6562.946311551122,1.39814e+06
6563.125316400139,1.40277e+06
6563.304321249157,1.38423e+06
6563.483326098174,1.3702e+06
6563.662330947192,1.36478e+06
6563.841335796209,1.33489e+06
6564.0203406452265,1.27239e+06
6564.199345494244,1.22648e+06
6564.3783503432605,1.19226e+06
6564.557355192278,1.17839e+06
6564.7363600412955,1.1798e+06
6564.915364890313,1.16475e+06
6565.09436973933,1.12196e+06
6565.273374588348,1.08256e+06
6565.452379437365,1.05233e+06
6565.631384286383,1.02057e+06
6565.8103891354,984875.0
6565.989393984417,945022.0
6566.168398833434,905818.0
6566.347403682452,869492.0
6566.526408531469,826461.0
6566.705413380487,779634.0
6566.884418229504,744477.0
6567.063423078522,714536.0
6567.242427927539,685071.0
6567.421432776557,659557.0
6567.600437625574,631959.0
6567.779442474591,603835.0
6567.958447323608,582008.0
6568.137452172626,563841.0
6568.316457021643,542659.0
6568.495461870661,522164.0
6568.674466719678,509298.0
6568.853471568696,495024.0
6569.032476417713,480698.0
6569.2114812667305,468070.0
6569.390486115748,456190.0
6569.569490964765,446806.0
6569.748495813782,438484.0
6569.9275006627995,434945.0
6570.106505511817,428222.0
6570.285510360834,420365.0
6570.464515209852,412654.0
6570.643520058869,407705.0
6570.822524907887,400313.0
6571.001529756904,389481.0
6571.180534605921,386791.0
6571.359539454938,385492.0
6571.538544303956,383716.0
6571.717549152973,378045.0
6571.896554001991,369362.0
6572.075558851008,361008.0
6572.254563700026,357055.0
6572.433568549043,358142.0
6572.612573398061,359942.0
6572.791578247078,359986.0
6572.970583096095,359200.0
6573.149587945112,357044.0
6573.32859279413,351756.0
6573.507597643147,348404.0
6573.686602492165,346216.0
6573.865607341182,347049.0
6574.0446121902,346298.0
6574.223617039217,344509.0
6574.4026218882345,341165.0
6574.581626737252,333386.0
6574.760631586269,326204.0
6574.939636435286,322291.0
6575.1186412843035,326534.0
6575.297646133321,333560.0
6575.4766509823385,336127.0
6575.655655831356,333827.0
6575.834660680373,331467.0
6576.013665529391,331352.0
6576.192670378408,330574.0
6576.371675227425,328470.0
6576.550680076442,326981.0
6576.72968492546,326741.0
6576.908689774477,327309.0
6577.087694623495,328830.0
6577.266699472512,327146.0
6577.44570432153,327461.0
6577.624709170547,323359.0
6577.803714019565,320065.0
6577.982718868582,323590.0
6578.161723717599,324307.0
6578.340728566616,321971.0
6578.519733415634,318783.0
6578.698738264651,314775.0
6578.877743113669,318156.0
6579.056747962686,322807.0
6579.235752811704,320848.0
6579.414757660721,315813.0
6579.593762509739,315133.0
6579.772767358756,315116.0
6579.951772207773,314399.0
6580.13077705679,320348.0
6580.3097819058075,319332.0
6580.488786754825,311050.0
6580.6677916038425,310788.0
6580.84679645286,313575.0
6581.025801301877,315429.0
6581.204806150895,317888.0
6581.383810999912,315815.0
6581.562815848929,314661.0
6581.741820697946,314044.0
6581.920825546964,313582.0
6582.099830395981,315028.0
6582.278835244999,317005.0
6582.457840094016,315345.0
6582.636844943034,318320.0
6582.815849792051,315669.0
6582.994854641069,313167.0
6583.173859490086,312769.0
6583.352864339103,309925.0
6583.53186918812,308230.0
6583.710874037138,309664.0
6583.889878886155,314745.0
6584.068883735173,316495.0
6584.24788858419,315246.0
6584.426893433208,314024.0
6584.605898282225,315235.0
6584.784903131243,315106.0
6584.96390798026,313040.0
6585.142912829277,315060.0
6585.321917678294,315387.0
6585.500922527312,314167.0
6585.679927376329,313018.0
6585.8589322253465,309383.0
6586.037937074364,307979.0
6586.2169419233815,307937.0
6586.395946772399,306859.0
6586.574951621416,306207.0
6586.753956470433,310145.0
6586.93296131945,307972.0
6587.111966168468,307599.0
6587.290971017485,312400.0
6587.469975866503,310382.0
6587.64898071552,307674.0
6587.827985564538,308080.0
6588.006990413555,310482.0
6588.185995262573,314431.0
6588.36500011159,313519.0
6588.544004960607,311653.0
6588.723009809624,308071.0
6588.902014658642,306313.0
6589.081019507659,309343.0
6589.260024356677,312969.0
6589.439029205694,311563.0
6589.618034054712,307187.0
6589.797038903729,309896.0
6589.976043752747,305241.0
6590.155048601764,306056.0
6590.334053450781,309038.0
6590.513058299798,308690.0
6590.692063148816,306441.0
6590.871067997833,309178.0
6591.0500728468505,308722.0
6591.229077695868,306927.0
6591.4080825448855,308341.0
6591.587087393903,310529.0
6591.76609224292,309637.0
6591.945097091937,307822.0
6592.1241019409545,304517.0
6592.303106789972,303825.0
6592.482111638989,305305.0
6592.661116488007,304724.0
6592.840121337024,303682.0
6593.019126186042,301366.0
6593.198131035059,301046.0
6593.377135884077,303027.0
6593.556140733094,304132.0
6593.735145582111,306544.0
6593.914150431128,305421.0
6594.093155280146,305812.0
6594.272160129163,303914.0
6594.451164978181,302905.0
6594.630169827198,299915.0
6594.809174676216,299947.0
6594.988179525233,303703.0
6595.167184374251,309092.0
6595.346189223268,307365.0
6595.525194072285,307130.0
6595.704198921302,302576.0
6595.88320377032,304894.0
6596.062208619337,303072.0
6596.2412134683545,299839.0
6596.420218317372,299873.0
6596.5992231663895,307861.0
6596.778228015407,310151.0
6596.957232864424,303794.0
6597.136237713441,299396.0
6597.3152425624585,299839.0
6597.494247411476,301863.0
6597.673252260493,304212.0
6597.852257109511,303273.0
6598.031261958528,301880.0
6598.210266807546,305326.0
6598.389271656563,307913.0
6598.568276505581,305066.0
6598.747281354598,302659.0
6598.926286203615,302685.0
6599.105291052632,301321.0
6599.28429590165,299861.0
6599.463300750667,297602.0
6599.642305599685,299408.0
6599.821310448702,306080.0
6600.00031529772,304871.0
6600.179320146737,300358.0
6600.358324995755,298429.0
6600.537329844772,299467.0
6600.716334693789,302845.0
6600.895339542806,304452.0
6601.074344391824,298941.0
6601.253349240841,298570.0
6601.432354089859,301805.0
6601.611358938876,302033.0
6601.7903637878935,299175.0
6601.969368636911,295311.0
6602.1483734859285,298446.0
6602.327378334945,296879.0
6602.5063831839625,297692.0
6602.68538803298,302686.0
6602.864392881997,302636.0
6603.043397731015,298299.0
6603.222402580032,294007.0
6603.40140742905,295588.0
6603.580412278067,297736.0
6603.759417127085,299391.0
6603.938421976102,299309.0
6604.117426825119,301453.0
6604.296431674136,299156.0
6604.475436523154,298071.0
6604.654441372171,298819.0
6604.833446221189,297556.0
6605.012451070206,298209.0
6605.191455919224,296670.0
6605.370460768241,294572.0
6605.549465617259,296711.0
6605.728470466276,294472.0
6605.907475315293,293597.0
6606.08648016431,298845.0
6606.265485013328,299126.0
6606.444489862345,296777.0
6606.623494711363,295781.0
6606.80249956038,296748.0
6606.9815044093975,296008.0
6607.160509258415,295747.0
6607.3395141074325,294845.0
6607.518518956449,294968.0
6607.6975238054665,295241.0
6607.876528654484,294655.0
6608.0555335035015,292816.0
6608.234538352519,295248.0
6608.413543201536,295703.0
6608.592548050554,297978.0
6608.771552899571,291807.0
6608.950557748589,289871.0
6609.129562597606,293594.0
6609.308567446623,293791.0
6609.48757229564,293147.0
6609.666577144658,293460.0
6609.845581993675,291450.0
6610.024586842693,290463.0
6610.20359169171,291543.0
6610.382596540728,292531.0
6610.561601389745,295096.0
6610.740606238763,292124.0
6610.91961108778,289421.0
6611.098615936797,288841.0
6611.277620785814,287019.0
6611.456625634832,289019.0
6611.635630483849,292722.0
6611.814635332867,292232.0
6611.993640181884,289031.0
6612.172645030902,284852.0
6612.351649879919,285350.0
6612.5306547289365,291195.0
6612.709659577953,289845.0
6612.8886644269705,290108.0
6613.067669275988,288316.0
6613.2466741250055,287590.0
6613.425678974023,285946.0
6613.60468382304,286102.0
6613.783688672058,286773.0
6613.962693521075,289073.0
6614.141698370093,288714.0
6614.32070321911,286923.0
6614.499708068127,284505.0
6614.678712917144,285096.0
6614.857717766162,290467.0
6615.036722615179,289657.0
6615.215727464197,289843.0
6615.394732313214,291345.0
6615.573737162232,285935.0
6615.752742011249,286140.0
6615.931746860267,289206.0
6616.110751709284,286374.0
6616.289756558301,283723.0
6616.468761407318,284503.0
6616.647766256336,285645.0
6616.826771105353,285680.0
6617.005775954371,287539.0
6617.184780803388,286304.0
6617.363785652406,285916.0
6617.542790501423,285400.0
6617.7217953504405,286463.0
6617.900800199457,287432.0
6618.079805048475,284617.0
6618.258809897492,282308.0
6618.4378147465095,280203.0
6618.616819595527,280487.0
6618.795824444544,284872.0
6618.974829293562,285687.0
6619.153834142579,282502.0
6619.332838991597,283948.0
6619.511843840614,284513.0
6619.690848689631,284225.0
6619.869853538648,282217.0
6620.048858387666,279521.0
6620.227863236683,282133.0
6620.406868085701,284842.0
6620.585872934718,282497.0
6620.764877783736,278799.0
6620.943882632753,278045.0
6621.122887481771,278855.0
6621.301892330788,280276.0
6621.480897179805,282079.0
6621.659902028822,281630.0
6621.83890687784,277989.0
6622.017911726857,276874.0
6622.196916575875,278330.0
6622.375921424892,278685.0
6622.55492627391,278568.0
6622.733931122927,278104.0
6622.9129359719445,276277.0
6623.091940820961,274614.0
6623.270945669979,276866.0
6623.449950518996,280071.0
6623.6289553680135,278560.0
6623.807960217031,276174.0
6623.9869650660485,278838.0
6624.165969915066,278617.0
6624.344974764083,276523.0
6624.523979613101,277078.0
6624.702984462118,276934.0
6624.881989311135,278314.0
6625.060994160152,278077.0
6625.23999900917,276644.0
6625.419003858187,276785.0
6625.598008707205,273280.0
6625.777013556222,271357.0
6625.95601840524,274254.0
6626.135023254257,274934.0
6626.314028103275,273109.0
6626.493032952292,275559.0
6626.672037801309,276529.0
6626.851042650326,274502.0
6627.030047499344,272090.0
6627.209052348361,273524.0
6627.388057197379,274276.0
6627.567062046396,271922.0
6627.746066895414,269980.0
6627.925071744431,272607.0
6628.104076593449,272174.0
6628.283081442465,268901.0
6628.462086291483,272644.0
6628.6410911405,271100.0
6628.8200959895175,268927.0
6628.999100838535,270414.0
6629.1781056875525,270781.0
6629.35711053657,269722.0
6629.536115385587,270576.0
6629.715120234605,273987.0
6629.894125083622,272004.0
6630.073129932639,269190.0
6630.252134781656,269014.0
6630.431139630674,266580.0
6630.610144479691,266652.0
6630.789149328709,271254.0
6630.968154177726,269519.0
6631.147159026744,266451.0
6631.326163875761,267739.0
6631.505168724779,267372.0
6631.684173573796,264967.0
6631.863178422813,264018.0
6632.04218327183,266156.0
6632.221188120848,268525.0
6632.400192969865,263749.0
6632.579197818883,261445.0
6632.7582026679,263138.0
6632.937207516918,261873.0
6633.116212365935,264585.0
6633.295217214953,265921.0
6633.474222063969,262481.0
6633.653226912987,259195.0
6633.832231762004,260598.0
6634.011236611022,262772.0
6634.190241460039,263032.0
6634.3692463090565,263513.0
6634.548251158074,260041.0
6634.7272560070915,261756.0
6634.906260856109,262851.0
6635.085265705126,260710.0
6635.264270554143,259854.0
6635.44327540316,258871.0
6635.622280252178,260770.0
6635.801285101195,261582.0
6635.980289950213,259608.0
6636.15929479923,259159.0
6636.338299648248,257796.0
6636.517304497265,257798.0
6636.696309346283,259010.0
6636.8753141953,260156.0
6637.054319044317,258693.0
6637.233323893334,256993.0
6637.412328742352,257162.0
6637.591333591369,258039.0
6637.770338440387,256557.0
6637.949343289404,257315.0
6638.128348138422,256504.0
6638.307352987439,254709.0
6638.486357836457,255760.0
6638.665362685473,257167.0
6638.844367534491,253208.0
6639.023372383508,253555.0
6639.202377232526,253577.0
6639.381382081543,254195.0
6639.5603869305605,256952.0
6639.739391779578,255894.0
6639.9183966285955,253715.0
6640.097401477613,253414.0
6640.27640632663,253973.0
6640.455411175647,256759.0
6640.6344160246645,253637.0
6640.813420873682,250010.0
6640.992425722699,250812.0
6641.171430571717,249315.0
6641.350435420734,247902.0
6641.529440269752,248115.0
6641.708445118769,248980.0
6641.887449967787,249136.0
6642.066454816804,249803.0
6642.245459665821,249671.0
6642.424464514838,246950.0
6642.603469363856,246608.0
6642.782474212873,247374.0
6642.961479061891,246218.0
6643.140483910908,247215.0
6643.319488759926,247690.0
6643.498493608943,247745.0
6643.677498457961,247882.0
6643.856503306977,248242.0
6644.035508155995,246811.0
6644.214513005012,244878.0
6644.39351785403,243229.0
6644.572522703047,243034.0
6644.7515275520645,245072.0
6644.930532401082,245812.0
6645.1095372500995,244722.0
6645.288542099117,246485.0
6645.467546948134,245210.0
6645.646551797151,241982.0
6645.8255566461685,242892.0
6646.004561495186,244957.0
6646.183566344203,242652.0
6646.362571193221,239399.0
6646.541576042238,239511.0
6646.720580891256,240455.0
6646.899585740273,242383.0
6647.078590589291,242471.0
6647.257595438308,240768.0
6647.436600287325,238399.0
6647.615605136342,236992.0
6647.79460998536,236966.0
6647.973614834377,239155.0
6648.152619683395,237425.0
6648.331624532412,235443.0
6648.51062938143,237333.0
6648.689634230447,237696.0
6648.868639079465,237211.0
6649.047643928481,237983.0
6649.226648777499,238069.0
6649.405653626516,238751.0
6649.584658475534,236038.0
6649.763663324551,235573.0
6649.942668173569,234670.0
6650.121673022586,235142.0
6650.3006778716035,236224.0
6650.479682720621,235074.0
6650.6586875696385,233102.0
6650.837692418655,237127.0
6651.0166972676725,233663.0
6651.19570211669,233621.0
6651.374706965707,233162.0
6651.553711814725,233394.0
6651.732716663742,231554.0
6651.91172151276,229427.0
6652.090726361777,230365.0
6652.269731210795,232254.0
6652.448736059812,233684.0
6652.627740908829,231050.0
6652.806745757846,229714.0
6652.985750606864,232236.0
6653.164755455881,232680.0
6653.343760304899,230726.0
6653.522765153916,230246.0
6653.701770002934,229489.0
6653.880774851951,228779.0
6654.059779700969,230683.0
6654.238784549985,228679.0
6654.417789399003,225912.0
6654.59679424802,225769.0
6654.775799097038,226558.0
6654.954803946055,225277.0
6655.133808795073,223801.0
6655.31281364409,226578.0
6655.4918184931075,224562.0
6655.670823342125,224930.0
6655.8498281911425,227737.0
6656.028833040159,225856.0
6656.2078378891765,224415.0
6656.386842738194,221370.0
6656.5658475872115,221948.0
6656.744852436229,220116.0
6656.923857285246,223646.0
6657.102862134264,221814.0
6657.281866983281,223397.0
6657.460871832299,221621.0
6657.639876681316,219623.0
6657.818881530333,219319.0
6657.99788637935,219243.0
6658.176891228368,221045.0
6658.355896077385,220960.0
6658.534900926403,220206.0
6658.71390577542,219897.0
6658.892910624438,217864.0
6659.071915473455,216656.0
6659.250920322473,216464.0
6659.429925171489,216897.0
6659.608930020507,216832.0
6659.787934869524,215526.0
6659.966939718542,213828.0
6660.145944567559,215869.0
6660.324949416577,214278.0
6660.503954265594,211025.0
6660.682959114612,210030.0
6660.861963963629,212221.0
6661.0409688126465,213938.0
6661.219973661663,212909.0
6661.3989785106805,213703.0
6661.577983359698,211155.0
6661.7569882087155,211281.0
6661.935993057733,211663.0
6662.11499790675,210305.0
6662.294002755768,210904.0
6662.473007604785,209583.0
6662.652012453803,208478.0
6662.83101730282,208359.0
6663.010022151837,208648.0
6663.189027000854,209017.0
6663.368031849872,209085.0
6663.547036698889,207757.0
6663.726041547907,207104.0
6663.905046396924,205184.0
6664.084051245942,205859.0
6664.263056094959,207052.0
6664.442060943977,204908.0
6664.621065792993,203558.0
6664.800070642011,202735.0
6664.979075491028,204745.0
6665.158080340046,205339.0
6665.337085189063,205429.0
6665.516090038081,202292.0
6665.695094887098,202883.0
6665.874099736116,202867.0
6666.053104585133,200462.0
6666.2321094341505,199942.0
6666.411114283167,202852.0
6666.590119132185,201684.0
6666.769123981202,197642.0
6666.9481288302195,198176.0
6667.127133679237,198090.0
6667.306138528254,197471.0
6667.485143377272,196819.0
6667.664148226289,197083.0
6667.843153075307,199134.0
6668.022157924324,194900.0
6668.201162773341,197164.0
6668.380167622358,193874.0
6668.559172471376,194485.0
6668.738177320393,195837.0
6668.917182169411,195283.0
6669.096187018428,192535.0
6669.275191867446,192483.0
6669.454196716463,192589.0
6669.633201565481,191939.0
6669.812206414497,188688.0
6669.991211263515,189002.0
6670.170216112532,190843.0
6670.34922096155,189528.0
6670.528225810567,186155.0
6670.707230659585,183794.0
6670.886235508602,184291.0
6671.06524035762,185763.0
6671.244245206637,185501.0
6671.4232500556545,186387.0
6671.602254904671,182928.0
6671.781259753689,179502.0
6671.960264602706,180997.0
6672.1392694517235,182757.0
6672.318274300741,182174.0
6672.4972791497585,180318.0
6672.676283998776,181268.0
6672.855288847793,180710.0
6673.034293696811,180113.0
6673.213298545828,180267.0
6673.392303394845,179529.0
6673.571308243862,179097.0
6673.75031309288,180331.0
6673.929317941897,178709.0
6674.108322790915,177042.0
6674.287327639932,179653.0
6674.46633248895,180737.0
6674.645337337967,181372.0
6674.824342186985,181823.0
6675.003347036001,180316.0
6675.182351885019,180946.0
6675.361356734036,180602.0
6675.540361583054,178303.0
6675.719366432071,179917.0
6675.898371281089,181048.0
6676.077376130106,179481.0
6676.256380979124,177481.0
6676.435385828141,177008.0
6676.614390677159,174659.0
6676.793395526175,172916.0
6676.972400375193,174769.0
6677.15140522421,174914.0
6677.3304100732275,169623.0
6677.509414922245,167860.0
6677.6884197712625,169002.0
6677.86742462028,168210.0
6678.046429469297,167358.0
6678.225434318315,168424.0
6678.404439167332,169272.0
6678.583444016349,167024.0
6678.762448865366,167918.0
6678.941453714384,168665.0
6679.120458563401,167732.0
6679.299463412419,168783.0
6679.478468261436,169137.0
6679.657473110454,169412.0
6679.836477959471,168581.0
6680.015482808489,169036.0
6680.194487657505,167827.0
6680.373492506523,167828.0
6680.55249735554,168491.0
6680.731502204558,168816.0
6680.910507053575,168103.0
6681.089511902593,166930.0
6681.26851675161,163075.0
6681.447521600628,162870.0
6681.626526449645,160959.0
6681.805531298663,162088.0
6681.984536147679,160685.0
6682.163540996697,158617.0
6682.342545845714,158524.0
6682.521550694732,157348.0
6682.700555543749,155877.0
6682.8795603927665,155953.0
6683.058565241784,155066.0
6683.2375700908015,154868.0
6683.416574939819,154256.0
6683.595579788836,153287.0
6683.774584637853,154293.0
6683.95358948687,154296.0
6684.132594335888,153655.0
6684.311599184905,154510.0
6684.490604033923,154847.0
6684.66960888294,151115.0
6684.848613731958,152287.0
6685.027618580975,154186.0
6685.206623429993,151235.0
6685.385628279009,152291.0
6685.564633128027,152939.0
6685.743637977044,150769.0
6685.922642826062,150766.0
6686.101647675079,149194.0
6686.280652524097,149539.0
6686.459657373114,149652.0
6686.638662222132,150329.0
6686.817667071149,147799.0
6686.996671920167,147908.0
6687.175676769183,148618.0
6687.354681618201,148103.0
6687.533686467218,144879.0
6687.712691316236,145678.0
6687.891696165253,148133.0
6688.0707010142705,148756.0
6688.249705863288,147342.0
6688.4287107123055,144409.0
6688.607715561323,142404.0
6688.78672041034,144512.0
6688.965725259357,143686.0
6689.1447301083745,143173.0
6689.323734957392,144745.0
6689.502739806409,143800.0
6689.681744655427,142729.0
6689.860749504444,142150.0
6690.039754353462,140886.0
6690.218759202479,140599.0
6690.397764051497,139499.0
6690.576768900513,140576.0
6690.755773749531,139513.0
6690.934778598548,136663.0
6691.113783447566,137112.0
6691.292788296583,138500.0
6691.471793145601,137252.0
6691.650797994618,135733.0
6691.829802843636,136371.0
6692.008807692653,137273.0
6692.187812541671,134089.0
6692.366817390687,135212.0
6692.545822239705,134058.0
6692.724827088722,133685.0
6692.90383193774,133408.0
6693.082836786757,132093.0
6693.2618416357745,132078.0
6693.440846484792,132837.0
6693.6198513338095,130423.0
6693.798856182827,130830.0
6693.977861031844,130904.0
6694.156865880861,129782.0
6694.3358707298785,130791.0
6694.514875578896,130756.0
6694.693880427913,129062.0
6694.872885276931,127143.0
6695.051890125948,127195.0
6695.230894974966,126422.0
6695.409899823983,127149.0
6695.588904673001,126767.0
6695.767909522017,126249.0
6695.946914371035,125564.0
6696.125919220052,124857.0
6696.30492406907,126032.0
6696.483928918087,123655.0
6696.662933767105,123096.0
6696.841938616122,122208.0
6697.02094346514,121496.0
6697.199948314157,119206.0
6697.378953163175,119775.0
6697.557958012191,121049.0
6697.736962861209,119770.0
6697.915967710226,119324.0
6698.094972559244,119494.0
6698.273977408261,118702.0
6698.452982257279,117350.0
6698.631987106296,117480.0
6698.8109919553135,116525.0
6698.989996804331,115938.0
6699.1690016533485,114948.0
6699.348006502365,116567.0
6699.5270113513825,114737.0
6699.7060162004,113478.0
6699.885021049417,112183.0
6700.064025898435,111951.0
6700.243030747452,112563.0
6700.42203559647,112114.0
6700.601040445487,112164.0
6700.780045294505,111369.0
6700.959050143521,110949.0
6701.138054992539,111040.0
6701.317059841556,110775.0
6701.496064690574,108826.0
6701.675069539591,107955.0
6701.854074388609,108838.0
6702.033079237626,108384.0
6702.212084086644,107726.0
6702.391088935661,107006.0
6702.570093784679,106849.0
6702.749098633695,107963.0
6702.928103482713,106906.0
6703.10710833173,107456.0
6703.286113180748,104271.0
6703.465118029765,104237.0
6703.644122878783,102803.0
6703.8231277278,102377.0
6704.0021325768175,104634.0
6704.181137425835,104514.0
6704.3601422748525,101069.0
6704.539147123869,101427.0
6704.7181519728865,98836.1
6704.897156821904,100131.0
6705.0761616709215,100182.0
6705.255166519939,100061.0
6705.434171368956,100160.0
6705.613176217974,99360.0
6705.792181066991,99514.0
6705.971185916009,98207.3
6706.150190765025,98012.2
6706.329195614043,96677.9
6706.50820046306,95249.0
6706.687205312078,96082.0
6706.866210161095,96026.2
6707.045215010113,95683.2
6707.22421985913,95456.9
6707.403224708148,93914.0
6707.582229557165,93789.9
6707.761234406183,94751.7
6707.940239255199,94006.4
6708.119244104217,93011.6
6708.298248953234,92723.2
6708.477253802252,91601.6
6708.656258651269,91499.5
6708.835263500287,91073.8
6709.014268349304,90588.3
6709.193273198322,91115.3
6709.372278047339,89383.8
6709.5512828963565,87666.4
6709.730287745373,87656.2
6709.9092925943905,88601.5
6710.088297443408,89729.6
6710.2673022924255,87650.1
6710.446307141443,86517.0
6710.62531199046,86569.7
6710.804316839478,86006.0
6710.983321688495,85718.4
6711.162326537513,85737.3
6711.34133138653,84345.9
6711.520336235547,83809.4
6711.699341084564,84244.8
6711.878345933582,83564.8
6712.057350782599,83296.6
6712.236355631617,83128.6
6712.415360480634,82634.2
6712.594365329652,81895.1
6712.773370178669,80701.3
6712.952375027687,80017.9
6713.131379876703,80646.5
6713.310384725721,81767.0
6713.489389574738,79283.5
6713.668394423756,79751.1
6713.847399272773,79240.2
6714.026404121791,78483.9
6714.205408970808,77293.1
6714.384413819826,77294.6
6714.563418668843,77233.2
6714.7424235178605,75870.0
6714.921428366877,76107.5
6715.100433215895,75161.3
6715.279438064912,74907.5
6715.4584429139295,74674.7
6715.637447762947,73847.0
6715.816452611964,73386.8
6715.995457460982,72163.8
6716.174462309999,71909.0
6716.353467159017,72284.9
6716.532472008034,71377.3
6716.711476857051,71723.3
6716.890481706068,71361.7
6717.069486555086,69826.2
6717.248491404103,70167.7
6717.427496253121,70591.1
6717.606501102138,69840.7
6717.785505951156,68719.0
6717.964510800173,70067.2
6718.143515649191,69336.2
6718.322520498207,68973.2
6718.501525347225,68579.5
6718.680530196242,66595.5
6718.85953504526,66225.0
6719.038539894277,65403.0
6719.217544743295,66374.5
6719.396549592312,65451.2
6719.57555444133,65089.1
6719.754559290347,64401.4
6719.9335641393645,63869.6
6720.112568988381,63038.9
6720.291573837399,63566.7
6720.470578686416,63973.7
6720.6495835354335,62195.0
6720.828588384451,62284.9
6721.0075932334685,62256.6
6721.186598082486,61411.7
6721.365602931503,62668.5
6721.544607780521,60345.1
6721.723612629538,60933.4
6721.902617478555,61434.9
6722.081622327572,59604.0
6722.26062717659,58974.2
6722.439632025607,57711.4
6722.618636874625,57119.9
6722.797641723642,57957.3
6722.97664657266,58162.7
6723.155651421677,57626.3
6723.334656270695,57435.2
6723.513661119712,57571.3
6723.692665968729,57030.8
6723.871670817746,56640.0
6724.050675666764,57003.1
6724.229680515781,55361.7
6724.408685364799,54885.1
6724.587690213816,54226.6
6724.766695062834,54338.1
6724.945699911851,54487.3
6725.124704760869,53801.1
6725.303709609885,52898.1
6725.482714458903,52920.9
6725.66171930792,51227.0
6725.8407241569375,51700.9
6726.019729005955,50454.1
6726.1987338549725,50974.9
6726.37773870399,51232.3
6726.556743553007,50205.4
6726.735748402025,50701.6
6726.914753251042,50823.4
6727.093758100059,49568.9
6727.272762949076,49797.3
6727.451767798094,49008.6
6727.630772647111,48356.9
6727.809777496129,48170.4
6727.988782345146,47444.9
6728.167787194164,46605.6
6728.346792043181,47322.0
6728.525796892199,47524.7
6728.704801741216,45790.7
6728.883806590233,45507.0
6729.06281143925,45864.1
6729.241816288268,45304.8
6729.420821137285,45971.5
6729.599825986303,45564.3
6729.77883083532,44840.3
6729.957835684338,44125.3
6730.136840533355,43399.1
6730.315845382373,43443.1
6730.494850231389,43738.0
6730.673855080407,43246.1
6730.852859929424,42153.7
6731.031864778442,41992.5
6731.210869627459,41712.3
6731.3898744764765,41888.8
6731.568879325494,40639.8
6731.7478841745115,40398.8
6731.926889023529,40338.0
6732.105893872546,40064.3
6732.284898721563,39636.8
6732.46390357058,39770.7
6732.642908419598,39421.3
6732.821913268615,39384.1
6733.000918117633,37904.2
6733.17992296665,37853.2
6733.358927815668,39150.4
6733.537932664685,38698.4
6733.716937513703,37897.8
6733.89594236272,37418.0
6734.074947211737,37327.1
6734.253952060754,37017.0
6734.432956909772,36821.2
6734.611961758789,37063.0
6734.790966607807,34542.7
6734.969971456824,34542.7
6735.148976305842,35853.1
6735.327981154859,34716.0
6735.506986003877,35121.4
6735.685990852893,35646.8
6735.864995701911,34929.4
6736.044000550928,35154.9
6736.223005399946,33594.9
6736.402010248963,31726.6
