7606.2618447527,4249.69
7606.471718695505,3060.52
7606.681592638311,1568.5
7606.891466581115,1551.75
7607.101340523921,3018.92
7607.311214466726,4243.76
7607.521088409531,4112.69
7607.730962352336,3157.89
7607.940836295142,2711.24
7608.150710237946,3933.07
7608.360584180751,6451.44
7608.570458123557,7929.17
7608.780332066362,7364.63
7608.990206009167,5122.62
7609.200079951972,2212.35
7609.409953894778,1171.48
7609.619827837582,3043.7
7609.829701780388,4631.81
7610.039575723193,4552.95
7610.249449665997,3631.08
7610.459323608803,3470.08
7610.669197551608,5954.66
7610.879071494413,9117.53
7611.088945437218,12419.3
7611.298819380024,14447.7
7611.508693322829,11897.2
7611.718567265634,8018.3
7611.928441208439,4957.24
7612.138315151245,3789.8
7612.348189094049,6295.58
7612.558063036854,7662.5
7612.76793697966,6929.39
7612.977810922464,5919.54
7613.18768486527,5826.12
7613.397558808075,9532.61
7613.60743275088,16422.7
7613.817306693685,21968.5
7614.027180636491,25321.0
7614.237054579296,25776.7
7614.4469285221,22510.7
7614.656802464906,16216.8
7614.866676407711,9920.82
7615.076550350516,7453.91
7615.286424293321,10011.3
7615.496298236127,14368.9
7615.706172178931,15855.3
7615.916046121737,13357.8
7616.125920064542,13314.6
7616.3357940073465,18614.9
7616.545667950152,27994.0
7616.755541892957,36227.7
7616.9654158357625,39175.9
7617.175289778567,40115.1
7617.385163721373,41385.2
7617.595037664178,41478.1
7617.804911606983,41609.5
7618.014785549788,41842.5
7618.224659492593,42838.2
7618.434533435398,43305.8
7618.644407378203,42488.1
7618.854281321009,41906.7
7619.0641552638135,42143.9
7619.274029206619,42888.8
7619.483903149424,41946.5
7619.6937770922295,40881.3
7619.903651035034,37160.0
7620.113524977839,33539.1
7620.323398920645,29542.7
7620.533272863449,21963.0
7620.743146806255,14269.4
7620.95302074906,11691.3
7621.162894691865,14390.6
7621.37276863467,21683.6
7621.582642577476,28903.5
7621.7925165202805,33915.9
7622.002390463085,35909.4
7622.212264405891,36616.6
7622.422138348696,33954.4
7622.632012291501,26082.3
7622.841886234306,18137.2
7623.051760177112,11159.6
7623.261634119916,7517.42
7623.471508062722,8666.22
7623.681382005527,12791.2
7623.891255948332,13572.6
7624.101129891137,10138.8
7624.311003833942,6696.75
7624.5208777767475,7017.5
7624.730751719552,12411.0
7624.940625662358,19851.2
7625.150499605163,26793.1
7625.360373547968,31898.9
7625.570247490773,34736.6
7625.780121433579,35321.8
7625.989995376383,32710.5
7626.199869319188,27987.8
7626.409743261994,21972.7
7626.6196172047985,14183.1
7626.829491147604,8237.12
7627.039365090409,6478.64
7627.2492390332145,7060.1
7627.459112976019,9099.21
7627.668986918825,8841.74
7627.87886086163,6494.13
7628.088734804434,5481.0
7628.29860874724,7820.26
7628.508482690045,13432.9
7628.71835663285,20925.0
7628.928230575655,28419.1
7629.138104518461,33157.9
7629.3479784612655,36067.2
7629.557852404071,37884.4
7629.767726346876,35528.3
7629.977600289681,31342.4
7630.187474232486,26988.6
7630.397348175291,20375.6
7630.607222118097,13314.4
7630.817096060901,7686.49
7631.026970003707,5739.52
7631.236843946512,6666.67
7631.446717889317,7918.72
7631.656591832122,7209.31
7631.866465774927,5565.15
7632.0763397177325,5670.09
7632.286213660537,9983.35
7632.496087603343,17639.1
7632.705961546148,24734.8
7632.915835488953,31747.4
7633.125709431758,36278.7
7633.335583374564,39808.4
7633.545457317368,41169.6
7633.755331260174,39876.5
7633.965205202979,37240.1
7634.1750791457835,34371.1
7634.384953088589,29747.2
7634.594827031394,21765.6
7634.8047009741995,13852.7
7635.014574917004,8352.12
7635.22444885981,6416.48
7635.434322802615,8154.81
7635.64419674542,9269.55
7635.854070688225,7648.76
7636.06394463103,6726.96
7636.273818573835,8089.03
7636.48369251664,11610.8
7636.693566459446,19025.2
7636.90344040225,27180.5
7637.113314345056,35311.5
7637.323188287861,41557.5
7637.5330622306665,46119.9
7637.742936173471,47365.1
7637.952810116276,45864.7
7638.162684059082,44612.9
7638.372558001886,43547.3
7638.582431944692,40435.7
7638.792305887497,34704.8
7639.002179830302,25523.2
7639.212053773107,16189.5
7639.421927715913,9816.34
7639.631801658717,8611.89
7639.841675601522,10603.7
7640.051549544328,11723.7
7640.261423487133,10588.9
7640.471297429938,8783.93
7640.681171372743,9724.88
7640.891045315549,16246.0
7641.100919258353,25683.0
7641.310793201159,35665.9
7641.520667143964,43024.6
7641.730541086768,48625.4
7641.940415029574,50474.1
7642.150288972379,51905.7
7642.360162915184,53875.2
7642.570036857989,52736.9
7642.779910800795,50732.9
7642.9897847436,50192.6
7643.199658686405,46862.5
7643.40953262921,38915.0
7643.619406572015,29202.1
7643.82928051482,20270.2
7644.039154457625,12963.0
7644.249028400431,11911.8
7644.458902343235,15017.1
7644.668776286041,15867.1
7644.878650228846,14862.7
7645.088524171651,13548.4
7645.298398114456,14249.7
7645.508272057262,21865.6
7645.718146000067,32775.8
7645.928019942871,43324.5
7646.137893885677,50515.3
7646.347767828482,55842.8
7646.557641771287,59875.5
7646.767515714092,60968.2
7646.977389656898,60158.2
7647.187263599702,59366.6
7647.397137542508,58929.6
7647.607011485313,58951.0
7647.8168854281175,58004.0
7648.026759370923,54180.0
7648.236633313728,46784.6
7648.446507256534,37484.2
7648.656381199338,26887.8
7648.866255142144,18608.9
7649.076129084949,17394.0
7649.286003027754,20390.6
7649.495876970559,21752.7
7649.705750913364,20110.5
7649.915624856169,17932.3
7650.125498798974,21178.2
7650.33537274178,29911.9
7650.5452466845845,41782.1
7650.75512062739,51541.2
7650.964994570195,58845.6
7651.174868513001,63741.6
7651.384742455805,65353.7
7651.59461639861,67444.8
7651.804490341416,67223.1
7652.01436428422,66917.2
7652.224238227026,69714.0
7652.434112169831,68078.9
7652.643986112636,67590.5
7652.853860055441,66957.8
7653.063733998247,63143.7
7653.2736079410515,56363.6
7653.483481883856,46223.5
7653.693355826662,35343.1
7653.903229769467,28059.9
7654.113103712272,26713.8
7654.322977655077,30502.3
7654.532851597883,31593.2
7654.742725540687,30130.6
7654.952599483493,29172.9
7655.162473426298,30062.9
7655.3723473691025,36285.0
7655.582221311908,48270.7
7655.792095254713,60177.1
7656.0019691975185,67287.1
7656.211843140323,70078.3
7656.421717083129,71999.6
7656.631591025934,73672.8
7656.841464968739,74813.8
7657.051338911544,74731.4
7657.26121285435,74915.7
7657.471086797154,76200.7
7657.680960739959,76334.5
7657.890834682765,74813.3
7658.1007086255695,73804.6
7658.310582568375,71957.7
7658.52045651118,66308.3
7658.7303304539855,58327.3
7658.94020439679,48178.9
7659.150078339596,40715.1
7659.359952282401,38738.9
7659.569826225205,40204.0
7659.779700168011,42647.0
7659.989574110816,42706.5
7660.199448053621,39627.0
7660.409321996426,39163.7
7660.619195939232,46338.2
7660.8290698820365,57268.1
7661.038943824842,65955.6
7661.248817767647,72814.2
7661.458691710452,78324.3
7661.668565653257,79622.4
7661.878439596062,79605.3
7662.088313538868,79439.6
7662.298187481672,79056.4
7662.508061424478,80355.7
7662.717935367283,82882.9
7662.927809310088,82592.4
7663.137683252893,80663.5
7663.347557195698,81518.2
7663.5574311385035,79981.7
7663.767305081308,77533.3
7663.977179024114,74854.5
7664.187052966919,69540.5
7664.396926909724,61186.9
7664.606800852529,52754.4
7664.816674795335,49998.5
7665.026548738139,51825.4
7665.236422680944,53132.3
7665.44629662375,52954.7
7665.6561705665545,51253.5
7665.86604450936,50501.6
7666.075918452165,55168.9
7666.2857923949705,63382.1
7666.495666337775,71875.3
7666.705540280581,76872.5
7666.915414223386,80483.9
7667.125288166191,83966.2
7667.335162108996,85843.4
7667.545036051801,86156.8
7667.754909994606,86028.8
7667.964783937411,85517.9
7668.174657880217,85300.4
7668.3845318230215,86497.3
7668.594405765827,88137.9
7668.804279708632,86941.5
7669.0141536514375,86747.5
7669.224027594242,87093.9
7669.433901537047,86543.7
7669.643775479853,84789.1
7669.853649422657,79064.6
7670.063523365463,71268.7
7670.273397308268,65904.9
7670.483271251073,62710.8
7670.693145193878,61588.4
7670.903019136684,63450.6
7671.1128930794885,64781.1
7671.322767022293,63611.7
7671.532640965099,60891.3
7671.742514907904,64315.2
7671.952388850709,71677.6
7672.162262793514,78463.8
7672.37213673632,85350.0
7672.582010679124,88643.0
7672.79188462193,87553.6
7673.001758564735,87360.7
7673.211632507539,88743.7
7673.421506450345,89598.8
7673.63138039315,89294.2
7673.841254335955,89987.7
7674.05112827876,88865.3
7674.261002221566,88018.5
7674.470876164371,89230.7
7674.680750107176,90618.2
7674.890624049981,90969.8
7675.100497992786,89747.8
7675.310371935591,89687.9
7675.520245878396,90051.8
7675.730119821202,87347.9
7675.939993764006,83093.3
7676.149867706812,78275.9
7676.359741649617,74199.0
7676.569615592422,73849.5
7676.779489535227,74765.6
7676.989363478033,72269.4
7677.199237420838,71928.4
7677.409111363642,71467.4
7677.618985306448,72009.3
7677.828859249253,76392.3
7678.038733192058,82749.5
7678.248607134863,87765.5
7678.458481077669,90941.2
7678.668355020473,92541.8
7678.878228963279,91601.9
7679.088102906084,90570.9
7679.2979768488885,91322.2
7679.507850791694,92327.4
7679.717724734499,91842.6
7679.927598677305,93121.1
7680.137472620109,94443.1
7680.347346562915,95557.1
7680.55722050572,95310.2
7680.767094448525,94279.4
7680.97696839133,93076.3
7681.186842334135,92469.1
7681.39671627694,92561.3
7681.606590219745,92158.0
7681.816464162551,92441.3
7682.0263381053555,89605.3
7682.236212048161,86374.8
7682.446085990966,83697.8
7682.655959933772,81885.8
7682.865833876576,83533.9
7683.075707819381,84227.4
7683.285581762187,82940.2
7683.495455704991,81446.8
7683.705329647797,80000.1
7683.915203590602,81379.7
7684.125077533407,85149.5
7684.334951476212,89118.5
7684.544825419018,93752.7
7684.7546993618225,94818.2
7684.964573304627,94151.7
7685.174447247433,94101.6
7685.384321190238,96679.9
7685.594195133043,96893.8
7685.804069075848,95786.6
7686.013943018654,96461.3
7686.223816961458,96967.5
7686.433690904264,97171.6
7686.643564847069,96678.4
7686.853438789874,96301.6
7687.063312732679,96723.7
7687.273186675484,95000.1
7687.4830606182895,92623.8
7687.692934561094,94756.7
7687.9028085039,97037.1
7688.112682446705,94956.2
7688.32255638951,94657.2
7688.532430332315,93977.0
7688.742304275121,93402.4
7688.952178217925,90318.1
7689.16205216073,87363.5
7689.371926103536,87144.6
7689.5818000463405,87597.0
7689.791673989146,88349.0
7690.001547931951,88846.6
7690.2114218747565,88282.2
7690.421295817561,89032.7
7690.631169760367,92059.0
7690.841043703172,94807.2
7691.050917645976,95742.1
7691.260791588782,96134.7
7691.470665531587,97284.8
7691.680539474392,98270.1
7691.890413417197,98031.3
7692.100287360003,99385.9
7692.3101613028075,97444.6
7692.520035245613,95105.4
7692.729909188418,95330.3
7692.939783131223,96476.9
7693.149657074028,98486.4
7693.359531016833,98945.8
7693.569404959639,97376.8
7693.779278902443,96369.0
7693.989152845249,96073.8
7694.199026788054,97550.5
7694.408900730859,98170.7
7694.618774673664,97994.0
7694.828648616469,98042.6
7695.0385225592745,99029.6
7695.248396502079,97211.8
7695.458270444885,94565.0
7695.66814438769,94185.8
7695.878018330495,94012.5
7696.0878922733,92622.6
7696.297766216106,93321.3
7696.50764015891,95425.0
7696.717514101715,95861.9
7696.927388044521,95025.3
7697.1372619873255,94475.6
7697.347135930131,95598.4
7697.557009872936,98051.1
7697.7668838157415,98637.2
7697.976757758546,96927.7
7698.186631701352,98044.7
7698.396505644157,100190.0
7698.606379586961,100640.0
7698.816253529767,100615.0
7699.026127472572,99513.0
7699.236001415377,100758.0
7699.445875358182,100201.0
7699.655749300988,100277.0
7699.8656232437925,100180.0
7700.075497186598,99411.1
7700.285371129403,98736.1
7700.4952450722085,98139.5
7700.705119015013,98558.5
7700.914992957818,99129.0
7701.124866900624,99718.3
7701.334740843428,101256.0
7701.544614786234,102964.0
7701.754488729039,101050.0
7701.964362671844,98306.8
7702.174236614649,98347.2
7702.384110557455,98191.8
7702.5939845002595,98784.4
7702.803858443064,97174.2
7703.01373238587,96658.6
7703.223606328675,96854.2
7703.43348027148,97631.9
7703.643354214285,96773.3
7703.853228157091,96736.5
7704.063102099895,97631.8
7704.272976042701,97809.2
7704.482849985506,98719.8
7704.69272392831,100332.0
7704.902597871116,101179.0
7705.112471813921,99294.3
7705.3223457567265,98939.6
7705.532219699531,100237.0
7705.742093642337,100973.0
7705.951967585142,99457.1
7706.161841527947,100826.0
7706.371715470752,102417.0
7706.581589413557,101379.0
7706.791463356362,99986.9
7707.001337299167,100762.0
7707.211211241973,100930.0
7707.421085184777,99833.0
7707.630959127583,99327.0
7707.840833070388,98899.8
7708.0507070131935,99814.0
7708.260580955998,101483.0
7708.470454898803,101353.0
7708.680328841609,101246.0
7708.890202784413,102122.0
7709.100076727219,102435.0
7709.309950670024,101621.0
7709.519824612829,98709.7
7709.729698555634,98133.3
7709.93957249844,99438.4
7710.149446441244,100017.0
7710.35932038405,101286.0
7710.569194326855,101545.0
7710.77906826966,99349.4
7710.988942212465,99505.4
7711.19881615527,101571.0
7711.408690098076,100174.0
7711.61856404088,101354.0
7711.828437983686,101446.0
7712.038311926491,101867.0
7712.248185869296,101324.0
7712.458059812101,99970.0
7712.667933754906,100935.0
7712.877807697711,102085.0
7713.087681640516,102489.0
7713.297555583322,101573.0
7713.5074295261265,100602.0
7713.717303468932,100101.0
7713.927177411737,100428.0
7714.137051354543,101053.0
7714.346925297347,100405.0
7714.556799240152,102585.0
7714.766673182958,102470.0
7714.976547125762,101625.0
7715.186421068568,102153.0
7715.396295011373,102690.0
7715.606168954178,103282.0
7715.816042896983,103196.0
7716.025916839789,100352.0
7716.2357907825935,100320.0
7716.445664725398,101872.0
7716.655538668204,101934.0
7716.865412611009,99163.2
7717.075286553814,98636.2
7717.285160496619,100546.0
7717.495034439425,101479.0
7717.704908382229,100874.0
7717.914782325035,98594.3
7718.12465626784,97339.9
7718.3345302106445,97644.5
7718.54440415345,100881.0
7718.754278096255,102660.0
7718.9641520390605,100066.0
7719.174025981865,98882.5
7719.383899924671,98863.7
7719.593773867476,99344.4
7719.803647810281,99053.9
7720.013521753086,98828.5
7720.223395695892,96591.6
7720.433269638696,96443.9
7720.643143581501,98173.3
7720.853017524307,100471.0
7721.0628914671115,100335.0
7721.272765409917,100328.0
7721.482639352722,100458.0
7721.6925132955275,99090.9
7721.902387238332,99513.2
7722.112261181138,100105.0
7722.322135123943,99198.4
7722.532009066747,99334.3
7722.741883009553,100268.0
7722.951756952358,100538.0
7723.161630895163,101175.0
7723.371504837968,100298.0
7723.581378780774,99153.2
7723.7912527235785,99792.0
7724.001126666384,97441.7
7724.211000609189,98002.8
7724.420874551994,98219.5
7724.630748494799,98502.4
7724.840622437604,98833.4
7725.05049638041,99996.8
7725.260370323214,100033.0
7725.47024426602,100909.0
7725.680118208825,100958.0
7725.88999215163,100899.0
7726.099866094435,99515.3
7726.30974003724,96390.9
7726.5196139800455,96598.8
7726.72948792285,96591.4
7726.939361865656,98353.8
7727.149235808461,98960.4
7727.359109751266,98991.8
7727.568983694071,100570.0
7727.778857636877,103039.0
7727.988731579681,100980.0
7728.198605522486,98265.3
7728.408479465292,98981.4
7728.6183534080965,99672.8
7728.828227350902,101149.0
7729.038101293707,101060.0
7729.2479752365125,98854.6
7729.457849179317,99228.9
7729.667723122123,99419.0
7729.877597064928,97364.0
7730.087471007732,97096.6
7730.297344950538,97622.4
7730.507218893343,94617.0
7730.717092836148,95303.8
7730.926966778953,97674.7
7731.136840721759,99328.5
7731.3467146645635,100094.0
7731.556588607369,99207.7
7731.766462550174,97197.4
7731.9763364929795,98582.8
7732.186210435784,99025.8
7732.396084378589,100830.0
7732.605958321395,101835.0
7732.815832264199,98707.1
7733.025706207005,96506.5
7733.23558014981,98200.4
7733.445454092615,98870.7
7733.65532803542,98677.6
7733.865201978226,96655.6
7734.0750759210305,95951.0
7734.284949863835,96715.2
7734.494823806641,96774.0
7734.704697749446,95986.1
7734.914571692251,97303.5
7735.124445635056,97801.4
7735.334319577862,99317.3
7735.544193520666,99140.8
7735.754067463472,97638.3
7735.963941406277,98564.4
7736.173815349081,98688.5
7736.383689291887,97111.2
7736.593563234692,95105.9
7736.8034371774975,96480.6
7737.013311120302,98697.2
7737.223185063108,96365.9
7737.433059005913,95482.1
7737.642932948718,96640.6
7737.852806891523,95805.6
7738.062680834328,95203.7
7738.272554777133,96267.8
7738.482428719938,96269.7
7738.692302662744,95632.1
7738.902176605548,95563.8
7739.112050548354,96495.7
7739.321924491159,95473.9
7739.5317984339645,96151.8
7739.741672376769,96312.1
7739.951546319574,95972.8
7740.16142026238,97535.7
7740.371294205184,97349.4
7740.58116814799,94683.6
7740.791042090795,93339.1
7741.0009160336,92534.2
7741.210789976405,94206.8
7741.420663919211,95040.0
7741.630537862015,96526.6
7741.84041180482,95180.0
7742.050285747626,96732.7
7742.260159690431,96099.0
7742.470033633236,94683.4
7742.679907576041,94547.1
7742.889781518847,93336.5
7743.099655461651,93982.0
7743.309529404457,94142.2
7743.519403347262,94131.5
7743.729277290067,93980.7
7743.939151232872,94465.0
7744.149025175677,95076.8
7744.358899118482,94515.5
7744.568773061287,94976.7
7744.778647004093,94779.5
7744.988520946898,93992.2
7745.198394889703,93555.4
7745.408268832508,91742.2
7745.618142775314,92776.3
7745.828016718118,95008.6
7746.037890660923,95339.3
7746.247764603729,95667.9
7746.457638546533,94213.3
7746.667512489339,93969.7
7746.877386432144,93723.5
7747.087260374949,93269.3
7747.297134317754,92388.7
7747.50700826056,91794.3
7747.716882203365,92153.8
7747.926756146169,93459.1
7748.136630088975,94528.1
7748.34650403178,92787.3
7748.556377974585,92596.4
7748.76625191739,93914.7
7748.976125860196,93089.1
7749.185999803,92757.7
7749.395873745806,92830.8
7749.605747688611,92370.6
7749.8156216314155,93220.2
7750.025495574221,92245.2
7750.235369517026,93188.1
7750.4452434598315,93906.5
7750.655117402636,92291.6
7750.864991345442,93363.1
7751.074865288247,92629.2
7751.284739231052,91096.1
7751.494613173857,91536.3
7751.704487116662,92875.6
7751.914361059467,93954.6
7752.124235002272,93043.8
7752.334108945078,90635.8
7752.5439828878825,90853.3
7752.753856830688,91748.9
7752.963730773493,92714.5
7753.1736047162985,92557.8
7753.383478659103,91988.1
7753.593352601909,90374.9
7753.803226544714,89048.1
7754.013100487518,89862.4
7754.222974430324,90279.9
7754.432848373129,89353.8
7754.642722315934,90684.2
7754.852596258739,91865.6
7755.062470201545,90541.1
7755.2723441443495,91962.8
7755.482218087155,93252.6
7755.69209202996,91159.9
7755.901965972765,90297.9
7756.11183991557,89400.9
7756.321713858375,87645.4
7756.531587801181,88261.8
7756.741461743985,87620.8
7756.951335686791,89346.0
7757.161209629596,90926.4
7757.371083572401,89514.6
7757.580957515206,90409.6
7757.790831458011,90765.9
7758.0007054008165,89152.7
7758.210579343621,88123.6
7758.420453286427,89542.9
7758.630327229232,90805.5
7758.840201172037,89269.9
7759.050075114842,86994.5
7759.259949057648,87268.8
7759.469823000452,88816.7
7759.679696943257,89246.3
7759.889570886063,89815.0
7760.0994448288675,90652.9
7760.309318771673,88870.9
7760.519192714478,89164.5
7760.7290666572835,89013.7
7760.938940600088,89206.2
7761.148814542894,88627.2
7761.358688485699,87762.0
7761.568562428503,87949.2
7761.778436371309,87850.4
7761.988310314114,86824.0
7762.198184256919,86586.1
7762.408058199724,88763.8
7762.61793214253,89687.9
7762.8278060853345,88058.6
7763.03768002814,87709.0
7763.247553970945,87365.1
7763.4574279137505,88923.3
7763.667301856555,86525.7
7763.87717579936,86559.8
7764.087049742166,85012.1
7764.29692368497,85992.8
7764.506797627776,88086.7
7764.716671570581,87115.2
7764.926545513386,88348.7
7765.136419456191,87529.0
7765.346293398997,85761.4
7765.5561673418015,86462.9
7765.766041284606,87096.9
7765.975915227412,86104.0
7766.185789170217,85126.3
7766.395663113022,85915.6
7766.605537055827,85953.7
7766.815410998633,85530.8
7767.025284941437,84672.0
7767.235158884243,85647.9
7767.445032827048,87564.6
7767.6549067698525,86887.1
7767.864780712658,85915.0
7768.074654655463,86156.1
7768.2845285982685,85641.8
7768.494402541073,87221.0
7768.704276483879,88765.7
7768.914150426684,86980.1
7769.124024369489,84709.0
7769.333898312294,84053.5
7769.543772255099,83670.8
7769.753646197904,84176.2
7769.963520140709,85689.3
7770.173394083515,86536.1
7770.3832680263195,86131.5
7770.593141969125,83586.1
7770.80301591193,81855.4
7771.0128898547355,82104.4
7771.22276379754,82172.8
7771.432637740345,82554.6
7771.642511683151,82596.4
7771.852385625955,83254.8
7772.062259568761,84018.4
7772.272133511566,83529.2
7772.482007454371,82240.7
7772.691881397176,81538.5
7772.901755339982,81188.4
7773.111629282786,80445.8
7773.321503225592,81604.4
7773.531377168397,82090.9
7773.741251111202,81393.3
7773.951125054007,81658.4
7774.160998996812,82340.0
7774.370872939618,82254.6
7774.580746882422,81995.6
7774.790620825228,81456.4
7775.000494768033,79760.3
7775.210368710837,79428.6
7775.420242653643,79160.6
7775.630116596448,79942.5
7775.839990539253,81441.0
7776.049864482058,81218.3
7776.259738424864,81258.4
7776.469612367669,82580.4
7776.679486310474,80977.8
7776.889360253279,78207.8
7777.099234196085,79155.4
7777.309108138889,81396.1
7777.518982081694,80307.4
7777.7288560245,79933.1
7777.938729967304,82525.7
7778.14860391011,84936.3
7778.358477852915,83133.7
7778.56835179572,82112.3
7778.778225738525,81310.7
7778.988099681331,80594.0
7779.197973624136,79945.6
7779.40784756694,78546.5
7779.617721509746,78579.4
7779.827595452551,78634.4
7780.037469395356,77681.8
7780.247343338161,78703.5
7780.457217280967,79644.0
7780.667091223771,78481.5
7780.876965166577,77930.0
7781.086839109382,79960.6
7781.2967130521865,80428.5
7781.506586994992,79413.2
7781.716460937797,79598.8
7781.926334880603,78985.7
7782.136208823407,77779.3
7782.346082766213,78837.4
7782.555956709018,78969.6
7782.765830651823,78758.5
7782.975704594628,77421.3
7783.185578537433,76423.3
7783.395452480238,76192.6
7783.605326423043,77137.9
7783.815200365849,77315.1
7784.0250743086535,76857.0
7784.234948251459,76985.7
7784.444822194264,76570.1
7784.65469613707,76670.2
7784.864570079874,76836.4
7785.074444022679,77063.5
7785.284317965485,76549.4
7785.494191908289,76654.4
7785.704065851095,77693.9
7785.9139397939,77545.8
7786.123813736705,75718.9
7786.33368767951,74397.6
7786.543561622316,75702.1
7786.7534355651205,77131.1
7786.963309507926,75813.3
7787.173183450731,74527.2
7787.383057393536,72266.3
7787.592931336341,72484.1
7787.802805279146,73045.6
7788.012679221952,74629.2
7788.222553164756,74449.7
7788.432427107562,74575.9
7788.642301050367,74718.5
7788.852174993172,73194.3
7789.062048935977,73443.2
7789.271922878782,72733.5
7789.4817968215875,73608.9
7789.691670764392,74231.9
7789.901544707198,72921.7
7790.111418650003,72055.9
7790.321292592808,73753.4
7790.531166535613,72559.2
7790.741040478419,73858.1
7790.950914421223,73892.1
7791.160788364028,72990.5
7791.370662306834,73718.2
7791.5805362496385,73958.4
7791.790410192444,73078.5
7792.000284135249,73642.6
7792.2101580780545,73710.6
7792.420032020859,71938.5
7792.629905963665,71316.0
7792.83977990647,71629.0
7793.049653849274,72548.9
7793.25952779208,71902.1
7793.469401734885,71675.6
7793.67927567769,72792.0
7793.889149620495,75035.4
7794.099023563301,72442.0
7794.3088975061055,70393.7
7794.518771448911,70217.6
7794.728645391716,71142.2
7794.938519334521,70682.4
7795.148393277326,70493.8
7795.358267220131,71978.2
7795.568141162937,72750.6
7795.778015105741,70816.8
7795.987889048547,69685.6
7796.197762991352,70450.2
7796.407636934157,70508.7
7796.617510876962,70213.3
7796.827384819768,69838.9
7797.0372587625725,69426.9
7797.247132705377,69858.9
7797.457006648183,71272.0
7797.666880590988,70950.2
7797.876754533793,70111.8
7798.086628476598,70073.4
7798.296502419404,69922.4
7798.506376362208,69057.3
7798.716250305014,68318.9
7798.926124247819,66919.7
7799.1359981906235,68215.0
7799.345872133429,69384.6
7799.555746076234,69018.3
7799.7656200190395,68685.0
7799.975493961844,67895.9
7800.18536790465,66358.0
7800.395241847455,68030.1
7800.60511579026,68384.2
7800.814989733065,67564.6
7801.02486367587,68178.5
7801.234737618675,69221.8
7801.44461156148,67321.4
7801.654485504286,65413.4
7801.8643594470905,65883.5
7802.074233389896,66232.1
7802.284107332701,66497.7
7802.4939812755065,66929.9
7802.703855218311,66735.8
7802.913729161116,65827.0
7803.123603103922,66820.1
7803.333477046726,66936.3
7803.543350989532,66425.0
7803.753224932337,65727.6
7803.963098875142,65006.5
7804.172972817947,66147.2
7804.382846760753,65893.3
7804.5927207035575,65452.1
7804.802594646362,67165.0
7805.012468589168,66040.0
7805.222342531973,65383.5
7805.432216474778,65098.1
7805.642090417583,65052.4
7805.851964360389,64271.0
7806.061838303193,64333.2
7806.271712245999,65739.5
7806.481586188804,65429.7
7806.691460131609,63801.2
7806.901334074414,64599.0
7807.111208017219,64752.5
7807.3210819600245,63714.5
7807.530955902829,63224.9
7807.740829845635,63441.5
7807.95070378844,62906.7
7808.160577731245,62314.9
7808.37045167405,64197.8
7808.580325616856,64802.6
7808.79019955966,61995.6
7809.000073502465,63717.9
7809.209947445271,62691.5
7809.419821388075,62335.9
7809.629695330881,61221.2
7809.839569273686,63622.2
7810.049443216491,62886.0
7810.259317159296,61478.3
7810.469191102102,62184.2
7810.679065044907,61400.7
7810.888938987711,61739.0
7811.098812930517,61012.5
7811.308686873322,60228.1
7811.518560816127,60317.3
7811.728434758932,62033.0
7811.938308701738,62993.4
7812.148182644542,61933.1
7812.358056587348,60660.0
7812.567930530153,58653.8
7812.7778044729575,59331.5
7812.987678415763,60399.7
7813.197552358568,60239.1
7813.407426301374,59051.3
7813.617300244178,60071.5
7813.827174186984,59428.9
7814.037048129789,58544.3
7814.246922072594,61444.0
7814.456796015399,60561.1
7814.666669958204,60402.2
7814.876543901009,59554.5
7815.086417843814,59041.3
7815.29629178662,59379.8
7815.5061657294245,59920.6
7815.71603967223,58216.7
7815.925913615035,58484.0
7816.135787557841,59267.0
7816.345661500645,58693.1
7816.555535443451,57925.6
7816.765409386256,57186.5
7816.97528332906,59055.0
7817.185157271866,57882.0
7817.395031214671,58547.2
7817.604905157476,58569.1
7817.814779100281,58012.4
7818.024653043087,56469.9
7818.2345269858915,57320.8
7818.444400928696,56517.3
7818.654274871502,57137.2
7818.864148814307,57085.9
7819.074022757112,56214.2
7819.283896699917,55734.5
7819.493770642723,55950.3
7819.703644585527,56893.0
7819.913518528333,56814.1
7820.123392471138,56801.5
7820.333266413943,55830.3
7820.543140356748,57036.6
7820.753014299553,56698.4
7820.9628882423585,54989.5
7821.172762185163,53925.9
7821.382636127969,55090.6
7821.592510070774,56578.9
7821.802384013579,55640.0
7822.012257956384,54744.3
7822.22213189919,54016.7
7822.432005841994,53376.6
7822.641879784799,53513.2
7822.851753727605,54504.9
7823.0616276704095,55112.5
7823.271501613215,55390.3
7823.48137555602,55708.6
7823.6912494988255,54722.9
7823.90112344163,54709.4
7824.110997384436,53182.1
7824.320871327241,52731.2
7824.530745270045,53352.8
7824.740619212851,54010.4
7824.950493155656,53454.7
7825.160367098461,54215.0
7825.370241041266,54174.5
7825.580114984072,53969.9
7825.7899889268765,51954.0
7825.999862869682,51141.4
7826.209736812487,52034.0
7826.419610755292,51909.9
7826.629484698097,52486.8
7826.839358640902,51891.2
7827.049232583708,52239.5
7827.259106526512,51966.3
7827.468980469318,51211.4
7827.678854412123,51687.4
7827.888728354928,50742.6
7828.098602297733,51206.7
7828.308476240538,51122.1
7828.5183501833435,49505.1
7828.728224126148,49682.7
7828.938098068954,51767.3
7829.147972011759,51249.5
7829.357845954564,49833.4
7829.567719897369,51061.7
7829.777593840175,48876.9
7829.987467782979,50912.8
7830.197341725785,50614.1
7830.40721566859,50129.8
7830.6170896113945,48812.6
7830.8269635542,49049.5
7831.036837497005,49402.0
7831.2467114398105,49192.7
7831.456585382615,49828.1
7831.666459325421,49376.5
7831.876333268226,48723.9
7832.086207211031,48962.0
7832.296081153836,49705.6
7832.505955096641,47991.3
7832.715829039446,48095.1
7832.925702982251,48179.6
7833.135576925057,47594.9
7833.3454508678615,48345.2
7833.555324810667,48595.0
7833.765198753472,47780.7
7833.9750726962775,47334.7
7834.184946639082,47616.5
7834.394820581887,48075.8
7834.604694524693,47032.7
7834.814568467497,47666.9
7835.024442410303,47352.7
7835.234316353108,47171.9
7835.444190295913,47135.0
7835.654064238718,46920.2
7835.863938181524,46546.1
7836.0738121243285,46682.6
7836.283686067133,47315.3
7836.493560009939,46693.8
7836.703433952744,45141.7
7836.913307895549,45526.9
7837.123181838354,46261.3
7837.33305578116,46628.2
7837.542929723964,46458.0
7837.75280366677,47235.4
7837.962677609575,44606.1
7838.172551552379,45259.2
7838.382425495185,45105.7
7838.59229943799,45157.2
7838.8021733807955,45456.6
7839.0120473236,46277.2
7839.221921266406,45802.0
7839.431795209211,44945.9
7839.641669152016,45115.0
7839.851543094821,43276.7
7840.061417037627,42614.6
7840.271290980431,42458.9
7840.481164923236,42772.5
7840.691038866042,44636.5
7840.900912808846,44259.4
7841.110786751652,43634.2
7841.320660694457,43866.9
7841.5305346372625,43479.9
7841.740408580067,43410.4
7841.950282522873,42896.1
7842.160156465678,41807.6
7842.370030408482,42106.7
7842.579904351288,43599.0
7842.789778294093,41896.0
7842.999652236898,41817.1
7843.209526179703,41057.7
7843.419400122509,42752.3
7843.629274065313,41701.5
7843.839148008119,41917.9
7844.049021950924,42123.2
7844.258895893729,40987.5
7844.468769836534,40963.4
7844.678643779339,41162.2
7844.888517722145,40878.1
7845.098391664949,40872.8
7845.308265607755,40762.7
7845.51813955056,41180.1
7845.728013493365,39655.8
7845.93788743617,39334.4
7846.147761378975,38987.4
7846.35763532178,38610.1
7846.567509264585,38244.1
7846.777383207391,39691.5
7846.987257150196,40330.4
7847.197131093001,39219.1
7847.407005035806,39077.4
7847.616878978612,40236.1
7847.826752921416,39967.7
7848.036626864221,38920.1
7848.246500807027,37367.4
7848.456374749831,37778.7
7848.666248692637,37227.2
7848.876122635442,38262.9
7849.085996578247,38243.7
7849.295870521052,37378.1
7849.505744463858,37520.2
7849.7156184066625,37123.0
7849.925492349468,37878.0
7850.135366292273,38161.0
7850.345240235078,37631.0
7850.555114177883,36712.3
7850.764988120688,37297.7
7850.974862063494,37109.9
7851.184736006298,36561.5
7851.394609949104,36848.6
7851.604483891909,36747.9
7851.8143578347135,36443.1
7852.024231777519,35815.6
7852.234105720324,35973.6
7852.4439796631295,35457.3
7852.653853605934,36093.9
7852.86372754874,36189.9
7853.073601491545,36056.7
7853.28347543435,36139.4
7853.493349377155,36010.9
7853.703223319961,35754.3
7853.913097262765,36024.4
7854.12297120557,35359.7
7854.332845148376,34686.8
7854.5427190911805,33880.3
7854.752593033986,34354.3
7854.962466976791,33810.8
7855.1723409195965,34918.4
7855.382214862401,34310.8
7855.592088805207,34691.3
7855.801962748012,34320.9
7856.011836690816,33877.6
7856.221710633622,34217.4
7856.431584576427,34162.6
7856.641458519232,33656.9
7856.851332462037,34300.9
7857.061206404843,33531.4
7857.2710803476475,34243.0
7857.480954290453,33665.7
7857.690828233258,33260.7
7857.900702176063,31091.7
7858.110576118868,31854.1
7858.320450061673,31968.7
7858.530324004479,31877.6
7858.740197947283,31197.7
7858.950071890089,32554.3
7859.159945832894,32489.5
7859.369819775699,32328.3
7859.579693718504,32339.5
7859.78956766131,31717.9
7859.9994416041145,31728.6
7860.209315546919,30437.6
7860.419189489725,30269.9
7860.62906343253,30600.2
7860.838937375335,32063.1
7861.04881131814,31047.5
7861.258685260946,31325.9
7861.46855920375,30286.7
7861.678433146555,30315.2
7861.888307089361,29715.8
7862.0981810321655,29891.1
7862.308054974971,31626.8
7862.517928917776,31165.8
7862.7278028605815,29540.8
7862.937676803386,28730.7
7863.147550746192,29567.5
7863.357424688997,28973.7
7863.567298631802,29821.9
7863.777172574607,29746.7
7863.987046517412,29128.5
7864.196920460217,28590.3
7864.406794403022,29229.0
7864.616668345828,28017.9
7864.8265422886325,27672.7
7865.036416231438,28632.2
7865.246290174243,28017.7
7865.4561641170485,29503.9
7865.666038059853,28930.5
7865.875912002658,27026.0
7866.085785945464,26529.2
7866.295659888268,27806.5
7866.505533831074,27884.0
7866.715407773879,26893.5
7866.925281716684,27260.2
7867.135155659489,27047.9
7867.345029602295,27388.1
7867.5549035450995,27840.4
7867.764777487904,27321.6
7867.97465143071,26837.3
7868.184525373515,25487.9
7868.39439931632,26433.7
7868.604273259125,27651.0
7868.814147201931,26358.5
7869.024021144735,26220.3
7869.233895087541,26344.1
7869.443769030346,25849.3
7869.653642973151,25596.6
7869.863516915956,25301.4
7870.073390858761,25354.3
7870.2832648015665,25203.6
7870.493138744371,25279.9
7870.703012687177,26142.4
7870.912886629982,25804.2
7871.122760572787,25189.3
7871.332634515592,24380.2
7871.542508458397,24998.8
7871.752382401202,24935.7
7871.962256344007,24693.9
7872.172130286813,24790.1
7872.382004229617,25268.5
7872.591878172423,24858.0
7872.801752115228,24274.5
7873.0116260580335,24736.7
7873.221500000838,24059.2
7873.431373943644,23587.5
7873.641247886449,23310.0
7873.851121829253,22395.5
7874.060995772059,22451.4
7874.270869714864,22479.4
7874.480743657669,22822.9
7874.690617600474,22206.9
7874.90049154328,23449.9
7875.110365486084,23453.7
7875.32023942889,23723.5
7875.530113371695,23103.9
7875.7399873145,21833.2
7875.949861257305,22136.0
7876.15973520011,22218.9
7876.369609142916,21414.3
7876.57948308572,20609.3
7876.789357028526,20583.6
7876.999230971331,21854.5
7877.209104914136,21792.1
7877.418978856941,21399.5
7877.628852799746,20985.6
7877.838726742551,21314.4
7878.048600685356,21492.0
7878.258474628162,20837.5
7878.468348570967,21733.7
7878.678222513772,21342.8
7878.888096456577,21297.3
7879.097970399383,21078.3
7879.307844342187,20358.1
7879.517718284992,20471.2
7879.727592227798,20119.2
7879.937466170602,21049.5
7880.147340113408,20443.0
7880.357214056213,19630.9
7880.567087999018,19003.4
7880.776961941823,19280.0
7880.986835884629,20223.3
7881.196709827434,19065.5
7881.406583770238,19039.5
7881.616457713044,19310.7
7881.826331655849,19285.5
7882.036205598654,19728.7
7882.246079541459,18809.5
7882.455953484265,19287.0
7882.665827427069,19096.3
7882.875701369875,19547.1
7883.08557531268,19475.0
7883.295449255485,18654.9
7883.50532319829,18201.9
7883.715197141095,18372.2
7883.925071083901,17433.7
7884.134945026705,18006.0
7884.344818969511,18465.9
7884.554692912316,17406.9
7884.764566855121,17280.1
7884.974440797926,18455.4
7885.184314740731,18249.8
7885.394188683536,17701.5
7885.604062626341,17341.1
7885.813936569147,17197.7
7886.0238105119515,17135.9
7886.233684454757,16743.7
7886.443558397562,16580.1
7886.6534323403675,16291.1
7886.863306283172,15959.6
7887.073180225978,15971.6
7887.283054168783,16989.7
7887.492928111587,16347.1
7887.702802054393,15985.1
7887.912675997198,16056.5
7888.122549940003,15993.3
7888.332423882808,16635.8
7888.542297825614,16607.2
7888.7521717684185,16159.6
7888.962045711224,16384.0
7889.171919654029,15892.4
7889.381793596834,15713.9
7889.591667539639,14560.4
7889.801541482444,16112.0
7890.01141542525,16031.7
7890.221289368054,14096.7
7890.43116331086,15066.1
7890.641037253665,14503.8
7890.85091119647,14613.4
7891.060785139275,15934.3
7891.27065908208,14982.4
7891.4805330248855,14245.8
7891.69040696769,14643.0
7891.900280910496,13946.8
7892.110154853301,13834.4
7892.320028796106,13833.1
7892.529902738911,13548.2
7892.739776681717,13679.6
7892.949650624521,14037.4
7893.159524567327,14421.2
7893.369398510132,13452.5
7893.5792724529365,12785.8
7893.789146395742,12401.2
7893.999020338547,12971.9
7894.2088942813525,13078.9
7894.418768224157,12283.5
