7605.6154141572,2598.45
7605.825617741647,3003.77
7606.035821326093,3942.5
7606.246024910541,4872.1
7606.456228494988,4107.84
7606.666432079435,2884.81
7606.876635663882,2547.0
7607.086839248329,2875.06
7607.297042832776,4227.33
7607.5072464172235,5208.25
7607.71745000167,4411.19
7607.927653586117,3016.26
7608.1378571705645,3430.17
7608.348060755011,5255.13
7608.558264339458,7167.48
7608.7684679239055,7740.88
7608.978671508353,5872.68
7609.188875092799,3318.58
7609.3990786772465,2963.0
7609.609282261694,3986.7
7609.819485846141,5347.82
7610.0296894305875,5909.43
7610.239893015035,4686.45
7610.450096599482,4113.59
7610.6603001839285,5277.32
7610.870503768376,7334.18
7611.080707352823,10531.4
7611.29091093727,10988.9
7611.501114521717,11244.7
7611.711318106164,9246.92
7611.921521690611,5147.66
7612.131725275059,3603.86
7612.341928859505,5363.7
7612.552132443952,7295.07
7612.7623360284,7787.87
7612.972539612846,6611.16
7613.182743197293,5388.52
7613.392946781741,6801.58
7613.603150366188,10233.6
7613.813353950634,13979.0
7614.023557535082,16742.7
7614.233761119529,17739.6
7614.443964703975,16690.7
7614.654168288423,13748.3
7614.86437187287,9828.26
7615.074575457317,7253.39
7615.284779041764,7821.3
7615.494982626211,10549.5
7615.705186210658,12829.0
7615.9153897951055,12595.7
7616.125593379552,10899.5
7616.335796963999,11768.5
7616.5460005484465,16225.8
7616.756204132893,20248.0
7616.96640771734,23124.0
7617.1766113017875,24577.3
7617.386814886235,24996.1
7617.597018470681,25127.6
7617.8072220551285,25211.2
7618.017425639576,25403.7
7618.227629224023,25737.9
7618.4378328084695,25707.8
7618.648036392917,25562.2
7618.858239977364,26317.6
7619.06844356181,25759.8
7619.278647146258,25781.1
7619.488850730705,25406.0
7619.699054315152,24938.7
7619.909257899599,24640.4
7620.119461484046,23561.3
7620.329665068493,21543.0
7620.539868652941,18008.4
7620.750072237387,12751.4
7620.960275821834,8681.06
7621.170479406282,9268.35
7621.380682990728,14093.2
7621.590886575175,18797.8
7621.801090159623,21676.8
7622.01129374407,23381.2
7622.221497328516,23293.1
7622.431700912964,21742.6
7622.641904497411,19690.7
7622.852108081858,14662.4
7623.062311666305,9727.73
7623.272515250752,7332.65
7623.482718835199,8181.28
7623.692922419646,10478.3
7623.903126004093,11696.4
7624.11332958854,10301.2
7624.3235331729875,7010.08
7624.533736757434,6130.59
7624.743940341881,8435.56
7624.9541439263285,13045.8
7625.164347510776,17932.4
7625.374551095222,21310.4
7625.5847546796695,23311.2
7625.794958264117,24241.5
7626.005161848563,23889.3
7626.21536543301,22028.3
7626.425569017458,17785.8
7626.635772601905,12389.5
7626.845976186351,8534.34
7627.056179770799,6567.93
7627.266383355246,6957.61
7627.476586939692,8689.25
7627.68679052414,9457.22
7627.896994108587,8260.17
7628.107197693034,6391.65
7628.317401277481,6243.19
7628.527604861928,9278.8
7628.737808446375,14928.9
7628.948012030823,19511.0
7629.158215615269,22273.2
7629.368419199716,24306.0
7629.578622784164,25119.9
7629.78882636861,24831.9
7629.999029953057,23720.0
7630.209233537505,20930.2
7630.419437121952,18052.1
7630.629640706398,13141.5
7630.839844290846,7392.54
7631.050047875293,5401.4
7631.26025145974,6363.04
7631.470455044187,8142.8
7631.680658628634,8960.8
7631.890862213081,7656.57
7632.101065797528,5897.76
7632.311269381975,6609.35
7632.521472966422,11674.3
7632.731676550869,16944.1
7632.941880135316,21396.3
7633.152083719763,24571.4
7633.36228730421,26522.1
7633.572490888658,27844.4
7633.782694473104,28188.6
7633.992898057551,26872.0
7634.203101641999,25027.3
7634.413305226445,23417.0
7634.623508810892,18763.8
7634.83371239534,14333.4
7635.043915979787,8788.36
7635.254119564233,6678.45
7635.464323148681,7988.89
7635.674526733128,9341.41
7635.884730317575,9162.0
7636.094933902022,7402.27
7636.305137486469,7076.57
7636.515341070916,8587.52
7636.725544655363,13077.5
7636.93574823981,18697.8
7637.145951824257,23167.4
7637.356155408705,26880.7
7637.566358993151,29349.8
7637.776562577598,30352.2
7637.986766162046,30696.4
7638.196969746492,30221.3
7638.407173330939,29354.3
7638.617376915387,28218.8
7638.827580499834,26136.4
7639.03778408428,21404.4
7639.247987668728,15860.7
7639.458191253175,10781.8
7639.668394837622,8079.48
7639.8785984220685,8948.6
7640.088802006516,11352.2
7640.299005590963,11712.0
7640.5092091754095,8759.85
7640.719412759857,7953.0
7640.929616344304,10879.6
7641.139819928751,17210.3
7641.350023513198,22960.0
7641.560227097645,27443.5
7641.770430682092,30572.8
7641.98063426654,32088.4
7642.190837850986,33497.7
7642.401041435433,34538.8
7642.611245019881,34186.9
7642.821448604327,35141.0
7643.031652188774,34712.4
7643.241855773222,32799.6
7643.452059357669,29377.6
7643.662262942115,24488.7
7643.872466526563,18107.1
7644.08267011101,12209.8
7644.292873695457,10101.5
7644.503077279904,11690.3
7644.713280864351,13609.3
7644.923484448798,13668.0
7645.133688033245,12749.3
7645.343891617692,11094.1
7645.554095202139,13527.3
7645.764298786587,20021.0
7645.974502371033,27756.2
7646.18470595548,31977.3
7646.3949095399275,33199.2
7646.605113124375,36066.5
7646.815316708821,36920.8
7647.0255202932685,37535.1
7647.235723877716,36902.8
7647.445927462162,37448.5
7647.6561310466095,37933.0
7647.866334631057,37392.0
7648.076538215504,36480.4
7648.2867417999505,33718.8
7648.496945384398,28363.6
7648.707148968845,22409.7
7648.917352553292,17310.0
7649.127556137739,15208.0
7649.337759722186,15971.5
7649.547963306633,17694.3
7649.75816689108,18031.2
7649.968370475527,16053.8
7650.178574059974,15807.1
7650.388777644422,18553.2
7650.598981228868,24096.6
7650.809184813315,30759.4
7651.019388397763,34480.0
7651.22959198221,37298.5
7651.439795566656,39844.1
7651.649999151104,41466.1
7651.860202735551,41470.9
7652.070406319997,40588.4
7652.280609904445,39513.1
7652.490813488892,40319.4
7652.701017073339,40518.8
7652.911220657786,39295.9
7653.121424242233,39272.8
7653.33162782668,37766.2
7653.541831411127,33932.8
7653.752034995574,27954.3
7653.962238580021,22793.0
7654.1724421644685,19558.2
7654.382645748915,20069.9
7654.592849333362,22825.1
7654.8030529178095,23098.9
7655.013256502257,20982.2
7655.223460086703,20152.5
7655.4336636711505,22349.2
7655.643867255598,28143.7
7655.854070840044,35337.0
7656.0642744244915,40562.5
7656.274478008939,42649.1
7656.484681593386,42521.9
7656.6948851778325,42781.6
7656.90508876228,44521.5
7657.115292346727,44928.0
7657.325495931174,44044.9
7657.535699515621,44408.3
7657.745903100068,44889.3
7657.956106684515,44259.2
7658.166310268962,44010.5
7658.376513853409,43661.8
7658.586717437856,42005.7
7658.796921022304,39048.8
7659.00712460675,34615.3
7659.217328191197,28439.7
7659.427531775645,24776.9
7659.637735360092,25637.8
7659.847938944538,27805.1
7660.058142528986,28932.9
7660.268346113433,28244.2
7660.478549697879,25976.8
7660.688753282327,26611.2
7660.898956866774,32290.3
7661.109160451221,38163.2
7661.319364035668,42352.9
7661.529567620115,45067.9
7661.739771204562,46481.2
7661.9499747890095,46524.0
7662.160178373456,47247.3
7662.370381957903,48254.7
7662.5805855423505,47476.8
7662.790789126797,47696.3
7663.000992711244,47934.4
7663.2111962956915,48651.2
7663.421399880139,47880.3
7663.631603464585,48043.1
7663.8418070490325,48211.1
7664.05201063348,47778.1
7664.262214217927,44554.4
7664.4724178023735,39672.9
7664.682621386821,35786.2
7664.892824971268,32750.2
7665.103028555714,32061.4
7665.313232140162,33842.5
7665.523435724609,34488.9
7665.733639309056,34313.5
7665.943842893503,33014.7
7666.15404647795,33343.7
7666.364250062397,36682.2
7666.574453646844,41301.6
7666.784657231291,45888.1
7666.994860815738,48492.8
7667.205064400186,48847.2
7667.415267984632,49190.6
7667.625471569079,49781.7
7667.835675153527,49891.7
7668.045878737974,49787.6
7668.25608232242,50955.7
7668.466285906868,50629.9
7668.676489491315,51233.3
7668.886693075761,51290.3
7669.096896660209,51027.1
7669.307100244656,50335.4
7669.517303829103,50594.4
7669.72750741355,50965.4
7669.937710997997,49352.1
7670.147914582444,46862.0
7670.3581181668915,42454.6
7670.568321751338,39019.6
7670.778525335785,38611.0
7670.9887289202325,39476.8
7671.198932504679,40239.8
7671.409136089126,38889.5
7671.619339673573,38179.2
7671.829543258021,38852.5
7672.039746842467,41046.6
7672.249950426914,43937.1
7672.460154011362,47095.5
7672.670357595809,50689.9
7672.880561180255,52250.4
7673.090764764703,52475.3
7673.30096834915,52316.2
7673.511171933596,51913.7
7673.721375518044,52116.6
7673.931579102491,52764.3
7674.141782686938,53423.7
7674.351986271385,53109.0
7674.562189855832,52360.0
7674.772393440279,52877.2
7674.982597024727,53361.3
7675.192800609173,52494.7
7675.40300419362,52879.5
7675.613207778068,53942.1
7675.823411362514,51795.6
7676.033614946961,49790.1
7676.243818531409,48505.6
7676.454022115856,45140.6
7676.664225700302,43842.6
7676.87442928475,44937.9
7677.084632869197,45226.8
7677.294836453644,44671.9
7677.505040038091,43824.9
7677.715243622538,44031.6
7677.925447206985,45478.8
7678.1356507914315,47109.0
7678.345854375879,49618.8
7678.556057960326,51471.5
7678.766261544773,52213.3
7678.97646512922,53324.7
7679.186668713667,53775.0
7679.396872298114,54099.0
7679.607075882561,53774.3
7679.817279467008,53472.3
7680.027483051455,54514.5
7680.237686635903,54702.1
7680.447890220349,53342.3
7680.658093804796,53476.2
7680.868297389244,54019.6
7681.078500973691,53460.7
7681.288704558137,54604.6
7681.498908142585,55168.7
7681.709111727032,54664.4
7681.919315311478,53911.8
7682.129518895926,52798.6
7682.339722480373,51916.1
7682.54992606482,49737.3
7682.760129649267,48035.9
7682.970333233714,47955.1
7683.180536818161,48917.9
7683.390740402609,49170.5
7683.600943987055,48678.6
7683.811147571502,48629.3
7684.02135115595,49328.2
7684.231554740396,50496.7
7684.441758324843,51128.7
7684.651961909291,52976.3
7684.862165493738,55193.5
7685.072369078184,54357.7
7685.2825726626315,54741.9
7685.492776247079,54347.8
7685.702979831526,54539.5
7685.9131834159725,55435.4
7686.12338700042,54865.1
7686.333590584867,54881.3
7686.5437941693135,55130.0
7686.753997753761,54518.6
7686.964201338208,55033.4
7687.174404922655,55792.3
7687.384608507102,56143.7
7687.594812091549,56777.1
7687.805015675996,55319.1
7688.015219260444,54853.4
7688.22542284489,55731.4
7688.435626429337,55775.8
7688.645830013785,55541.9
7688.856033598231,54443.1
7689.066237182678,52760.0
7689.276440767126,52469.3
7689.486644351573,51723.5
7689.696847936019,50938.6
7689.907051520467,51216.1
7690.117255104914,50412.0
7690.327458689361,50629.9
7690.537662273808,53140.9
7690.747865858255,53483.7
7690.958069442702,54407.9
7691.168273027149,55819.1
7691.378476611596,56023.4
7691.588680196043,55768.8
7691.7988837804905,55589.5
7692.009087364937,56092.8
7692.219290949384,56467.1
7692.4294945338315,55935.6
7692.639698118279,56542.2
7692.849901702725,57016.2
7693.0601052871725,56815.1
7693.27030887162,56700.4
7693.480512456066,56633.7
7693.6907160405135,56272.9
7693.900919624961,55948.1
7694.111123209408,56876.0
7694.3213267938545,56188.1
7694.531530378302,56409.2
7694.741733962749,56439.1
7694.9519375471955,57813.7
7695.162141131643,56384.9
7695.37234471609,56261.6
7695.582548300537,55722.0
7695.792751884984,55495.6
7696.002955469431,56075.0
7696.213159053878,54659.4
7696.423362638326,54507.0
7696.633566222772,54763.2
7696.843769807219,54183.8
7697.053973391667,54727.0
7697.264176976113,54867.6
7697.47438056056,55897.1
7697.684584145008,56827.4
7697.894787729455,56136.9
7698.104991313901,57010.9
7698.315194898349,58426.0
7698.525398482796,58123.2
7698.735602067243,56992.2
7698.94580565169,56049.1
7699.156009236137,56563.8
7699.366212820584,56454.6
7699.576416405031,56073.4
7699.786619989478,56881.2
7699.996823573925,57591.4
7700.2070271583725,57911.4
7700.417230742819,57947.1
7700.627434327266,57567.5
7700.8376379117135,57476.4
7701.047841496161,57557.6
7701.258045080607,58100.2
7701.4682486650545,58435.9
7701.678452249502,57381.9
7701.888655833948,57854.1
7702.0988594183955,57558.4
7702.309063002843,58646.1
7702.51926658729,58413.2
7702.7294701717365,57085.3
7702.939673756184,57294.1
7703.149877340631,57439.7
7703.360080925078,57098.6
7703.570284509525,57780.8
7703.780488093972,57443.1
7703.990691678419,56538.7
7704.200895262866,56008.4
7704.411098847313,56532.1
7704.62130243176,58208.5
7704.831506016208,58416.5
7705.041709600654,57714.8
7705.251913185101,58065.8
7705.462116769549,58151.0
7705.672320353995,58035.0
7705.882523938442,57562.9
7706.09272752289,58215.1
7706.302931107337,57904.5
7706.513134691783,57050.5
7706.723338276231,57257.3
7706.933541860678,59064.5
7707.143745445125,59181.0
7707.353949029572,59401.2
7707.564152614019,58530.3
7707.774356198466,57947.2
7707.984559782913,59497.5
7708.19476336736,58990.9
7708.404966951807,58749.8
7708.6151705362545,58832.0
7708.825374120701,58625.8
7709.035577705148,59786.1
7709.2457812895955,59605.1
7709.455984874043,58737.3
7709.666188458489,58231.0
7709.8763920429365,58089.2
7710.086595627384,57971.2
7710.29679921183,57794.2
7710.507002796277,58359.5
7710.717206380725,59049.5
7710.927409965172,58653.2
7711.137613549618,58405.6
7711.347817134066,58490.9
7711.558020718513,58431.2
7711.76822430296,58664.1
7711.978427887407,59311.5
7712.188631471854,58084.0
7712.398835056301,57945.3
7712.609038640748,59595.4
7712.819242225195,60091.9
7713.029445809642,59469.4
7713.23964939409,59453.1
7713.449852978536,59523.1
7713.660056562983,59108.7
7713.870260147431,58944.0
7714.080463731878,58991.1
7714.290667316324,59804.6
7714.500870900772,59810.4
7714.711074485219,58481.6
7714.921278069665,60591.5
7715.131481654113,59993.7
7715.34168523856,59415.9
7715.551888823007,60128.7
7715.762092407454,59580.1
7715.972295991901,58962.3
7716.182499576348,58604.7
7716.3927031607955,58024.1
7716.602906745242,58614.2
7716.813110329689,59762.4
7717.023313914136,59573.6
7717.233517498583,59099.6
7717.44372108303,58754.8
7717.653924667477,59314.6
7717.864128251925,59995.7
7718.074331836371,58055.4
7718.284535420818,57770.9
7718.494739005266,58859.0
7718.704942589713,58698.4
7718.915146174159,58715.8
7719.125349758607,58797.9
7719.335553343054,58683.2
7719.5457569275,58083.1
7719.755960511948,58127.6
7719.966164096395,58333.9
7720.176367680842,58451.3
7720.386571265289,58038.7
7720.596774849736,58047.0
7720.806978434183,58574.6
7721.01718201863,57803.3
7721.227385603077,58035.6
7721.437589187524,58679.5
7721.647792771972,58012.4
7721.857996356418,57581.7
7722.068199940865,57555.1
7722.278403525313,57618.0
7722.48860710976,58222.5
7722.698810694206,58691.3
7722.909014278654,58283.0
7723.119217863101,57760.4
7723.329421447547,58787.4
7723.539625031995,58638.0
7723.749828616442,59106.1
7723.960032200889,59336.7
7724.1702357853355,58023.1
7724.380439369783,57236.9
7724.59064295423,57563.0
7724.800846538677,57701.2
7725.011050123124,57568.5
7725.221253707571,57339.6
7725.431457292018,57466.6
7725.641660876465,57473.8
7725.851864460912,57134.6
7726.062068045359,58428.3
7726.272271629807,58031.5
7726.482475214253,58932.2
7726.6926787987,57705.8
7726.902882383148,58008.4
7727.113085967595,58861.8
7727.323289552041,58797.2
7727.533493136489,59371.3
7727.743696720936,58599.1
7727.953900305382,58363.8
7728.16410388983,59446.8
7728.374307474277,58703.2
7728.584511058724,58367.2
7728.794714643171,58135.4
7729.004918227618,58153.3
7729.215121812065,58047.2
7729.425325396513,58034.1
7729.635528980959,57790.4
7729.845732565406,57687.2
7730.055936149854,57245.0
7730.2661397343,57893.5
7730.476343318747,58024.6
7730.6865469031945,58036.0
7730.896750487642,58005.8
7731.106954072088,58718.5
7731.3171576565355,59025.3
7731.527361240983,58845.8
7731.737564825429,58894.0
7731.9477684098765,58770.2
7732.157971994324,58120.9
7732.368175578771,57325.0
7732.5783791632175,56969.5
7732.788582747665,56532.7
7732.998786332112,57551.0
7733.208989916559,58159.8
7733.419193501006,57013.6
7733.629397085453,57562.4
7733.8396006699,57970.9
7734.049804254347,57987.0
7734.260007838794,57639.9
7734.470211423241,57288.6
7734.680415007689,56756.5
7734.890618592135,55864.8
7735.100822176582,56570.3
7735.31102576103,56858.1
7735.521229345477,57045.5
7735.731432929923,56894.9
7735.941636514371,57766.8
7736.151840098818,57443.3
7736.362043683264,56826.8
7736.572247267712,57047.7
7736.782450852159,57213.4
7736.992654436606,57595.6
7737.202858021053,56793.3
7737.4130616055,57341.9
7737.623265189947,57051.0
7737.8334687743945,56425.4
7738.043672358841,55931.2
7738.253875943288,56361.7
7738.4640795277355,56558.1
7738.674283112182,55418.8
7738.884486696629,55953.9
7739.0946902810765,56345.7
7739.304893865524,55853.9
7739.51509744997,55805.0
7739.7253010344175,56023.7
7739.935504618865,55298.8
7740.145708203312,56504.9
7740.3559117877585,57606.8
7740.566115372206,56225.9
7740.776318956653,55900.4
7740.9865225410995,56694.6
7741.196726125547,56702.1
7741.406929709994,56599.3
7741.617133294441,55147.1
7741.827336878888,54455.5
7742.037540463335,55443.0
7742.247744047782,54458.9
7742.457947632229,55037.4
7742.668151216676,56624.6
7742.878354801123,55512.4
7743.088558385571,55402.5
7743.298761970017,55989.9
7743.508965554464,56001.3
7743.719169138912,55919.6
7743.929372723359,55039.9
7744.139576307805,54206.6
7744.349779892253,54426.0
7744.5599834767,55057.7
7744.770187061147,55674.7
7744.980390645594,54910.2
7745.190594230041,53888.7
7745.400797814488,55551.3
7745.611001398935,55147.5
7745.821204983382,55330.8
7746.031408567829,55184.3
7746.2416121522765,55043.0
7746.451815736723,55283.8
7746.66201932117,54146.7
7746.8722229056175,54062.0
7747.082426490064,55027.1
7747.292630074511,55259.5
7747.5028336589585,55165.7
7747.713037243406,54092.8
7747.923240827852,53928.1
7748.1334444122995,54443.8
7748.343647996747,54851.0
7748.553851581194,55356.0
7748.7640551656405,54200.6
7748.974258750088,55425.0
7749.184462334535,54820.7
7749.394665918981,54463.6
7749.604869503429,54860.4
7749.815073087876,54331.2
7750.025276672323,54429.2
7750.23548025677,54539.7
7750.445683841217,54799.3
7750.655887425664,54597.1
7750.866091010112,53959.1
7751.076294594558,54283.5
7751.286498179005,53339.3
7751.496701763453,53834.5
7751.706905347899,54225.5
7751.917108932346,54221.1
7752.127312516794,53750.9
7752.337516101241,54561.4
7752.547719685687,53862.3
7752.757923270135,53600.1
7752.968126854582,54321.8
7753.178330439029,56221.7
7753.388534023476,55658.7
7753.598737607923,54961.9
7753.80894119237,55052.3
7754.019144776817,53983.1
7754.229348361264,53480.0
7754.439551945711,52089.3
7754.6497555301585,53485.3
7754.859959114605,54028.9
7755.070162699052,53917.3
7755.2803662834995,54061.8
7755.490569867947,53785.0
7755.700773452393,53848.8
7755.91097703684,53510.0
7756.121180621288,52595.9
7756.331384205734,52902.7
7756.541587790181,52561.9
7756.751791374629,52790.7
7756.961994959076,53533.2
7757.172198543522,53691.1
7757.38240212797,53540.1
7757.592605712417,53619.1
7757.802809296863,53373.2
7758.013012881311,53348.6
7758.223216465758,52186.8
7758.433420050205,51753.1
7758.643623634652,52355.2
7758.853827219099,53392.6
7759.064030803546,52066.0
7759.274234387994,52463.4
7759.48443797244,52316.0
7759.694641556887,53196.2
7759.904845141335,53030.6
7760.115048725782,52875.9
7760.325252310228,52689.6
7760.535455894676,52742.2
7760.745659479123,52562.0
7760.955863063569,51852.6
7761.166066648017,51511.2
7761.376270232464,52722.8
7761.586473816911,52943.9
7761.796677401358,51839.1
7762.006880985805,50487.7
7762.217084570252,50846.9
7762.4272881546985,50995.3
7762.637491739146,51946.5
7762.847695323593,51882.7
7763.05789890804,51841.9
7763.268102492487,51556.9
7763.478306076934,51861.8
7763.688509661381,51033.6
7763.898713245829,49753.1
7764.108916830275,50637.1
7764.319120414722,49213.7
7764.52932399917,50170.7
7764.739527583616,50246.6
7764.949731168063,50727.8
7765.159934752511,50840.0
7765.370138336958,50586.8
7765.580341921404,49886.9
7765.790545505852,50740.0
7766.000749090299,50558.5
7766.210952674746,50453.4
7766.421156259193,50262.0
7766.63135984364,50332.0
7766.841563428087,50202.9
7767.051767012534,50651.4
7767.261970596981,49959.6
7767.472174181428,50899.0
7767.682377765876,49855.1
7767.892581350322,48878.5
7768.102784934769,49516.6
7768.312988519217,49730.5
7768.523192103664,49695.0
7768.73339568811,49607.5
7768.943599272558,49492.0
7769.153802857005,48649.1
7769.364006441451,49594.7
7769.5742100258985,50166.7
7769.784413610346,49252.8
7769.994617194793,47329.4
7770.2048207792395,48704.4
7770.415024363687,48835.2
7770.625227948134,47926.2
7770.835431532581,46675.9
7771.045635117028,46853.9
7771.255838701475,45187.4
7771.466042285922,42682.9
7771.676245870369,40734.6
7771.886449454816,38951.7
7772.096653039263,38025.5
7772.306856623711,38940.6
7772.517060208157,41330.4
7772.727263792604,42477.2
7772.937467377052,42223.6
7773.147670961498,43785.6
7773.357874545945,43914.7
7773.568078130393,43480.2
7773.77828171484,40673.5
7773.988485299286,39718.9
7774.198688883734,39174.9
7774.408892468181,38484.3
7774.619096052628,38842.1
7774.829299637075,39293.0
7775.039503221522,39475.0
7775.249706805969,39349.2
7775.459910390416,39797.5
7775.670113974863,40778.4
7775.88031755931,41402.4
7776.0905211437575,43361.5
7776.300724728204,45439.7
7776.510928312651,45496.5
7776.7211318970985,45729.1
7776.931335481546,46871.0
7777.141539065992,47209.8
7777.3517426504395,46947.5
7777.561946234887,46083.5
7777.772149819333,46381.3
7777.9823534037805,46375.4
7778.192556988228,46660.6
7778.402760572675,47865.6
7778.6129641571215,47469.4
7778.823167741569,45573.7
7779.033371326016,46044.6
7779.243574910463,46378.4
7779.45377849491,46322.5
7779.663982079357,45384.7
7779.874185663804,45444.5
7780.084389248251,46965.0
7780.294592832698,46165.1
7780.504796417145,45731.1
7780.715000001593,45952.9
7780.925203586039,45605.2
7781.135407170486,46399.0
7781.345610754934,45420.4
7781.555814339381,44485.5
7781.766017923827,45991.0
7781.976221508275,46409.7
7782.186425092722,45618.1
7782.396628677168,45955.3
7782.606832261616,45179.1
7782.817035846063,45068.6
7783.02723943051,45956.3
7783.237443014957,45819.3
7783.447646599404,45742.7
7783.657850183851,45752.1
7783.868053768298,45228.2
7784.078257352745,45630.5
7784.288460937192,44539.1
7784.4986645216395,45271.6
7784.708868106086,45618.2
7784.919071690533,46217.7
7785.1292752749805,45895.1
7785.339478859428,44537.7
7785.549682443874,44912.5
7785.7598860283215,45018.8
7785.970089612769,45392.7
7786.180293197216,44399.4
7786.3904967816625,44112.8
7786.60070036611,45059.6
7786.810903950557,45218.3
7787.0211075350035,44884.2
7787.231311119451,44691.5
7787.441514703898,44508.4
7787.651718288345,44014.8
7787.861921872792,44409.4
7788.072125457239,43496.5
7788.282329041686,43334.8
7788.492532626133,44539.3
7788.70273621058,45417.9
7788.912939795027,43816.5
7789.123143379475,42876.2
7789.333346963921,44750.1
7789.543550548368,44709.3
7789.753754132816,43531.3
7789.963957717263,43464.9
7790.174161301709,43084.6
7790.384364886157,43914.9
7790.594568470604,44238.8
7790.80477205505,43217.1
7791.014975639498,41716.7
7791.225179223945,42649.9
7791.435382808392,43440.9
7791.645586392839,42688.3
7791.855789977286,41839.4
7792.065993561733,42256.3
7792.2761971461805,42499.7
7792.486400730627,42108.6
7792.696604315074,42014.7
7792.9068078995215,43108.5
7793.117011483968,42544.8
7793.327215068415,42945.5
7793.5374186528625,42290.0
7793.74762223731,42280.3
7793.957825821756,41976.7
7794.1680294062035,42172.4
7794.378232990651,41620.1
7794.588436575098,41952.2
7794.798640159544,42927.6
7795.008843743992,42074.2
7795.219047328439,40828.4
7795.429250912885,41454.5
7795.639454497333,41087.9
7795.84965808178,41233.8
7796.059861666227,41597.8
7796.270065250674,41165.6
7796.480268835121,41413.2
7796.690472419568,41188.4
7796.900676004016,40737.3
7797.110879588462,40783.3
7797.321083172909,41345.3
7797.531286757357,41994.2
7797.741490341803,41334.5
7797.95169392625,40872.3
7798.161897510698,40854.9
7798.372101095145,40032.3
7798.582304679591,39386.2
7798.792508264039,40531.3
7799.002711848486,40856.2
7799.212915432932,40213.6
7799.42311901738,40560.3
7799.633322601827,40260.3
7799.843526186274,39948.4
7800.053729770721,40028.4
7800.263933355168,40677.7
7800.474136939615,40296.5
7800.6843405240625,39606.3
7800.894544108509,39999.1
7801.104747692956,40478.1
7801.314951277403,39867.8
7801.52515486185,40493.3
7801.735358446297,40059.1
7801.945562030744,39577.2
7802.155765615192,38436.1
7802.365969199638,38747.9
7802.576172784085,38745.6
7802.786376368533,39705.7
7802.99657995298,39314.3
7803.206783537426,39313.1
7803.416987121874,38484.9
7803.627190706321,38160.9
7803.837394290767,39197.0
7804.047597875215,37909.0
7804.257801459662,37513.8
7804.468005044109,38596.2
7804.678208628556,38060.8
7804.888412213003,38608.1
7805.09861579745,38468.4
7805.308819381898,38551.6
7805.519022966344,38984.9
7805.729226550791,38541.4
7805.939430135239,38618.0
7806.149633719685,38614.6
7806.359837304132,36963.1
7806.57004088858,37308.3
7806.780244473027,38501.1
7806.990448057473,38799.3
7807.200651641921,38554.5
7807.410855226368,37912.7
7807.621058810815,36881.8
7807.831262395262,36298.8
7808.041465979709,37476.6
7808.251669564156,37482.1
7808.4618731486025,36911.9
7808.67207673305,36873.9
7808.882280317497,37080.4
7809.092483901944,37241.3
7809.302687486391,37478.9
7809.512891070838,36975.8
7809.723094655285,36059.5
7809.933298239732,35884.3
7810.143501824179,36953.2
7810.353705408626,36418.6
7810.563908993074,35952.6
7810.77411257752,36156.7
7810.984316161967,36464.6
7811.194519746415,36368.3
7811.404723330862,36100.4
7811.614926915308,36167.0
7811.825130499756,36716.5
7812.035334084203,35386.7
7812.24553766865,35049.2
7812.455741253097,35454.5
7812.665944837544,35175.5
7812.876148421991,35463.2
7813.086352006438,35002.7
7813.296555590885,35197.7
7813.506759175332,35135.4
7813.71696275978,35323.3
7813.927166344226,35491.9
7814.137369928673,35270.0
7814.347573513121,34816.5
7814.557777097567,34636.4
7814.767980682014,33853.6
7814.9781842664615,33510.1
7815.188387850909,34408.2
7815.398591435355,34819.6
7815.6087950198025,34202.0
7815.81899860425,34780.3
7816.029202188697,34503.8
7816.2394057731435,34578.8
7816.449609357591,34362.8
7816.659812942038,33978.2
7816.8700165264845,33862.5
7817.080220110932,34240.5
7817.290423695379,34160.3
7817.500627279826,34333.8
7817.710830864273,34217.5
7817.92103444872,34223.8
7818.131238033167,34479.4
7818.341441617615,34117.7
7818.551645202061,33819.2
7818.761848786508,32968.2
7818.972052370956,32983.5
7819.182255955402,33098.6
7819.392459539849,33148.7
7819.602663124297,34010.0
7819.812866708744,33247.2
7820.02307029319,34106.7
7820.233273877638,33815.3
7820.443477462085,33688.7
7820.653681046532,32099.3
7820.863884630979,31872.9
7821.074088215426,32092.1
7821.284291799873,31941.5
7821.49449538432,31517.3
7821.704698968767,32348.7
7821.914902553214,33065.0
7822.1251061376615,33192.2
7822.335309722108,32264.7
7822.545513306555,31422.2
7822.7557168910025,30439.7
7822.96592047545,31200.9
7823.176124059896,32190.0
7823.3863276443435,31566.0
7823.596531228791,31589.6
7823.806734813237,31921.7
7824.0169383976845,30759.1
7824.227141982132,32232.1
7824.437345566579,31962.2
7824.6475491510255,30783.7
7824.857752735473,30816.6
7825.06795631992,31318.6
7825.2781599043665,30679.8
7825.488363488814,30917.0
7825.698567073261,31194.0
7825.908770657708,31044.4
7826.118974242155,30767.4
7826.329177826602,30476.6
7826.539381411049,30292.8
7826.749584995497,29943.5
7826.959788579943,29840.1
7827.16999216439,31399.0
7827.380195748838,30986.1
7827.590399333284,29757.0
7827.800602917731,30577.4
7828.010806502179,30942.1
7828.221010086626,30080.0
7828.431213671072,29230.6
7828.64141725552,30749.1
7828.851620839967,30472.2
7829.061824424414,29507.6
7829.272028008861,29079.3
7829.482231593308,28918.9
7829.692435177755,28773.5
7829.902638762202,29458.3
7830.112842346649,28608.2
7830.323045931096,29637.1
7830.5332495155435,29678.6
7830.74345309999,29325.2
7830.953656684437,29061.0
7831.1638602688845,28724.3
7831.374063853332,28878.3
7831.584267437778,28623.4
7831.7944710222255,29253.1
7832.004674606673,28655.0
7832.214878191119,27695.8
7832.4250817755665,27243.6
7832.635285360014,28159.9
7832.845488944461,28293.2
7833.0556925289075,27961.8
7833.265896113355,28401.9
7833.476099697802,28380.3
7833.686303282249,28026.2
7833.896506866696,27650.0
7834.106710451143,26990.6
7834.31691403559,27463.0
7834.527117620037,27334.2
7834.737321204484,27695.0
7834.947524788931,26668.7
7835.157728373379,27310.1
7835.367931957825,26896.5
7835.578135542272,27421.4
7835.78833912672,27358.7
7835.998542711166,26821.5
7836.208746295613,25997.7
7836.418949880061,26688.0
7836.629153464508,26490.1
7836.839357048954,27085.8
7837.049560633402,26514.9
7837.259764217849,26887.6
7837.469967802296,26408.2
7837.680171386743,26484.8
7837.89037497119,25809.6
7838.100578555637,25595.8
7838.3107821400845,26182.6
7838.520985724531,26772.4
7838.731189308978,26137.5
7838.9413928934255,26113.8
7839.151596477872,25730.8
7839.361800062319,25819.0
7839.5720036467665,26414.1
7839.782207231214,26290.8
7839.99241081566,26132.7
7840.202614400107,25372.6
7840.412817984555,25126.9
7840.623021569001,25636.5
7840.833225153448,25561.8
7841.043428737896,25330.5
7841.253632322343,25180.7
7841.463835906789,24451.7
7841.674039491237,25123.4
7841.884243075684,24994.1
7842.094446660131,25422.6
7842.304650244578,24801.9
7842.514853829025,25083.3
7842.725057413472,24961.1
7842.935260997919,24871.7
7843.145464582366,24755.8
7843.355668166813,24351.6
7843.565871751261,24057.9
7843.776075335707,25184.3
7843.986278920154,24390.1
7844.196482504602,24191.8
7844.406686089049,23050.1
7844.616889673495,24693.4
7844.827093257943,24731.5
7845.03729684239,23641.4
7845.247500426836,23650.9
7845.457704011284,23872.8
7845.667907595731,23472.3
7845.878111180178,23465.7
7846.088314764625,22459.1
7846.298518349072,22960.7
7846.508721933519,23623.3
7846.718925517966,22661.5
7846.929129102413,23833.6
7847.13933268686,23525.0
7847.349536271307,23850.3
7847.559739855754,23257.9
7847.769943440201,23282.3
7847.980147024648,23735.7
7848.190350609096,23079.0
7848.400554193542,21987.8
7848.610757777989,22543.5
7848.820961362437,22510.0
7849.031164946884,22491.2
7849.24136853133,22556.5
7849.451572115778,23495.3
7849.661775700225,21706.3
7849.871979284671,21603.8
7850.082182869119,22244.1
7850.292386453566,22231.1
7850.502590038013,22425.4
7850.71279362246,22297.3
7850.922997206907,21695.8
7851.133200791354,21437.7
7851.343404375801,22784.2
7851.553607960248,21739.3
7851.763811544695,20984.3
7851.974015129143,21398.1
7852.184218713589,21622.3
7852.394422298036,21208.2
7852.604625882484,20622.0
7852.814829466931,22058.2
7853.025033051377,21605.1
7853.235236635825,21244.2
7853.445440220272,20047.0
7853.655643804718,20772.0
7853.8658473891655,21380.6
7854.076050973613,20740.9
7854.28625455806,20913.9
7854.4964581425065,21085.3
7854.706661726954,20027.9
7854.916865311401,20624.3
7855.127068895848,20807.4
7855.337272480295,20558.9
7855.547476064742,20492.2
7855.757679649189,20356.7
7855.967883233636,20163.6
7856.178086818083,19575.0
7856.38829040253,20704.0
7856.598493986978,20214.8
7856.808697571424,20145.4
7857.018901155871,20487.8
7857.229104740319,19970.9
7857.439308324766,19231.3
7857.649511909212,19941.1
7857.85971549366,19549.5
7858.069919078107,18689.2
7858.280122662553,18863.5
7858.490326247001,19228.3
7858.700529831448,18964.0
7858.910733415895,19470.5
7859.120937000342,19149.4
7859.331140584789,18699.7
7859.541344169236,19173.0
7859.751547753684,19228.1
7859.96175133813,20050.8
7860.171954922577,19768.0
7860.3821585070245,18727.1
7860.592362091471,17892.9
7860.802565675918,18392.5
7861.0127692603655,18672.3
7861.222972844813,18702.4
7861.433176429259,18738.7
7861.6433800137065,18703.0
7861.853583598154,19223.8
7862.0637871826,18377.7
7862.2739907670475,17638.9
7862.484194351495,17778.0
7862.694397935942,18896.2
7862.9046015203885,18627.0
7863.114805104836,17865.8
7863.325008689283,18468.7
7863.53521227373,18020.6
7863.745415858177,17257.8
7863.955619442624,17025.8
7864.165823027071,17655.9
7864.376026611519,17856.1
7864.586230195965,17492.5
7864.796433780412,17534.9
7865.00663736486,16739.1
7865.216840949306,16155.7
7865.427044533753,16096.6
7865.637248118201,17236.0
7865.847451702648,17482.1
7866.057655287094,16463.2
7866.267858871542,17442.1
7866.478062455989,16418.3
7866.688266040435,16379.9
7866.898469624883,16697.4
7867.10867320933,15833.8
7867.318876793777,16468.2
7867.529080378224,15834.8
7867.739283962671,15726.1
7867.949487547118,16109.7
7868.1596911315655,16709.8
7868.369894716012,16229.8
7868.580098300459,16884.4
7868.7903018849065,16573.0
7869.000505469353,15529.2
7869.2107090538,15534.4
7869.4209126382475,15244.6
7869.631116222695,15372.3
7869.841319807141,15332.4
7870.0515233915885,14947.7
7870.261726976036,15295.1
7870.471930560483,14604.0
7870.6821341449295,14375.7
7870.892337729377,14806.1
7871.102541313824,15065.9
7871.3127448982705,14403.1
7871.522948482718,14618.4
7871.733152067165,15495.0
7871.943355651612,14765.5
7872.153559236059,15254.3
7872.363762820506,14727.9
7872.573966404953,14950.0
7872.7841699894,14600.0
7872.994373573847,14385.5
7873.204577158294,14483.6
7873.414780742742,14527.4
7873.624984327188,14349.9
7873.835187911635,14682.8
7874.045391496083,14438.7
7874.25559508053,14049.7
7874.465798664976,12724.6
7874.676002249424,13684.3
7874.886205833871,13233.2
7875.096409418318,13863.2
7875.306613002765,14622.4
7875.516816587212,14096.7
7875.727020171659,13010.0
7875.937223756106,13066.7
7876.147427340553,13609.2
7876.357630925,13685.4
7876.5678345094475,12438.1
7876.778038093894,12456.9
7876.988241678341,13312.2
7877.1984452627885,12832.1
7877.408648847235,11958.5
7877.618852431682,12633.0
7877.8290560161295,12938.6
7878.039259600577,12856.6
7878.249463185023,12281.4
7878.4596667694705,12793.6
7878.669870353918,13485.6
7878.880073938365,12692.0
7879.090277522811,12697.6
7879.300481107259,12710.3
7879.510684691706,12171.9
7879.720888276153,12437.3
7879.9310918606,12163.5
7880.141295445047,12607.0
7880.351499029494,12732.1
7880.561702613941,11896.5
7880.771906198388,11703.9
7880.982109782835,11505.3
7881.192313367283,12010.5
7881.402516951729,12106.0
7881.612720536176,11869.2
7881.822924120624,11844.0
7882.03312770507,11565.8
7882.243331289517,11507.4
7882.453534873965,11240.3
7882.663738458412,12044.7
7882.873942042858,11126.1
7883.084145627306,11214.8
7883.294349211753,11283.3
7883.5045527962,11125.4
7883.714756380647,10956.1
7883.924959965094,10988.8
7884.135163549541,12073.8
7884.345367133988,11041.2
7884.555570718435,10368.1
7884.765774302882,10221.1
7884.9759778873295,10925.5
7885.186181471776,10716.1
7885.396385056223,10367.1
7885.60658864067,10562.7
7885.816792225118,10218.6
7886.026995809564,10413.2
7886.237199394011,9961.42
7886.447402978459,10399.3
7886.657606562905,9812.99
7886.867810147352,10054.6
7887.0780137318,10215.6
7887.288217316247,10262.2
7887.498420900693,9506.67
7887.708624485141,9905.12
7887.918828069588,9816.56
7888.129031654034,10333.2
7888.339235238482,10485.0
7888.549438822929,9888.23
7888.759642407376,9084.8
7888.969845991823,9093.72
7889.18004957627,9490.47
7889.390253160717,9751.38
7889.600456745165,8310.02
7889.810660329611,9962.58
7890.020863914058,9726.47
7890.231067498506,9747.79
7890.441271082953,9993.71
7890.651474667399,8183.02
7890.861678251847,9211.05
7891.071881836294,9006.74
7891.28208542074,9782.3
7891.492289005188,8752.83
7891.702492589635,8843.35
7891.912696174082,8441.45
7892.122899758529,8409.68
7892.333103342976,7745.72
7892.543306927423,7610.75
7892.7535105118695,8710.76
7892.963714096317,8227.23
7893.173917680764,8597.55
7893.384121265211,7972.89
7893.594324849658,8466.37
7893.804528434105,8293.74
7894.014732018552,7800.95
7894.224935603,7771.68
