6486.7979501432,177405.0
6486.977750556937,180289.0
6487.1575509706745,184996.0
6487.337351384412,189387.0
6487.51715179815,191532.0
6487.696952211887,191155.0
6487.876752625624,189888.0
6488.0565530393615,190877.0
6488.236353453099,196904.0
6488.416153866836,204309.0
6488.595954280573,202912.0
6488.77575469431,198846.0
6488.955555108048,197275.0
6489.135355521786,196499.0
6489.315155935523,198671.0
6489.49495634926,204802.0
6489.674756762997,207112.0
6489.8545571767345,210198.0
6490.034357590472,212999.0
6490.214158004209,212844.0
6490.393958417947,205322.0
6490.573758831684,192357.0
6490.7535592454215,183112.0
6490.933359659159,186925.0
6491.113160072896,203069.0
6491.292960486633,216194.0
6491.47276090037,224091.0
6491.652561314108,225564.0
6491.832361727846,225707.0
6492.012162141583,226518.0
6492.19196255532,228122.0
6492.371762969057,228905.0
6492.5515633827945,220803.0
6492.731363796532,207384.0
6492.911164210269,198692.0
6493.090964624007,203212.0
6493.270765037744,215686.0
6493.450565451481,226681.0
6493.630365865219,234215.0
6493.810166278956,238909.0
6493.989966692693,238177.0
6494.16976710643,233995.0
6494.3495675201675,232697.0
6494.529367933906,238082.0
6494.709168347643,241258.0
6494.88896876138,244675.0
6495.068769175117,247044.0
6495.2485695888545,245551.0
6495.428370002592,242803.0
6495.608170416329,226984.0
6495.787970830066,215523.0
6495.967771243804,218593.0
6496.147571657541,235269.0
6496.327372071279,253516.0
6496.507172485016,260270.0
6496.686972898753,259607.0
6496.86677331249,261721.0
6497.0465737262275,260505.0
6497.226374139966,255475.0
6497.406174553703,250141.0
6497.58597496744,247822.0
6497.765775381177,253835.0
6497.9455757949145,263351.0
6498.125376208652,268200.0
6498.305176622389,271008.0
6498.484977036126,276708.0
6498.664777449864,279814.0
6498.844577863601,280338.0
6499.024378277339,278909.0
6499.204178691076,280960.0
6499.383979104813,284946.0
6499.56377951855,283304.0
6499.7435799322875,280743.0
6499.923380346025,284945.0
6500.103180759763,287814.0
6500.2829811735,290887.0
6500.462781587237,290043.0
6500.6425820009745,288625.0
6500.822382414712,290985.0
6501.002182828449,293776.0
6501.181983242186,294235.0
6501.361783655924,292599.0
6501.541584069661,290840.0
6501.721384483399,295508.0
6501.901184897136,300470.0
6502.080985310873,300000.0
6502.26078572461,300291.0
6502.4405861383475,299424.0
6502.620386552085,298612.0
6502.800186965823,299713.0
6502.97998737956,301844.0
6503.159787793297,305903.0
6503.3395882070345,304493.0
6503.519388620772,305014.0
6503.699189034509,304480.0
6503.878989448246,304322.0
6504.058789861983,301722.0
6504.238590275721,301659.0
6504.418390689459,311210.0
6504.598191103196,321378.0
6504.777991516933,322699.0
6504.95779193067,324462.0
6505.1375923444075,326833.0
6505.317392758145,326781.0
6505.497193171883,327873.0
6505.67699358562,329373.0
6505.856793999357,329136.0
6506.0365944130945,329913.0
6506.216394826832,333021.0
6506.396195240569,335393.0
6506.575995654306,337480.0
6506.755796068043,341462.0
6506.935596481781,342164.0
6507.115396895519,343470.0
6507.295197309256,342106.0
6507.474997722993,340992.0
6507.65479813673,342691.0
6507.8345985504675,344933.0
6508.014398964205,350242.0
6508.194199377942,344150.0
6508.37399979168,333735.0
6508.553800205417,329165.0
6508.7336006191545,333487.0
6508.913401032892,347807.0
6509.093201446629,357417.0
6509.273001860366,359536.0
6509.452802274103,363585.0
6509.632602687841,361819.0
6509.812403101579,363335.0
6509.992203515316,367919.0
6510.172003929053,367477.0
6510.35180434279,367334.0
6510.5316047565275,368138.0
6510.711405170265,369147.0
6510.891205584002,370848.0
6511.07100599774,371800.0
6511.250806411477,374223.0
6511.430606825214,378353.0
6511.610407238952,375038.0
6511.790207652689,364232.0
6511.970008066426,355849.0
6512.149808480163,356029.0
6512.3296088939005,365201.0
6512.509409307639,379136.0
6512.689209721376,390390.0
6512.869010135113,395319.0
6513.04881054885,396852.0
6513.2286109625875,393413.0
6513.408411376325,390160.0
6513.588211790062,391317.0
6513.768012203799,396402.0
6513.947812617537,398269.0
6514.127613031274,394374.0
6514.307413445012,380532.0
6514.487213858749,356668.0
6514.667014272486,342490.0
6514.846814686223,351997.0
6515.0266150999605,379777.0
6515.206415513699,405346.0
6515.386215927436,409653.0
6515.566016341173,401000.0
6515.74581675491,391796.0
6515.9256171686475,389701.0
6516.105417582385,384325.0
6516.285217996122,354249.0
6516.465018409859,317392.0
6516.644818823597,314141.0
6516.824619237334,336488.0
6517.004419651072,373302.0
6517.184220064809,394905.0
6517.364020478546,409981.0
6517.543820892283,422038.0
6517.7236213060205,420475.0
6517.903421719758,414877.0
6518.083222133496,419361.0
6518.263022547233,431049.0
6518.44282296097,440507.0
6518.6226233747075,442427.0
6518.802423788445,438343.0
6518.982224202182,433213.0
6519.162024615919,416230.0
6519.341825029657,399356.0
6519.521625443394,401049.0
6519.701425857132,422020.0
6519.881226270869,451284.0
6520.061026684606,465124.0
6520.240827098343,467640.0
6520.4206275120805,467407.0
6520.600427925818,468753.0
6520.780228339556,471905.0
6520.960028753293,476188.0
6521.13982916703,477103.0
6521.3196295807675,474512.0
6521.499429994505,475227.0
6521.679230408242,478032.0
6521.859030821979,472828.0
6522.038831235716,464827.0
6522.218631649454,465529.0
6522.398432063192,471948.0
6522.578232476929,480585.0
6522.758032890666,485282.0
6522.937833304403,482872.0
6523.1176337181405,476346.0
6523.297434131878,469193.0
6523.477234545616,456553.0
6523.657034959353,436512.0
6523.83683537309,433892.0
6524.0166357868275,449753.0
6524.196436200565,480787.0
6524.376236614302,497785.0
6524.556037028039,502481.0
6524.735837441776,503769.0
6524.915637855514,504971.0
6525.095438269252,509819.0
6525.275238682989,514208.0
6525.455039096726,511240.0
6525.634839510463,505376.0
6525.8146399242005,506943.0
6525.994440337938,509779.0
6526.174240751675,517226.0
6526.354041165413,522770.0
6526.53384157915,522226.0
6526.7136419928875,520540.0
6526.893442406625,522044.0
6527.073242820362,524005.0
6527.253043234099,524690.0
6527.432843647836,526722.0
6527.612644061574,524924.0
6527.792444475312,528899.0
6527.972244889049,535081.0
6528.152045302786,536642.0
6528.331845716523,539715.0
6528.5116461302605,541720.0
6528.691446543998,543293.0
6528.871246957735,545635.0
6529.051047371473,547072.0
6529.23084778521,551615.0
6529.4106481989475,551302.0
6529.590448612685,551749.0
6529.770249026422,554487.0
6529.950049440159,554312.0
6530.129849853896,554556.0
6530.3096502676335,550985.0
6530.489450681372,544345.0
6530.669251095109,543816.0
6530.849051508846,552979.0
6531.028851922583,562591.0
6531.2086523363205,565995.0
6531.388452750058,571416.0
6531.568253163795,568093.0
6531.748053577532,565605.0
6531.92785399127,558438.0
6532.107654405007,524489.0
6532.287454818745,505136.0
6532.467255232482,513392.0
6532.647055646219,541402.0
6532.826856059956,571344.0
6533.0066564736935,581005.0
6533.186456887432,586244.0
6533.366257301169,588998.0
6533.546057714906,580960.0
6533.725858128643,560544.0
6533.9056585423805,549888.0
6534.085458956118,547554.0
6534.265259369855,559229.0
6534.445059783592,571945.0
6534.62486019733,578729.0
6534.804660611067,578063.0
6534.984461024805,577736.0
6535.164261438542,590547.0
6535.344061852279,596871.0
6535.523862266016,600391.0
6535.7036626797535,601191.0
6535.883463093491,596471.0
6536.063263507229,597502.0
6536.243063920966,601539.0
6536.422864334703,594909.0
6536.6026647484405,586594.0
6536.782465162178,586805.0
6536.962265575915,595186.0
6537.142065989652,608095.0
6537.32186640339,616296.0
6537.501666817127,616922.0
6537.681467230865,613786.0
6537.861267644602,618720.0
6538.041068058339,619796.0
6538.220868472076,625041.0
6538.4006688858135,625183.0
6538.580469299551,624199.0
6538.760269713289,626787.0
6538.940070127026,630241.0
6539.119870540763,630201.0
6539.2996709545005,625375.0
6539.479471368238,625040.0
6539.659271781975,629629.0
6539.839072195712,635229.0
6540.018872609449,634835.0
6540.198673023187,631141.0
6540.378473436925,629845.0
6540.558273850662,631429.0
6540.738074264399,636697.0
6540.917874678136,636518.0
6541.0976750918735,636306.0
6541.277475505611,641797.0
6541.457275919349,642036.0
6541.637076333086,640149.0
6541.816876746823,635986.0
6541.9966771605605,623068.0
6542.176477574298,603911.0
6542.356277988035,599438.0
6542.536078401772,611112.0
6542.715878815509,630232.0
6542.895679229247,639351.0
6543.075479642985,640611.0
6543.255280056722,643251.0
6543.435080470459,635051.0
6543.614880884196,596206.0
6543.7946812979335,547903.0
6543.974481711671,541133.0
6544.154282125408,577165.0
6544.334082539146,629958.0
6544.513882952883,651685.0
6544.6936833666205,652981.0
6544.873483780358,650341.0
6545.053284194095,653880.0
6545.233084607832,654813.0
6545.412885021569,649802.0
6545.592685435307,641546.0
6545.772485849045,635329.0
6545.952286262782,641240.0
6546.132086676519,654311.0
6546.311887090256,662319.0
6546.4916875039935,663809.0
6546.671487917731,660823.0
6546.851288331468,658683.0
6547.031088745206,659911.0
6547.210889158943,657326.0
6547.3906895726805,636033.0
6547.570489986418,611689.0
6547.750290400155,608927.0
6547.930090813892,625646.0
6548.109891227629,639678.0
6548.2896916413665,620984.0
6548.469492055105,579658.0
6548.649292468842,570852.0
6548.829092882579,592058.0
6549.008893296316,635897.0
6549.1886937100535,651854.0
6549.368494123791,660839.0
6549.548294537528,668414.0
6549.728094951265,667262.0
6549.907895365003,662078.0
6550.08769577874,657784.0
6550.267496192478,659836.0
6550.447296606215,667304.0
6550.627097019952,669007.0
6550.806897433689,665830.0
6550.9866978474265,669966.0
6551.166498261165,671546.0
6551.346298674902,668368.0
6551.526099088639,665746.0
6551.705899502376,659129.0
6551.8856999161135,656848.0
6552.065500329851,653366.0
6552.245300743588,627487.0
6552.425101157325,583188.0
6552.604901571063,555425.0
6552.7847019848,571893.0
6552.964502398538,620981.0
6553.144302812275,655280.0
6553.324103226012,654125.0
6553.503903639749,642573.0
6553.6837040534865,621842.0
6553.863504467224,613744.0
6554.043304880962,631772.0
6554.223105294699,649150.0
6554.402905708436,653680.0
6554.5827061221735,650761.0
6554.762506535911,649668.0
6554.942306949648,653253.0
6555.122107363385,654702.0
6555.301907777123,651388.0
6555.48170819086,648707.0
6555.661508604598,653860.0
6555.841309018335,660125.0
6556.021109432072,657124.0
6556.200909845809,655295.0
6556.3807102595465,656434.0
6556.560510673284,666650.0
6556.740311087022,656742.0
6556.920111500759,630208.0
6557.099911914496,616414.0
6557.2797123282335,619234.0
6557.459512741971,646452.0
6557.639313155708,673592.0
6557.819113569445,680016.0
6557.998913983182,679306.0
6558.17871439692,681435.0
6558.358514810658,694778.0
6558.538315224395,720042.0
6558.718115638132,739376.0
6558.897916051869,763970.0
6559.0777164656065,791778.0
6559.257516879344,815590.0
6559.437317293082,845611.0
6559.617117706819,879626.0
6559.796918120556,912354.0
6559.9767185342935,943742.0
6560.156518948031,965650.0
6560.336319361768,987043.0
6560.516119775505,1.02566e+06
6560.695920189242,1.07687e+06
6560.87572060298,1.12734e+06
6561.055521016718,1.18188e+06
6561.235321430455,1.2427e+06
6561.415121844192,1.30021e+06
6561.594922257929,1.35319e+06
6561.7747226716665,1.39275e+06
6561.954523085404,1.41264e+06
6562.134323499141,1.41624e+06
6562.314123912879,1.40106e+06
6562.493924326616,1.37995e+06
6562.6737247403535,1.36678e+06
6562.853525154091,1.34582e+06
6563.033325567828,1.31321e+06
6563.213125981565,1.25844e+06
6563.392926395302,1.21712e+06
6563.5727268090395,1.20806e+06
6563.752527222778,1.19585e+06
6563.932327636515,1.16077e+06
6564.112128050252,1.14851e+06
6564.291928463989,1.2043e+06
6564.4717288777265,1.30265e+06
6564.651529291464,1.39902e+06
6564.831329705201,1.43707e+06
6565.011130118939,1.45141e+06
6565.190930532676,1.43457e+06
6565.3707309464135,1.4099e+06
6565.550531360151,1.38568e+06
6565.730331773888,1.3493e+06
6565.910132187625,1.30722e+06
6566.089932601362,1.27044e+06
6566.2697330150995,1.21935e+06
6566.449533428838,1.1574e+06
6566.629333842575,1.11043e+06
6566.809134256312,1.07524e+06
6566.988934670049,1.039e+06
6567.1687350837865,1.0001e+06
6567.348535497524,957761.0
6567.528335911261,918171.0
6567.708136324998,882728.0
6567.887936738736,861473.0
6568.0677371524735,840884.0
6568.247537566211,812836.0
6568.427337979948,785034.0
6568.607138393685,753248.0
6568.786938807422,736515.0
6568.9667392211595,728105.0
6569.146539634898,724775.0
6569.326340048635,725487.0
6569.506140462372,727805.0
6569.685940876109,726388.0
6569.8657412898465,723203.0
6570.045541703584,721078.0
6570.225342117321,717628.0
6570.405142531058,717601.0
6570.584942944796,713549.0
6570.764743358533,702106.0
6570.944543772271,700145.0
6571.124344186008,706755.0
6571.304144599745,715310.0
6571.483945013482,714530.0
6571.6637454272195,701679.0
6571.843545840957,662008.0
6572.023346254695,638137.0
6572.203146668432,647954.0
6572.382947082169,688254.0
6572.5627474959065,713552.0
6572.742547909644,722839.0
6572.922348323381,732406.0
6573.102148737118,732393.0
6573.281949150856,729628.0
6573.461749564593,732434.0
6573.641549978331,736868.0
6573.821350392068,741867.0
6574.001150805805,739696.0
6574.180951219542,739728.0
6574.3607516332795,740834.0
6574.540552047017,703889.0
6574.720352460755,651068.0
6574.900152874492,639554.0
6575.079953288229,674981.0
6575.2597537019665,735593.0
6575.439554115704,762862.0
6575.619354529441,767359.0
6575.799154943178,769353.0
6575.978955356915,769537.0
6576.158755770653,769127.0
6576.338556184391,767777.0
6576.518356598128,771726.0
6576.698157011865,778406.0
6576.877957425602,778510.0
6577.0577578393395,777613.0
6577.237558253077,781398.0
6577.417358666815,785604.0
6577.597159080552,789822.0
6577.776959494289,792466.0
6577.9567599080265,789655.0
6578.136560321764,791666.0
6578.316360735501,796548.0
6578.496161149238,800333.0
6578.675961562975,799591.0
6578.855761976713,792355.0
6579.035562390451,788456.0
6579.215362804188,793691.0
6579.395163217925,796995.0
6579.574963631662,803259.0
6579.7547640453995,803123.0
6579.934564459137,805626.0
6580.114364872874,810294.0
6580.294165286612,807918.0
6580.473965700349,788021.0
6580.6537661140865,768791.0
6580.833566527824,770393.0
6581.013366941561,790327.0
6581.193167355298,809397.0
6581.372967769035,815679.0
6581.552768182773,820818.0
6581.732568596511,820395.0
6581.912369010248,816966.0
6582.092169423985,816560.0
6582.271969837722,816114.0
6582.4517702514595,818058.0
6582.631570665197,819314.0
6582.811371078934,826697.0
6582.991171492672,825737.0
6583.170971906409,809939.0
6583.3507723201465,797582.0
6583.530572733884,796634.0
6583.710373147621,810169.0
6583.890173561358,828534.0
6584.069973975095,836538.0
6584.2497743888325,839149.0
6584.429574802571,835206.0
6584.609375216308,835308.0
6584.789175630045,834728.0
6584.968976043782,828347.0
6585.1487764575195,829050.0
6585.328576871257,831750.0
6585.508377284994,828639.0
6585.688177698731,827588.0
6585.867978112469,827505.0
6586.0477785262065,825342.0
6586.227578939944,815095.0
6586.407379353681,787618.0
6586.587179767418,769212.0
6586.766980181155,786882.0
6586.9467805948925,819491.0
6587.126581008631,839705.0
6587.306381422368,845410.0
6587.486181836105,846761.0
6587.665982249842,851893.0
6587.8457826635795,853201.0
6588.025583077317,844381.0
6588.205383491054,843739.0
6588.385183904791,842438.0
6588.564984318529,840772.0
6588.744784732266,843570.0
6588.924585146004,846513.0
6589.104385559741,847890.0
6589.284185973478,857180.0
6589.463986387215,861325.0
6589.6437868009525,856744.0
6589.82358721469,857438.0
6590.003387628428,859468.0
6590.183188042165,860889.0
6590.362988455902,863613.0
6590.5427888696395,860574.0
6590.722589283377,860608.0
6590.902389697114,867586.0
6591.082190110851,861752.0
6591.261990524589,849487.0
6591.441790938326,851611.0
6591.621591352064,859616.0
6591.801391765801,865520.0
6591.981192179538,856178.0
6592.160992593275,861723.0
6592.3407930070125,865091.0
6592.52059342075,860420.0
6592.700393834488,861432.0
6592.880194248225,864724.0
6593.059994661962,858793.0
6593.2397950756995,855233.0
6593.419595489437,858003.0
6593.599395903174,862549.0
6593.779196316911,861665.0
6593.958996730648,857861.0
6594.138797144386,848608.0
6594.318597558124,839505.0
6594.498397971861,847710.0
6594.678198385598,859084.0
6594.857998799335,865397.0
6595.0377992130725,867560.0
6595.21759962681,867886.0
6595.397400040547,867459.0
6595.577200454285,869868.0
6595.757000868022,871598.0
6595.9368012817595,861329.0
6596.116601695497,857670.0
6596.296402109234,865739.0
6596.476202522971,868921.0
6596.656002936708,865199.0
6596.835803350446,856936.0
6597.015603764184,861331.0
6597.195404177921,860746.0
6597.375204591658,860478.0
6597.555005005395,867999.0
6597.7348054191325,869000.0
6597.91460583287,871903.0
6598.094406246607,872450.0
6598.274206660345,872435.0
6598.454007074082,867358.0
6598.6338074878195,865569.0
6598.813607901557,864542.0
6598.993408315294,857557.0
6599.173208729031,838675.0
6599.353009142768,822241.0
6599.5328095565055,834703.0
6599.712609970244,855912.0
6599.892410383981,862146.0
6600.072210797718,861592.0
6600.252011211455,856011.0
6600.4318116251925,862975.0
6600.61161203893,862792.0
6600.791412452667,871117.0
6600.971212866405,877655.0
6601.151013280142,872705.0
6601.3308136938795,866703.0
6601.510614107617,867880.0
6601.690414521354,858848.0
6601.870214935091,848643.0
6602.050015348828,845036.0
6602.2298157625655,850646.0
6602.409616176304,859715.0
6602.589416590041,862606.0
6602.769217003778,863911.0
6602.949017417515,869842.0
6603.1288178312525,870957.0
6603.30861824499,870164.0
6603.488418658727,868046.0
6603.668219072464,863698.0
6603.848019486202,867887.0
6604.0278198999395,871424.0
6604.207620313677,870288.0
6604.387420727414,869235.0
6604.567221141151,867771.0
6604.747021554888,866533.0
6604.9268219686255,859930.0
6605.106622382364,859509.0
6605.286422796101,858351.0
6605.466223209838,855148.0
6605.646023623575,855994.0
6605.8258240373125,863107.0
6606.00562445105,868577.0
6606.185424864787,872468.0
6606.365225278524,869179.0
6606.545025692262,866933.0
6606.724826105999,858992.0
6606.904626519737,859249.0
6607.084426933474,864479.0
6607.264227347211,870301.0
6607.444027760948,872618.0
6607.6238281746855,864376.0
6607.803628588423,866230.0
6607.983429002161,860227.0
6608.163229415898,862640.0
6608.343029829635,865259.0
6608.5228302433725,862850.0
6608.70263065711,864121.0
6608.882431070847,864019.0
6609.062231484584,862495.0
6609.242031898322,860027.0
6609.421832312059,862770.0
6609.601632725797,863099.0
6609.781433139534,856431.0
6609.961233553271,857749.0
6610.141033967008,857791.0
6610.3208343807455,856361.0
6610.500634794483,859362.0
6610.680435208221,855640.0
6610.860235621958,854730.0
6611.040036035695,866594.0
6611.2198364494325,861958.0
6611.39963686317,851766.0
6611.579437276907,848215.0
6611.759237690644,845458.0
6611.939038104381,846358.0
6612.118838518119,848042.0
6612.298638931857,838448.0
6612.478439345594,837208.0
6612.658239759331,840510.0
6612.838040173068,844239.0
6613.0178405868055,850485.0
6613.197641000543,848542.0
6613.377441414281,850008.0
6613.557241828018,846264.0
6613.737042241755,844439.0
6613.9168426554925,856126.0
6614.09664306923,859096.0
6614.276443482967,852809.0
6614.456243896704,849654.0
6614.636044310441,845893.0
6614.815844724179,843562.0
6614.995645137917,847707.0
6615.175445551654,846774.0
6615.355245965391,839474.0
6615.535046379128,840463.0
6615.7148467928655,851848.0
6615.894647206603,847808.0
6616.07444762034,843041.0
6616.254248034078,846620.0
6616.434048447815,849253.0
6616.6138488615525,846345.0
6616.79364927529,842136.0
6616.973449689027,839098.0
6617.153250102764,837895.0
6617.333050516501,840790.0
6617.512850930239,842165.0
6617.692651343977,839746.0
6617.872451757714,843817.0
6618.052252171451,847624.0
6618.232052585188,846142.0
6618.4118529989255,837532.0
6618.591653412663,833678.0
6618.7714538264,839812.0
6618.951254240138,838629.0
6619.131054653875,839215.0
6619.3108550676125,838849.0
6619.49065548135,832637.0
6619.670455895087,834108.0
6619.850256308824,835454.0
6620.030056722561,831373.0
6620.2098571362985,826455.0
6620.389657550037,832551.0
6620.569457963774,842803.0
6620.749258377511,840835.0
6620.929058791248,833023.0
6621.1088592049855,826713.0
6621.288659618723,827448.0
6621.46846003246,824999.0
6621.648260446197,823099.0
6621.828060859935,827007.0
6622.0078612736725,828024.0
6622.18766168741,821597.0
6622.367462101147,821175.0
6622.547262514884,823216.0
6622.727062928621,822857.0
6622.9068633423585,822705.0
6623.086663756097,819731.0
6623.266464169834,821106.0
6623.446264583571,825582.0
6623.626064997308,823932.0
6623.8058654110455,823384.0
6623.985665824783,824284.0
6624.16546623852,823194.0
6624.345266652257,821556.0
6624.525067065995,821301.0
6624.7048674797325,819881.0
6624.88466789347,820549.0
6625.064468307207,823090.0
6625.244268720944,820976.0
6625.424069134681,818616.0
6625.6038695484185,824699.0
6625.783669962156,819493.0
6625.963470375894,810310.0
6626.143270789631,811248.0
6626.323071203368,812490.0
6626.5028716171055,806781.0
6626.682672030843,809100.0
6626.86247244458,808430.0
6627.042272858317,814577.0
6627.222073272054,818665.0
6627.401873685792,809539.0
6627.58167409953,805993.0
6627.761474513267,807018.0
6627.941274927004,798832.0
6628.121075340741,800482.0
6628.3008757544785,802314.0
6628.480676168216,803486.0
6628.660476581954,800591.0
6628.840276995691,795874.0
6629.020077409428,797753.0
6629.1998778231655,800043.0
6629.379678236903,805208.0
6629.55947865064,806288.0
6629.739279064377,801530.0
6629.919079478114,798924.0
6630.098879891852,797860.0
6630.27868030559,802550.0
6630.458480719327,799880.0
6630.638281133064,802290.0
6630.818081546801,805312.0
6630.9978819605385,795749.0
6631.177682374276,795908.0
6631.357482788013,797093.0
6631.537283201751,790798.0
6631.717083615488,789418.0
6631.8968840292255,790172.0
6632.076684442963,790287.0
6632.2564848567,797780.0
6632.436285270437,790776.0
6632.616085684174,786332.0
6632.795886097912,785776.0
6632.97568651165,783994.0
6633.155486925387,781821.0
6633.335287339124,788256.0
6633.515087752861,790013.0
6633.6948881665985,784235.0
6633.874688580336,784553.0
6634.054488994073,785158.0
6634.234289407811,788840.0
6634.414089821548,787778.0
6634.5938902352855,776721.0
6634.773690649023,775026.0
6634.95349106276,782735.0
6635.133291476497,787035.0
6635.313091890234,783572.0
6635.4928923039715,776704.0
6635.67269271771,774152.0
6635.852493131447,777330.0
6636.032293545184,781653.0
6636.212093958921,777802.0
6636.3918943726585,776235.0
6636.571694786396,775688.0
6636.751495200133,774726.0
6636.931295613871,781076.0
6637.111096027608,781586.0
6637.2908964413455,771897.0
6637.470696855083,765906.0
6637.65049726882,770226.0
6637.830297682557,770623.0
6638.010098096294,766272.0
6638.1898985100315,765499.0
6638.36969892377,766281.0
6638.549499337507,764456.0
6638.729299751244,769527.0
6638.909100164981,773664.0
6639.0889005787185,769070.0
6639.268700992456,763053.0
6639.448501406193,764757.0
6639.62830181993,761593.0
6639.808102233668,761784.0
6639.9879026474055,763451.0
6640.167703061143,756854.0
6640.34750347488,754709.0
6640.527303888617,750077.0
6640.707104302354,753975.0
6640.8869047160915,757037.0
6641.06670512983,751332.0
6641.246505543567,747447.0
6641.426305957304,746351.0
6641.606106371041,750179.0
6641.7859067847785,749041.0
6641.965707198516,744226.0
6642.145507612253,742879.0
6642.32530802599,743277.0
6642.505108439728,742604.0
6642.6849088534655,741558.0
6642.864709267203,739357.0
6643.04450968094,739439.0
6643.224310094677,739807.0
6643.404110508414,738552.0
6643.5839109221515,737531.0
6643.763711335889,733305.0
6643.943511749627,734706.0
6644.123312163364,735614.0
6644.303112577101,732275.0
6644.4829129908385,729468.0
6644.662713404576,731823.0
6644.842513818313,733230.0
6645.02231423205,737823.0
6645.202114645788,732518.0
6645.381915059525,726652.0
6645.561715473263,730544.0
6645.741515887,726066.0
6645.921316300737,726235.0
6646.101116714474,722915.0
6646.2809171282115,718102.0
6646.460717541949,723080.0
6646.640517955687,722634.0
6646.820318369424,724339.0
6647.000118783161,718646.0
6647.1799191968985,714948.0
6647.359719610636,718863.0
6647.539520024373,721340.0
6647.71932043811,717385.0
6647.899120851847,713415.0
6648.078921265585,711972.0
6648.258721679323,714013.0
6648.43852209306,712956.0
6648.618322506797,708695.0
6648.798122920534,706168.0
6648.9779233342715,711259.0
6649.157723748009,711090.0
6649.337524161747,708193.0
6649.517324575484,710130.0
6649.697124989221,713065.0
6649.8769254029585,709256.0
6650.056725816696,709909.0
6650.236526230433,708655.0
6650.41632664417,708930.0
6650.596127057907,705804.0
6650.775927471645,698481.0
6650.955727885383,698784.0
6651.13552829912,696440.0
6651.315328712857,700173.0
6651.495129126594,697872.0
6651.6749295403315,695840.0
6651.854729954069,694932.0
6652.034530367806,692648.0
6652.214330781544,696886.0
6652.394131195281,696163.0
6652.5739316090185,691362.0
6652.753732022756,690027.0
6652.933532436493,687846.0
6653.11333285023,688594.0
6653.293133263967,687635.0
6653.472933677705,691370.0
6653.652734091443,692287.0
6653.83253450518,684440.0
6654.012334918917,681113.0
6654.192135332654,677330.0
6654.3719357463915,680836.0
6654.551736160129,688121.0
6654.731536573866,683550.0
6654.911336987604,676198.0
6655.091137401341,668931.0
6655.2709378150785,675977.0
6655.450738228816,673823.0
6655.630538642553,675073.0
6655.81033905629,674688.0
6655.990139470027,671800.0
6656.1699398837645,667876.0
6656.349740297503,665206.0
6656.52954071124,665588.0
6656.709341124977,669726.0
6656.889141538714,665521.0
6657.0689419524515,662249.0
6657.248742366189,662908.0
6657.428542779926,662758.0
6657.608343193663,663131.0
6657.788143607401,661973.0
6657.9679440211385,661720.0
6658.147744434876,659469.0
6658.327544848613,656721.0
6658.50734526235,658142.0
6658.687145676087,658664.0
6658.8669460898245,653704.0
6659.046746503562,649522.0
6659.2265469173,651624.0
6659.406347331037,657451.0
6659.586147744774,655777.0
6659.7659481585115,649647.0
6659.945748572249,649068.0
6660.125548985986,648230.0
6660.305349399723,645210.0
6660.485149813461,643959.0
6660.6649502271985,644188.0
6660.844750640936,643168.0
6661.024551054673,640859.0
6661.20435146841,635390.0
6661.384151882147,636214.0
6661.5639522958845,636667.0
6661.743752709622,634777.0
6661.92355312336,629859.0
6662.103353537097,628747.0
6662.283153950834,630493.0
6662.4629543645715,631068.0
6662.642754778309,632908.0
6662.822555192046,632969.0
6663.002355605783,630782.0
6663.18215601952,625787.0
6663.3619564332585,624769.0
6663.541756846996,622723.0
6663.721557260733,621764.0
6663.90135767447,617382.0
6664.081158088207,614742.0
6664.2609585019445,611525.0
6664.440758915682,614922.0
6664.62055932942,620649.0
6664.800359743157,615963.0
6664.980160156894,613788.0
6665.1599605706315,611289.0
6665.339760984369,607748.0
6665.519561398106,608382.0
6665.699361811843,606181.0
6665.87916222558,603508.0
6666.058962639318,605743.0
6666.238763053056,608401.0
6666.418563466793,606236.0
6666.59836388053,602822.0
6666.778164294267,602082.0
6666.9579647080045,601512.0
6667.137765121742,602241.0
6667.317565535479,602599.0
6667.497365949217,602980.0
6667.677166362954,598965.0
6667.8569667766915,597872.0
6668.036767190429,596870.0
6668.216567604166,591655.0
6668.396368017903,588840.0
6668.57616843164,592377.0
6668.755968845378,589726.0
6668.935769259116,590220.0
6669.115569672853,585936.0
6669.29537008659,583624.0
6669.475170500327,586637.0
6669.6549709140645,585389.0
6669.834771327802,584170.0
6670.014571741539,579552.0
6670.194372155277,577492.0
6670.374172569014,577072.0
6670.5539729827515,574752.0
6670.733773396489,571669.0
6670.913573810226,569907.0
6671.093374223963,569872.0
6671.2731746377,566968.0
6671.4529750514375,569974.0
6671.632775465176,570338.0
6671.812575878913,565968.0
6671.99237629265,565333.0
6672.172176706387,562435.0
6672.3519771201245,561503.0
6672.531777533862,560646.0
6672.711577947599,556330.0
6672.891378361337,556315.0
6673.071178775074,558936.0
6673.2509791888115,560391.0
6673.430779602549,556764.0
6673.610580016286,555498.0
6673.790380430023,554347.0
6673.97018084376,554249.0
6674.1499812574975,551984.0
6674.329781671236,549178.0
6674.509582084973,547582.0
6674.68938249871,545728.0
6674.869182912447,542602.0
6675.0489833261845,538900.0
6675.228783739922,533275.0
6675.408584153659,532464.0
6675.588384567396,534495.0
6675.768184981134,536786.0
6675.9479853948715,533820.0
6676.127785808609,530103.0
6676.307586222346,531870.0
6676.487386636083,530210.0
6676.66718704982,524358.0
6676.8469874635575,526397.0
6677.026787877296,527181.0
6677.206588291033,523079.0
6677.38638870477,519744.0
6677.566189118507,518777.0
6677.7459895322445,515610.0
6677.925789945982,514858.0
6678.105590359719,515383.0
6678.285390773456,517549.0
6678.465191187194,513834.0
6678.6449916009315,509585.0
6678.824792014669,507840.0
6679.004592428406,506680.0
6679.184392842143,506871.0
6679.36419325588,502129.0
6679.5439936696175,503911.0
6679.723794083355,507137.0
6679.903594497093,503334.0
6680.08339491083,497715.0
6680.263195324567,498281.0
6680.4429957383045,495276.0
6680.622796152042,493254.0
6680.802596565779,491635.0
6680.982396979516,494054.0
6681.162197393254,492594.0
6681.3419978069915,491272.0
6681.521798220729,488756.0
6681.701598634466,489446.0
6681.881399048203,491214.0
6682.06119946194,488886.0
6682.2409998756775,488016.0
6682.420800289415,488661.0
6682.600600703153,487093.0
6682.78040111689,486140.0
6682.960201530627,482147.0
6683.1400019443645,480753.0
6683.319802358102,480370.0
6683.499602771839,477976.0
6683.679403185576,475882.0
6683.859203599313,475057.0
6684.039004013051,474588.0
6684.218804426789,470096.0
6684.398604840526,469024.0
6684.578405254263,469887.0
6684.758205668,469845.0
6684.9380060817375,469947.0
6685.117806495475,465924.0
6685.297606909213,462817.0
6685.47740732295,463034.0
6685.657207736687,459926.0
6685.8370081504245,458572.0
6686.016808564162,458963.0
6686.196608977899,454061.0
6686.376409391636,452368.0
6686.556209805373,454418.0
6686.736010219111,453542.0
6686.915810632849,452469.0
6687.095611046586,451272.0
6687.275411460323,450602.0
6687.45521187406,451387.0
6687.6350122877975,449837.0
6687.814812701535,443084.0
6687.994613115272,442282.0
6688.17441352901,440884.0
6688.354213942747,438570.0
6688.5340143564845,437590.0
6688.713814770222,437308.0
6688.893615183959,436909.0
6689.073415597696,437667.0
6689.253216011433,431581.0
6689.4330164251705,427424.0
6689.612816838909,428195.0
6689.792617252646,428531.0
6689.972417666383,425879.0
6690.15221808012,425209.0
6690.3320184938575,423126.0
6690.511818907595,422915.0
6690.691619321332,420884.0
6690.87141973507,418218.0
6691.051220148807,419005.0
6691.2310205625445,418634.0
6691.410820976282,417391.0
6691.590621390019,412781.0
6691.770421803756,416886.0
6691.950222217493,415691.0
6692.1300226312305,411929.0
6692.309823044969,411218.0
6692.489623458706,406025.0
6692.669423872443,407637.0
6692.84922428618,406093.0
6693.0290246999175,407037.0
6693.208825113655,403656.0
6693.388625527392,401607.0
6693.568425941129,402117.0
6693.748226354867,399228.0
6693.9280267686045,398755.0
6694.107827182342,398366.0
6694.287627596079,397057.0
6694.467428009816,392455.0
6694.647228423553,392188.0
6694.8270288372905,390102.0
6695.006829251028,387020.0
6695.186629664766,387297.0
6695.366430078503,388599.0
6695.54623049224,387189.0
6695.7260309059775,384883.0
6695.905831319715,381806.0
6696.085631733452,381833.0
6696.265432147189,378244.0
6696.445232560927,377541.0
6696.6250329746645,377270.0
6696.804833388402,373026.0
6696.984633802139,374177.0
6697.164434215876,373779.0
6697.344234629613,370666.0
6697.5240350433505,366753.0
6697.703835457088,368382.0
6697.883635870826,367147.0
6698.063436284563,368909.0
6698.2432366983,363964.0
6698.4230371120375,360898.0
6698.602837525775,358699.0
6698.782637939512,356989.0
6698.962438353249,357819.0
6699.142238766986,353392.0
6699.3220391807245,355806.0
6699.501839594462,351952.0
6699.681640008199,351067.0
6699.861440421936,350355.0
6700.041240835673,348574.0
6700.2210412494105,348335.0
6700.400841663148,348215.0
6700.580642076886,345589.0
6700.760442490623,342175.0
6700.94024290436,339051.0
6701.1200433180975,337729.0
6701.299843731835,338063.0
6701.479644145572,336197.0
6701.659444559309,335922.0
6701.839244973046,336030.0
6702.0190453867845,333578.0
6702.198845800522,332074.0
6702.378646214259,330330.0
6702.558446627996,328471.0
6702.738247041733,328611.0
6702.9180474554705,326378.0
6703.097847869208,328075.0
6703.277648282945,325132.0
6703.457448696683,321647.0
6703.63724911042,318316.0
6703.8170495241575,316151.0
6703.996849937895,315667.0
6704.176650351632,314327.0
6704.356450765369,312785.0
6704.536251179106,310919.0
6704.716051592844,310021.0
6704.895852006582,310175.0
6705.075652420319,308642.0
6705.255452834056,304352.0
6705.435253247793,303627.0
6705.6150536615305,303967.0
6705.794854075268,303488.0
6705.974654489005,300718.0
6706.154454902743,302191.0
6706.33425531648,299742.0
6706.5140557302175,295412.0
6706.693856143955,296276.0
6706.873656557692,292685.0
6707.053456971429,294549.0
6707.233257385166,293800.0
6707.4130577989035,290686.0
6707.592858212642,287725.0
6707.772658626379,285215.0
6707.952459040116,281782.0
6708.132259453853,282916.0
6708.3120598675905,285712.0
6708.491860281328,282533.0
6708.671660695065,279681.0
6708.851461108803,279466.0
6709.03126152254,274434.0
6709.2110619362775,275644.0
6709.390862350015,271844.0
6709.570662763752,269234.0
6709.750463177489,270387.0
6709.930263591226,268127.0
6710.1100640049635,268683.0
6710.289864418702,267630.0
6710.469664832439,267324.0
6710.649465246176,267075.0
6710.829265659913,262806.0
6711.0090660736505,260477.0
6711.188866487388,259652.0
6711.368666901125,258655.0
6711.548467314862,254286.0
6711.7282677286,251791.0
6711.9080681423375,253156.0
6712.087868556075,250812.0
6712.267668969812,251411.0
6712.447469383549,251128.0
6712.627269797286,249167.0
6712.8070702110235,246766.0
6712.986870624762,246478.0
6713.166671038499,245956.0
6713.346471452236,242809.0
6713.526271865973,241756.0
6713.7060722797105,241322.0
6713.885872693448,238234.0
6714.065673107185,239272.0
6714.245473520922,240468.0
6714.42527393466,236319.0
6714.6050743483975,234662.0
6714.784874762135,234116.0
6714.964675175872,235345.0
6715.144475589609,232308.0
6715.324276003346,229952.0
6715.5040764170835,230456.0
6715.683876830821,228252.0
6715.863677244559,224516.0
6716.043477658296,223259.0
6716.223278072033,222881.0
6716.4030784857705,222290.0
6716.582878899508,220290.0
6716.762679313245,219910.0
6716.942479726982,218023.0
6717.12228014072,216838.0
6717.3020805544575,215135.0
6717.481880968195,216272.0
6717.661681381932,213780.0
6717.841481795669,212481.0
6718.021282209406,212656.0
6718.2010826231435,211098.0
6718.380883036881,209369.0
6718.560683450619,207107.0
6718.740483864356,204908.0
6718.920284278093,204031.0
6719.1000846918305,203656.0
6719.279885105568,202703.0
6719.459685519305,201646.0
6719.639485933042,201060.0
6719.819286346779,199419.0
6719.9990867605175,196958.0
6720.178887174255,195098.0
6720.358687587992,194104.0
6720.538488001729,192337.0
6720.718288415466,189539.0
6720.8980888292035,188816.0
6721.077889242941,187223.0
6721.257689656679,188425.0
6721.437490070416,185834.0
6721.617290484153,183926.0
6721.7970908978905,184325.0
6721.976891311628,183461.0
6722.156691725365,182663.0
6722.336492139102,179573.0
6722.516292552839,178978.0
6722.696092966577,180228.0
6722.875893380315,177370.0
6723.055693794052,176415.0
6723.235494207789,174874.0
6723.415294621526,172103.0
6723.5950950352635,172918.0
6723.774895449001,172234.0
6723.954695862738,169519.0
6724.134496276476,168494.0
6724.314296690213,167396.0
6724.4940971039505,168122.0
6724.673897517688,166769.0
6724.853697931425,166009.0
6725.033498345162,162960.0
6725.213298758899,162581.0
6725.3930991726365,161997.0
6725.572899586375,162103.0
6725.752700000112,160440.0
6725.932500413849,158469.0
6726.112300827586,158160.0
6726.2921012413235,157679.0
6726.471901655061,158353.0
6726.651702068798,155115.0
6726.831502482536,153077.0
6727.011302896273,151831.0
6727.1911033100105,151347.0
6727.370903723748,150769.0
6727.550704137485,150123.0
6727.730504551222,146618.0
6727.910304964959,147408.0
6728.0901053786965,146463.0
6728.269905792435,144941.0
6728.449706206172,144880.0
6728.629506619909,144346.0
6728.809307033646,143082.0
6728.9891074473835,141854.0
6729.168907861121,143280.0
6729.348708274858,139819.0
6729.528508688595,137557.0
6729.708309102333,137339.0
6729.8881095160705,135492.0
6730.067909929808,136149.0
6730.247710343545,134282.0
6730.427510757282,132708.0
6730.607311171019,134155.0
6730.7871115847565,132819.0
6730.966911998494,131455.0
6731.146712412232,131085.0
6731.326512825969,128772.0
6731.506313239706,128012.0
6731.6861136534435,127981.0
6731.865914067181,126881.0
6732.045714480918,123449.0
6732.225514894655,122240.0
6732.405315308393,122568.0
6732.5851157221305,123031.0
6732.764916135868,120836.0
6732.944716549605,121734.0
6733.124516963342,119996.0
6733.304317377079,118928.0
6733.4841177908165,115945.0
6733.663918204554,105157.0
