6488.1755077195,68527.2
6488.35489749449,68492.7
6488.534287269479,68668.8
6488.713677044469,67985.5
6488.893066819458,68467.8
6489.0724565944465,69407.8
6489.251846369436,69477.2
6489.431236144425,70240.1
6489.610625919415,70977.4
6489.790015694404,71315.7
6489.969405469394,71435.8
6490.148795244383,72569.0
6490.3281850193725,73202.4
6490.507574794362,72276.1
6490.6869645693505,70976.2
6490.86635434434,70874.5
6491.045744119329,72730.0
6491.225133894319,74962.3
6491.404523669308,75851.5
6491.583913444298,76099.8
6491.763303219287,76019.3
6491.9426929942765,75350.5
6492.122082769266,75172.9
6492.3014725442545,75817.2
6492.480862319244,76052.6
6492.660252094233,77478.3
6492.839641869223,75923.1
6493.019031644212,75196.0
6493.198421419202,77848.3
6493.377811194191,79605.7
6493.5572009691805,79729.7
6493.73659074417,80452.8
6493.915980519158,79568.5
6494.095370294148,80496.8
6494.274760069137,80690.1
6494.454149844127,81003.0
6494.633539619116,82358.6
6494.812929394106,82848.1
6494.992319169095,83174.1
6495.1717089440845,83945.2
6495.351098719074,82333.2
6495.530488494062,81877.4
6495.709878269052,82349.1
6495.889268044041,82641.9
6496.068657819031,82855.5
6496.24804759402,84451.7
6496.42743736901,85688.5
6496.606827143999,86388.9
6496.786216918988,88907.5
6496.965606693978,88776.7
6497.144996468966,87889.4
6497.324386243956,88163.4
6497.503776018945,87452.4
6497.683165793935,87782.1
6497.862555568924,90004.7
6498.0419453439135,91400.5
6498.221335118903,91463.1
6498.400724893892,91781.1
6498.580114668882,92598.2
6498.75950444387,91727.8
6498.93889421886,91760.2
6499.118283993849,92657.8
6499.297673768839,93502.4
6499.477063543828,94256.2
6499.6564533188175,94880.4
6499.835843093807,96027.0
6500.015232868796,97065.7
6500.194622643786,96483.8
6500.374012418774,97053.8
6500.553402193764,97452.7
6500.732791968753,97278.1
6500.912181743743,97800.2
6501.091571518732,98457.8
6501.2709612937215,98658.1
6501.450351068711,99390.5
6501.6297408437,99599.4
6501.80913061869,100140.0
6501.988520393678,100613.0
6502.167910168668,101444.0
6502.347299943657,102132.0
6502.526689718647,102866.0
6502.706079493636,104231.0
6502.8854692686255,104660.0
6503.064859043615,103976.0
6503.244248818604,104463.0
6503.423638593594,105153.0
6503.603028368582,105756.0
6503.782418143572,106556.0
6503.961807918561,105998.0
6504.141197693551,104925.0
6504.32058746854,105800.0
6504.499977243529,107334.0
6504.679367018519,108418.0
6504.858756793508,109803.0
6505.038146568498,109421.0
6505.217536343486,109405.0
6505.396926118476,110294.0
6505.576315893465,111402.0
6505.7557056684545,111428.0
6505.935095443444,110520.0
6506.114485218433,112157.0
6506.293874993423,114029.0
6506.473264768412,114833.0
6506.652654543402,114700.0
6506.83204431839,115787.0
6507.01143409338,115338.0
6507.190823868369,115566.0
6507.3702136433585,117175.0
6507.549603418348,115628.0
6507.728993193337,115328.0
6507.908382968327,116942.0
6508.087772743316,117436.0
6508.267162518306,118274.0
6508.446552293294,118350.0
6508.625942068284,118499.0
6508.805331843273,119305.0
6508.9847216182625,119724.0
6509.164111393252,120024.0
6509.343501168241,120889.0
6509.522890943231,122429.0
6509.70228071822,122335.0
6509.88167049321,123320.0
6510.061060268198,122809.0
6510.240450043188,122564.0
6510.419839818177,123897.0
6510.5992295931665,124941.0
6510.778619368156,125769.0
6510.958009143145,126457.0
6511.137398918135,125975.0
6511.316788693124,125657.0
6511.496178468114,127217.0
6511.675568243102,127290.0
6511.854958018092,126938.0
6512.034347793081,127851.0
6512.21373756807,128027.0
6512.39312734306,127969.0
6512.572517118049,130320.0
6512.751906893039,131764.0
6512.931296668028,132273.0
6513.110686443018,132798.0
6513.290076218006,132615.0
6513.4694659929955,134183.0
6513.648855767985,134659.0
6513.828245542974,134898.0
6514.007635317964,136213.0
6514.187025092953,134324.0
6514.366414867943,133000.0
6514.545804642932,132473.0
6514.725194417922,132516.0
6514.90458419291,132571.0
6515.0839739678995,136218.0
6515.263363742889,138333.0
6515.442753517878,137925.0
6515.622143292868,138576.0
6515.801533067857,139251.0
6515.980922842847,139962.0
6516.160312617836,139504.0
6516.3397023928255,136685.0
6516.519092167814,134454.0
6516.6984819428035,133847.0
6516.877871717793,134806.0
6517.057261492782,139780.0
6517.236651267772,144118.0
6517.416041042761,144746.0
6517.595430817751,146143.0
6517.77482059274,146194.0
6517.9542103677295,146665.0
6518.133600142718,147341.0
6518.3129899177075,147561.0
6518.492379692697,149090.0
6518.671769467686,150060.0
6518.851159242676,149867.0
6519.030549017665,149333.0
6519.209938792655,148255.0
6519.389328567644,147784.0
6519.5687183426335,148814.0
6519.748108117622,150568.0
6519.927497892611,154199.0
6520.106887667601,156441.0
6520.28627744259,155967.0
6520.46566721758,156415.0
6520.645056992569,157138.0
6520.824446767559,156706.0
6521.003836542548,157311.0
6521.183226317537,158163.0
6521.362616092526,157566.0
6521.542005867515,157951.0
6521.721395642505,160198.0
6521.900785417494,158675.0
6522.080175192484,159568.0
6522.259564967473,162691.0
6522.438954742463,163770.0
6522.618344517452,163876.0
6522.7977342924405,163542.0
6522.97712406743,162741.0
6523.156513842419,163976.0
6523.335903617409,163259.0
6523.515293392398,162676.0
6523.694683167388,160887.0
6523.874072942377,161780.0
6524.0534627173665,164812.0
6524.232852492356,165874.0
6524.4122422673445,165757.0
6524.591632042334,167389.0
6524.771021817323,170116.0
6524.950411592313,171249.0
6525.129801367302,170365.0
6525.309191142292,170748.0
6525.488580917281,172014.0
6525.6679706922705,172066.0
6525.84736046726,172592.0
6526.026750242248,173536.0
6526.206140017238,174229.0
6526.385529792227,174740.0
6526.564919567217,174228.0
6526.744309342206,173568.0
6526.923699117196,174199.0
6527.103088892185,175041.0
6527.2824786671745,178252.0
6527.461868442164,178181.0
6527.641258217152,177840.0
6527.820647992142,179563.0
6528.000037767131,179988.0
6528.179427542121,179848.0
6528.35881731711,180966.0
6528.5382070921,180943.0
6528.717596867089,180694.0
6528.896986642078,179907.0
6529.076376417068,181238.0
6529.255766192056,182344.0
6529.435155967046,184515.0
6529.614545742035,185911.0
6529.793935517025,185575.0
6529.973325292014,185288.0
6530.152715067004,186794.0
6530.332104841993,188451.0
6530.511494616982,187809.0
6530.690884391972,187389.0
6530.87027416696,184828.0
6531.04966394195,185177.0
6531.229053716939,186654.0
6531.408443491929,189909.0
6531.587833266918,190284.0
6531.7672230419075,190443.0
6531.946612816897,190470.0
6532.126002591886,189385.0
6532.305392366876,189780.0
6532.484782141864,189044.0
6532.664171916854,191580.0
6532.843561691843,195256.0
6533.022951466833,194650.0
6533.202341241822,194362.0
6533.3817310168115,194681.0
6533.561120791801,194235.0
6533.74051056679,192311.0
6533.91990034178,190614.0
6534.099290116768,191903.0
6534.278679891758,195482.0
6534.458069666747,198118.0
6534.637459441737,198908.0
6534.816849216726,198079.0
6534.9962389917155,197968.0
6535.175628766705,201902.0
6535.355018541694,200975.0
6535.534408316684,200541.0
6535.713798091672,201565.0
6535.893187866662,202704.0
6536.072577641651,203734.0
6536.251967416641,202581.0
6536.43135719163,201417.0
6536.610746966619,200834.0
6536.790136741609,200256.0
6536.969526516598,203469.0
6537.148916291588,204138.0
6537.328306066576,205476.0
6537.507695841566,208147.0
6537.687085616555,209489.0
6537.866475391545,209118.0
6538.045865166534,208031.0
6538.225254941523,208406.0
6538.404644716513,209699.0
6538.584034491502,209532.0
6538.763424266492,210382.0
6538.94281404148,210113.0
6539.12220381647,210963.0
6539.301593591459,211190.0
6539.4809833664485,211128.0
6539.660373141438,211252.0
6539.839762916427,211777.0
6540.019152691417,214058.0
6540.198542466406,214541.0
6540.377932241396,213126.0
6540.557322016384,215780.0
6540.736711791374,218066.0
6540.916101566363,215527.0
6541.0954913413525,215965.0
6541.274881116342,218547.0
6541.454270891331,217496.0
6541.633660666321,217344.0
6541.81305044131,219386.0
6541.9924402163,218278.0
6542.171829991288,214913.0
6542.351219766278,215159.0
6542.530609541267,217735.0
6542.7099993162565,219152.0
6542.889389091246,220475.0
6543.068778866235,220218.0
6543.248168641225,218953.0
6543.427558416214,219871.0
6543.606948191204,218465.0
6543.786337966192,214136.0
6543.965727741182,214214.0
6544.145117516171,219945.0
6544.32450729116,223255.0
6544.50389706615,224058.0
6544.683286841139,225462.0
6544.862676616129,225492.0
6545.042066391118,225050.0
6545.221456166108,224861.0
6545.400845941096,225284.0
6545.580235716086,226221.0
6545.759625491075,226377.0
6545.939015266064,227280.0
6546.118405041054,227369.0
6546.297794816043,228523.0
6546.477184591033,230185.0
6546.656574366022,230163.0
6546.835964141012,230047.0
6547.015353916,230847.0
6547.1947436909895,229348.0
6547.374133465979,226861.0
6547.553523240968,228230.0
6547.732913015958,228158.0
6547.912302790947,227436.0
6548.091692565937,229302.0
6548.271082340926,230090.0
6548.4504721159155,225945.0
6548.629861890904,225962.0
6548.8092516658935,228624.0
6548.988641440883,230705.0
6549.168031215872,232525.0
6549.347420990862,233322.0
6549.526810765851,235304.0
6549.706200540841,237195.0
6549.88559031583,235040.0
6550.0649800908195,234796.0
6550.244369865808,236141.0
6550.4237596407975,236857.0
6550.603149415787,235320.0
6550.782539190776,234527.0
6550.961928965766,233727.0
6551.141318740755,235276.0
6551.320708515745,236232.0
6551.500098290734,234937.0
6551.6794880657235,234515.0
6551.858877840712,236342.0
6552.038267615701,237632.0
6552.217657390691,234722.0
6552.39704716568,231854.0
6552.57643694067,229883.0
6552.755826715659,229700.0
6552.935216490649,233799.0
6553.114606265638,236840.0
6553.2939960406275,237599.0
6553.473385815616,236799.0
6553.652775590605,235353.0
6553.832165365595,235121.0
6554.011555140584,236096.0
6554.190944915574,237273.0
6554.370334690563,238483.0
6554.549724465553,238939.0
6554.729114240542,238849.0
6554.908504015531,238842.0
6555.08789379052,237339.0
6555.267283565509,237455.0
6555.446673340499,240102.0
6555.626063115488,242743.0
6555.805452890478,241915.0
6555.984842665467,242802.0
6556.1642324404565,244442.0
6556.343622215446,245112.0
6556.523011990435,244935.0
6556.702401765424,243221.0
6556.881791540413,241356.0
6557.061181315403,241048.0
6557.240571090392,242868.0
6557.419960865382,245595.0
6557.599350640371,247155.0
6557.7787404153605,248489.0
6557.95813019035,251251.0
6558.137519965339,263531.0
6558.316909740328,277349.0
6558.496299515317,296221.0
6558.675689290307,319656.0
6558.855079065296,345396.0
6559.034468840286,375496.0
6559.213858615275,407706.0
6559.3932483902645,443534.0
6559.572638165254,481223.0
6559.752027940243,511527.0
6559.931417715232,533995.0
6560.110807490221,549023.0
6560.290197265211,557222.0
6560.4695870402,558929.0
6560.64897681519,552744.0
6560.828366590179,548708.0
6561.0077563651685,544032.0
6561.187146140158,530354.0
6561.366535915147,513375.0
6561.545925690136,493593.0
6561.725315465125,459297.0
6561.904705240115,405828.0
6562.084095015104,342832.0
6562.263484790094,282795.0
6562.442874565083,238865.0
6562.622264340072,217712.0
6562.801654115062,211713.0
6562.981043890051,220018.0
6563.16043366504,243744.0
6563.339823440029,284595.0
6563.519213215019,343572.0
6563.698602990008,402976.0
6563.8779927649975,449654.0
6564.057382539987,487323.0
6564.236772314976,513334.0
6564.416162089966,533378.0
6564.595551864955,551179.0
6564.774941639944,563862.0
6564.954331414933,564621.0
6565.133721189923,560059.0
6565.313110964912,558117.0
6565.4925007399015,552272.0
6565.671890514891,540043.0
6565.85128028988,516096.0
6566.03067006487,491666.0
6566.210059839859,461239.0
6566.389449614848,428362.0
6566.568839389837,396213.0
6566.748229164827,363691.0
6566.927618939816,333914.0
6567.1070087148055,312427.0
6567.286398489795,298014.0
6567.465788264784,286232.0
6567.645178039774,275017.0
6567.824567814763,268748.0
6568.003957589752,266671.0
6568.183347364741,263954.0
6568.362737139731,261222.0
6568.54212691472,259494.0
6568.7215166897095,258747.0
6568.900906464699,259488.0
6569.080296239688,261246.0
6569.259686014678,259502.0
6569.439075789667,260224.0
6569.618465564656,262833.0
6569.797855339645,263436.0
6569.977245114635,264077.0
6570.156634889624,265480.0
6570.336024664613,267073.0
6570.515414439603,268218.0
6570.694804214592,268668.0
6570.874193989582,268568.0
6571.053583764571,266901.0
6571.23297353956,265244.0
6571.412363314549,264499.0
6571.5917530895385,262789.0
6571.771142864528,260854.0
6571.950532639517,258857.0
6572.129922414507,258678.0
6572.309312189496,259926.0
6572.488701964486,261481.0
6572.668091739475,262772.0
6572.847481514464,265017.0
6573.026871289453,263447.0
6573.2062610644425,263416.0
6573.385650839432,262396.0
6573.565040614421,262923.0
6573.744430389411,264425.0
6573.9238201644,264572.0
6574.10320993939,263769.0
6574.282599714379,261803.0
6574.461989489368,261317.0
6574.641379264357,261011.0
6574.8207690393465,258252.0
6575.000158814336,256879.0
6575.179548589325,260787.0
6575.358938364315,267784.0
6575.538328139304,269584.0
6575.717717914294,266588.0
6575.897107689283,263429.0
6576.076497464272,265027.0
6576.255887239261,265989.0
6576.4352770142505,267330.0
6576.61466678924,266661.0
6576.794056564229,265379.0
6576.973446339219,266845.0
6577.152836114208,266610.0
6577.332225889198,267391.0
6577.511615664187,265850.0
6577.691005439176,265850.0
6577.870395214165,267845.0
6578.049784989154,267357.0
6578.229174764144,266796.0
6578.408564539133,266957.0
6578.587954314123,267921.0
6578.767344089112,268350.0
6578.946733864102,266190.0
6579.126123639091,267032.0
6579.3055134140795,267292.0
6579.484903189069,267651.0
6579.664292964058,267291.0
6579.843682739048,269359.0
6580.023072514037,272040.0
6580.202462289027,271747.0
6580.381852064016,269319.0
6580.561241839006,267851.0
6580.740631613995,266502.0
6580.9200213889835,266756.0
6581.099411163973,268158.0
6581.278800938962,272202.0
6581.458190713952,273157.0
6581.637580488941,272080.0
6581.816970263931,273180.0
6581.99636003892,272116.0
6582.1757498139095,271383.0
6582.355139588899,272355.0
6582.5345293638875,271980.0
6582.713919138877,272672.0
6582.893308913866,272544.0
6583.072698688856,272572.0
6583.252088463845,273059.0
6583.431478238835,274973.0
6583.610868013824,273004.0
6583.7902577888135,273603.0
6583.969647563803,274574.0
6584.1490373387915,274241.0
6584.328427113781,274996.0
6584.50781688877,276588.0
6584.68720666376,276879.0
6584.866596438749,279293.0
6585.045986213739,280372.0
6585.225375988728,278654.0
6585.4047657637175,277886.0
6585.584155538707,279084.0
6585.763545313695,280316.0
6585.942935088685,278622.0
6586.122324863674,277034.0
6586.301714638664,277575.0
6586.481104413653,277962.0
6586.660494188643,277079.0
6586.839883963632,277055.0
6587.019273738621,278584.0
6587.198663513611,278945.0
6587.378053288599,280541.0
6587.557443063589,283612.0
6587.736832838578,282989.0
6587.916222613568,281132.0
6588.095612388557,282288.0
6588.275002163547,281810.0
6588.454391938536,281924.0
6588.633781713525,284318.0
6588.813171488515,284049.0
6588.992561263503,283229.0
6589.171951038493,284116.0
6589.351340813482,281747.0
6589.530730588472,281439.0
6589.710120363461,285674.0
6589.8895101384505,288371.0
6590.06889991344,287802.0
6590.248289688429,285155.0
6590.427679463419,286653.0
6590.607069238407,288257.0
6590.786459013397,285928.0
6590.965848788386,284489.0
6591.145238563376,286717.0
6591.324628338365,288615.0
6591.5040181133545,287156.0
6591.683407888344,286490.0
6591.862797663333,288208.0
6592.042187438323,288165.0
6592.221577213311,286077.0
6592.400966988301,285656.0
6592.58035676329,285560.0
6592.75974653828,284522.0
6592.939136313269,283318.0
6593.1185260882585,285616.0
6593.297915863248,287254.0
6593.477305638237,287031.0
6593.656695413227,287754.0
6593.836085188215,286558.0
6594.015474963205,282436.0
6594.194864738194,282773.0
6594.374254513184,284132.0
6594.553644288173,284713.0
6594.733034063162,289404.0
6594.912423838152,285840.0
6595.091813613141,285582.0
6595.271203388131,286294.0
6595.450593163119,286809.0
6595.629982938109,287170.0
6595.809372713098,286514.0
6595.988762488088,286346.0
6596.168152263077,286938.0
6596.347542038066,288562.0
6596.526931813056,287146.0
6596.706321588045,285930.0
6596.885711363035,285822.0
6597.065101138023,285644.0
6597.244490913013,287276.0
6597.423880688002,287294.0
6597.6032704629915,287835.0
6597.782660237981,287922.0
6597.96205001297,286202.0
6598.14143978796,287066.0
6598.320829562949,285072.0
6598.500219337939,285029.0
6598.679609112927,286677.0
6598.858998887917,286281.0
6599.038388662906,287859.0
6599.2177784378955,287038.0
6599.397168212885,283866.0
6599.576557987874,285527.0
6599.755947762864,288104.0
6599.935337537853,287239.0
6600.114727312843,286461.0
6600.294117087831,284703.0
6600.473506862821,285580.0
6600.65289663781,288021.0
6600.8322864127995,282616.0
6601.011676187789,283758.0
6601.191065962778,285388.0
6601.370455737768,285729.0
6601.549845512757,287009.0
6601.729235287746,287705.0
6601.908625062735,285380.0
6602.088014837725,284607.0
6602.267404612714,283816.0
6602.446794387703,281706.0
6602.626184162693,283630.0
6602.805573937682,285639.0
6602.984963712672,286141.0
6603.164353487661,285754.0
6603.34374326265,286346.0
6603.523133037639,287113.0
6603.702522812629,286620.0
6603.881912587618,284542.0
6604.061302362607,285122.0
6604.240692137597,285512.0
6604.420081912586,284404.0
6604.599471687576,282895.0
6604.778861462565,284341.0
6604.958251237554,286880.0
6605.137641012543,284538.0
6605.3170307875325,282060.0
6605.496420562522,282112.0
6605.675810337511,283790.0
6605.855200112501,283837.0
6606.03458988749,283193.0
6606.21397966248,282868.0
6606.393369437469,281055.0
6606.572759212458,280807.0
6606.752148987447,281754.0
6606.9315387624365,282070.0
6607.110928537426,284322.0
6607.290318312415,285544.0
6607.469708087405,284132.0
6607.649097862394,284795.0
6607.828487637384,287672.0
6608.007877412373,286413.0
6608.187267187362,281983.0
6608.366656962351,283352.0
6608.5460467373405,284989.0
6608.72543651233,283007.0
6608.904826287319,281990.0
6609.084216062309,281970.0
6609.263605837298,284236.0
6609.442995612288,284498.0
6609.622385387277,284880.0
6609.801775162266,284379.0
6609.981164937255,283097.0
6610.160554712244,284656.0
6610.339944487234,283416.0
6610.519334262223,282174.0
6610.698724037213,279383.0
6610.878113812202,280308.0
6611.057503587192,279560.0
6611.236893362181,278010.0
6611.41628313717,279619.0
6611.595672912159,281266.0
6611.775062687148,279164.0
6611.954452462138,279605.0
6612.133842237127,278378.0
6612.313232012117,277861.0
6612.492621787106,277766.0
6612.672011562096,276944.0
6612.851401337085,277796.0
6613.0307911120735,277162.0
6613.210180887063,275330.0
6613.389570662052,272469.0
6613.568960437042,269826.0
6613.748350212031,271629.0
6613.927739987021,270919.0
6614.10712976201,271425.0
6614.286519537,272610.0
6614.465909311989,276724.0
6614.6452990869775,279556.0
6614.824688861967,277781.0
6615.004078636956,275880.0
6615.183468411946,275432.0
6615.362858186935,274347.0
6615.542247961925,276585.0
6615.721637736914,275898.0
6615.9010275119035,274493.0
6616.080417286893,275803.0
6616.2598070618815,276469.0
6616.439196836871,276266.0
6616.61858661186,276857.0
6616.79797638685,276373.0
6616.977366161839,275561.0
6617.156755936829,274931.0
6617.336145711818,274907.0
6617.5155354868075,273608.0
6617.694925261797,273202.0
6617.874315036785,275747.0
6618.053704811775,274894.0
6618.233094586764,273422.0
6618.412484361754,272596.0
6618.591874136743,271597.0
6618.771263911733,273499.0
6618.950653686722,274205.0
6619.1300434617115,271651.0
6619.309433236701,271449.0
6619.488823011689,270761.0
6619.668212786679,271564.0
6619.847602561668,272723.0
6620.026992336658,272824.0
6620.206382111647,271756.0
6620.385771886637,270619.0
6620.565161661626,268944.0
6620.744551436615,270060.0
6620.923941211605,270984.0
6621.103330986593,269362.0
6621.282720761583,268134.0
6621.462110536572,267471.0
6621.641500311562,268699.0
6621.820890086551,270013.0
6622.000279861541,269190.0
6622.17966963653,269035.0
6622.359059411519,268940.0
6622.538449186509,265720.0
6622.717838961497,265044.0
6622.897228736487,267655.0
6623.076618511476,267209.0
6623.256008286466,264198.0
6623.435398061455,264273.0
6623.6147878364445,267541.0
6623.794177611434,269493.0
6623.973567386423,268495.0
6624.152957161413,267260.0
6624.332346936401,265220.0
6624.511736711391,263365.0
6624.69112648638,265376.0
6624.87051626137,265715.0
6625.049906036359,265393.0
6625.2292958113485,264722.0
6625.408685586338,264309.0
6625.588075361327,264598.0
6625.767465136317,264419.0
6625.946854911305,265383.0
6626.126244686295,264399.0
6626.305634461284,263828.0
6626.485024236274,262792.0
6626.664414011263,263518.0
6626.8438037862525,263635.0
6627.023193561242,262435.0
6627.202583336231,262147.0
6627.381973111221,262612.0
6627.561362886209,264276.0
6627.740752661199,265320.0
6627.920142436188,264452.0
6628.099532211178,262758.0
6628.278921986167,261550.0
6628.458311761156,265104.0
6628.637701536146,261504.0
6628.817091311135,262722.0
6628.996481086125,261754.0
6629.175870861113,262338.0
6629.355260636103,262468.0
6629.534650411092,260820.0
6629.714040186082,259907.0
6629.893429961071,260221.0
6630.07281973606,260501.0
6630.25220951105,261288.0
6630.431599286039,262127.0
6630.610989061029,261172.0
6630.790378836017,259131.0
6630.969768611007,256638.0
6631.149158385996,257470.0
6631.3285481609855,259120.0
6631.507937935975,257989.0
6631.687327710964,257806.0
6631.866717485954,258751.0
6632.046107260943,258306.0
6632.225497035933,257235.0
6632.404886810921,257053.0
6632.584276585911,256363.0
6632.7636663609,256732.0
6632.9430561358895,253702.0
6633.122445910879,254352.0
6633.301835685868,255668.0
6633.481225460858,255162.0
6633.660615235847,253967.0
6633.840005010837,252376.0
6634.019394785825,253992.0
6634.198784560815,252930.0
6634.378174335804,254175.0
6634.5575641107935,255588.0
6634.736953885783,254946.0
6634.916343660772,253213.0
6635.095733435762,252286.0
6635.275123210751,253035.0
6635.454512985741,252304.0
6635.633902760729,251976.0
6635.813292535719,252565.0
6635.992682310708,251072.0
6636.172072085697,251559.0
6636.351461860687,251110.0
6636.530851635676,248669.0
6636.710241410666,250661.0
6636.889631185655,250661.0
6637.069020960645,247901.0
6637.248410735633,248034.0
6637.427800510623,248071.0
6637.607190285612,248728.0
6637.786580060601,247649.0
6637.965969835591,246024.0
6638.14535961058,247497.0
6638.32474938557,247213.0
6638.504139160559,246666.0
6638.683528935549,247922.0
6638.862918710537,247852.0
6639.0423084855265,247015.0
6639.221698260516,244836.0
6639.401088035505,243377.0
6639.580477810495,244056.0
6639.759867585484,245097.0
6639.939257360474,248275.0
6640.118647135463,245530.0
6640.2980369104525,244998.0
6640.477426685441,242860.0
6640.6568164604305,240849.0
6640.83620623542,241232.0
6641.015596010409,243108.0
6641.194985785399,244227.0
6641.374375560388,244038.0
6641.553765335378,240996.0
6641.733155110367,240805.0
6641.9125448853565,242979.0
6642.091934660345,243528.0
6642.2713244353345,242184.0
6642.450714210324,240714.0
6642.630103985313,239231.0
6642.809493760303,237799.0
6642.988883535292,238718.0
6643.168273310282,240792.0
6643.347663085271,238908.0
6643.5270528602605,239680.0
6643.706442635249,239386.0
6643.885832410238,238574.0
6644.065222185228,238677.0
6644.244611960217,236326.0
6644.424001735207,235289.0
6644.603391510196,236488.0
6644.782781285186,237016.0
6644.962171060175,234705.0
6645.1415608351645,234461.0
6645.320950610153,235241.0
6645.500340385142,235472.0
6645.679730160132,234626.0
6645.859119935121,232494.0
6646.038509710111,233743.0
6646.2178994851,235559.0
6646.39728926009,234549.0
6646.576679035079,234955.0
6646.756068810068,233001.0
6646.935458585057,234503.0
6647.114848360046,233820.0
6647.294238135036,233404.0
6647.473627910025,232821.0
6647.653017685015,230930.0
6647.832407460004,230918.0
6648.0117972349935,231476.0
6648.191187009983,231596.0
6648.370576784972,230342.0
6648.549966559961,231393.0
6648.72935633495,230779.0
6648.90874610994,229531.0
6649.088135884929,229404.0
6649.267525659919,229237.0
6649.446915434908,228220.0
6649.6263052098975,229151.0
6649.805694984887,229135.0
6649.985084759876,227725.0
6650.164474534865,227895.0
6650.343864309854,228418.0
6650.523254084844,229072.0
6650.702643859833,227570.0
6650.882033634823,226560.0
6651.061423409812,226983.0
6651.2408131848015,227603.0
6651.420202959791,227142.0
6651.59959273478,225302.0
6651.778982509769,225402.0
6651.958372284758,223624.0
6652.137762059748,222242.0
6652.317151834737,225041.0
6652.496541609727,224606.0
6652.675931384716,221442.0
6652.855321159705,223940.0
6653.034710934695,224635.0
6653.214100709684,223577.0
6653.393490484673,221029.0
6653.572880259662,219713.0
6653.752270034652,219277.0
6653.931659809641,220610.0
6654.111049584631,221775.0
6654.29043935962,220624.0
6654.469829134609,219666.0
6654.649218909599,218433.0
6654.828608684588,216441.0
6655.007998459577,218451.0
6655.187388234566,218477.0
6655.366778009556,217901.0
6655.546167784545,217257.0
6655.7255575595345,217643.0
6655.904947334524,217670.0
6656.084337109513,216701.0
6656.263726884503,215246.0
6656.443116659492,214011.0
6656.622506434481,213348.0
6656.80189620947,214318.0
6656.98128598446,213390.0
6657.160675759449,213209.0
6657.3400655344385,213339.0
6657.519455309428,212842.0
6657.698845084417,213440.0
6657.878234859407,212949.0
6658.057624634395,212570.0
6658.237014409385,212176.0
6658.416404184374,210772.0
6658.595793959364,210508.0
6658.775183734353,210296.0
6658.9545735093425,209762.0
6659.133963284332,209913.0
6659.313353059321,207262.0
6659.492742834311,207905.0
6659.672132609299,207437.0
6659.851522384289,209533.0
6660.030912159278,209597.0
6660.210301934268,208288.0
6660.389691709257,206489.0
6660.569081484246,203888.0
6660.748471259236,204576.0
6660.927861034225,205455.0
6661.107250809215,204019.0
6661.286640584203,203920.0
6661.466030359193,204195.0
6661.645420134182,204446.0
6661.824809909172,204220.0
6662.004199684161,203881.0
6662.18358945915,202408.0
6662.36297923414,201659.0
6662.542369009129,202195.0
6662.721758784119,201456.0
6662.901148559107,200857.0
6663.080538334097,198706.0
6663.259928109086,198141.0
6663.4393178840755,198802.0
6663.618707659065,200292.0
6663.798097434054,200169.0
6663.977487209044,200706.0
6664.156876984033,199245.0
6664.336266759023,196772.0
6664.515656534011,195499.0
6664.695046309001,196786.0
6664.87443608399,197415.0
6665.0538258589795,198428.0
6665.233215633969,196123.0
6665.412605408958,194560.0
6665.591995183948,194644.0
6665.771384958937,196429.0
6665.950774733927,195522.0
6666.130164508915,193763.0
6666.309554283905,193514.0
6666.488944058894,194628.0
6666.6683338338835,195166.0
6666.847723608873,193124.0
6667.027113383862,192838.0
6667.206503158852,192831.0
6667.385892933841,190956.0
6667.565282708831,190133.0
6667.744672483819,189869.0
6667.924062258809,189706.0
6668.103452033798,190328.0
6668.282841808787,189958.0
6668.462231583777,189663.0
6668.641621358766,188858.0
6668.821011133756,187711.0
6669.000400908745,188760.0
6669.179790683735,189258.0
6669.359180458723,186360.0
6669.538570233713,185064.0
6669.717960008702,185304.0
6669.897349783691,184783.0
6670.076739558681,184452.0
6670.25612933367,182951.0
6670.43551910866,183397.0
6670.614908883649,182428.0
6670.794298658639,180749.0
6670.973688433627,180671.0
6671.1530782086165,178852.0
6671.332467983606,178592.0
6671.511857758595,177487.0
6671.691247533585,176814.0
6671.870637308574,175740.0
6672.050027083564,175537.0
6672.229416858553,174215.0
6672.408806633543,173026.0
6672.588196408531,171512.0
6672.7675861835205,170868.0
6672.94697595851,170581.0
6673.126365733499,169623.0
6673.305755508489,167741.0
6673.485145283478,166247.0
6673.664535058468,167020.0
6673.843924833457,164234.0
6674.0233146084465,164804.0
6674.202704383435,168753.0
6674.3820941584245,165910.0
6674.561483933414,164581.0
6674.740873708403,165744.0
6674.920263483393,164126.0
6675.099653258382,162372.0
6675.279043033372,161798.0
6675.458432808361,162497.0
6675.6378225833505,160347.0
6675.817212358339,160739.0
6675.996602133328,161218.0
6676.175991908318,160425.0
6676.355381683307,159135.0
6676.534771458297,158912.0
6676.714161233286,158527.0
6676.893551008276,158262.0
6677.072940783265,156812.0
6677.2523305582545,156778.0
6677.431720333243,154953.0
6677.611110108232,153168.0
6677.790499883222,152293.0
6677.969889658211,150970.0
6678.149279433201,151280.0
6678.32866920819,150686.0
6678.50805898318,151109.0
6678.687448758169,151165.0
6678.866838533158,151731.0
6679.046228308147,151623.0
6679.225618083136,149923.0
6679.405007858126,148890.0
6679.584397633115,150254.0
6679.763787408105,151961.0
6679.943177183094,150084.0
6680.122566958084,148997.0
6680.301956733073,148563.0
6680.481346508062,148255.0
6680.660736283051,149195.0
6680.84012605804,146948.0
6681.01951583303,147193.0
6681.198905608019,148173.0
6681.378295383009,148593.0
6681.557685157998,147326.0
6681.7370749329875,146864.0
6681.916464707977,147288.0
6682.095854482966,148562.0
6682.275244257955,147626.0
6682.454634032944,146517.0
6682.634023807934,148667.0
6682.813413582923,147403.0
6682.992803357913,146727.0
6683.172193132902,147203.0
6683.3515829078915,145854.0
6683.530972682881,146371.0
6683.71036245787,145307.0
6683.889752232859,146510.0
6684.069142007848,144878.0
6684.248531782838,145104.0
6684.427921557827,145862.0
6684.607311332817,146745.0
6684.786701107806,146927.0
6684.9660908827955,146418.0
6685.145480657785,145559.0
6685.324870432774,145284.0
6685.504260207763,147170.0
6685.683649982752,146759.0
6685.863039757742,145931.0
6686.042429532731,146103.0
6686.221819307721,145715.0
6686.40120908271,146672.0
6686.580598857699,144777.0
6686.759988632689,143407.0
6686.939378407678,143917.0
6687.118768182667,143505.0
6687.298157957656,142960.0
6687.477547732646,141691.0
6687.656937507635,142171.0
6687.836327282625,141392.0
6688.015717057614,140677.0
6688.195106832603,141329.0
6688.374496607593,141054.0
6688.553886382582,139683.0
6688.733276157571,139435.0
6688.91266593256,138483.0
6689.09205570755,139263.0
6689.271445482539,140642.0
6689.4508352575285,139832.0
6689.630225032518,137140.0
6689.809614807507,136406.0
6689.989004582497,135742.0
6690.168394357486,135935.0
6690.347784132475,135589.0
6690.527173907464,134940.0
6690.706563682454,136585.0
6690.885953457443,136329.0
6691.0653432324325,134519.0
6691.244733007422,134269.0
6691.424122782411,134703.0
6691.603512557401,132270.0
6691.78290233239,130527.0
6691.962292107379,130956.0
6692.141681882368,131442.0
6692.321071657358,130579.0
6692.500461432347,130574.0
6692.6798512073365,129904.0
6692.859240982326,130692.0
6693.038630757315,130147.0
6693.218020532305,130232.0
6693.397410307294,128029.0
6693.576800082283,126035.0
6693.756189857272,126778.0
6693.935579632262,126270.0
6694.114969407251,126014.0
6694.29435918224,126677.0
6694.47374895723,124731.0
6694.653138732219,125730.0
6694.832528507209,125105.0
6695.011918282198,123388.0
6695.191308057187,121702.0
6695.370697832176,121577.0
6695.550087607166,123727.0
6695.729477382155,123668.0
6695.908867157144,120801.0
6696.088256932134,121146.0
6696.267646707123,121196.0
6696.447036482113,120244.0
6696.626426257102,120055.0
6696.805816032091,119497.0
6696.98520580708,118914.0
6697.1645955820695,116831.0
6697.343985357059,115679.0
6697.523375132048,116721.0
6697.702764907038,117030.0
6697.882154682027,117310.0
6698.061544457017,117131.0
6698.240934232006,116100.0
6698.420324006995,115438.0
6698.599713781984,115178.0
6698.7791035569735,115039.0
6698.958493331963,112910.0
6699.137883106952,112582.0
6699.317272881942,113987.0
6699.496662656931,112371.0
6699.676052431921,111006.0
6699.85544220691,111397.0
6700.034831981899,110545.0
6700.214221756888,109695.0
6700.3936115318775,110012.0
6700.573001306867,110280.0
6700.752391081856,108033.0
6700.931780856846,108386.0
6701.111170631835,109011.0
6701.290560406825,108156.0
6701.469950181814,106457.0
6701.649339956803,106770.0
6701.828729731792,107595.0
6702.008119506781,106539.0
6702.187509281771,105589.0
6702.36689905676,105497.0
6702.54628883175,104274.0
6702.725678606739,103562.0
6702.905068381729,103944.0
6703.084458156718,103859.0
6703.263847931707,104010.0
6703.443237706696,102872.0
6703.622627481685,103075.0
6703.802017256675,101689.0
6703.981407031664,101596.0
6704.160796806654,100825.0
6704.340186581643,100535.0
6704.519576356633,99662.4
6704.698966131622,98080.0
6704.8783559066105,98692.6
6705.0577456816,99464.6
6705.237135456589,97264.5
6705.416525231579,97350.5
6705.595915006568,97022.6
6705.775304781558,96553.4
6705.954694556547,96947.9
6706.1340843315365,95387.4
6706.313474106526,95400.0
6706.4928638815145,94549.8
6706.672253656504,93754.7
6706.851643431493,93551.2
6707.031033206483,92671.3
6707.210422981472,92372.1
6707.389812756462,93511.5
6707.569202531451,92686.6
6707.7485923064405,91503.6
6707.92798208143,90223.8
6708.1073718564185,90279.0
6708.286761631408,90109.2
6708.466151406397,90428.6
6708.645541181387,89491.0
6708.824930956376,87730.0
6709.004320731366,87529.9
6709.183710506355,87736.7
6709.3631002813445,87066.5
6709.542490056334,86573.5
6709.721879831322,86174.9
6709.901269606312,85627.5
6710.080659381301,84265.4
6710.260049156291,84408.6
6710.43943893128,84473.6
6710.61882870627,83833.8
6710.798218481259,83925.1
6710.9776082562485,84097.9
6711.156998031238,82964.2
6711.336387806226,82600.3
6711.515777581216,82512.1
6711.695167356205,82238.9
6711.874557131195,80769.9
6712.053946906184,80155.6
6712.233336681174,79779.1
6712.412726456163,79242.7
6712.592116231152,79935.5
6712.771506006142,79209.3
6712.95089578113,79098.3
6713.13028555612,79423.4
6713.309675331109,78921.6
6713.489065106099,77451.5
6713.668454881088,77086.2
6713.8478446560775,76723.5
6714.027234431067,76641.7
6714.206624206056,75637.1
6714.386013981046,74649.9
6714.565403756034,73902.5
6714.744793531024,73506.1
6714.924183306013,73521.4
6715.103573081003,73792.4
6715.282962855992,72996.3
6715.4623526309815,73215.7
6715.641742405971,73712.1
6715.82113218096,71617.5
6716.00052195595,71446.6
6716.179911730938,72059.6
6716.359301505928,71012.6
6716.538691280917,70449.3
6716.718081055907,69777.8
6716.897470830896,68936.4
6717.0768606058855,69323.7
6717.256250380875,68714.9
6717.435640155864,68388.6
6717.615029930854,69674.2
6717.794419705842,68476.0
6717.973809480832,66868.5
6718.153199255821,66267.5
6718.332589030811,66966.8
6718.5119788058,66101.1
6718.6913685807895,64493.5
6718.870758355779,63942.3
6719.050148130768,64839.5
6719.229537905758,64235.6
6719.408927680746,64032.4
6719.588317455736,63643.3
6719.767707230725,63971.8
6719.947097005715,63025.9
6720.126486780704,62964.8
6720.305876555693,61761.4
6720.485266330683,60812.1
6720.664656105672,61488.8
6720.844045880662,60236.1
6721.02343565565,59088.9
6721.20282543064,59779.0
6721.382215205629,59810.0
6721.5616049806185,59649.7
6721.740994755608,58853.2
6721.920384530597,58587.7
6722.099774305587,57476.6
6722.279164080576,57314.1
6722.458553855566,58069.5
6722.637943630554,57307.4
6722.817333405544,56056.5
6722.996723180533,55627.7
6723.1761129555225,54870.9
6723.355502730512,55997.7
6723.534892505501,55022.4
6723.714282280491,55075.0
6723.89367205548,54743.5
6724.07306183047,54697.3
6724.252451605458,54944.8
6724.431841380448,54219.3
6724.611231155437,53468.5
6724.7906209304265,52612.0
6724.970010705416,52572.9
6725.149400480405,51950.7
6725.328790255395,52203.8
6725.508180030384,52237.3
6725.687569805374,51818.1
6725.866959580362,51186.4
6726.046349355352,50302.9
6726.225739130341,49859.9
6726.4051289053305,50253.6
6726.58451868032,50401.3
6726.763908455309,49598.3
6726.943298230299,48474.6
6727.122688005288,48573.6
6727.302077780278,48409.4
6727.481467555266,48427.4
6727.660857330256,47714.8
6727.840247105245,47705.1
6728.019636880234,48074.5
6728.199026655224,46844.7
6728.378416430213,45615.9
6728.557806205203,45307.0
6728.737195980192,46082.9
6728.916585755182,45977.4
6729.09597553017,44967.3
6729.2753653051595,44036.8
6729.454755080149,43446.0
6729.634144855138,43657.8
6729.813534630128,43424.6
6729.992924405117,42595.0
6730.172314180107,41951.4
6730.351703955096,42135.1
6730.531093730086,42987.4
6730.710483505074,42750.7
6730.8898732800635,41944.2
6731.069263055053,41516.5
6731.248652830042,41790.9
6731.428042605032,41569.6
6731.607432380021,40583.9
6731.786822155011,40261.1
6731.96621193,39274.7
6732.1456017049895,38467.9
6732.324991479978,39135.7
6732.5043812549675,38804.3
6732.683771029957,39284.5
6732.863160804946,39051.9
6733.042550579936,36929.1
6733.221940354925,37877.9
6733.401330129915,38187.5
6733.580719904904,37843.9
6733.7601096798935,36703.6
6733.939499454882,36382.7
6734.1188892298715,36703.9
6734.298279004861,35689.3
6734.47766877985,33240.3
