7606.4735465694,5073.54
7606.683292576965,4509.76
7606.893038584529,3739.45
7607.1027845920935,3568.58
7607.312530599657,4512.7
7607.522276607222,5326.72
7607.732022614786,4876.58
7607.9417686223505,4152.04
7608.151514629914,4561.32
7608.361260637479,5664.92
7608.571006645043,6607.32
7608.780752652608,8200.35
7608.990498660171,7893.17
7609.200244667736,6017.95
7609.4099906753,4147.69
7609.619736682865,3437.78
7609.829482690428,4407.15
7610.039228697993,5708.47
7610.248974705557,5660.43
7610.458720713122,5289.89
7610.6684667206855,6288.43
7610.87821272825,7686.0
7611.087958735814,10978.0
7611.297704743379,13238.6
7611.507450750943,12746.2
7611.717196758507,10997.7
7611.926942766071,8256.0
7612.136688773636,6357.85
7612.3464347812005,6903.79
7612.556180788764,7125.58
7612.765926796329,8414.8
7612.975672803893,8713.86
7613.185418811458,8010.23
7613.395164819021,8526.15
7613.604910826586,11364.0
7613.81465683415,15599.7
7614.024402841715,18892.6
7614.234148849278,20815.9
7614.443894856843,21870.4
7614.653640864407,19824.2
7614.863386871972,15618.6
7615.0731328795355,12726.5
7615.2828788871,11202.5
7615.492624894664,11985.6
7615.702370902229,14598.6
7615.9121169097925,14715.1
7616.121862917357,15430.2
7616.331608924921,15507.8
7616.541354932486,19506.6
7616.75110094005,25091.1
7616.960846947614,29814.8
7617.170592955178,32293.9
7617.380338962743,33458.8
7617.590084970307,34264.6
7617.799830977871,34119.5
7618.009576985436,35286.5
7618.219322993,35085.4
7618.429069000565,35165.6
7618.638815008128,35399.4
7618.848561015693,34838.4
7619.058307023257,34622.8
7619.268053030822,34783.6
7619.4777990383855,34297.7
7619.68754504595,34000.1
7619.897291053514,33933.6
7620.107037061079,32296.2
7620.3167830686425,29062.2
7620.526529076207,24594.5
7620.736275083771,19884.5
7620.946021091336,15941.1
7621.1557670989,14021.2
7621.365513106464,16056.9
7621.575259114028,21357.4
7621.785005121593,25992.6
7621.994751129157,29554.1
7622.204497136721,31416.0
7622.414243144285,29398.7
7622.62398915185,26709.7
7622.833735159414,22818.2
7623.043481166978,17135.9
7623.253227174542,12656.2
7623.462973182107,11187.0
7623.672719189672,11695.2
7623.882465197235,12623.0
7624.0922112048,13199.1
7624.301957212364,11543.9
7624.511703219929,9769.53
7624.7214492274925,11157.5
7624.931195235057,15563.1
7625.140941242621,20519.1
7625.350687250186,25189.9
7625.5604332577495,29583.2
7625.770179265314,31690.3
7625.979925272878,31277.2
7626.189671280443,29444.6
7626.399417288007,24464.1
7626.609163295571,17709.4
7626.818909303135,13665.9
7627.0286553107,11568.2
7627.238401318264,9618.83
7627.448147325828,9337.85
7627.657893333392,9656.67
7627.867639340957,10225.4
7628.077385348521,9734.96
7628.287131356085,9814.86
7628.496877363649,11938.7
7628.706623371214,16206.5
7628.916369378778,21388.0
7629.1261153863425,26675.2
7629.335861393907,30663.2
7629.545607401471,31954.1
7629.755353409036,32900.9
7629.9650994165995,32490.8
7630.174845424164,28966.0
7630.384591431728,23326.9
7630.594337439293,18125.0
7630.804083446857,13286.7
7631.013829454421,9186.09
7631.223575461985,7838.38
7631.43332146955,8722.27
7631.643067477114,9350.51
7631.852813484678,9399.39
7632.062559492242,9078.98
7632.272305499807,9364.16
7632.482051507371,13496.6
7632.691797514935,19574.3
7632.901543522499,25509.9
7633.111289530064,30339.6
7633.321035537628,33423.5
7633.530781545192,35788.0
7633.740527552756,36663.1
7633.950273560321,36275.9
7634.160019567885,33974.7
7634.3697655754495,29021.7
7634.579511583014,24385.6
7634.789257590578,18873.3
7634.999003598143,13730.3
7635.2087496057065,11322.1
7635.418495613271,9716.42
7635.628241620835,8866.72
7635.8379876284,8622.05
7636.047733635964,8752.74
7636.257479643528,9815.99
7636.467225651092,12091.8
7636.676971658657,17277.1
7636.886717666221,23011.5
7637.096463673785,28788.0
7637.306209681349,34883.4
7637.515955688914,37824.4
7637.725701696478,39004.7
7637.935447704042,40730.8
7638.145193711606,40354.4
7638.354939719171,39038.8
7638.564685726735,36945.2
7638.7744317342995,33694.8
7638.984177741863,28767.4
7639.193923749428,22106.0
7639.403669756992,16352.0
7639.6134157645565,13457.7
7639.82316177212,11466.1
7640.032907779685,11651.4
7640.24265378725,12236.5
7640.452399794814,11505.4
7640.662145802378,12662.9
7640.871891809942,15534.3
7641.081637817507,19859.0
7641.291383825071,26927.7
7641.501129832635,34568.6
7641.710875840199,39897.4
7641.920621847764,43485.9
7642.130367855328,44562.3
7642.340113862892,45825.8
7642.549859870456,45275.1
7642.759605878021,45226.1
7642.969351885585,44618.8
7643.179097893149,42566.1
7643.388843900713,38762.9
7643.598589908278,32574.0
7643.808335915842,26268.0
7644.0180819234065,20746.8
7644.22782793097,17469.4
7644.437573938535,16706.6
7644.647319946099,15592.0
7644.857065953664,15090.6
7645.066811961227,15656.3
7645.276557968792,17120.1
7645.486303976356,20381.9
7645.696049983921,25218.4
7645.905795991485,31131.8
7646.115541999049,38602.4
7646.325288006614,44435.1
7646.535034014178,48108.1
7646.744780021742,49495.9
7646.954526029306,50650.5
7647.164272036871,50878.2
7647.374018044435,50722.5
7647.583764051999,51110.5
7647.793510059563,50407.5
7648.003256067128,48005.8
7648.213002074692,44312.9
7648.4227480822565,38043.3
7648.63249408982,31683.0
7648.842240097385,25658.1
7649.051986104949,20929.8
7649.2617321125135,20039.5
7649.471478120077,20604.6
7649.681224127642,20746.6
7649.890970135206,21366.5
7650.100716142771,22768.6
7650.310462150334,26198.6
7650.520208157899,31618.2
7650.729954165463,37861.5
7650.939700173028,43983.8
7651.149446180591,50268.6
7651.359192188156,53052.8
7651.568938195721,54220.0
7651.778684203285,56470.7
7651.988430210849,56461.7
7652.198176218413,54660.7
7652.407922225978,55984.3
7652.617668233542,57287.3
7652.827414241106,56743.6
7653.03716024867,54327.9
7653.246906256235,49923.6
7653.456652263799,45301.7
7653.6663982713635,39666.7
7653.876144278927,33848.7
7654.085890286492,30114.7
7654.295636294056,28149.6
7654.505382301621,27121.9
7654.715128309184,27709.9
7654.924874316749,29177.3
7655.134620324313,30672.3
7655.344366331878,33661.5
7655.554112339441,38028.8
7655.763858347006,42787.0
7655.97360435457,49766.8
7656.183350362135,55403.8
7656.3930963696985,58119.1
7656.602842377263,60284.1
7656.812588384827,60856.2
7657.022334392392,60406.1
7657.232080399956,60779.2
7657.44182640752,61921.1
7657.651572415085,61319.3
7657.861318422649,61664.3
7658.0710644302135,61176.2
7658.280810437777,60736.8
7658.490556445342,58339.4
7658.700302452906,52986.8
7658.9100484604705,48012.9
7659.119794468034,43694.5
7659.329540475599,39665.5
7659.539286483163,37534.3
7659.749032490728,36619.8
7659.958778498291,35148.7
7660.168524505856,35670.2
7660.37827051342,37303.9
7660.588016520985,39809.1
7660.797762528548,44392.4
7661.007508536113,48761.9
7661.217254543677,53703.0
7661.427000551242,60138.0
7661.6367465588055,62856.6
7661.84649256637,64777.5
7662.056238573934,64079.3
7662.265984581499,64505.8
7662.475730589063,64796.5
7662.685476596627,64712.0
7662.895222604192,66637.0
7663.104968611756,67579.7
7663.3147146193205,66638.2
7663.524460626884,65265.3
7663.734206634449,63970.9
7663.943952642013,63276.6
7664.153698649578,59713.6
7664.363444657141,56079.1
7664.573190664706,52753.7
7664.78293667227,48807.4
7664.992682679835,47020.8
7665.202428687398,45227.4
7665.412174694963,43941.2
7665.621920702527,43956.6
7665.831666710092,44354.3
7666.0414127176555,46535.0
7666.25115872522,50432.4
7666.460904732784,53509.7
7666.670650740349,57901.8
7666.8803967479125,63664.9
7667.090142755477,67423.4
7667.299888763041,67479.0
7667.509634770606,68866.4
7667.71938077817,70588.5
7667.929126785734,71044.1
7668.138872793299,70264.2
7668.348618800863,69969.8
7668.5583648084275,70981.5
7668.768110815991,70131.5
7668.977856823556,68484.6
7669.18760283112,69526.7
7669.397348838685,68995.3
7669.607094846248,68208.3
7669.816840853813,67816.5
7670.026586861377,64179.8
7670.236332868942,59628.6
7670.446078876505,57545.4
7670.65582488407,56600.2
7670.865570891634,54657.6
7671.075316899199,52304.1
7671.2850629067625,51655.9
7671.494808914327,53717.3
7671.704554921891,56794.4
7671.914300929456,58518.3
7672.12404693702,60197.9
7672.333792944584,63617.6
7672.543538952148,66990.5
7672.753284959713,69341.3
7672.963030967277,71901.4
7673.172776974841,72077.5
7673.382522982405,71968.9
7673.59226898997,72945.5
7673.802014997535,72660.0
7674.011761005098,74025.8
7674.221507012663,74135.2
7674.431253020227,75098.5
7674.640999027792,73176.1
7674.850745035355,72454.4
7675.06049104292,73573.5
7675.270237050484,74212.3
7675.479983058049,72794.4
7675.6897290656125,70716.1
7675.899475073177,68660.3
7676.109221080741,66456.2
7676.318967088306,64696.2
7676.5287130958695,63443.7
7676.738459103434,61868.3
7676.948205110998,59599.4
7677.157951118563,59656.5
7677.367697126127,59697.0
7677.577443133691,61432.7
7677.787189141255,64029.9
7677.99693514882,66397.1
7678.206681156384,67579.3
7678.416427163948,69178.1
7678.626173171512,71846.2
7678.835919179077,73775.8
7679.045665186641,75119.1
7679.255411194205,76610.5
7679.46515720177,76229.0
7679.674903209334,75105.5
7679.884649216899,76158.9
7680.0943952244625,75296.2
7680.304141232027,74956.9
7680.513887239591,75172.1
7680.723633247156,75062.6
7680.9333792547195,75489.6
7681.143125262284,76129.1
7681.352871269848,76866.4
7681.562617277413,76503.0
7681.772363284977,75399.4
7681.982109292541,74435.5
7682.191855300105,72363.3
7682.40160130767,70879.2
7682.611347315234,68892.5
7682.821093322798,69055.3
7683.030839330362,68215.8
7683.240585337927,66761.4
7683.450331345491,65026.8
7683.660077353055,64663.0
7683.869823360619,67683.6
7684.079569368184,69599.2
7684.289315375748,70955.3
7684.499061383312,73152.6
7684.708807390876,73713.6
7684.918553398441,74765.1
7685.128299406006,77379.5
7685.3380454135695,78095.9
7685.547791421134,76605.1
7685.757537428698,76248.7
7685.967283436263,76566.0
7686.1770294438265,77995.7
7686.386775451391,77619.8
7686.596521458955,77434.3
7686.80626746652,77130.1
7687.016013474084,77611.6
7687.225759481648,78738.5
7687.435505489212,79232.1
7687.645251496777,78684.8
7687.854997504341,77384.9
7688.064743511905,76751.2
7688.274489519469,76660.8
7688.484235527034,77002.8
7688.693981534598,76746.8
7688.903727542162,74829.0
7689.113473549726,73121.9
7689.323219557291,73220.2
7689.532965564855,71931.1
7689.7427115724195,70555.9
7689.952457579983,71142.3
7690.162203587548,71138.0
7690.371949595112,72786.4
7690.5816956026765,74987.7
7690.791441610241,75227.6
7691.001187617805,76109.9
7691.21093362537,77080.9
7691.420679632934,78991.2
7691.630425640498,80135.8
7691.840171648062,79697.4
7692.049917655627,79290.6
7692.259663663191,78155.8
7692.469409670755,78943.8
7692.679155678319,79374.7
7692.888901685884,78396.4
7693.098647693448,78386.1
7693.308393701012,78614.4
7693.518139708576,78930.2
7693.727885716141,79176.9
7693.937631723705,78580.3
7694.147377731269,77947.3
7694.357123738833,78369.9
7694.566869746398,79066.5
7694.776615753962,78706.8
7694.9863617615265,79629.2
7695.19610776909,78156.9
7695.405853776655,77481.8
7695.615599784219,78144.9
7695.825345791784,77935.9
7696.035091799347,77415.8
7696.244837806912,75856.0
7696.454583814477,75489.3
7696.664329822041,77297.7
7696.874075829605,77949.1
7697.083821837169,76948.5
7697.293567844734,76728.7
7697.503313852298,76848.1
7697.713059859862,77060.5
7697.922805867426,78214.1
7698.132551874991,79323.2
7698.342297882555,80625.5
7698.552043890119,79941.7
7698.761789897683,79598.2
7698.971535905248,78409.4
7699.181281912812,77348.0
7699.3910279203765,77122.7
7699.60077392794,78892.9
7699.810519935505,80209.2
7700.020265943069,80753.9
7700.2300119506335,81111.8
7700.439757958197,80451.0
7700.649503965762,81843.5
7700.859249973326,82545.2
7701.068995980891,80741.3
7701.278741988454,80792.8
7701.488487996019,81017.7
7701.698234003583,81207.3
7701.907980011148,80585.0
7702.117726018712,80200.4
7702.327472026276,81421.1
7702.537218033841,79410.1
7702.746964041405,79223.9
7702.956710048969,78739.5
7703.166456056533,78386.8
7703.376202064098,78646.2
7703.585948071662,78808.0
7703.795694079226,77868.9
7704.00544008679,78491.5
7704.215186094355,78877.6
7704.424932101919,79529.4
7704.6346781094835,80093.4
7704.844424117047,80584.4
7705.054170124612,81729.9
7705.263916132176,80479.2
7705.473662139741,79692.4
7705.683408147304,80463.1
7705.893154154869,81307.3
7706.102900162433,80557.3
7706.312646169998,80962.5
7706.522392177561,82608.0
7706.732138185126,81861.2
7706.94188419269,81849.8
7707.151630200255,82487.1
7707.3613762078185,81045.9
7707.571122215383,82280.7
7707.780868222948,82903.5
7707.990614230512,82771.6
7708.200360238076,82317.7
7708.41010624564,81422.0
7708.619852253205,82147.5
7708.829598260769,82639.6
7709.0393442683335,80985.2
7709.249090275897,80703.7
7709.458836283462,81902.0
7709.668582291026,81666.3
7709.8783282985905,81726.2
7710.088074306154,81049.0
7710.297820313719,81205.0
7710.507566321283,80199.2
7710.717312328848,80620.0
7710.927058336411,80029.6
7711.136804343976,79781.5
7711.34655035154,80942.5
7711.556296359105,80700.3
7711.766042366668,80861.3
7711.975788374233,80317.5
7712.185534381797,81260.0
7712.395280389362,82322.0
7712.6050263969255,81726.2
7712.81477240449,82371.8
7713.024518412054,83872.6
7713.234264419619,83707.7
7713.4440104271835,82001.0
7713.653756434747,80576.7
7713.863502442312,80865.0
7714.073248449876,81214.7
7714.2829944574405,80777.5
7714.492740465004,80575.0
7714.702486472569,81324.0
7714.912232480133,82953.6
7715.121978487698,83050.2
7715.331724495261,83368.9
7715.541470502826,82970.7
7715.75121651039,82233.4
7715.960962517955,82818.8
7716.170708525518,81227.3
7716.380454533083,82997.4
7716.590200540647,80978.3
7716.799946548212,80131.2
7717.0096925557755,81889.3
7717.21943856334,81542.6
7717.429184570904,80816.7
7717.638930578469,81189.8
7717.8486765860325,82125.9
7718.058422593597,81668.1
7718.268168601161,80692.0
7718.477914608726,81376.2
7718.6876606162905,80688.0
7718.897406623854,79079.8
7719.107152631419,80035.0
7719.316898638983,80674.2
7719.5266446465475,80310.9
7719.736390654111,81590.1
7719.946136661676,79832.3
7720.15588266924,80623.2
7720.365628676805,80360.9
7720.575374684368,79958.1
7720.785120691933,80057.4
7720.994866699497,80579.6
7721.204612707062,80170.9
7721.414358714625,80460.6
7721.62410472219,79469.6
7721.833850729754,80596.3
7722.043596737319,81540.9
7722.2533427448825,81909.5
7722.463088752447,81096.4
7722.672834760011,80973.4
7722.882580767576,81119.6
7723.09232677514,81591.0
7723.302072782704,82217.7
7723.511818790268,81880.0
7723.721564797833,81847.9
7723.931310805397,81738.1
7724.141056812961,81703.8
7724.350802820526,81475.9
7724.56054882809,80472.2
7724.770294835655,80905.4
7724.980040843218,80704.7
7725.189786850783,81842.2
7725.399532858347,82055.3
7725.609278865912,80099.1
7725.819024873475,80508.1
7726.02877088104,80515.1
7726.238516888604,80177.8
7726.448262896169,80071.9
7726.6580089037325,79890.6
7726.867754911297,79810.1
7727.077500918861,82010.6
7727.287246926426,82376.7
7727.4969929339895,82693.8
7727.706738941554,83405.6
7727.916484949118,81552.4
7728.126230956683,80204.6
7728.335976964247,80129.5
7728.545722971811,79873.8
7728.755468979375,80565.6
7728.96521498694,79952.0
7729.174960994504,79497.1
7729.384707002068,80100.3
7729.594453009632,80018.1
7729.804199017197,79764.8
7730.013945024762,80791.5
7730.223691032325,80159.9
7730.43343703989,79397.4
7730.643183047454,79311.0
7730.852929055019,78694.0
7731.0626750625825,79615.1
7731.272421070147,79202.8
7731.482167077711,79351.2
7731.691913085276,79371.2
7731.9016590928395,79121.3
7732.111405100404,78403.0
7732.321151107968,77975.1
7732.530897115533,80146.1
7732.740643123097,80381.4
7732.950389130661,79271.5
7733.160135138225,79083.6
7733.36988114579,80050.7
7733.579627153354,79892.7
7733.789373160918,79079.8
7733.999119168482,79467.3
7734.208865176047,79435.5
7734.418611183611,78842.5
7734.628357191175,79923.0
7734.838103198739,79583.1
7735.047849206304,78690.0
7735.257595213869,78083.9
7735.467341221432,78156.6
7735.677087228997,78362.8
7735.886833236561,78925.9
7736.096579244126,79684.8
7736.3063252516895,80149.2
7736.516071259254,80152.1
7736.725817266818,79961.3
7736.935563274383,79994.9
7737.1453092819465,79158.1
7737.355055289511,78832.1
7737.564801297075,79146.5
7737.77454730464,78514.7
7737.984293312204,79261.1
7738.194039319768,78732.0
7738.403785327332,78009.5
7738.613531334897,78260.5
7738.823277342461,78181.2
7739.033023350025,79025.8
7739.242769357589,79894.3
7739.452515365154,78711.2
7739.662261372718,77263.8
7739.872007380282,77822.7
7740.081753387846,78055.3
7740.291499395411,78576.1
7740.501245402975,77673.6
7740.7109914105395,77106.6
7740.920737418104,77743.5
7741.130483425668,78720.7
7741.340229433233,78301.9
7741.5499754407965,78608.4
7741.759721448361,78439.8
7741.969467455925,76753.5
7742.17921346349,76616.5
7742.388959471054,76802.8
7742.598705478618,76892.5
7742.808451486182,77737.7
7743.018197493747,76653.7
7743.227943501311,77770.0
7743.437689508875,77849.1
7743.647435516439,77179.6
7743.857181524004,75386.3
7744.066927531568,76852.2
7744.276673539132,77379.0
7744.486419546696,77191.6
7744.696165554261,76508.1
7744.905911561825,77957.4
7745.115657569389,76491.1
7745.325403576953,75473.3
7745.535149584518,75811.3
7745.744895592082,75576.6
7745.9546415996465,75582.4
7746.16438760721,75201.1
7746.374133614775,75650.0
7746.58387962234,75892.0
7746.7936256299035,76937.9
7747.003371637468,77051.8
7747.213117645032,75569.5
7747.422863652597,74718.4
7747.632609660161,76234.9
7747.842355667725,76969.1
7748.052101675289,75490.8
7748.261847682854,76374.7
7748.471593690418,76002.7
7748.681339697982,74445.1
7748.891085705546,75400.5
7749.100831713111,75113.3
7749.310577720675,76018.3
7749.520323728239,76235.7
7749.730069735803,74901.4
7749.939815743368,75265.4
7750.149561750932,76119.5
7750.3593077584965,75589.1
7750.56905376606,74083.8
7750.778799773625,73423.7
7750.988545781189,75289.7
7751.1982917887535,75835.1
7751.408037796317,75728.9
7751.617783803882,74895.6
7751.827529811446,74665.8
7752.037275819011,74769.9
7752.247021826575,74519.5
7752.456767834139,74238.7
7752.666513841704,75287.6
7752.876259849268,75734.4
7753.086005856832,75664.2
7753.295751864396,74451.0
7753.505497871961,73715.5
7753.715243879525,74685.5
7753.924989887089,73465.7
7754.134735894653,73279.0
7754.344481902218,74209.7
7754.554227909782,74626.7
7754.763973917346,72529.4
7754.97371992491,71901.3
7755.183465932475,72450.4
7755.393211940039,73080.0
7755.6029579476035,73797.1
7755.812703955167,72745.6
7756.022449962732,72968.8
7756.232195970296,74111.8
7756.441941977861,72833.7
7756.651687985424,71902.9
7756.861433992989,71885.0
7757.071180000553,72456.3
7757.280926008118,73408.3
7757.490672015681,71961.0
7757.700418023246,72206.6
7757.910164030811,73638.8
7758.119910038375,73725.2
7758.329656045939,73075.5
7758.539402053503,73236.8
7758.749148061068,73154.9
7758.958894068632,73583.3
7759.168640076196,72385.5
7759.37838608376,71798.1
7759.588132091325,72252.9
7759.797878098889,72478.4
7760.0076241064535,73479.9
7760.217370114017,72033.4
7760.427116121582,71442.5
7760.636862129146,72579.7
7760.8466081367105,71716.4
7761.056354144274,71067.9
7761.266100151839,72783.8
7761.475846159403,72613.8
7761.685592166968,72103.6
7761.895338174531,71999.9
7762.105084182096,72449.0
7762.31483018966,72100.1
7762.524576197225,71497.1
7762.734322204788,72202.7
7762.944068212353,72099.8
7763.153814219917,71287.5
7763.363560227482,71649.5
7763.573306235046,71982.6
7763.78305224261,71340.8
7763.992798250175,70877.8
7764.202544257739,70627.5
7764.412290265303,70658.5
7764.622036272867,71021.1
7764.831782280432,69649.5
7765.041528287996,69543.0
7765.2512742955605,70586.9
7765.461020303124,69905.4
7765.670766310689,69660.8
7765.880512318253,68869.6
7766.090258325818,68864.7
7766.300004333381,69811.5
7766.509750340946,68947.1
7766.71949634851,67751.9
7766.929242356075,67224.6
7767.138988363638,68844.8
7767.348734371203,68265.6
7767.558480378767,67558.8
7767.768226386332,67972.0
7767.9779723938955,68131.4
7768.18771840146,68664.6
7768.397464409024,68192.4
7768.607210416589,68601.7
7768.8169564241525,68418.0
7769.026702431717,69492.9
7769.236448439282,68405.6
7769.446194446846,68139.6
7769.6559404544105,68731.6
7769.865686461974,69307.3
7770.075432469539,67665.3
7770.285178477103,66940.1
7770.4949244846675,66168.7
7770.704670492231,66567.3
7770.914416499796,65801.0
7771.12416250736,63624.0
7771.333908514925,61695.1
7771.543654522488,58209.9
7771.753400530053,56652.0
7771.963146537617,56034.6
7772.172892545182,55690.0
7772.382638552745,55821.2
7772.59238456031,56985.4
7772.802130567874,58083.5
7773.011876575439,58827.6
7773.2216225830025,59952.9
7773.431368590567,59817.5
7773.641114598131,58497.2
7773.850860605696,56934.1
7774.06060661326,55645.4
7774.270352620824,54948.4
7774.480098628388,53675.7
7774.689844635953,52736.6
7774.8995906435175,52896.1
7775.109336651081,53311.9
7775.319082658646,54394.8
7775.52882866621,53623.6
7775.738574673775,55041.1
7775.948320681338,56774.5
7776.158066688903,58377.7
7776.367812696467,61122.4
7776.577558704032,63489.7
7776.787304711595,64890.0
7776.99705071916,64781.7
7777.206796726724,65395.1
7777.416542734289,65323.0
7777.6262887418525,65147.1
7777.836034749417,64839.1
7778.045780756981,65624.2
7778.255526764546,65088.1
7778.4652727721095,65288.1
7778.675018779674,65748.5
7778.884764787238,65286.9
7779.094510794803,64906.4
7779.304256802367,65559.0
7779.514002809931,65596.4
7779.723748817495,64854.1
7779.93349482506,64361.0
7780.143240832624,64328.2
7780.352986840188,64512.3
7780.562732847753,65848.0
7780.772478855317,64635.5
7780.982224862882,64470.7
7781.191970870445,64566.4
7781.40171687801,63190.2
7781.611462885574,63061.6
7781.821208893139,62773.4
7782.030954900702,62255.0
7782.240700908267,62099.5
7782.450446915831,63236.5
7782.660192923396,63433.9
7782.8699389309595,62722.7
7783.079684938524,63048.0
7783.289430946088,62855.7
7783.499176953653,63003.8
7783.708922961217,63366.0
7783.918668968781,62240.3
7784.128414976345,63414.6
7784.33816098391,63193.1
7784.547906991474,64527.9
7784.757652999038,63486.7
7784.967399006602,62772.2
7785.177145014167,62327.5
7785.386891021731,62222.9
7785.596637029295,63732.5
7785.806383036859,63041.6
7786.016129044424,63316.3
7786.225875051989,62309.1
7786.435621059552,61809.6
7786.645367067117,62057.9
7786.855113074681,61181.7
7787.064859082246,61250.1
7787.2746050898095,61507.1
7787.484351097374,62012.6
7787.694097104938,61241.6
7787.903843112503,61183.9
7788.1135891200665,60783.4
7788.323335127631,60811.8
7788.533081135195,61115.8
7788.74282714276,60450.8
7788.952573150324,61088.2
7789.162319157888,60744.1
7789.372065165452,60851.2
7789.581811173017,61615.4
7789.791557180581,61269.8
7790.001303188145,60861.0
7790.211049195709,60414.5
7790.420795203274,59937.9
7790.630541210838,59258.4
7790.840287218402,59848.0
7791.050033225966,59400.3
7791.259779233531,58787.9
7791.469525241095,59689.6
7791.6792712486595,58367.0
7791.889017256224,58693.1
7792.098763263788,58628.8
7792.308509271353,59012.2
7792.5182552789165,58343.1
7792.728001286481,60165.5
7792.937747294045,60821.9
7793.14749330161,59580.8
7793.357239309174,58625.8
7793.566985316738,59649.4
7793.776731324302,59718.5
7793.986477331867,58746.7
7794.196223339431,58999.9
7794.405969346995,57699.5
7794.615715354559,57836.0
7794.825461362124,58065.0
7795.035207369688,57424.8
7795.244953377252,56990.3
7795.454699384816,57726.4
7795.664445392381,57988.5
7795.874191399945,56545.4
7796.083937407509,57003.8
7796.293683415073,57200.0
7796.503429422638,57021.4
7796.713175430202,57159.7
7796.9229214377665,57175.7
7797.13266744533,56774.4
7797.342413452895,56743.8
7797.55215946046,57380.8
7797.7619054680235,57291.1
7797.971651475588,57035.5
7798.181397483152,57801.6
7798.391143490717,57885.3
7798.600889498281,57791.4
7798.810635505845,55875.9
7799.020381513409,56236.3
7799.230127520974,56514.5
7799.439873528538,56765.6
7799.649619536102,56703.5
7799.859365543666,54527.5
7800.069111551231,55740.6
7800.278857558795,54834.8
7800.488603566359,55404.5
7800.698349573923,55083.1
7800.908095581488,54586.1
7801.117841589052,54800.0
7801.3275875966165,54882.8
7801.53733360418,54436.9
7801.747079611745,55107.0
7801.956825619309,55543.7
7802.1665716268735,55212.0
7802.376317634437,54820.6
7802.586063642002,54800.3
7802.795809649566,54959.4
7803.005555657131,54600.2
7803.215301664695,53795.8
7803.425047672259,52723.9
7803.634793679824,52914.0
7803.844539687388,53057.1
7804.054285694952,53671.3
7804.264031702516,53663.6
7804.473777710081,54144.9
7804.683523717645,53039.0
7804.893269725209,52700.1
7805.103015732773,52453.2
7805.312761740338,53191.6
7805.522507747902,51893.3
7805.732253755466,51560.4
7805.94199976303,51558.8
7806.151745770595,52646.7
7806.361491778159,52508.3
7806.5712377857235,51913.5
7806.780983793287,51586.0
7806.990729800852,51184.1
7807.200475808416,52254.6
7807.410221815981,53021.8
7807.619967823544,52952.3
7807.829713831109,51676.7
7808.039459838673,50077.9
7808.249205846238,50557.1
7808.458951853801,52376.9
7808.668697861366,52379.6
7808.878443868931,52574.5
7809.088189876495,51620.1
7809.297935884059,51035.0
7809.507681891623,50723.2
7809.717427899188,49253.9
7809.927173906752,50342.6
7810.136919914316,49789.0
7810.34666592188,49336.5
7810.556411929445,49742.2
7810.766157937009,49501.5
7810.9759039445735,49922.4
7811.185649952137,50423.3
7811.395395959702,49761.5
7811.605141967266,49586.6
7811.8148879748305,50136.9
7812.024633982394,49777.6
7812.234379989959,49536.5
7812.444125997523,50006.4
7812.653872005088,50129.4
7812.863618012651,50488.3
7813.073364020216,48826.1
7813.28311002778,48828.7
7813.492856035345,47379.7
7813.702602042908,48254.6
7813.912348050473,49172.7
7814.122094058038,49484.5
7814.331840065602,47361.1
7814.541586073166,48353.5
7814.75133208073,48456.2
7814.961078088295,49528.1
7815.170824095859,48271.2
7815.380570103423,47093.7
7815.590316110987,46196.1
7815.800062118552,46309.4
7816.009808126116,46331.8
7816.2195541336805,46586.0
7816.429300141244,46706.8
7816.639046148809,46786.3
7816.848792156373,47132.4
7817.058538163938,47992.4
7817.268284171501,45522.8
7817.478030179066,46272.9
7817.68777618663,47582.9
7817.897522194195,47391.3
7818.107268201758,47309.6
7818.317014209323,47856.2
7818.526760216887,46604.4
7818.736506224452,45125.7
7818.9462522320155,44458.2
7819.15599823958,45034.6
7819.365744247145,45347.4
7819.575490254709,45842.4
7819.785236262273,45838.4
7819.994982269837,44982.7
7820.204728277402,44834.7
7820.414474284966,45584.7
7820.6242202925305,44433.4
7820.833966300094,45682.7
7821.043712307659,45147.5
7821.253458315223,45443.0
7821.4632043227875,44645.5
7821.672950330351,43887.2
7821.882696337916,45110.0
7822.09244234548,44817.9
7822.302188353045,43549.7
7822.511934360608,43587.7
7822.721680368173,43532.9
7822.931426375737,44223.7
7823.141172383302,44159.0
7823.350918390865,43826.1
7823.56066439843,44326.4
7823.770410405994,43607.3
7823.980156413559,43630.6
7824.1899024211225,44504.1
7824.399648428687,43081.0
7824.609394436251,43105.3
7824.819140443816,43945.3
7825.0288864513805,43254.8
7825.238632458944,43056.0
7825.448378466509,42884.5
7825.658124474073,43370.0
7825.8678704816375,43054.8
7826.077616489201,42683.9
7826.287362496766,42107.1
7826.49710850433,41679.9
7826.706854511895,43025.0
7826.916600519458,42135.1
7827.126346527023,43268.9
7827.336092534587,42134.9
7827.545838542152,41994.9
7827.755584549715,42538.7
7827.96533055728,42012.9
7828.175076564844,41665.7
7828.384822572409,41940.3
7828.5945685799725,40689.7
7828.804314587537,40442.5
7829.014060595101,40399.6
7829.223806602666,40753.4
7829.4335526102295,40574.9
7829.643298617794,41465.2
7829.853044625358,40783.1
7830.062790632923,40372.0
7830.272536640487,40309.9
7830.482282648051,40754.7
7830.692028655616,41447.2
7830.90177466318,41207.7
7831.1115206707445,39530.1
7831.321266678308,39929.1
7831.531012685873,40501.3
7831.740758693437,39047.4
7831.950504701002,39582.4
7832.160250708565,40574.1
7832.36999671613,39738.6
7832.579742723694,39211.9
7832.789488731259,39863.3
7832.999234738822,38694.4
7833.208980746387,39411.6
7833.418726753951,39381.6
7833.628472761516,38541.2
7833.8382187690795,36204.2
7834.047964776644,37780.9
7834.257710784208,38559.1
7834.467456791773,38036.8
7834.677202799337,39180.9
7834.886948806901,38258.2
7835.096694814465,38041.8
7835.30644082203,36657.3
7835.516186829594,36487.6
7835.725932837158,36809.7
7835.935678844722,37122.0
7836.145424852287,37298.7
7836.355170859852,38406.1
7836.564916867415,37631.8
7836.77466287498,37221.3
7836.984408882544,36990.7
7837.194154890109,37365.4
7837.403900897672,37277.2
7837.613646905237,37279.9
7837.823392912801,35963.0
7838.033138920366,35938.2
7838.2428849279295,36709.9
7838.452630935494,36181.4
7838.662376943058,36040.0
7838.872122950623,35855.2
7839.0818689581865,36298.5
7839.291614965751,35517.5
7839.501360973315,35441.9
7839.71110698088,35450.7
7839.920852988444,35321.4
7840.130598996008,35578.0
7840.340345003572,35885.4
7840.550091011137,34722.5
7840.759837018701,34296.3
7840.969583026265,35457.7
7841.179329033829,35524.9
7841.389075041394,35553.9
7841.598821048958,35421.5
7841.808567056522,34822.2
7842.018313064087,34930.1
7842.228059071651,33915.1
7842.437805079216,35127.0
7842.6475510867795,33724.3
7842.857297094344,33526.0
7843.067043101908,34587.2
7843.276789109473,35008.4
7843.4865351170365,34199.4
7843.696281124601,33912.2
7843.906027132165,33169.8
7844.11577313973,32155.7
7844.325519147294,32887.2
7844.535265154858,33163.9
7844.745011162422,34014.7
7844.954757169987,33317.0
7845.164503177551,33059.3
7845.374249185115,33013.7
7845.583995192679,32286.0
7845.793741200244,32751.5
7846.003487207808,31856.7
7846.213233215372,31325.3
7846.422979222936,31639.8
7846.632725230501,31464.8
7846.842471238065,31201.8
7847.052217245629,31287.3
7847.261963253193,32212.1
7847.471709260758,31621.1
7847.681455268323,30943.2
7847.8912012758865,32031.8
7848.100947283451,31291.3
7848.310693291015,31705.9
7848.52043929858,30596.7
7848.7301853061435,30145.4
7848.939931313708,31868.1
7849.149677321272,31633.7
7849.359423328837,30468.0
7849.569169336401,29655.1
7849.778915343965,29868.8
7849.988661351529,29695.4
7850.198407359094,31001.1
7850.408153366658,30403.3
7850.617899374222,29855.9
7850.827645381786,30460.9
7851.037391389351,29933.1
7851.247137396915,28955.3
7851.456883404479,28589.9
7851.666629412043,29355.9
7851.876375419608,29439.9
7852.086121427172,30724.3
7852.2958674347365,29574.3
7852.5056134423,28081.4
7852.715359449865,28859.9
7852.925105457429,28646.7
7853.1348514649935,29334.2
7853.344597472558,28954.6
7853.554343480122,28665.7
7853.764089487687,29584.2
7853.973835495251,28189.2
7854.183581502815,27649.5
7854.393327510379,27590.1
7854.603073517944,27706.8
7854.812819525508,27758.2
7855.022565533072,26356.4
7855.232311540636,27166.3
7855.442057548201,27686.8
7855.651803555765,27685.2
7855.861549563329,27745.2
7856.071295570893,28304.8
7856.281041578458,27335.3
7856.490787586022,25281.8
7856.700533593586,26771.3
7856.91027960115,26703.8
7857.120025608715,27418.8
7857.329771616279,27326.4
7857.5395176238435,27654.8
7857.749263631407,27510.6
7857.959009638972,27454.5
7858.168755646536,26801.8
7858.378501654101,27255.8
7858.588247661664,26722.7
7858.797993669229,26063.2
7859.007739676794,27311.4
7859.217485684358,25847.5
7859.427231691922,26034.6
7859.636977699486,27037.3
7859.846723707051,26364.1
7860.056469714615,25026.1
7860.266215722179,24776.2
7860.475961729743,25254.1
7860.685707737308,24675.1
7860.895453744872,24553.5
7861.105199752436,25417.6
7861.31494576,24722.6
7861.524691767565,24597.2
7861.734437775129,25050.4
7861.9441837826935,25540.7
7862.153929790257,25002.7
7862.363675797822,25262.2
7862.573421805386,25524.3
7862.7831678129505,24806.2
7862.992913820514,24939.1
7863.202659828079,23466.4
7863.412405835643,23624.8
7863.622151843208,23461.6
7863.831897850771,23974.1
7864.041643858336,23460.8
7864.2513898659,23494.9
7864.461135873465,23152.1
7864.670881881029,22393.9
7864.880627888593,22494.0
7865.090373896158,22034.9
7865.300119903722,23045.1
7865.509865911286,23111.1
7865.71961191885,23298.5
7865.929357926415,22903.1
7866.139103933979,21688.6
7866.348849941543,21366.0
7866.558595949107,20967.8
7866.768341956672,20808.7
7866.978087964236,22169.1
7867.1878339718005,22214.7
7867.397579979364,21941.8
7867.607325986929,21162.2
7867.817071994493,20715.8
7868.026818002058,21409.5
7868.236564009621,23331.8
7868.446310017186,22186.0
7868.65605602475,22194.5
7868.865802032315,21518.9
7869.075548039878,20282.8
7869.285294047443,20558.3
7869.495040055007,20616.9
7869.704786062572,21616.0
7869.9145320701355,21243.0
7870.1242780777,21389.4
7870.334024085265,20856.3
7870.543770092829,19934.2
7870.753516100393,19594.9
7870.963262107957,20082.0
7871.173008115522,20102.1
7871.382754123086,19388.8
7871.5925001306505,19614.4
7871.802246138214,19811.3
7872.011992145779,19871.4
7872.221738153343,19324.8
7872.4314841609075,19833.4
7872.641230168471,19320.7
7872.850976176036,19685.7
7873.0607221836,19579.2
7873.270468191165,18760.7
7873.480214198728,17826.8
7873.689960206293,17496.7
7873.899706213857,18683.7
7874.109452221422,19405.0
7874.319198228985,18855.6
7874.52894423655,19034.3
7874.738690244114,18478.3
7874.948436251679,18770.9
7875.1581822592425,18151.8
7875.367928266807,18439.5
7875.577674274371,18996.5
7875.787420281936,17917.3
7875.9971662895005,16790.6
7876.206912297064,18077.9
7876.416658304629,17222.1
7876.626404312193,17881.0
7876.8361503197575,16418.6
7877.045896327321,16750.3
7877.255642334886,16899.4
7877.46538834245,16062.2
7877.675134350015,16279.3
7877.884880357578,17291.4
7878.094626365143,17726.3
7878.304372372707,16908.8
7878.514118380272,16452.4
7878.723864387835,17057.4
7878.9336103954,17037.7
7879.143356402964,16769.0
7879.353102410529,16729.1
7879.5628484180925,16719.1
7879.772594425657,17121.5
7879.982340433221,17076.5
7880.192086440786,15526.8
7880.4018324483495,15824.6
7880.611578455914,15610.8
7880.821324463479,14771.7
7881.031070471043,15123.2
7881.240816478607,14891.8
7881.450562486171,15186.2
7881.660308493736,15310.2
7881.8700545013,14574.6
7882.0798005088645,14146.4
7882.289546516428,15586.5
7882.499292523993,14139.2
7882.709038531557,14640.5
7882.918784539122,15505.1
7883.128530546685,14724.6
7883.33827655425,14133.9
7883.548022561814,14800.7
7883.757768569379,15496.2
7883.967514576942,14682.9
7884.177260584507,13409.8
7884.387006592071,13989.8
7884.596752599636,14158.2
7884.8064986071995,12715.4
7885.016244614764,13119.5
7885.225990622328,14089.7
7885.435736629893,12899.5
7885.645482637457,12923.6
7885.855228645021,12838.9
7886.064974652585,13458.8
7886.27472066015,14658.6
7886.4844666677145,13312.4
7886.694212675278,13151.0
7886.903958682842,12341.0
7887.113704690407,13380.3
7887.323450697972,12935.8
7887.533196705535,12542.5
7887.7429427131,13236.1
7887.952688720664,11607.1
7888.162434728229,11617.8
7888.372180735792,11536.6
7888.581926743357,12057.2
7888.791672750921,12300.5
7889.001418758486,12347.1
7889.2111647660495,11345.0
7889.420910773614,11483.0
7889.630656781178,11888.3
7889.840402788743,12336.0
7890.0501487963065,11392.5
7890.259894803871,10375.9
7890.469640811435,11120.9
7890.679386819,12348.3
7890.889132826564,12296.9
7891.098878834128,12709.9
7891.308624841692,13144.3
7891.518370849257,11536.9
7891.728116856821,11132.8
7891.937862864385,11207.5
7892.14760887195,10848.1
7892.357354879514,11144.6
7892.567100887078,11888.7
7892.776846894642,11709.5
7892.986592902207,11412.9
7893.196338909771,11309.9
7893.406084917336,10049.5
7893.6158309248995,10488.7
7893.825576932464,9199.53
7894.035322940028,9464.86
7894.245068947593,11421.2
7894.4548149551565,9738.15
