7606.7009789379,4679.93
7606.910816488837,4451.71
7607.120654039773,3947.63
7607.33049159071,4551.96
7607.540329141647,6068.89
7607.750166692584,7100.32
7607.96000424352,6892.18
7608.169841794457,5449.9
7608.379679345393,3866.13
7608.58951689633,5119.73
7608.7993544472665,4676.13
7609.009191998203,4916.08
7609.21902954914,5778.32
7609.428867100077,4111.17
7609.6387046510135,4113.84
7609.84854220195,5692.67
7610.058379752887,7347.37
7610.268217303824,11003.1
7610.478054854761,13569.8
7610.687892405697,12792.4
7610.897729956634,10075.1
7611.107567507571,6811.61
7611.317405058507,6024.67
7611.527242609443,5688.21
7611.73708016038,6916.3
7611.946917711317,8704.19
7612.156755262254,9255.1
7612.36659281319,8602.07
7612.576430364127,8365.4
7612.786267915064,10952.1
7612.996105466001,15497.0
7613.205943016937,18875.4
7613.415780567874,19432.9
7613.625618118811,19331.6
7613.835455669748,18380.3
7614.0452932206845,14407.7
7614.25513077162,10907.1
7614.464968322557,9600.77
7614.674805873494,9693.75
7614.884643424431,11537.9
7615.094480975367,13532.6
7615.304318526304,14418.1
7615.514156077241,15228.1
7615.723993628178,17314.7
7615.933831179114,22147.4
7616.143668730051,27336.1
7616.353506280988,29731.3
7616.563343831925,32052.5
7616.773181382861,34358.0
7616.983018933798,35008.1
7617.192856484734,35836.5
7617.402694035671,36234.1
7617.6125315866075,36496.6
7617.822369137544,36387.6
7618.032206688481,35859.7
7618.242044239418,35788.8
7618.4518817903545,34983.3
7618.661719341291,32392.8
7618.871556892228,31149.5
7619.081394443165,32566.8
7619.2912319941015,34403.5
7619.501069545038,32828.3
7619.710907095975,30044.6
7619.920744646912,25580.6
7620.130582197848,18590.9
7620.340419748784,13985.4
7620.550257299721,13779.2
7620.760094850658,16759.5
7620.969932401595,21679.3
7621.179769952531,25773.4
7621.389607503468,27656.4
7621.599445054405,28812.8
7621.809282605342,29119.4
7622.019120156278,26483.0
7622.228957707215,22762.0
7622.438795258152,17653.4
7622.648632809089,12937.7
7622.858470360025,10165.5
7623.068307910961,9856.89
7623.278145461898,11628.8
7623.487983012835,12738.3
7623.6978205637715,10865.5
7623.907658114708,9803.25
7624.117495665645,10368.5
7624.327333216582,13644.6
7624.537170767519,19255.0
7624.747008318455,24165.4
7624.956845869392,28039.9
7625.166683420329,31572.6
7625.376520971266,31927.7
7625.586358522202,30742.4
7625.796196073139,27022.6
7626.006033624075,20864.2
7626.215871175012,16523.0
7626.425708725948,13139.2
7626.635546276885,9781.2
7626.845383827822,8967.38
7627.055221378759,9159.23
7627.265058929695,10087.9
7627.474896480632,8635.35
7627.684734031569,8763.69
7627.894571582506,9986.79
7628.1044091334425,12836.6
7628.314246684379,17966.1
7628.524084235316,23392.8
7628.733921786253,29002.6
7628.9437593371895,32370.4
7629.153596888125,32878.4
7629.363434439062,31920.8
7629.573271989999,30640.9
7629.783109540936,28157.6
7629.992947091872,22951.4
7630.202784642809,17218.6
7630.412622193746,13839.2
7630.622459744683,9610.34
7630.832297295619,7829.0
7631.042134846556,8030.65
7631.251972397493,8327.56
7631.46180994843,9053.74
7631.671647499366,9314.26
7631.881485050303,9454.11
7632.091322601239,12610.8
7632.301160152176,18130.3
7632.5109977031125,26229.0
7632.720835254049,31879.1
7632.930672804986,35151.0
7633.140510355923,36977.1
7633.3503479068595,37196.7
7633.560185457796,36020.0
7633.770023008733,34280.5
7633.97986055967,31725.1
7634.1896981106065,25945.4
7634.399535661543,20688.0
7634.60937321248,15881.3
7634.819210763417,11965.5
7635.029048314353,9512.77
7635.238885865289,9215.9
7635.448723416226,9574.94
7635.658560967163,8172.69
7635.8683985181,8491.79
7636.078236069036,11161.2
7636.288073619973,14530.6
7636.49791117091,20817.4
7636.707748721847,27794.7
7636.917586272783,33246.4
7637.12742382372,36635.1
7637.337261374657,38779.4
7637.547098925594,41184.1
7637.75693647653,40249.5
7637.966774027466,40030.3
7638.176611578403,38598.2
7638.38644912934,35158.9
7638.5962866802765,31393.8
7638.806124231213,26618.8
7639.01596178215,20186.2
7639.225799333087,14717.7
7639.435636884024,12037.1
7639.64547443496,11442.4
7639.855311985897,11820.7
7640.065149536834,12330.5
7640.274987087771,12993.3
7640.484824638707,13639.1
7640.694662189644,17919.3
7640.90449974058,24648.4
7641.114337291517,29064.1
7641.324174842453,35710.3
7641.53401239339,41516.5
7641.743849944327,42840.8
7641.953687495264,44443.3
7642.1635250462,44992.8
7642.373362597137,46138.4
7642.583200148074,47068.6
7642.793037699011,45557.3
7643.0028752499475,43008.3
7643.212712800884,38068.1
7643.422550351821,32333.2
7643.632387902758,25885.8
7643.842225453694,21092.5
7644.05206300463,18264.7
7644.261900555567,15588.9
7644.471738106504,15006.2
7644.681575657441,16186.5
7644.891413208377,16322.6
7645.101250759314,18643.3
7645.311088310251,23981.7
7645.520925861188,29400.5
7645.730763412124,34293.1
7645.940600963061,40103.0
7646.150438513998,46087.7
7646.360276064935,50023.0
7646.570113615871,52715.6
7646.779951166807,54287.9
7646.989788717744,53180.7
7647.199626268681,52958.4
7647.4094638196175,53342.1
7647.619301370554,52363.5
7647.829138921491,51650.3
7648.038976472428,46881.5
7648.2488140233645,39527.3
7648.458651574301,32373.5
7648.668489125238,26345.8
7648.878326676175,23456.6
7649.0881642271115,22078.7
7649.298001778048,20959.6
7649.507839328985,23570.0
7649.717676879922,24096.8
7649.927514430858,25624.8
7650.137351981794,29318.9
7650.347189532731,34084.4
7650.557027083668,40573.9
7650.766864634605,47390.4
7650.976702185541,51974.2
7651.186539736478,55321.2
7651.396377287415,57734.7
7651.606214838352,58890.0
7651.816052389288,59612.2
7652.025889940225,61155.7
7652.235727491162,62336.0
7652.445565042099,60675.4
7652.655402593035,57215.3
7652.865240143971,54970.2
7653.075077694908,53713.5
7653.284915245845,50467.3
7653.4947527967815,43919.5
7653.704590347718,37491.3
7653.914427898655,32766.9
7654.124265449592,31616.6
7654.334103000529,31272.8
7654.543940551465,31371.2
7654.753778102402,31205.1
7654.963615653339,31104.7
7655.173453204276,34214.3
7655.383290755212,39196.1
7655.593128306149,46379.3
7655.802965857085,53976.6
7656.012803408022,60170.3
7656.222640958958,62023.1
7656.432478509895,63124.5
7656.642316060832,67618.3
7656.852153611769,70230.9
7657.061991162705,68514.0
7657.271828713642,67221.5
7657.481666264579,66595.9
7657.691503815516,66289.2
7657.9013413664525,63728.6
7658.111178917389,62184.3
7658.321016468326,61359.1
7658.530854019263,57351.2
7658.740691570199,53118.7
7658.950529121135,49245.6
7659.160366672072,44783.7
7659.370204223009,41496.8
7659.580041773946,39392.9
7659.789879324882,38485.2
7659.999716875819,39954.9
7660.209554426756,43335.2
7660.419391977693,45781.5
7660.629229528629,49645.2
7660.839067079566,54036.2
7661.048904630503,59898.2
7661.25874218144,65991.3
7661.468579732376,68646.8
7661.678417283312,69437.1
7661.888254834249,70185.4
7662.098092385186,69300.3
7662.3079299361225,71284.6
7662.517767487059,72141.6
7662.727605037996,72012.4
7662.937442588933,73406.2
7663.1472801398695,71620.0
7663.357117690806,70646.0
7663.566955241743,70235.0
7663.77679279268,68877.9
7663.9866303436165,67366.1
7664.196467894553,62424.6
7664.40630544549,56627.7
7664.616142996426,52220.1
7664.825980547363,51744.0
7665.035818098299,50900.6
7665.245655649236,50242.8
7665.455493200173,49920.4
7665.66533075111,52376.4
7665.875168302046,54824.1
7666.085005852983,57258.5
7666.29484340392,61509.4
7666.504680954857,65608.2
7666.714518505793,70939.8
7666.92435605673,73827.6
7667.134193607667,70996.1
7667.344031158604,70314.9
7667.5538687095395,72053.1
7667.763706260476,76640.4
7667.973543811413,77815.2
7668.18338136235,74467.9
7668.393218913287,73942.5
7668.603056464223,77203.0
7668.81289401516,78729.4
7669.022731566097,76821.9
7669.232569117034,74356.4
7669.44240666797,74884.0
7669.652244218907,71583.7
7669.862081769844,68004.0
7670.071919320781,64651.3
7670.281756871717,61917.2
7670.491594422654,60189.2
7670.70143197359,58595.2
7670.911269524527,58157.9
7671.121107075463,59824.4
7671.3309446264,61265.0
7671.540782177337,62404.3
7671.750619728274,65123.3
7671.9604572792105,65698.9
7672.170294830147,68035.2
7672.380132381084,73211.9
7672.589969932021,77688.0
7672.7998074829575,79278.9
7673.009645033894,78041.0
7673.219482584831,78445.0
7673.429320135768,80378.4
7673.639157686704,81260.5
7673.84899523764,82305.4
7674.058832788577,83435.7
7674.268670339514,83080.9
7674.478507890451,82773.3
7674.688345441387,81240.6
7674.898182992324,78985.0
7675.108020543261,78088.4
7675.317858094198,77917.6
7675.527695645134,79316.8
7675.737533196071,78785.8
7675.947370747008,75612.5
7676.157208297945,71965.5
7676.367045848881,70624.7
7676.576883399817,71155.2
7676.786720950754,69894.8
7676.996558501691,68798.3
7677.2063960526275,70100.5
7677.416233603564,71513.1
7677.626071154501,72581.0
7677.835908705438,74094.0
7678.0457462563745,72160.6
7678.255583807311,75405.2
7678.465421358248,78716.6
7678.675258909185,83143.0
7678.8850964601215,85553.5
7679.094934011058,84175.6
7679.304771561995,84232.2
7679.514609112931,84000.0
7679.724446663868,84546.9
7679.934284214804,85935.8
7680.144121765741,84241.2
7680.353959316678,84950.9
7680.563796867615,84046.7
7680.773634418551,82925.3
7680.983471969488,84135.3
7681.193309520425,83764.1
7681.403147071362,83175.0
7681.612984622298,82992.2
7681.822822173235,81943.7
7682.032659724172,80486.7
7682.242497275109,79810.3
7682.4523348260445,79796.9
7682.662172376981,77139.6
7682.872009927918,73753.7
7683.081847478855,74278.6
7683.291685029792,74425.7
7683.501522580728,76913.5
7683.711360131665,77920.4
7683.921197682602,78352.7
7684.131035233539,78753.1
7684.340872784475,82306.9
7684.550710335412,83848.3
7684.760547886349,85209.9
7684.970385437286,89021.4
7685.180222988222,88517.7
7685.390060539159,85805.6
7685.599898090095,85699.6
7685.809735641032,87005.5
7686.019573191968,90622.9
7686.229410742905,90276.9
7686.439248293842,88846.6
7686.649085844779,90088.2
7686.8589233957155,89831.7
7687.068760946652,87439.6
7687.278598497589,87402.2
7687.488436048526,89583.6
7687.6982735994625,89442.4
7687.908111150399,86370.9
7688.117948701336,83095.8
7688.327786252272,83654.3
7688.537623803209,86116.6
7688.747461354145,85510.4
7688.957298905082,87738.9
7689.167136456019,85613.2
7689.376974006956,81142.8
7689.586811557892,81913.0
7689.796649108829,83804.2
7690.006486659766,80828.4
7690.216324210703,82823.6
7690.426161761639,86501.9
7690.635999312576,85842.0
7690.845836863513,86325.0
7691.05567441445,89384.4
7691.265511965386,90912.8
7691.475349516322,91358.3
7691.685187067259,91035.6
7691.895024618196,88853.8
7692.1048621691325,88170.2
7692.314699720069,88936.9
7692.524537271006,87862.1
7692.734374821943,88874.8
7692.9442123728795,88172.2
7693.154049923816,88926.9
7693.363887474753,90512.6
7693.57372502569,88842.8
7693.7835625766265,88270.0
7693.993400127563,85504.6
7694.2032376785,86580.9
7694.413075229436,92294.0
7694.622912780373,92974.8
7694.832750331309,90285.9
7695.042587882246,89561.7
7695.252425433183,89101.7
7695.46226298412,89852.1
7695.672100535056,91004.6
7695.881938085993,87323.1
7696.09177563693,86112.8
7696.301613187867,88790.9
7696.511450738803,89631.3
7696.72128828974,89240.6
7696.931125840677,86772.9
7697.140963391614,87905.0
7697.3508009425495,90237.5
7697.560638493486,88213.5
7697.770476044423,87959.4
7697.98031359536,88715.3
7698.190151146297,90530.6
7698.399988697233,91054.0
7698.60982624817,87751.3
7698.819663799107,89089.2
7699.029501350044,90749.7
7699.23933890098,90339.3
7699.449176451917,90638.2
7699.659014002854,89742.8
7699.868851553791,88678.8
7700.078689104727,90478.8
7700.288526655663,94005.6
7700.4983642066,93384.4
7700.708201757537,89167.0
7700.918039308473,90037.6
7701.12787685941,90148.8
7701.337714410347,89256.6
7701.547551961284,91471.6
7701.7573895122205,92923.5
7701.967227063157,91342.0
7702.177064614094,90739.5
7702.386902165031,91280.7
7702.5967397159675,91988.5
7702.806577266904,94168.8
7703.016414817841,91757.2
7703.226252368777,86724.7
7703.436089919714,88992.2
7703.64592747065,91157.5
7703.855765021587,90785.7
7704.065602572524,89051.9
7704.275440123461,89458.5
7704.485277674397,92467.8
7704.695115225334,92568.7
7704.904952776271,91003.5
7705.114790327208,89113.9
7705.324627878144,89041.8
7705.534465429081,90962.0
7705.744302980018,93105.8
7705.954140530955,94754.7
7706.163978081891,95805.8
7706.373815632827,95496.4
7706.583653183764,93979.6
7706.793490734701,93774.6
7707.0033282856375,95604.6
7707.213165836574,97452.8
7707.423003387511,96426.2
7707.632840938448,90665.1
7707.8426784893845,90544.8
7708.052516040321,90679.0
7708.262353591258,89890.2
7708.472191142195,94316.6
7708.6820286931315,96658.6
7708.891866244068,95238.0
7709.101703795005,94898.5
7709.311541345941,94738.4
7709.521378896878,95421.2
7709.731216447814,93477.8
7709.941053998751,92649.6
7710.150891549688,94634.8
7710.360729100625,96719.1
7710.570566651561,96504.4
7710.780404202498,95769.3
7710.990241753435,96050.0
7711.200079304372,95651.8
7711.409916855308,96336.5
7711.619754406245,94786.5
7711.829591957182,92377.5
7712.039429508119,91080.4
7712.249267059055,92496.5
7712.459104609991,94590.5
7712.668942160928,95149.1
7712.878779711865,95608.7
7713.088617262802,96319.3
7713.298454813738,94466.7
7713.508292364675,95979.2
7713.718129915612,97729.5
7713.927967466549,99105.0
7714.137805017485,96192.9
7714.347642568422,93177.1
7714.557480119359,93878.5
7714.767317670296,93853.2
7714.977155221232,94466.9
7715.186992772168,95078.2
7715.396830323105,94034.4
7715.606667874042,92080.1
7715.8165054249785,91415.2
7716.026342975915,95725.9
7716.236180526852,97901.9
7716.446018077789,94573.3
7716.6558556287255,93334.4
7716.865693179662,93577.9
7717.075530730599,95540.8
7717.285368281536,95300.5
7717.4952058324725,94723.7
7717.705043383409,91646.8
7717.914880934346,93708.2
7718.124718485282,94109.3
7718.334556036219,91017.6
7718.544393587155,90299.0
7718.754231138092,89632.5
7718.964068689029,91114.4
7719.173906239966,91429.9
7719.383743790902,90423.9
7719.593581341839,90343.6
7719.803418892776,89090.5
7720.013256443713,90539.4
7720.223093994649,92045.7
7720.432931545586,90777.9
7720.642769096523,90733.9
7720.85260664746,91281.2
7721.0624441983955,91726.6
7721.272281749332,92890.8
7721.482119300269,93187.4
7721.691956851206,91868.5
7721.9017944021425,88830.5
7722.111631953079,88410.2
7722.321469504016,90683.3
7722.531307054953,89498.7
7722.7411446058895,90277.2
7722.950982156826,89543.8
7723.160819707763,89113.1
7723.3706572587,88712.8
7723.580494809637,90967.2
7723.790332360573,94289.0
7724.000169911509,94089.2
7724.210007462446,92103.1
7724.419845013383,89992.7
7724.629682564319,91722.2
7724.839520115256,90403.4
7725.049357666193,88504.9
7725.25919521713,89247.9
7725.469032768066,91554.8
7725.678870319003,92302.2
7725.88870786994,92043.4
7726.098545420877,88274.7
7726.308382971813,89021.5
7726.51822052275,90398.2
7726.728058073687,88496.6
7726.937895624624,88735.7
7727.14773317556,90151.8
7727.357570726496,92353.5
7727.567408277433,92032.8
7727.77724582837,91723.5
7727.987083379307,94530.5
7728.196920930243,93319.1
7728.40675848118,91666.0
7728.616596032117,91868.3
7728.826433583054,91135.1
7729.03627113399,89809.5
7729.246108684927,90380.1
7729.455946235864,88027.5
7729.665783786801,87947.1
7729.875621337737,87887.1
7730.085458888673,87544.9
7730.29529643961,91328.2
7730.505133990547,92483.0
7730.7149715414835,89197.6
7730.92480909242,88345.0
7731.134646643357,90486.2
7731.344484194294,90882.0
7731.5543217452305,89841.1
7731.764159296167,90429.8
7731.973996847104,91620.9
7732.183834398041,89459.2
7732.3936719489775,90298.9
7732.603509499914,90693.3
7732.813347050851,88264.3
7733.023184601787,87845.9
7733.233022152724,88510.1
7733.44285970366,89971.5
7733.652697254597,91316.9
7733.862534805534,93922.6
7734.072372356471,93776.0
7734.282209907407,91570.1
7734.492047458344,88464.5
7734.701885009281,87859.0
7734.911722560218,89844.7
7735.121560111154,91524.8
7735.331397662091,91195.6
7735.541235213028,89759.4
7735.751072763965,89425.7
7735.9609103149005,89359.8
7736.170747865837,88644.6
7736.380585416774,87739.3
7736.590422967711,88434.1
7736.8002605186475,89344.2
7737.010098069584,91126.5
7737.219935620521,91605.2
7737.429773171458,89415.9
7737.6396107223945,89288.9
7737.849448273331,89125.5
7738.059285824268,89936.3
7738.269123375205,89855.9
7738.478960926142,89373.4
7738.688798477078,88488.6
7738.898636028014,89248.7
7739.108473578951,90477.5
7739.318311129888,90290.1
7739.528148680824,87549.6
7739.737986231761,84959.1
7739.947823782698,83735.4
7740.157661333635,84501.7
7740.367498884571,85132.8
7740.577336435508,85214.8
7740.787173986445,86765.7
7740.997011537382,85181.3
7741.206849088318,86124.3
7741.416686639255,88555.1
7741.626524190192,90189.9
7741.836361741128,88218.0
7742.046199292065,87555.1
7742.256036843001,86024.6
7742.465874393938,83084.0
7742.675711944875,86139.2
7742.885549495812,90968.1
7743.095387046748,91201.6
7743.305224597685,91147.0
7743.515062148622,88487.9
7743.724899699559,83567.2
7743.934737250495,83241.7
7744.144574801432,85163.8
7744.354412352369,85406.7
7744.564249903306,86206.6
7744.774087454241,86805.8
7744.983925005178,85347.3
7745.193762556115,85847.8
7745.403600107052,84956.3
7745.6134376579885,86977.2
7745.823275208925,87432.8
7746.033112759862,86157.0
7746.242950310799,87721.4
7746.4527878617355,89435.0
7746.662625412672,87482.9
7746.872462963609,86703.9
7747.082300514546,87720.6
7747.2921380654825,86338.9
7747.501975616419,85308.9
7747.711813167356,85446.6
7747.921650718292,84768.9
7748.131488269229,84377.4
7748.341325820165,84849.3
7748.551163371102,84239.9
7748.761000922039,84854.5
7748.970838472976,86245.4
7749.180676023912,86411.9
7749.390513574849,85273.5
7749.600351125786,83138.2
7749.810188676723,82306.4
7750.020026227659,82493.0
7750.229863778596,83412.2
7750.439701329533,84694.2
7750.649538880469,85485.2
7750.8593764314055,82831.0
7751.069213982342,81639.4
7751.279051533279,82130.9
7751.488889084216,81938.9
7751.6987266351525,82474.5
7751.908564186089,84943.2
7752.118401737026,86233.1
7752.328239287963,85337.9
7752.5380768388995,85006.1
7752.747914389836,83420.8
7752.957751940773,81513.3
7753.16758949171,83382.8
7753.377427042647,83701.7
7753.587264593583,82690.2
7753.797102144519,81541.2
7754.006939695456,80972.0
7754.216777246393,83394.9
7754.426614797329,82232.0
7754.636452348266,80943.6
7754.846289899203,83099.3
7755.05612745014,84591.0
7755.265965001076,83382.7
7755.475802552013,81705.3
7755.68564010295,82187.6
7755.895477653887,82659.4
7756.1053152048235,82584.4
7756.31515275576,81910.2
7756.524990306697,81645.3
7756.734827857633,82094.9
7756.94466540857,82810.3
7757.154502959506,80179.3
7757.364340510443,81446.1
7757.57417806138,81985.3
7757.784015612317,83040.8
7757.993853163253,83018.4
7758.20369071419,82321.9
7758.413528265127,80290.1
7758.623365816064,80223.1
7758.833203367,81370.4
7759.043040917937,79586.4
7759.252878468874,83133.7
7759.462716019811,84260.5
7759.6725535707465,80206.3
7759.882391121683,80795.8
7760.09222867262,79137.1
7760.302066223557,79699.4
7760.5119037744935,81693.0
7760.72174132543,83275.9
7760.931578876367,82909.4
7761.141416427304,82218.9
7761.3512539782405,80501.9
7761.561091529177,79728.3
7761.770929080114,78901.8
7761.980766631051,80188.5
7762.1906041819875,79931.6
7762.400441732924,79780.0
7762.610279283861,80264.1
7762.820116834797,81245.9
7763.029954385734,79147.2
7763.23979193667,77495.8
7763.449629487607,77798.0
7763.659467038544,77164.6
7763.869304589481,77677.6
7764.079142140417,80046.7
7764.288979691354,81392.7
7764.498817242291,82423.2
7764.708654793228,81064.0
7764.918492344164,77590.3
7765.128329895101,76124.1
7765.338167446038,78259.0
7765.548004996974,79267.7
7765.7578425479105,78193.0
7765.967680098847,79483.7
7766.177517649784,78993.7
7766.387355200721,78427.0
7766.5971927516575,77880.2
7766.807030302594,78392.7
7767.016867853531,76456.1
7767.226705404468,75892.5
7767.436542955405,76815.1
7767.646380506341,77350.2
7767.856218057278,78644.5
7768.066055608215,79905.8
7768.275893159152,79333.0
7768.485730710088,77514.7
7768.695568261024,78360.7
7768.905405811961,79480.6
7769.115243362898,78756.7
7769.325080913834,78293.0
7769.534918464771,78154.0
7769.744756015708,81038.5
7769.954593566645,81532.6
7770.164431117581,78543.7
7770.374268668518,76791.6
7770.584106219455,79218.7
7770.793943770392,80901.1
7771.0037813213285,81445.5
7771.213618872265,81659.4
7771.423456423202,81782.0
7771.633293974138,83268.0
7771.843131525075,83867.0
7772.052969076011,83174.4
7772.262806626948,84247.3
7772.472644177885,82712.6
7772.682481728822,78964.4
7772.892319279758,79725.8
7773.102156830695,79715.1
7773.311994381632,79756.5
7773.521831932569,78622.6
7773.731669483505,80385.6
7773.941507034442,84087.3
7774.151344585379,84273.4
7774.361182136316,82682.1
7774.5710196872515,81548.0
7774.780857238188,82001.2
7774.990694789125,82334.6
7775.200532340062,82022.4
7775.4103698909985,82213.3
7775.620207441935,82992.1
7775.830044992872,78779.2
7776.039882543809,78266.1
7776.2497200947455,78321.4
7776.459557645682,80566.9
7776.669395196619,81480.4
7776.879232747556,79421.0
7777.0890702984925,80164.3
7777.298907849429,81377.8
7777.508745400365,78984.7
7777.718582951302,80173.4
7777.928420502239,76839.0
7778.138258053175,76736.9
7778.348095604112,75301.0
7778.557933155049,74942.3
7778.767770705986,75797.0
7778.977608256922,77116.7
7779.187445807859,77013.8
7779.397283358796,75455.0
7779.607120909733,75382.5
7779.816958460669,76027.6
7780.026796011606,74931.9
7780.236633562543,73188.1
7780.446471113479,72613.3
7780.6563086644155,72238.6
7780.866146215352,71553.6
7781.075983766289,70697.4
7781.285821317226,71823.0
7781.4956588681625,70780.1
7781.705496419099,67532.9
7781.915333970036,69358.7
7782.125171520973,69906.6
7782.33500907191,69977.5
7782.544846622846,71206.8
7782.754684173783,71412.5
7782.96452172472,70397.4
7783.174359275657,71353.5
7783.384196826593,71472.8
7783.594034377529,71124.2
7783.803871928466,70459.8
7784.013709479403,71388.4
7784.223547030339,70530.7
7784.433384581276,68461.6
7784.643222132213,66244.2
7784.85305968315,65708.4
7785.062897234086,71257.2
7785.272734785023,72105.5
7785.48257233596,68980.6
7785.692409886897,67413.2
7785.9022474378335,68100.2
7786.11208498877,69300.3
7786.321922539706,68612.7
7786.531760090643,70156.8
7786.74159764158,70369.3
7786.951435192516,70166.0
7787.161272743453,70743.1
7787.37111029439,69587.0
7787.580947845327,69138.2
7787.790785396263,67076.2
7788.0006229472,67308.7
7788.210460498137,70480.4
7788.420298049074,70270.3
7788.63013560001,69265.0
7788.839973150947,68988.7
7789.049810701884,69634.3
7789.259648252821,69314.0
7789.4694858037565,68929.6
7789.679323354693,69173.4
7789.88916090563,69051.8
7790.098998456567,67353.3
7790.3088360075035,69244.4
7790.51867355844,71166.6
7790.728511109377,68720.0
7790.938348660314,62223.0
7791.1481862112505,61059.3
7791.358023762187,64392.7
7791.567861313124,65897.9
7791.777698864061,67312.6
7791.9875364149975,66515.0
7792.197373965934,64605.1
7792.40721151687,66054.2
7792.617049067807,66316.0
7792.826886618744,66280.6
7793.03672416968,62689.5
7793.246561720617,63219.6
7793.456399271554,67493.3
7793.666236822491,65276.2
7793.876074373427,63184.5
7794.085911924364,66517.4
7794.295749475301,65493.5
7794.505587026238,65297.1
7794.715424577174,66002.7
7794.925262128111,67688.4
7795.135099679048,65432.4
7795.344937229984,64342.3
7795.5547747809205,64891.0
7795.764612331857,64184.3
7795.974449882794,64825.6
7796.184287433731,63597.4
7796.3941249846675,64467.8
7796.603962535604,66143.6
7796.813800086541,62800.0
7797.023637637478,61051.0
7797.233475188415,62980.6
7797.443312739351,64077.2
7797.653150290288,62174.4
7797.862987841225,62861.6
7798.072825392162,64328.3
7798.282662943097,63532.9
7798.492500494034,62921.4
7798.702338044971,62693.6
7798.912175595908,63455.8
7799.122013146844,61296.6
7799.331850697781,61943.5
7799.541688248718,60839.9
7799.751525799655,61006.4
7799.9613633505915,62181.6
7800.171200901528,62131.7
7800.381038452465,61374.9
7800.590876003402,61819.2
7800.8007135543385,61548.3
7801.010551105275,63105.4
7801.220388656211,60188.5
7801.430226207148,60394.2
7801.640063758085,61820.4
7801.849901309021,59769.6
7802.059738859958,59423.0
7802.269576410895,60488.2
7802.479413961832,57998.4
7802.689251512768,59623.9
7802.899089063705,62793.3
7803.108926614642,62862.5
7803.318764165579,61783.4
7803.528601716515,60450.8
7803.738439267452,58551.6
7803.948276818389,56878.7
7804.158114369326,56831.6
7804.3679519202615,56352.5
7804.577789471198,55869.6
7804.787627022135,59418.3
7804.997464573072,59732.1
7805.2073021240085,58560.7
7805.417139674945,61204.3
7805.626977225882,59479.1
7805.836814776819,58266.7
7806.0466523277555,57540.7
7806.256489878692,58094.8
7806.466327429629,57306.1
7806.676164980566,57068.4
7806.8860025315025,59496.7
7807.095840082438,59122.9
7807.305677633375,57773.8
7807.515515184312,55881.8
7807.725352735249,54785.3
7807.935190286185,57463.0
7808.145027837122,57715.8
7808.354865388059,56720.7
7808.564702938996,55176.5
7808.774540489932,55215.0
7808.984378040869,55294.7
7809.194215591806,56796.3
7809.404053142743,57050.4
7809.613890693679,54655.5
7809.823728244616,53548.5
7810.033565795553,55173.0
7810.243403346489,57401.4
7810.4532408974255,57410.3
7810.663078448362,56918.9
7810.872915999299,55623.3
7811.082753550236,54637.3
7811.292591101173,54692.4
7811.502428652109,57406.4
7811.712266203046,56974.0
7811.922103753983,53524.2
7812.13194130492,53817.0
7812.341778855856,53369.3
7812.551616406793,52755.9
7812.76145395773,54833.1
7812.971291508667,54332.8
7813.181129059602,53155.8
7813.390966610539,52443.6
7813.600804161476,51824.4
7813.810641712413,52351.1
7814.020479263349,53168.0
7814.230316814286,53405.0
7814.440154365223,53205.9
7814.64999191616,54203.6
7814.8598294670965,53271.7
7815.069667018033,54071.5
7815.27950456897,52941.8
7815.489342119907,52824.0
7815.6991796708435,54847.9
7815.90901722178,55353.1
7816.118854772716,52842.9
7816.328692323653,51301.6
7816.53852987459,51352.1
7816.748367425526,49417.8
7816.958204976463,48883.6
7817.1680425274,51302.9
7817.377880078337,49775.3
7817.587717629273,50223.1
7817.79755518021,50932.9
7818.007392731147,49356.0
7818.217230282084,48401.2
7818.42706783302,49156.8
7818.636905383957,49926.5
7818.846742934894,51273.8
7819.05658048583,49423.2
7819.2664180367665,48900.7
7819.476255587703,50869.5
7819.68609313864,51901.6
7819.895930689577,50526.3
7820.1057682405135,49850.9
7820.31560579145,49597.4
7820.525443342387,48550.0
7820.735280893324,48738.3
7820.9451184442605,48787.6
7821.154955995197,49976.5
7821.364793546134,49359.6
7821.574631097071,48090.9
7821.7844686480075,48690.5
7821.994306198943,50620.1
7822.20414374988,49529.7
7822.413981300817,47461.8
7822.623818851754,46681.2
7822.83365640269,47148.8
7823.043493953627,49895.2
7823.253331504564,49255.2
7823.463169055501,48259.7
7823.673006606437,47638.3
7823.882844157374,47927.6
7824.092681708311,47836.6
7824.302519259248,47368.3
7824.512356810184,47111.3
7824.722194361121,48356.0
7824.932031912058,46350.0
7825.141869462994,45944.1
7825.3517070139305,48011.5
7825.561544564867,46337.3
7825.771382115804,46842.6
7825.981219666741,48734.3
7826.191057217678,46633.6
7826.400894768614,44362.4
7826.610732319551,45420.4
7826.820569870488,45913.1
7827.030407421425,44912.3
7827.240244972361,44055.9
7827.450082523298,46047.2
7827.659920074235,45557.8
7827.869757625171,44252.1
7828.079595176107,45062.8
7828.289432727044,43567.0
7828.499270277981,43379.3
7828.709107828918,45323.3
7828.918945379854,44271.4
7829.128782930791,43791.7
7829.338620481728,44735.7
7829.548458032665,43129.9
7829.7582955836015,44084.8
7829.968133134538,45230.5
7830.177970685475,43910.6
7830.387808236412,42517.1
7830.5976457873485,42913.0
7830.807483338285,42449.9
7831.017320889221,41938.3
7831.227158440158,42822.7
7831.436995991095,41529.8
7831.646833542031,43743.3
7831.856671092968,43908.7
7832.066508643905,41659.0
7832.276346194842,43105.4
7832.486183745778,43577.8
7832.696021296715,43432.5
7832.905858847652,42777.1
7833.115696398589,42185.8
7833.325533949525,40535.4
7833.535371500462,38898.1
7833.745209051399,40663.2
7833.955046602335,40798.4
7834.1648841532715,40185.7
7834.374721704208,40865.2
7834.584559255145,41270.9
7834.794396806082,41573.4
7835.0042343570185,40811.6
7835.214071907955,40531.8
7835.423909458892,41643.4
7835.633747009829,39844.7
7835.8435845607655,39627.3
7836.053422111702,38623.5
7836.263259662639,40655.2
7836.473097213576,39700.4
7836.6829347645125,40200.8
7836.892772315448,41807.3
7837.102609866385,42939.8
7837.312447417322,42299.8
7837.522284968259,40916.6
7837.732122519195,39618.5
7837.941960070132,37624.3
7838.151797621069,38253.5
7838.361635172006,38436.2
7838.571472722942,36744.5
7838.781310273879,36582.8
7838.991147824816,35441.6
7839.200985375753,36809.4
7839.410822926689,38690.8
7839.620660477626,40311.5
7839.830498028562,40577.7
7840.040335579499,37719.3
7840.2501731304355,36109.2
7840.460010681372,38337.5
7840.669848232309,37276.3
7840.879685783246,34818.8
7841.089523334183,35008.3
7841.299360885119,34599.7
7841.509198436056,37531.0
7841.719035986993,37236.8
7841.92887353793,37270.7
7842.138711088866,37621.7
7842.348548639803,35183.8
7842.55838619074,33299.1
7842.768223741676,34783.4
7842.978061292612,34935.7
7843.187898843549,36813.0
7843.397736394486,37059.2
7843.607573945423,35428.1
7843.8174114963595,35531.6
7844.027249047296,34397.7
7844.237086598233,33516.5
7844.44692414917,35296.1
7844.6567617001065,37076.9
7844.866599251043,37041.8
7845.07643680198,35452.7
7845.286274352917,34417.2
7845.4961119038535,34085.7
7845.70594945479,33219.4
7845.915787005726,32550.9
7846.125624556663,33029.7
7846.3354621076,33999.6
7846.545299658536,34051.4
7846.755137209473,33991.4
7846.96497476041,34476.3
7847.174812311347,33967.2
7847.384649862283,33202.5
7847.59448741322,33114.2
7847.804324964157,33342.7
7848.014162515094,33269.6
7848.22400006603,32786.8
7848.433837616967,31496.5
7848.643675167903,32844.9
7848.85351271884,33650.7
7849.0633502697765,32739.8
7849.273187820713,33345.7
7849.48302537165,31939.2
7849.692862922587,32425.9
7849.9027004735235,32617.2
7850.11253802446,29703.7
7850.322375575397,31992.5
7850.532213126334,31799.8
7850.7420506772705,31829.0
7850.951888228207,33212.5
7851.161725779144,32224.6
7851.371563330081,33185.2
7851.5814008810175,30904.0
7851.791238431953,28081.7
7852.00107598289,30146.9
7852.210913533827,29873.1
7852.420751084764,28561.8
7852.6305886357,28918.6
7852.840426186637,31569.5
7853.050263737574,29503.9
7853.260101288511,29777.6
7853.469938839447,30215.9
7853.679776390384,27701.2
7853.889613941321,28640.3
7854.099451492258,28913.7
7854.309289043194,28260.1
7854.519126594131,28210.3
7854.728964145067,28269.7
7854.938801696004,28209.2
7855.148639246941,30011.5
7855.358476797877,30664.3
7855.568314348814,27934.5
7855.778151899751,29231.7
7855.987989450688,28406.6
7856.197827001624,27304.2
7856.407664552561,26979.3
7856.617502103498,27797.9
7856.827339654435,28938.4
7857.037177205371,29573.8
7857.247014756308,29561.1
7857.456852307245,28566.6
7857.666689858181,28882.9
7857.876527409117,27263.6
7858.086364960054,27534.7
7858.296202510991,27785.9
7858.506040061928,26764.2
7858.7158776128645,26804.4
7858.925715163801,26544.6
7859.135552714738,28300.4
7859.345390265675,26391.6
7859.5552278166115,25850.1
7859.765065367548,26688.2
7859.974902918485,25124.2
7860.184740469422,26824.2
7860.3945780203585,27416.2
7860.604415571294,26889.7
7860.814253122231,26057.4
7861.024090673168,25689.6
7861.233928224105,24658.9
7861.443765775041,25954.2
7861.653603325978,26495.0
7861.863440876915,25921.3
7862.073278427852,24926.4
7862.283115978788,26309.9
7862.492953529725,24841.2
7862.702791080662,23762.6
7862.912628631599,24938.8
7863.122466182535,25127.8
7863.332303733472,23179.0
7863.542141284408,24485.1
7863.751978835345,23989.5
7863.9618163862815,25313.9
7864.171653937218,24815.0
7864.381491488155,22753.4
7864.591329039092,23899.4
7864.8011665900285,25091.8
7865.011004140965,25041.4
7865.220841691902,25018.7
7865.430679242839,24600.5
7865.6405167937755,24112.1
7865.850354344712,23467.0
7866.060191895649,22974.9
7866.270029446586,22762.9
7866.479866997523,23128.5
7866.689704548458,24855.2
7866.899542099395,23741.6
7867.109379650332,23856.8
7867.319217201269,21563.8
7867.529054752205,21209.2
7867.738892303142,23682.7
7867.948729854079,23620.4
7868.158567405016,22196.3
7868.368404955952,22085.0
7868.578242506889,22427.9
7868.788080057826,22527.5
7868.997917608763,22450.2
7869.207755159699,21972.7
7869.417592710635,21260.6
7869.627430261572,20050.4
7869.837267812509,19466.1
7870.047105363446,20614.1
7870.256942914382,21494.1
7870.466780465319,21067.3
7870.676618016256,19253.3
7870.886455567193,19702.8
7871.096293118129,19411.0
7871.306130669066,19228.8
7871.515968220003,20835.4
7871.72580577094,19899.3
7871.935643321876,19536.1
7872.145480872813,19600.6
7872.35531842375,19623.3
7872.565155974686,20646.5
7872.774993525622,18714.5
7872.984831076559,20237.8
7873.194668627496,18079.1
7873.404506178433,19948.7
7873.6143437293695,20744.2
7873.824181280306,19560.3
7874.034018831243,19695.1
7874.24385638218,19963.9
7874.4536939331165,20481.4
7874.663531484053,19827.3
7874.87336903499,19353.4
7875.083206585927,18923.0
7875.293044136863,19639.9
7875.502881687799,19772.1
7875.712719238736,17962.3
7875.922556789673,17125.8
7876.13239434061,18620.3
7876.342231891546,18812.3
7876.552069442483,18031.5
7876.76190699342,18087.6
7876.971744544357,17575.6
7877.181582095293,16413.8
7877.39141964623,17031.0
7877.601257197167,16094.1
7877.811094748104,16697.1
7878.02093229904,18146.2
7878.230769849977,17235.3
7878.440607400913,17978.3
7878.65044495185,17162.6
7878.8602825027865,16937.0
7879.070120053723,16735.4
7879.27995760466,16092.6
7879.489795155597,15014.4
7879.6996327065335,17120.1
7879.90947025747,15763.2
7880.119307808407,14587.1
7880.329145359344,16774.6
7880.5389829102805,16279.5
7880.748820461217,15926.8
7880.958658012154,16133.4
7881.168495563091,13852.9
7881.378333114028,15117.4
7881.588170664963,14969.9
7881.7980082159,16529.1
7882.007845766837,14927.2
7882.217683317774,15203.5
7882.42752086871,15384.8
7882.637358419647,14567.2
7882.847195970584,15165.8
7883.057033521521,14037.3
7883.266871072457,14765.9
7883.476708623394,15340.7
7883.686546174331,14854.0
7883.896383725268,13773.5
7884.106221276204,15251.9
7884.31605882714,14077.2
7884.525896378077,12686.3
7884.735733929014,13423.6
7884.945571479951,14047.2
7885.155409030887,14890.5
7885.365246581824,14489.4
7885.575084132761,15203.2
7885.784921683698,14710.2
7885.994759234634,13465.0
7886.204596785571,12772.4
7886.414434336508,13433.4
7886.624271887445,13234.6
7886.834109438381,13043.8
7887.043946989318,13956.0
7887.253784540255,12979.2
7887.463622091191,13505.9
7887.673459642127,13911.8
7887.883297193064,12638.0
7888.093134744001,10990.0
7888.302972294938,11690.9
7888.5128098458745,13065.2
7888.722647396811,12423.8
7888.932484947748,11558.9
7889.142322498685,12189.1
7889.3521600496215,13213.1
7889.561997600558,14412.0
7889.771835151495,13221.0
7889.981672702432,13133.2
7890.191510253368,11835.3
7890.401347804304,12386.6
7890.611185355241,12108.3
7890.821022906178,11681.1
7891.030860457115,11469.5
7891.240698008051,10783.9
7891.450535558988,10379.2
7891.660373109925,9718.31
7891.870210660862,9642.55
7892.080048211798,9638.22
7892.289885762735,10710.2
7892.499723313672,11210.7
7892.709560864609,12886.5
7892.919398415545,11457.2
7893.129235966482,9953.33
7893.339073517418,10661.8
7893.548911068355,12051.2
7893.7587486192915,11828.9
7893.968586170228,12495.3
7894.178423721165,11616.0
7894.388261272102,10798.6
7894.5980988230385,11169.5
7894.807936373975,10020.0
