6486.4760939894,46430.2
6486.655945632723,45383.5
6486.835797276046,45318.9
6487.01564891937,46541.0
6487.195500562692,48159.0
6487.375352206015,49118.4
6487.555203849338,49196.8
6487.735055492662,48842.8
6487.914907135984,48584.2
6488.094758779307,49483.6
6488.27461042263,49599.0
6488.454462065953,50145.8
6488.634313709276,51164.1
6488.814165352599,51516.5
6488.994016995922,51045.8
6489.173868639245,50575.1
6489.353720282567,51004.3
6489.533571925891,51799.3
6489.713423569214,52978.3
6489.8932752125365,54213.7
6490.073126855859,54266.1
6490.252978499183,53632.5
6490.432830142506,52372.6
6490.6126817858285,49597.8
6490.792533429151,47914.8
6490.972385072474,49359.0
6491.152236715798,52154.3
6491.3320883591205,54426.1
6491.511940002443,55863.3
6491.691791645766,56979.8
6491.871643289089,57779.5
6492.051494932412,57608.4
6492.231346575735,57013.8
6492.411198219058,56988.0
6492.591049862381,55051.6
6492.770901505704,52711.2
6492.950753149027,52143.9
6493.13060479235,53620.1
6493.310456435673,55533.7
6493.490308078995,57506.8
6493.670159722319,60133.1
6493.850011365642,60128.3
6494.029863008965,59770.9
6494.209714652287,59621.7
6494.389566295611,59995.9
6494.569417938934,60817.7
6494.749269582257,61624.9
6494.929121225579,62073.0
6495.108972868902,62202.8
6495.288824512226,62660.5
6495.468676155549,62115.5
6495.648527798871,58622.6
6495.828379442194,56349.9
6496.008231085517,57633.0
6496.1880827288405,60831.3
6496.367934372163,63482.0
6496.547786015486,64411.5
6496.727637658809,64805.1
6496.9074893021325,65714.7
6497.087340945455,65637.8
6497.267192588778,65247.2
6497.447044232101,64721.5
6497.6268958754235,64374.9
6497.806747518747,65544.7
6497.98659916207,67383.3
6498.166450805393,67933.3
6498.3463024487155,69029.0
6498.526154092038,68854.5
6498.706005735362,70027.3
6498.885857378685,70086.6
6499.0657090220075,69389.6
6499.24556066533,70078.1
6499.425412308654,71743.3
6499.605263951977,72713.2
6499.785115595299,71822.2
6499.964967238622,71871.2
6500.144818881945,72282.5
6500.324670525269,72713.9
6500.504522168591,73810.1
6500.684373811914,74794.9
6500.864225455237,73805.0
6501.044077098561,72359.0
6501.223928741883,73517.3
6501.403780385206,74614.1
6501.583632028529,74485.2
6501.763483671852,74842.7
6501.943335315175,75320.1
6502.123186958498,75796.1
6502.303038601821,75956.8
6502.482890245144,75890.9
6502.662741888466,75957.3
6502.84259353179,75917.8
6503.022445175113,77171.0
6503.202296818436,77542.6
6503.382148461758,77499.3
6503.562000105082,77177.2
6503.741851748405,77641.5
6503.9217033917275,77626.9
6504.10155503505,77063.4
6504.281406678373,78175.1
6504.461258321697,79547.1
6504.6411099650195,81703.2
6504.820961608342,82163.7
6505.000813251665,81428.5
6505.180664894988,81956.4
6505.3605165383115,83639.0
6505.540368181634,84479.4
6505.720219824957,84686.7
6505.90007146828,85244.4
6506.079923111603,85104.9
6506.259774754926,85757.8
6506.439626398249,85712.1
6506.619478041572,86303.8
6506.7993296848945,86056.4
6506.979181328218,86005.2
6507.159032971541,86258.7
6507.338884614864,86486.2
6507.518736258186,87394.0
6507.69858790151,86991.8
6507.878439544833,86755.0
6508.058291188156,87116.8
6508.238142831478,86249.8
6508.417994474801,85932.8
6508.597846118125,85485.8
6508.777697761448,86088.7
6508.95754940477,88438.3
6509.137401048093,90373.0
6509.317252691416,92251.0
6509.49710433474,92164.9
6509.676955978062,92086.5
6509.856807621385,92652.1
6510.036659264708,92679.9
6510.2165109080315,93507.7
6510.396362551354,93756.8
6510.576214194677,93509.7
6510.756065838,94432.6
6510.935917481323,94294.1
6511.115769124646,94732.3
6511.295620767969,95577.3
6511.475472411292,98243.6
6511.6553240546145,96658.9
6511.835175697937,93693.7
6512.015027341261,91499.0
6512.194878984584,91522.8
6512.3747306279065,94290.4
6512.554582271229,96410.8
6512.734433914553,98464.5
6512.914285557876,98337.2
6513.0941372011985,99220.7
6513.273988844521,98547.5
6513.453840487844,98721.0
6513.633692131168,100330.0
6513.81354377449,100979.0
6513.993395417813,100907.0
6514.173247061136,99930.3
6514.35309870446,95525.5
6514.532950347782,90708.0
6514.712801991105,88871.4
6514.892653634428,91255.3
6515.072505277751,98709.9
6515.252356921074,102433.0
6515.432208564397,102023.0
6515.61206020772,101433.0
6515.791911851043,100199.0
6515.971763494365,99362.7
6516.151615137689,98592.2
6516.331466781012,92686.9
6516.511318424335,85254.7
6516.691170067657,84739.5
6516.871021710981,91244.5
6517.050873354304,96836.5
6517.230724997627,100525.0
6517.410576640949,105218.0
6517.590428284272,108121.0
6517.770279927596,107034.0
6517.9501315709185,106032.0
6518.129983214241,106539.0
6518.309834857564,108494.0
6518.489686500887,111557.0
6518.6695381442105,111349.0
6518.849389787533,110374.0
6519.029241430856,109077.0
6519.209093074179,105297.0
6519.388944717502,103013.0
6519.568796360825,105779.0
6519.748648004148,110349.0
6519.928499647471,114542.0
6520.1083512907935,115385.0
6520.288202934117,115630.0
6520.46805457744,116776.0
6520.647906220763,117204.0
6520.8277578640855,116587.0
6521.007609507409,118088.0
6521.187461150732,120510.0
6521.367312794055,119610.0
6521.547164437377,119362.0
6521.7270160807,119777.0
6521.906867724024,117728.0
6522.086719367347,116799.0
6522.266571010669,117076.0
6522.446422653992,120717.0
6522.626274297315,124104.0
6522.806125940639,123199.0
6522.985977583961,121061.0
6523.165829227284,119979.0
6523.345680870607,118288.0
6523.525532513931,115985.0
6523.705384157253,112131.0
6523.885235800576,112648.0
6524.065087443899,116587.0
6524.244939087222,122132.0
6524.424790730545,126186.0
6524.604642373868,126642.0
6524.784494017191,126428.0
6524.964345660514,127996.0
6525.144197303837,129063.0
6525.32404894716,128569.0
6525.503900590483,128105.0
6525.6837522338055,128674.0
6525.863603877128,127248.0
6526.043455520452,129523.0
6526.223307163775,132406.0
6526.4031588070975,133258.0
6526.58301045042,133021.0
6526.762862093743,132179.0
6526.942713737067,132668.0
6527.1225653803895,133988.0
6527.302417023712,134610.0
6527.482268667035,134238.0
6527.662120310359,133527.0
6527.841971953681,134279.0
6528.021823597004,135620.0
6528.201675240327,137027.0
6528.38152688365,136564.0
6528.561378526973,135170.0
6528.741230170296,136697.0
6528.921081813619,139269.0
6529.100933456942,138659.0
6529.280785100264,137956.0
6529.460636743588,138567.0
6529.640488386911,137924.0
6529.820340030234,139601.0
6530.000191673556,138851.0
6530.18004331688,138569.0
6530.359894960203,139690.0
6530.539746603526,138406.0
6530.719598246848,137062.0
6530.899449890171,138630.0
6531.079301533495,140766.0
6531.259153176818,140819.0
6531.43900482014,140970.0
6531.618856463463,143178.0
6531.798708106787,144804.0
6531.9785597501095,142307.0
6532.158411393432,135318.0
6532.338263036755,130449.0
6532.518114680078,133147.0
6532.6979663234015,140242.0
6532.877817966724,144737.0
6533.057669610047,145010.0
6533.23752125337,146113.0
6533.4173728966925,145748.0
6533.597224540016,145391.0
6533.777076183339,143011.0
6533.956927826662,140041.0
6534.1367794699845,139163.0
6534.316631113308,142656.0
6534.496482756631,145312.0
6534.676334399954,144753.0
6534.8561860432765,145142.0
6535.036037686599,146693.0
6535.215889329923,150046.0
6535.395740973246,148775.0
6535.575592616568,148686.0
6535.755444259891,149771.0
6535.935295903214,150488.0
6536.115147546538,150195.0
6536.29499918986,150129.0
6536.474850833183,149922.0
6536.654702476506,148222.0
6536.83455411983,148765.0
6537.014405763152,152748.0
6537.194257406475,152876.0
6537.374109049798,151457.0
6537.553960693121,154434.0
6537.733812336444,155529.0
6537.913663979767,155933.0
6538.09351562309,154891.0
6538.273367266413,156493.0
6538.453218909736,158496.0
6538.633070553059,158532.0
6538.812922196382,158361.0
6538.992773839705,158637.0
6539.172625483027,159155.0
6539.352477126351,159602.0
6539.532328769674,160313.0
6539.7121804129965,159495.0
6539.892032056319,159476.0
6540.071883699642,161714.0
6540.251735342966,163347.0
6540.4315869862885,162352.0
6540.611438629611,160957.0
6540.791290272934,161128.0
6540.971141916258,162162.0
6541.1509935595805,161981.0
6541.330845202903,161619.0
6541.510696846226,163145.0
6541.690548489549,163035.0
6541.870400132872,162527.0
6542.050251776195,159118.0
6542.230103419518,156040.0
6542.409955062841,155584.0
6542.5898067061635,160806.0
6542.769658349487,164894.0
6542.94950999281,164640.0
6543.129361636133,163945.0
6543.309213279455,164532.0
6543.489064922779,161782.0
6543.668916566102,152284.0
6543.848768209425,144411.0
6544.028619852747,145373.0
6544.20847149607,154826.0
6544.388323139394,165726.0
6544.568174782717,167358.0
6544.748026426039,168420.0
6544.927878069362,169241.0
6545.107729712686,168731.0
6545.287581356009,168571.0
6545.467432999331,167705.0
6545.647284642654,165172.0
6545.827136285977,164307.0
6546.0069879293005,166800.0
6546.186839572623,168120.0
6546.366691215946,168846.0
6546.546542859269,168559.0
6546.726394502592,168500.0
6546.906246145915,168434.0
6547.086097789238,169529.0
6547.265949432561,169978.0
6547.4458010758835,166866.0
6547.625652719207,161602.0
6547.80550436253,160852.0
6547.985356005853,165644.0
6548.1652076491755,167717.0
6548.345059292498,162843.0
6548.524910935822,157058.0
6548.704762579145,156743.0
6548.8846142224675,160216.0
6549.06446586579,168715.0
6549.244317509113,171668.0
6549.424169152437,172833.0
6549.604020795759,173314.0
6549.783872439082,173180.0
6549.963724082405,173441.0
6550.143575725729,175751.0
6550.323427369051,176014.0
6550.503279012374,173067.0
6550.683130655697,172907.0
6550.86298229902,175091.0
6551.042833942343,176545.0
6551.222685585666,174725.0
6551.402537228989,174381.0
6551.582388872312,175482.0
6551.762240515635,173757.0
6551.942092158958,171829.0
6552.121943802281,171898.0
6552.301795445604,165408.0
6552.481647088926,156100.0
6552.66149873225,153356.0
6552.841350375573,158942.0
6553.021202018896,168806.0
6553.201053662218,175222.0
6553.380905305541,174620.0
6553.560756948865,170185.0
6553.7406085921875,168831.0
6553.92046023551,171049.0
6554.100311878833,174032.0
6554.280163522157,175407.0
6554.4600151654795,175331.0
6554.639866808802,176270.0
6554.819718452125,175544.0
6554.999570095448,174048.0
6555.179421738771,174529.0
6555.359273382094,175283.0
6555.539125025417,174605.0
6555.71897666874,175351.0
6555.898828312063,177154.0
6556.078679955386,176445.0
6556.258531598709,178478.0
6556.438383242032,181194.0
6556.6182348853545,182790.0
6556.798086528678,183132.0
6556.977938172001,181329.0
6557.157789815324,183758.0
6557.337641458646,194683.0
6557.517493101969,211856.0
6557.697344745293,228122.0
6557.877196388616,242637.0
6558.057048031938,259834.0
6558.236899675261,285763.0
6558.416751318585,320316.0
6558.596602961908,354840.0
6558.77645460523,387939.0
6558.956306248553,418699.0
6559.136157891876,443569.0
6559.3160095352,455114.0
6559.495861178522,463218.0
6559.675712821845,465439.0
6559.855564465168,460239.0
6560.035416108491,451923.0
6560.215267751814,429963.0
6560.395119395137,408261.0
6560.57497103846,394911.0
6560.754822681783,384469.0
6560.934674325106,370948.0
6561.114525968429,342976.0
6561.294377611752,297423.0
6561.4742292550745,245723.0
6561.654080898397,202053.0
6561.833932541721,172851.0
6562.013784185044,160234.0
6562.1936358283665,160952.0
6562.373487471689,170819.0
6562.553339115013,195367.0
6562.733190758336,238936.0
6562.9130424016585,289371.0
6563.092894044981,338363.0
6563.272745688304,376405.0
6563.452597331628,400983.0
6563.63244897495,419033.0
6563.812300618273,430006.0
6563.992152261596,429045.0
6564.172003904919,425476.0
6564.351855548242,432843.0
6564.531707191565,449716.0
6564.711558834888,464029.0
6564.891410478211,457792.0
6565.071262121534,445486.0
6565.251113764857,427254.0
6565.43096540818,404193.0
6565.610817051503,375991.0
6565.790668694825,351465.0
6565.970520338149,326557.0
6566.150371981472,301240.0
6566.330223624795,279433.0
6566.510075268117,259940.0
6566.68992691144,241828.0
6566.869778554764,226175.0
6567.049630198087,215269.0
6567.229481841409,207577.0
6567.409333484732,199760.0
6567.589185128056,194837.0
6567.7690367713785,192690.0
6567.948888414701,192614.0
6568.128740058024,192285.0
6568.308591701347,190703.0
6568.4884433446705,187455.0
6568.668294987993,183920.0
6568.848146631316,183115.0
6569.027998274639,183930.0
6569.207849917962,187753.0
6569.387701561285,188423.0
6569.567553204608,188910.0
6569.747404847931,190431.0
6569.9272564912535,189655.0
6570.107108134577,195335.0
6570.2869597779,198252.0
6570.466811421223,189748.0
6570.6466630645455,187616.0
6570.826514707868,189116.0
6571.006366351192,192790.0
6571.186217994515,192953.0
6571.366069637837,194190.0
6571.54592128116,193417.0
6571.725772924484,187828.0
6571.905624567807,179086.0
6572.085476211129,176989.0
6572.265327854452,179799.0
6572.445179497775,187391.0
6572.625031141099,191260.0
6572.804882784421,193818.0
6572.984734427744,195480.0
6573.164586071067,196266.0
6573.34443771439,197625.0
6573.524289357713,196243.0
6573.704141001036,195135.0
6573.883992644359,197983.0
6574.063844287682,199283.0
6574.243695931005,198732.0
6574.423547574328,196334.0
6574.603399217651,185511.0
6574.783250860974,175666.0
6574.963102504296,172888.0
6575.14295414762,185407.0
6575.322805790943,193915.0
6575.5026574342655,198066.0
6575.682509077588,199766.0
6575.862360720912,198939.0
6576.042212364235,196372.0
6576.2220640075575,196589.0
6576.40191565088,198890.0
6576.581767294203,200038.0
6576.761618937527,199358.0
6576.941470580849,199036.0
6577.121322224172,197307.0
6577.301173867495,197196.0
6577.481025510818,200140.0
6577.660877154141,199242.0
6577.840728797464,198298.0
6578.020580440787,198169.0
6578.20043208411,196390.0
6578.380283727433,198952.0
6578.560135370756,203526.0
6578.739987014079,201218.0
6578.919838657402,199059.0
6579.099690300724,197617.0
6579.279541944048,199655.0
6579.459393587371,200345.0
6579.639245230694,200027.0
6579.819096874016,200126.0
6579.998948517339,201739.0
6580.178800160663,202242.0
6580.358651803986,201303.0
6580.538503447308,197756.0
6580.718355090631,194245.0
6580.898206733955,193284.0
6581.078058377278,197034.0
6581.2579100206,201867.0
6581.437761663923,202937.0
6581.617613307246,203326.0
6581.7974649505695,201983.0
6581.977316593892,200691.0
6582.157168237215,201080.0
6582.337019880538,200040.0
6582.5168715238615,201475.0
6582.696723167184,203994.0
6582.876574810507,203292.0
6583.05642645383,203302.0
6583.2362780971525,201040.0
6583.416129740476,196420.0
6583.595981383799,198187.0
6583.775833027122,200824.0
6583.9556846704445,203418.0
6584.135536313767,204724.0
6584.315387957091,204943.0
6584.495239600414,207476.0
6584.6750912437365,208328.0
6584.854942887059,206114.0
6585.034794530383,206529.0
6585.214646173706,206528.0
6585.394497817028,205890.0
6585.574349460351,206655.0
6585.754201103674,205380.0
6585.934052746998,204928.0
6586.11390439032,204899.0
6586.293756033643,200861.0
6586.473607676966,195956.0
6586.653459320289,195618.0
6586.833310963612,199581.0
6587.013162606935,203094.0
6587.193014250258,208115.0
6587.372865893581,209153.0
6587.552717536904,207891.0
6587.732569180227,209212.0
6587.91242082355,213435.0
6588.092272466873,209705.0
6588.272124110195,204660.0
6588.451975753519,203947.0
6588.631827396842,204472.0
6588.811679040165,207392.0
6588.991530683487,210416.0
6589.171382326811,210414.0
6589.351233970134,210496.0
6589.5310856134565,210546.0
6589.710937256779,209441.0
6589.890788900102,210114.0
6590.070640543426,210043.0
6590.2504921867485,209981.0
6590.430343830071,210619.0
6590.610195473394,209581.0
6590.790047116717,209817.0
6590.96989876004,211344.0
6591.149750403363,212727.0
6591.329602046686,212241.0
6591.509453690009,210089.0
6591.689305333332,209046.0
6591.869156976655,210998.0
6592.049008619978,214063.0
6592.228860263301,212986.0
6592.4087119066235,213077.0
6592.588563549947,214867.0
6592.76841519327,211995.0
6592.948266836593,209745.0
6593.128118479915,208960.0
6593.307970123238,210320.0
6593.487821766562,213611.0
6593.667673409885,211929.0
6593.847525053207,210658.0
6594.02737669653,208939.0
6594.207228339854,205882.0
6594.387079983177,206338.0
6594.566931626499,207586.0
6594.746783269822,209646.0
6594.926634913145,211989.0
6595.106486556469,213102.0
6595.286338199791,214375.0
6595.466189843114,212689.0
6595.646041486437,210727.0
6595.8258931297605,209932.0
6596.005744773083,210119.0
6596.185596416406,211032.0
6596.365448059729,210988.0
6596.545299703052,210568.0
6596.725151346375,209208.0
6596.905002989698,207850.0
6597.084854633021,209304.0
6597.2647062763435,212440.0
6597.444557919666,212291.0
6597.62440956299,211479.0
6597.804261206313,212466.0
6597.9841128496355,212073.0
6598.163964492958,211121.0
6598.343816136282,211342.0
6598.523667779605,214894.0
6598.7035194229275,210592.0
6598.88337106625,208141.0
6599.063222709573,207233.0
6599.243074352897,204445.0
6599.422925996219,204358.0
6599.602777639542,207232.0
6599.782629282865,209376.0
6599.962480926188,209452.0
6600.142332569511,211533.0
6600.322184212834,211068.0
6600.502035856157,211816.0
6600.68188749948,209831.0
6600.861739142803,209396.0
6601.041590786126,210649.0
6601.221442429449,210548.0
6601.401294072772,208968.0
6601.581145716094,210856.0
6601.760997359418,209883.0
6601.940849002741,206270.0
6602.120700646064,207026.0
6602.300552289386,208300.0
6602.48040393271,208115.0
6602.660255576033,210263.0
6602.840107219356,210994.0
6603.019958862678,208271.0
6603.199810506001,207867.0
6603.379662149325,211777.0
6603.5595137926475,213263.0
6603.73936543597,211106.0
6603.919217079293,210020.0
6604.099068722616,211178.0
6604.2789203659395,211197.0
6604.458772009262,208926.0
6604.638623652585,208235.0
6604.818475295908,209054.0
6604.998326939231,208611.0
6605.178178582554,208926.0
6605.358030225877,209572.0
6605.5378818692,206477.0
6605.7177335125225,205399.0
6605.897585155846,207966.0
6606.077436799169,210550.0
6606.257288442492,209037.0
6606.4371400858145,209919.0
6606.616991729137,208977.0
6606.796843372461,207897.0
6606.976695015784,208226.0
6607.156546659106,208683.0
6607.336398302429,208948.0
6607.516249945753,208630.0
6607.696101589076,209223.0
6607.875953232398,209970.0
6608.055804875721,209178.0
6608.235656519044,207850.0
6608.415508162368,208402.0
6608.59535980569,209463.0
6608.775211449013,205443.0
6608.955063092336,207180.0
6609.13491473566,208469.0
6609.314766378982,205809.0
6609.494618022305,204995.0
6609.674469665628,206640.0
6609.854321308951,204153.0
6610.034172952274,205244.0
6610.214024595597,205457.0
6610.39387623892,206148.0
6610.573727882243,205884.0
6610.753579525565,207129.0
6610.933431168889,207024.0
6611.113282812212,206201.0
6611.2931344555345,206076.0
6611.472986098857,207763.0
6611.652837742181,204853.0
6611.832689385504,205436.0
6612.0125410288265,206900.0
6612.192392672149,204864.0
6612.372244315472,200285.0
6612.552095958796,198683.0
6612.731947602118,197538.0
6612.911799245441,196279.0
6613.091650888764,199932.0
6613.271502532087,201849.0
6613.45135417541,202072.0
6613.631205818733,202652.0
6613.811057462056,204223.0
6613.990909105379,204633.0
6614.170760748702,203399.0
6614.350612392025,202865.0
6614.530464035348,203069.0
6614.710315678671,201202.0
6614.890167321993,202403.0
6615.070018965317,206007.0
6615.24987060864,204892.0
6615.429722251963,202153.0
6615.609573895285,202272.0
6615.789425538609,202104.0
6615.969277181932,202374.0
6616.149128825255,203674.0
6616.328980468577,203174.0
6616.5088321119,203170.0
6616.688683755224,203510.0
6616.868535398547,204737.0
6617.048387041869,203538.0
6617.228238685192,202202.0
6617.408090328515,200328.0
6617.5879419718385,200365.0
6617.767793615161,200926.0
6617.947645258484,201685.0
6618.127496901807,201072.0
6618.3073485451305,201505.0
6618.487200188453,202814.0
6618.667051831776,200930.0
6618.846903475099,200931.0
6619.0267551184215,200452.0
6619.206606761745,199394.0
6619.386458405068,200047.0
6619.566310048391,200632.0
6619.7461616917135,203090.0
6619.926013335036,202108.0
6620.10586497836,199444.0
6620.285716621683,199329.0
6620.4655682650055,198597.0
6620.645419908328,200058.0
6620.825271551652,199611.0
6621.005123194975,196598.0
6621.184974838297,197158.0
6621.36482648162,198545.0
6621.544678124943,198732.0
6621.724529768267,199368.0
6621.904381411589,199335.0
6622.084233054912,198916.0
6622.264084698235,198252.0
6622.443936341559,198890.0
6622.623787984881,199403.0
6622.803639628204,198180.0
6622.983491271527,196877.0
6623.16334291485,197916.0
6623.343194558173,198237.0
6623.523046201496,198327.0
6623.702897844819,199288.0
6623.882749488142,197216.0
6624.062601131464,196751.0
6624.242452774788,197210.0
6624.422304418111,196445.0
6624.602156061434,194535.0
6624.782007704756,195675.0
6624.96185934808,197852.0
6625.141710991403,197178.0
6625.3215626347255,196087.0
6625.501414278048,196230.0
6625.681265921371,194910.0
6625.861117564695,195094.0
6626.0409692080175,198106.0
6626.22082085134,197338.0
6626.400672494663,195012.0
6626.580524137986,193088.0
6626.760375781309,194196.0
6626.940227424632,194105.0
6627.120079067955,194737.0
6627.299930711278,195882.0
6627.479782354601,194672.0
6627.659633997924,191136.0
6627.839485641247,191452.0
6628.01933728457,193066.0
6628.1991889278925,192638.0
6628.379040571216,193061.0
6628.558892214539,192747.0
6628.738743857862,193058.0
6628.918595501184,192941.0
6629.098447144508,192629.0
6629.278298787831,190217.0
6629.458150431154,191767.0
6629.638002074476,191038.0
6629.817853717799,192279.0
6629.997705361123,191678.0
6630.177557004446,191293.0
6630.357408647768,193137.0
6630.537260291091,190617.0
6630.717111934414,189188.0
6630.896963577738,189307.0
6631.07681522106,189863.0
6631.256666864383,191897.0
6631.436518507706,190228.0
6631.6163701510295,188738.0
6631.796221794352,189379.0
6631.976073437675,189896.0
6632.155925080998,189904.0
6632.335776724321,189586.0
6632.515628367644,187401.0
6632.695480010967,187411.0
6632.87533165429,187570.0
6633.0551832976125,188127.0
6633.235034940935,188337.0
6633.414886584259,188183.0
6633.594738227582,187727.0
6633.7745898709045,186856.0
6633.954441514227,188359.0
6634.134293157551,187690.0
6634.314144800874,187393.0
6634.4939964441965,187982.0
6634.673848087519,186411.0
6634.853699730842,184155.0
6635.033551374166,183690.0
6635.213403017488,185002.0
6635.393254660811,186505.0
6635.573106304134,186081.0
6635.752957947458,186182.0
6635.93280959078,184173.0
6636.112661234103,181491.0
6636.292512877426,184269.0
6636.472364520749,187054.0
6636.652216164072,184890.0
6636.832067807395,183452.0
6637.011919450718,182857.0
6637.191771094041,181885.0
6637.371622737363,182646.0
6637.551474380687,184494.0
6637.73132602401,182633.0
6637.911177667333,183108.0
6638.091029310655,183818.0
6638.270880953979,182724.0
6638.450732597302,183032.0
6638.630584240625,182266.0
6638.810435883947,179062.0
6638.99028752727,179833.0
6639.170139170594,181876.0
6639.3499908139165,181681.0
6639.529842457239,181608.0
6639.709694100562,181150.0
6639.889545743885,179530.0
6640.0693973872085,182161.0
6640.249249030531,180021.0
6640.429100673854,178825.0
6640.608952317177,179766.0
6640.7888039605,178355.0
6640.968655603823,178988.0
6641.148507247146,181114.0
6641.328358890469,178907.0
6641.5082105337915,177940.0
6641.688062177115,178190.0
6641.867913820438,175452.0
6642.047765463761,175653.0
6642.2276171070835,175337.0
6642.407468750407,175543.0
6642.58732039373,174010.0
6642.767172037053,175650.0
6642.947023680375,176780.0
6643.126875323698,175208.0
6643.306726967022,175025.0
6643.486578610345,176308.0
6643.666430253667,176016.0
6643.84628189699,174918.0
6644.026133540314,174767.0
6644.205985183637,174329.0
6644.385836826959,175277.0
6644.565688470282,176330.0
6644.745540113605,173472.0
6644.925391756929,174027.0
6645.105243400251,174405.0
6645.285095043574,176370.0
6645.464946686897,174285.0
6645.64479833022,174029.0
6645.824649973543,173716.0
6646.004501616866,171649.0
6646.184353260189,172678.0
6646.364204903512,173693.0
6646.544056546834,172542.0
6646.723908190158,172904.0
6646.903759833481,171138.0
6647.0836114768035,170031.0
6647.263463120126,170237.0
6647.44331476345,170635.0
6647.623166406773,171854.0
6647.8030180500955,171807.0
6647.982869693418,170729.0
6648.162721336741,170163.0
6648.342572980065,170545.0
6648.522424623387,171440.0
6648.70227626671,168903.0
6648.882127910033,167260.0
6649.061979553357,168237.0
6649.241831196679,169143.0
6649.421682840002,168450.0
6649.601534483325,167271.0
6649.781386126648,166919.0
6649.961237769971,166577.0
6650.141089413294,165245.0
6650.320941056617,165429.0
6650.50079269994,166986.0
6650.680644343263,166680.0
6650.860495986586,168365.0
6651.040347629909,167652.0
6651.220199273232,165215.0
6651.400050916554,165679.0
6651.579902559878,164841.0
6651.759754203201,162576.0
6651.939605846524,164755.0
6652.119457489846,165558.0
6652.299309133169,166021.0
6652.479160776493,163635.0
6652.659012419816,163314.0
6652.838864063138,163211.0
6653.018715706461,162384.0
6653.198567349785,164083.0
6653.3784189931075,163147.0
6653.55827063643,159477.0
6653.738122279753,159809.0
6653.917973923076,162418.0
6654.0978255663995,162558.0
6654.277677209722,161627.0
6654.457528853045,160668.0
6654.637380496368,162458.0
6654.8172321396905,161916.0
6654.997083783014,159509.0
6655.176935426337,158958.0
6655.35678706966,158001.0
6655.5366387129825,159267.0
6655.716490356306,158804.0
6655.896341999629,157119.0
6656.076193642952,157085.0
6656.2560452862745,157361.0
6656.435896929597,157594.0
6656.615748572921,157369.0
6656.795600216244,157268.0
6656.975451859566,156243.0
6657.155303502889,154733.0
6657.335155146213,156581.0
6657.515006789536,155977.0
6657.694858432858,155142.0
6657.874710076181,154717.0
6658.054561719504,154776.0
6658.234413362828,154656.0
6658.41426500615,154724.0
6658.594116649473,155287.0
6658.773968292796,155770.0
6658.953819936119,156243.0
6659.133671579442,154267.0
6659.313523222765,153825.0
6659.493374866088,153720.0
6659.673226509411,152991.0
6659.853078152734,152638.0
6660.032929796057,151987.0
6660.21278143938,151180.0
6660.392633082703,152216.0
6660.572484726025,151875.0
6660.752336369349,150587.0
6660.932188012672,151577.0
6661.1120396559945,151658.0
6661.291891299317,151956.0
6661.47174294264,149970.0
6661.651594585964,149215.0
6661.8314462292865,149025.0
6662.011297872609,150457.0
6662.191149515932,151370.0
6662.371001159256,150842.0
6662.550852802578,149883.0
6662.730704445901,147839.0
6662.910556089224,146614.0
6663.090407732547,149411.0
6663.27025937587,150290.0
6663.450111019193,149634.0
6663.629962662516,148408.0
6663.809814305839,146824.0
6663.989665949162,147761.0
6664.169517592485,146493.0
6664.349369235808,144249.0
6664.529220879131,146620.0
6664.709072522453,145473.0
6664.888924165777,143666.0
6665.0687758091,144668.0
6665.248627452423,142777.0
6665.428479095745,144302.0
6665.608330739068,144750.0
6665.788182382392,145247.0
6665.968034025715,144693.0
6666.147885669037,143797.0
6666.32773731236,142561.0
6666.507588955684,142328.0
6666.687440599007,143505.0
6666.867292242329,143543.0
6667.047143885652,142064.0
6667.226995528975,142050.0
6667.4068471722985,140604.0
6667.586698815621,140398.0
6667.766550458944,141115.0
6667.946402102267,141870.0
6668.12625374559,140588.0
6668.306105388913,139456.0
6668.485957032236,137531.0
6668.665808675559,138027.0
6668.8456603188815,137611.0
6669.025511962205,137083.0
6669.205363605528,137076.0
6669.385215248851,135967.0
6669.5650668921735,136568.0
6669.744918535496,137285.0
6669.92477017882,136089.0
6670.104621822143,136288.0
6670.284473465465,133986.0
6670.464325108788,131928.0
6670.644176752112,132066.0
6670.824028395435,130785.0
6671.003880038757,128845.0
6671.18373168208,129180.0
6671.363583325403,129158.0
6671.543434968727,127947.0
6671.723286612049,129154.0
6671.903138255372,128691.0
6672.082989898695,127644.0
6672.262841542018,127917.0
6672.442693185341,127107.0
6672.622544828664,127006.0
6672.802396471987,127222.0
6672.98224811531,126090.0
6673.162099758633,125148.0
6673.341951401956,124010.0
6673.521803045279,125180.0
6673.701654688602,125605.0
6673.881506331924,124366.0
6674.061357975248,126012.0
6674.241209618571,125134.0
6674.421061261894,122128.0
6674.600912905216,120384.0
6674.780764548539,121931.0
6674.960616191863,122662.0
6675.1404678351855,121514.0
6675.320319478508,120721.0
6675.500171121831,120440.0
6675.680022765155,120408.0
6675.8598744084775,119137.0
6676.0397260518,118223.0
6676.219577695123,118367.0
6676.399429338446,118736.0
6676.579280981769,118321.0
6676.759132625092,117200.0
6676.938984268415,116113.0
6677.118835911738,114981.0
6677.298687555061,113474.0
6677.478539198384,112230.0
6677.658390841707,111388.0
6677.83824248503,112268.0
6678.0180941283525,112388.0
6678.197945771676,114566.0
6678.377797414999,115738.0
6678.557649058322,115686.0
6678.737500701644,115286.0
6678.917352344967,112739.0
6679.097203988291,113838.0
6679.277055631614,113585.0
6679.456907274936,113904.0
6679.636758918259,114636.0
6679.816610561583,113752.0
6679.996462204906,114826.0
6680.176313848228,114495.0
6680.356165491551,113150.0
6680.536017134874,113866.0
6680.715868778198,112679.0
6680.89572042152,114158.0
6681.075572064843,112640.0
6681.255423708166,111894.0
6681.435275351489,112051.0
6681.615126994812,112074.0
6681.794978638135,111514.0
6681.974830281458,110349.0
6682.154681924781,110112.0
6682.334533568104,111454.0
6682.514385211427,110669.0
6682.69423685475,110543.0
6682.8740884980725,110223.0
6683.053940141395,110234.0
6683.233791784719,109869.0
6683.413643428042,108982.0
6683.5934950713645,109453.0
6683.773346714687,109276.0
6683.953198358011,109352.0
6684.133050001334,109150.0
6684.312901644656,109025.0
6684.492753287979,109298.0
6684.672604931302,109653.0
6684.852456574626,107874.0
6685.032308217948,106847.0
6685.212159861271,108776.0
6685.392011504594,109298.0
6685.571863147917,108534.0
6685.75171479124,108638.0
6685.931566434563,108634.0
6686.111418077886,108524.0
6686.291269721209,108730.0
6686.471121364532,109147.0
6686.650973007855,108049.0
6686.830824651178,107968.0
6687.010676294501,107664.0
6687.190527937823,106515.0
6687.370379581147,106393.0
6687.55023122447,105468.0
6687.730082867793,104747.0
6687.909934511115,105293.0
6688.089786154438,105959.0
6688.269637797762,105184.0
6688.449489441085,104369.0
6688.629341084407,104618.0
6688.80919272773,102846.0
6688.989044371054,103851.0
6689.1688960143765,102548.0
6689.348747657699,102277.0
6689.528599301022,101429.0
6689.708450944345,101176.0
6689.8883025876685,101114.0
6690.068154230991,101749.0
6690.248005874314,101686.0
6690.427857517637,100366.0
6690.60770916096,100161.0
6690.787560804283,100376.0
6690.967412447606,100552.0
6691.147264090929,99840.2
6691.3271157342515,99402.0
6691.506967377575,98846.8
6691.686819020898,98891.0
6691.866670664221,98274.8
6692.0465223075435,97210.4
6692.226373950866,97104.8
6692.40622559419,96956.3
6692.586077237513,96876.2
6692.765928880835,96885.8
6692.945780524158,96008.2
6693.125632167482,97327.9
6693.305483810805,96313.6
6693.485335454127,95844.1
6693.66518709745,95608.9
6693.845038740773,94123.4
6694.024890384097,94257.6
6694.204742027419,93932.7
6694.384593670742,93142.1
6694.564445314065,92902.1
6694.744296957388,92789.7
6694.924148600711,93213.3
6695.104000244034,91792.7
6695.283851887357,90602.4
6695.46370353068,90582.3
6695.643555174003,90572.3
6695.823406817326,90477.9
6696.003258460649,90536.7
6696.183110103972,90131.9
6696.362961747294,89869.5
6696.542813390618,90069.1
6696.722665033941,89480.8
6696.9025166772635,88887.1
6697.082368320586,88964.8
6697.26221996391,89397.5
6697.442071607233,88825.7
6697.6219232505555,87880.8
6697.801774893878,87412.6
6697.981626537201,86617.9
6698.161478180525,86753.5
6698.341329823847,85973.7
6698.52118146717,85480.4
6698.701033110493,85169.3
6698.880884753816,85203.9
6699.060736397139,84753.0
6699.240588040462,84658.0
6699.420439683785,84657.0
6699.600291327108,84384.1
6699.780142970431,82982.8
6699.959994613754,83806.4
6700.139846257077,83312.9
6700.3196979004,82388.8
6700.499549543722,82974.9
6700.679401187046,82380.2
6700.859252830369,81213.8
6701.039104473692,80214.1
6701.218956117014,80538.3
6701.398807760337,80932.8
6701.578659403661,80897.4
6701.758511046984,79809.5
6701.938362690306,78456.4
6702.118214333629,78408.0
6702.298065976953,79899.5
6702.477917620276,79835.9
6702.657769263598,77524.3
6702.837620906921,77438.9
6703.017472550244,76732.4
6703.1973241935675,75897.0
6703.37717583689,75472.7
6703.557027480213,76815.0
6703.736879123536,74450.1
6703.9167307668595,73846.7
6704.096582410182,73896.3
6704.276434053505,74922.5
6704.456285696828,75068.4
6704.6361373401505,73709.2
6704.815988983474,73382.3
6704.995840626797,73731.4
6705.17569227012,73588.6
6705.3555439134425,72090.2
6705.535395556765,71665.3
6705.715247200089,72781.6
6705.895098843412,71345.2
6706.074950486734,71830.0
6706.254802130057,71170.4
6706.434653773381,70625.4
6706.614505416704,71319.1
6706.794357060026,70181.0
6706.974208703349,69964.0
6707.154060346672,69759.7
6707.333911989996,68332.8
6707.513763633318,68197.1
6707.693615276641,69064.8
6707.873466919964,68255.8
6708.053318563287,67349.2
6708.23317020661,67214.2
6708.413021849933,66605.1
6708.592873493256,66958.7
6708.772725136579,66916.8
6708.952576779902,66127.3
6709.132428423225,64870.3
6709.312280066548,65054.1
6709.492131709871,65340.2
6709.671983353193,63940.1
6709.851834996517,65272.4
6710.03168663984,64188.0
6710.211538283163,62916.9
6710.391389926485,63695.1
6710.571241569809,63859.7
6710.751093213132,62258.0
6710.9309448564545,61098.9
6711.110796499777,61177.6
6711.2906481431,60769.5
6711.470499786424,60920.9
6711.6503514297465,60253.4
6711.830203073069,60929.4
6712.010054716392,60926.6
6712.189906359715,61555.4
6712.369758003038,60153.0
6712.549609646361,59894.7
6712.729461289684,60459.1
6712.909312933007,58703.8
6713.08916457633,57869.7
6713.269016219653,58156.2
6713.448867862976,57524.6
6713.628719506299,57338.5
6713.8085711496215,57509.5
6713.988422792945,57044.7
6714.168274436268,56789.3
6714.348126079591,55841.7
6714.527977722913,56290.6
6714.707829366236,55134.2
6714.88768100956,54812.0
6715.067532652883,54184.9
6715.247384296205,53915.1
6715.427235939528,53655.4
6715.607087582852,53507.0
6715.786939226175,53494.5
6715.966790869497,53752.1
6716.14664251282,53680.7
6716.326494156143,53339.5
6716.5063457994665,53463.6
6716.686197442789,52174.0
6716.866049086112,50838.7
6717.045900729435,50447.6
6717.2257523727585,51372.5
6717.405604016081,50804.5
6717.585455659404,50145.4
6717.765307302727,49165.6
6717.94515894605,49812.4
6718.125010589373,49896.7
6718.304862232696,49575.9
6718.484713876019,48753.7
6718.6645655193415,48476.1
6718.844417162664,47845.2
6719.024268805988,47028.4
6719.204120449311,48135.5
6719.3839720926335,47633.4
6719.563823735956,48030.7
6719.74367537928,46750.6
6719.923527022603,46701.7
6720.103378665925,46208.7
6720.283230309248,45066.7
6720.463081952571,45494.6
6720.642933595895,45322.4
6720.822785239217,44781.1
6721.00263688254,44577.2
6721.182488525863,44609.8
6721.362340169186,44638.2
6721.542191812509,44330.4
6721.722043455832,44029.7
6721.901895099155,44196.6
6722.081746742478,44183.6
6722.261598385801,43218.0
6722.441450029124,42286.7
6722.621301672447,42231.0
6722.80115331577,42176.6
6722.981004959092,41885.3
6723.160856602416,41910.2
6723.340708245739,41368.6
6723.520559889062,41127.5
6723.700411532384,41354.4
6723.880263175708,39831.6
6724.060114819031,39782.3
6724.239966462354,39648.3
6724.419818105676,39722.0
6724.599669748999,40409.4
6724.779521392323,39647.7
6724.9593730356455,39483.0
6725.139224678968,38870.2
6725.319076322291,38306.4
6725.498927965614,37953.9
6725.6787796089375,37197.5
6725.85863125226,38272.5
6726.038482895583,38067.8
6726.218334538906,37145.5
6726.398186182229,37413.3
6726.578037825552,37091.6
6726.757889468875,37211.0
6726.937741112198,36178.9
6727.1175927555205,35361.3
6727.297444398844,34970.9
6727.477296042167,35106.8
6727.65714768549,34880.3
6727.836999328812,34791.5
6728.016850972135,34562.8
6728.196702615459,34737.6
6728.376554258782,34544.8
6728.556405902104,34648.1
6728.736257545427,33754.8
6728.916109188751,33040.7
6729.095960832074,33050.4
6729.275812475396,32884.5
6729.455664118719,33372.1
6729.635515762042,32935.6
6729.815367405366,32648.4
6729.995219048688,31942.3
6730.175070692011,31967.1
6730.354922335334,32647.4
6730.5347739786575,31463.3
6730.71462562198,31035.5
6730.894477265303,31164.6
6731.074328908626,31227.8
6731.254180551949,30915.1
6731.434032195272,30251.5
6731.613883838595,30420.3
6731.793735481918,29371.6
6731.973587125241,29232.8
6732.153438768563,29503.1
6732.333290411887,29382.1
6732.51314205521,29050.9
6732.6929936985325,28242.2
6732.872845341855,28057.8
6733.052696985179,27782.3
6733.232548628502,27649.3
6733.4124002718245,25226.6
