7605.8166005364,2400.53
7606.027752378434,2868.21
7606.238904220468,4147.31
7606.450056062502,5030.32
7606.661207904535,4106.41
7606.87235974657,1818.54
7607.083511588603,795.591
7607.294663430637,2709.12
7607.5058152726715,5358.67
7607.716967114705,5281.76
7607.928118956739,3032.35
7608.1392707987725,2461.4
7608.350422640807,4005.59
7608.561574482841,8202.45
7608.772726324874,10122.0
7608.983878166909,9437.91
7609.195030008942,7343.72
7609.406181850976,4052.34
7609.61733369301,3263.6
7609.828485535044,4763.91
7610.039637377078,7239.52
7610.2507892191115,6655.63
7610.461941061146,5731.53
7610.673092903179,5381.94
7610.884244745213,7995.73
7611.095396587248,14275.2
7611.306548429281,19462.7
7611.517700271315,19841.7
7611.728852113349,15708.8
7611.940003955383,8048.42
7612.151155797416,4205.49
7612.362307639451,4653.29
7612.573459481485,8699.84
7612.784611323518,11306.3
7612.9957631655525,9894.84
7613.206915007586,6989.7
7613.41806684962,8710.28
7613.629218691654,17723.2
7613.840370533688,26939.0
7614.051522375722,33599.5
7614.262674217755,37153.4
7614.47382605979,34965.6
7614.684977901823,28530.3
7614.896129743857,19375.4
7615.1072815858915,11968.7
7615.318433427925,12238.6
7615.529585269959,19087.0
7615.7407371119925,23731.4
7615.951888954027,21470.4
7616.163040796061,20280.8
7616.374192638094,23982.8
7616.585344480129,36131.3
7616.796496322162,49805.9
7617.007648164196,57911.5
7617.21880000623,60817.1
7617.429951848264,63144.4
7617.641103690298,66111.0
7617.852255532332,66681.8
7618.063407374366,66958.8
7618.274559216399,68331.4
7618.4857110584335,67936.5
7618.696862900468,68264.2
7618.908014742501,68891.9
7619.119166584535,68643.4
7619.330318426569,68095.4
7619.541470268603,65144.3
7619.752622110636,60623.4
7619.963773952671,59192.6
7620.174925794705,53068.9
7620.386077636738,47401.8
7620.5972294787725,35340.2
7620.808381320806,21964.2
7621.01953316284,15880.2
7621.230685004874,20426.4
7621.441836846908,31505.0
7621.652988688942,42879.9
7621.864140530975,51185.8
7622.07529237301,54039.3
7622.286444215043,56127.2
7622.497596057077,51241.6
7622.708747899112,39512.9
7622.919899741145,26339.2
7623.131051583179,15871.2
7623.342203425213,11405.3
7623.553355267247,14084.3
7623.764507109281,18750.9
7623.9756589513145,18781.3
7624.186810793349,14834.0
7624.397962635382,9897.83
7624.609114477416,11259.5
7624.82026631945,19407.8
7625.031418161484,30224.2
7625.242570003518,41945.3
7625.453721845552,49529.7
7625.664873687586,53636.6
7625.876025529619,56407.6
7626.0871773716535,50903.6
7626.298329213688,42279.8
7626.509481055721,29390.0
7626.720632897755,16372.9
7626.931784739789,9159.78
7627.142936581823,8333.29
7627.354088423856,11142.7
7627.565240265891,14165.2
7627.776392107925,12194.9
7627.987543949958,6848.53
7628.198695791993,7711.57
7628.409847634026,13227.1
7628.62099947606,23864.3
7628.8321513180945,37295.0
7629.043303160128,45127.6
7629.254455002162,50899.8
7629.4656068441955,55308.3
7629.67675868623,56276.6
7629.887910528263,53286.2
7630.099062370297,45139.9
7630.310214212332,34353.7
7630.521366054365,23331.1
7630.732517896399,14067.2
7630.943669738433,7701.06
7631.154821580467,8797.45
7631.365973422501,10795.1
7631.5771252645345,10420.5
7631.788277106569,8721.54
7631.999428948602,7448.65
7632.210580790636,10403.8
7632.42173263267,18309.3
7632.632884474704,29598.9
7632.844036316738,41044.0
7633.055188158772,51831.9
7633.266340000806,60063.4
7633.477491842839,62971.4
7633.688643684874,61504.7
7633.899795526908,56634.6
7634.110947368941,51961.9
7634.3220992109755,47181.5
7634.533251053009,35342.4
7634.744402895043,22352.3
7634.955554737076,10908.1
7635.166706579111,8958.27
7635.377858421145,9909.32
7635.589010263178,10672.2
7635.800162105213,10700.0
7636.011313947246,9348.5
7636.22246578928,9093.11
7636.4336176313145,14507.6
7636.644769473348,26828.7
7636.855921315382,41651.4
7637.0670731574155,54480.3
7637.27822499945,61795.8
7637.489376841483,67999.3
7637.700528683517,72131.9
7637.911680525552,71717.4
7638.122832367585,68423.7
7638.333984209619,65029.6
7638.545136051653,60523.0
7638.756287893687,51716.1
7638.967439735721,38795.4
7639.178591577755,24512.8
7639.389743419789,13802.4
7639.600895261822,10884.0
7639.8120471038565,12375.3
7640.02319894589,15434.7
7640.234350787924,14629.6
7640.445502629958,12115.9
7640.656654471992,14624.5
7640.867806314026,23144.6
7641.078958156059,37250.2
7641.290109998094,52079.1
7641.501261840128,64439.9
7641.712413682161,73592.4
7641.9235655241955,80170.0
7642.134717366229,82861.0
7642.345869208263,82162.8
7642.5570210502965,80369.8
7642.768172892331,78634.4
7642.979324734365,75918.8
7643.190476576398,69426.8
7643.401628418433,56479.1
7643.612780260466,40019.1
7643.8239321025,26806.0
7644.035083944535,18313.4
7644.246235786568,16529.5
7644.457387628602,19844.5
7644.668539470636,20457.4
7644.87969131267,16611.0
7645.090843154703,15987.0
7645.301994996737,22709.9
7645.513146838772,34496.9
7645.724298680805,50564.1
7645.935450522839,65989.8
7646.146602364873,79226.3
7646.357754206907,85873.5
7646.568906048941,89066.7
7646.780057890975,91007.2
7646.991209733009,92386.4
7647.202361575042,93179.6
7647.4135134170765,94138.7
7647.62466525911,93127.0
7647.835817101144,86624.5
7648.046968943178,80202.3
7648.258120785212,65280.3
7648.469272627246,48005.4
7648.680424469279,32944.6
7648.891576311314,24424.7
7649.102728153348,23999.2
7649.313879995381,27413.4
7649.525031837416,28690.1
7649.736183679449,26895.2
7649.947335521483,26182.1
7650.1584873635165,32172.0
7650.369639205551,48320.1
7650.580791047585,65626.5
7650.791942889618,80841.8
7651.003094731653,92251.9
7651.214246573686,99702.0
7651.42539841572,104958.0
7651.636550257755,105571.0
7651.847702099788,103665.0
7652.058853941822,103926.0
7652.270005783856,105042.0
7652.48115762589,105916.0
7652.692309467923,104362.0
7652.9034613099575,101895.0
7653.114613151992,92121.9
7653.325764994025,79047.5
7653.536916836059,60256.9
7653.748068678093,44426.5
7653.959220520127,36034.2
7654.170372362161,36354.4
7654.381524204195,42477.3
7654.592676046229,43263.1
7654.803827888262,39287.1
7655.014979730297,38844.7
7655.22613157233,47491.1
7655.437283414364,64641.9
7655.648435256398,82379.0
7655.859587098432,99601.5
7656.070738940466,109044.0
7656.281890782499,113096.0
7656.493042624534,114609.0
7656.704194466568,114395.0
7656.915346308601,115434.0
7657.126498150636,116501.0
7657.337649992669,118440.0
7657.548801834703,117900.0
7657.759953676737,119150.0
7657.971105518771,116800.0
7658.182257360805,113155.0
7658.3934092028385,106580.0
7658.604561044873,92596.8
7658.815712886906,76304.2
7659.02686472894,62115.8
7659.238016570975,53809.8
7659.449168413008,56520.9
7659.660320255042,61611.0
7659.871472097076,59766.0
7660.08262393911,54454.6
7660.293775781143,54557.1
7660.5049276231775,63295.2
7660.716079465212,82119.8
7660.927231307245,101169.0
7661.138383149279,112358.0
7661.349534991313,118068.0
7661.560686833347,123115.0
7661.771838675381,125229.0
7661.982990517415,123185.0
7662.194142359449,124983.0
7662.405294201482,128528.0
7662.616446043517,127524.0
7662.82759788555,127914.0
7663.038749727584,129170.0
7663.2499015696185,128613.0
7663.461053411652,126648.0
7663.672205253686,125217.0
7663.8833570957195,119169.0
7664.094508937754,107089.0
7664.305660779788,93500.3
7664.516812621821,79460.1
7664.727964463856,69589.6
7664.939116305889,66929.8
7665.150268147923,71560.8
7665.361419989957,73590.8
7665.572571831991,69345.9
7665.783723674025,70143.7
7665.9948755160585,81080.3
7666.206027358093,95062.7
7666.417179200126,109552.0
7666.62833104216,122371.0
7666.839482884195,129178.0
7667.050634726228,130942.0
7667.261786568262,130692.0
7667.472938410296,132578.0
7667.68409025233,134128.0
7667.895242094363,135382.0
7668.106393936398,133923.0
7668.317545778432,133631.0
7668.528697620465,135393.0
7668.7398494624995,136546.0
7668.951001304533,136026.0
7669.162153146567,134956.0
7669.373304988601,133701.0
7669.584456830635,129121.0
7669.795608672669,120086.0
7670.006760514702,109372.0
7670.217912356737,96642.1
7670.42906419877,90554.8
7670.640216040804,89826.5
7670.8513678828385,94946.0
7671.062519724872,95111.4
7671.273671566906,92846.5
7671.4848234089395,91234.7
7671.695975250974,93444.0
7671.907127093008,104260.0
7672.118278935041,120058.0
7672.329430777076,131276.0
7672.540582619109,134931.0
7672.751734461143,137307.0
7672.962886303177,140841.0
7673.174038145211,139853.0
7673.385189987245,142530.0
7673.596341829279,144415.0
7673.807493671313,140514.0
7674.018645513346,138321.0
7674.2297973553805,141140.0
7674.440949197415,143588.0
7674.652101039448,143617.0
7674.863252881482,141496.0
7675.074404723516,140420.0
7675.28555656555,142870.0
7675.496708407583,140611.0
7675.707860249618,134431.0
7675.919012091652,124994.0
7676.130163933685,114404.0
7676.3413157757195,109086.0
7676.552467617753,110445.0
7676.763619459787,112886.0
7676.974771301821,110511.0
7677.185923143855,107198.0
7677.397074985889,107894.0
7677.608226827922,110120.0
7677.819378669957,116503.0
7678.03053051199,128777.0
7678.241682354024,136480.0
7678.452834196059,140662.0
7678.663986038092,144051.0
7678.875137880126,146465.0
7679.08628972216,146241.0
7679.297441564194,146831.0
7679.508593406228,147004.0
7679.7197452482615,145211.0
7679.930897090296,145342.0
7680.142048932329,145216.0
7680.353200774363,146267.0
7680.564352616397,147894.0
7680.775504458431,147807.0
7680.986656300465,148897.0
7681.197808142499,148278.0
7681.408959984533,149108.0
7681.620111826566,148718.0
7681.8312636686005,144720.0
7682.042415510635,136337.0
7682.253567352668,129258.0
7682.464719194702,124909.0
7682.675871036736,124498.0
7682.88702287877,124307.0
7683.098174720803,123572.0
7683.309326562838,122870.0
7683.520478404872,121601.0
7683.731630246905,121688.0
7683.94278208894,126523.0
7684.153933930973,135802.0
7684.365085773007,144162.0
7684.5762376150415,148943.0
7684.787389457075,150764.0
7684.998541299109,152034.0
7685.209693141142,149844.0
7685.420844983177,147852.0
7685.63199682521,149673.0
7685.843148667244,151768.0
7686.054300509279,150586.0
7686.265452351312,148343.0
7686.476604193346,148747.0
7686.68775603538,151298.0
7686.898907877414,153044.0
7687.110059719448,152423.0
7687.3212115614815,150733.0
7687.532363403516,150769.0
7687.743515245549,150484.0
7687.954667087583,149661.0
7688.165818929617,150880.0
7688.376970771651,150943.0
7688.588122613685,147695.0
7688.799274455719,140714.0
7689.010426297753,135987.0
7689.221578139786,134881.0
7689.432729981821,135974.0
7689.643881823855,134880.0
7689.855033665888,133812.0
7690.0661855079225,133845.0
7690.277337349956,136132.0
7690.48848919199,142484.0
7690.699641034023,144518.0
7690.910792876058,149463.0
7691.121944718092,154510.0
7691.333096560125,154649.0
7691.54424840216,157055.0
7691.755400244193,155532.0
7691.966552086227,154195.0
7692.1777039282615,155580.0
7692.388855770295,156462.0
7692.600007612329,157854.0
7692.8111594543625,155949.0
7693.022311296397,154235.0
7693.23346313843,155053.0
7693.444614980464,153692.0
7693.655766822499,154232.0
7693.866918664532,157280.0
7694.078070506566,156099.0
7694.2892223486,156268.0
7694.500374190634,157134.0
7694.711526032668,156769.0
7694.922677874702,153997.0
7695.133829716736,151277.0
7695.344981558769,149868.0
7695.556133400803,145160.0
7695.767285242837,145540.0
7695.978437084871,146239.0
7696.189588926905,146715.0
7696.400740768939,145258.0
7696.611892610973,143749.0
7696.823044453006,143111.0
7697.034196295041,143728.0
7697.245348137075,148639.0
7697.456499979108,153135.0
7697.6676518211425,155231.0
7697.878803663176,157547.0
7698.08995550521,157545.0
7698.3011073472435,157093.0
7698.512259189278,157209.0
7698.723411031312,155649.0
7698.934562873345,154829.0
7699.14571471538,155766.0
7699.356866557413,154902.0
7699.568018399447,153338.0
7699.779170241482,151457.0
7699.990322083515,154831.0
7700.201473925549,157460.0
7700.4126257675825,157940.0
7700.623777609617,158370.0
7700.83492945165,158279.0
7701.046081293684,158258.0
7701.257233135719,157259.0
7701.468384977752,156590.0
7701.679536819786,155191.0
7701.89068866182,154965.0
7702.101840503854,154840.0
7702.312992345888,155044.0
7702.524144187922,153112.0
7702.735296029956,152083.0
7702.946447871989,153020.0
7703.1575997140235,155265.0
7703.368751556057,156661.0
7703.579903398091,155150.0
7703.791055240125,152851.0
7704.002207082159,151349.0
7704.213358924193,152151.0
7704.424510766226,153347.0
7704.635662608261,156376.0
7704.846814450295,160298.0
7705.057966292328,161186.0
7705.2691181343625,159992.0
7705.480269976396,158957.0
7705.69142181843,159648.0
7705.9025736604635,159601.0
7706.113725502498,161168.0
7706.324877344532,159617.0
7706.536029186565,158224.0
7706.7471810286,157070.0
7706.958332870633,159877.0
7707.169484712667,162474.0
7707.380636554702,160683.0
7707.591788396735,158318.0
7707.802940238769,160253.0
7708.014092080803,162379.0
7708.225243922837,161428.0
7708.43639576487,160001.0
7708.6475476069045,161629.0
7708.858699448939,162280.0
7709.069851290972,160927.0
7709.281003133006,162662.0
7709.49215497504,161714.0
7709.703306817074,157517.0
7709.914458659108,158068.0
7710.125610501142,157421.0
7710.336762343176,158125.0
7710.547914185209,161319.0
7710.7590660272435,161126.0
7710.970217869277,161919.0
7711.181369711311,163733.0
7711.392521553345,161303.0
7711.603673395379,163997.0
7711.814825237413,165268.0
7712.025977079446,161114.0
7712.237128921481,159086.0
7712.448280763515,160275.0
7712.659432605548,160271.0
7712.870584447583,158961.0
7713.081736289616,159607.0
7713.29288813165,162219.0
7713.504039973684,162627.0
7713.715191815718,163219.0
7713.926343657752,162891.0
7714.1374954997855,161068.0
7714.34864734182,160668.0
7714.559799183853,161241.0
7714.770951025887,162294.0
7714.982102867922,160956.0
7715.193254709955,159856.0
7715.404406551989,159110.0
7715.615558394023,162365.0
7715.826710236057,164264.0
7716.03786207809,162622.0
7716.2490139201245,160256.0
7716.460165762159,158405.0
7716.671317604192,161067.0
7716.882469446226,159435.0
7717.09362128826,159485.0
7717.304773130294,158482.0
7717.515924972328,159145.0
7717.727076814362,156919.0
7717.938228656396,157437.0
7718.149380498429,161231.0
7718.360532340464,161431.0
7718.571684182497,160009.0
7718.782836024531,160793.0
7718.9939878665655,160682.0
7719.205139708599,160714.0
7719.416291550633,160528.0
7719.6274433926665,159345.0
7719.838595234701,159724.0
7720.049747076735,159518.0
7720.260898918768,159048.0
7720.472050760803,160259.0
7720.683202602836,159655.0
7720.89435444487,157319.0
7721.105506286904,160884.0
7721.316658128938,162097.0
7721.527809970972,160683.0
7721.7389618130055,156678.0
7721.95011365504,155979.0
7722.161265497073,158089.0
7722.372417339107,157979.0
7722.583569181142,157729.0
7722.794721023175,158086.0
7723.005872865209,160111.0
7723.217024707243,160120.0
7723.428176549277,160653.0
7723.63932839131,158828.0
7723.850480233345,157671.0
7724.061632075379,160175.0
7724.272783917412,160925.0
7724.4839357594465,160441.0
7724.69508760148,161054.0
7724.906239443514,159434.0
7725.117391285548,160043.0
7725.328543127582,160812.0
7725.539694969616,158091.0
7725.750846811649,160334.0
7725.961998653684,160508.0
7726.173150495717,158664.0
7726.384302337751,161593.0
7726.5954541797855,161301.0
7726.806606021819,159964.0
7727.017757863853,158635.0
7727.2289097058865,158706.0
7727.440061547921,157853.0
7727.651213389955,159708.0
7727.862365231988,162201.0
7728.073517074023,159600.0
7728.284668916056,163335.0
7728.49582075809,162340.0
7728.706972600124,159638.0
7728.918124442158,158893.0
7729.129276284192,157082.0
7729.340428126226,158292.0
7729.55157996826,160313.0
7729.762731810293,158511.0
7729.9738836523275,157107.0
7730.185035494362,154259.0
7730.396187336395,157048.0
7730.607339178429,157190.0
7730.818491020463,159260.0
7731.029642862497,160840.0
7731.24079470453,159286.0
7731.451946546565,158663.0
7731.663098388599,160295.0
7731.874250230632,161621.0
7732.0854020726665,160796.0
7732.2965539147,160802.0
7732.507705756734,158650.0
7732.718857598768,157360.0
7732.930009440802,158089.0
7733.141161282836,156679.0
7733.352313124869,156874.0
7733.563464966904,157188.0
7733.774616808937,157109.0
7733.985768650971,156892.0
7734.196920493006,156986.0
7734.408072335039,159092.0
7734.619224177073,158103.0
7734.830376019107,157165.0
7735.041527861141,158939.0
7735.252679703175,159189.0
7735.463831545208,159201.0
7735.674983387243,157847.0
7735.886135229276,157381.0
7736.09728707131,159472.0
7736.308438913344,157836.0
7736.519590755378,155964.0
7736.730742597412,155944.0
7736.941894439446,156980.0
7737.15304628148,158238.0
7737.364198123513,159482.0
7737.5753499655475,159031.0
7737.786501807581,157631.0
7737.997653649615,157986.0
7738.208805491649,156512.0
7738.419957333683,155414.0
7738.631109175717,157060.0
7738.84226101775,155958.0
7739.053412859785,159317.0
7739.264564701819,160430.0
7739.475716543852,156063.0
7739.686868385887,155288.0
7739.89802022792,154181.0
7740.109172069954,156034.0
7740.320323911988,156260.0
7740.531475754022,156644.0
7740.742627596056,157331.0
7740.953779438089,155813.0
7741.164931280124,155268.0
7741.376083122157,153535.0
7741.587234964191,153432.0
7741.798386806226,152334.0
7742.009538648259,152228.0
7742.220690490293,153634.0
7742.431842332327,154967.0
7742.642994174361,153112.0
7742.854146016394,153129.0
7743.0652978584285,155265.0
7743.276449700463,155345.0
7743.487601542496,153155.0
7743.69875338453,151767.0
7743.909905226564,153790.0
7744.121057068598,153014.0
7744.332208910632,152268.0
7744.543360752666,153757.0
7744.7545125947,153115.0
7744.965664436733,154601.0
7745.176816278768,155532.0
7745.387968120802,154711.0
7745.599119962835,152970.0
7745.810271804869,154561.0
7746.021423646903,155984.0
7746.232575488937,154229.0
7746.44372733097,152669.0
7746.654879173005,151072.0
7746.866031015039,151548.0
7747.077182857072,153448.0
7747.288334699107,153458.0
7747.49948654114,153675.0
7747.710638383174,151514.0
7747.921790225208,149555.0
7748.132942067242,150731.0
7748.344093909276,152101.0
7748.5552457513095,150845.0
7748.766397593344,150641.0
7748.977549435377,150436.0
7749.188701277411,151147.0
7749.399853119446,152111.0
7749.611004961479,151255.0
7749.822156803513,149306.0
7750.033308645547,150163.0
7750.244460487581,151571.0
7750.455612329615,150961.0
7750.6667641716485,150733.0
7750.877916013683,150973.0
7751.089067855716,151986.0
7751.30021969775,151830.0
7751.511371539784,151275.0
7751.722523381818,149664.0
7751.933675223852,148911.0
7752.144827065886,149932.0
7752.35597890792,150583.0
7752.567130749953,151102.0
7752.778282591988,151636.0
7752.989434434021,151089.0
7753.200586276055,149817.0
7753.4117381180895,150848.0
7753.622889960123,148762.0
7753.834041802157,147648.0
7754.0451936441905,150022.0
7754.256345486225,150979.0
7754.467497328259,148565.0
7754.678649170292,146116.0
7754.889801012327,148499.0
7755.10095285436,150000.0
7755.312104696394,149412.0
7755.5232565384285,147948.0
7755.734408380462,147693.0
7755.945560222496,146467.0
7756.1567120645295,146204.0
7756.367863906564,147640.0
7756.579015748597,147524.0
7756.790167590631,147934.0
7757.001319432666,148278.0
7757.212471274699,148258.0
7757.423623116733,149343.0
7757.634774958767,147568.0
7757.845926800801,146902.0
7758.057078642834,146742.0
7758.268230484869,146474.0
7758.479382326903,146029.0
7758.690534168936,146448.0
7758.9016860109705,147713.0
7759.112837853004,147675.0
7759.323989695038,145480.0
7759.535141537072,144397.0
7759.746293379106,143700.0
7759.95744522114,144294.0
7760.168597063173,145183.0
7760.379748905208,147107.0
7760.590900747242,146256.0
7760.802052589275,144231.0
7761.0132044313095,145594.0
7761.224356273343,144409.0
7761.435508115377,144644.0
7761.6466599574105,143044.0
7761.857811799445,142256.0
7762.068963641479,144428.0
7762.280115483512,144940.0
7762.491267325547,143372.0
7762.70241916758,142157.0
7762.913571009614,141437.0
7763.124722851648,140061.0
7763.335874693682,141249.0
7763.547026535716,141813.0
7763.75817837775,141685.0
7763.969330219784,141918.0
7764.180482061817,141908.0
7764.3916339038515,141024.0
7764.602785745886,142347.0
7764.813937587919,142368.0
7765.025089429953,140562.0
7765.236241271987,141196.0
7765.447393114021,142192.0
7765.658544956055,141659.0
7765.869696798089,141273.0
7766.080848640123,138419.0
7766.292000482156,140322.0
7766.5031523241905,142070.0
7766.714304166224,140097.0
7766.925456008258,138895.0
7767.136607850292,140098.0
7767.347759692326,141659.0
7767.55891153436,139521.0
7767.770063376393,137589.0
7767.981215218428,136994.0
7768.192367060461,138123.0
7768.403518902495,139184.0
7768.61467074453,137640.0
7768.825822586563,138297.0
7769.036974428597,136913.0
7769.248126270631,135933.0
7769.459278112665,134520.0
7769.670429954699,135232.0
7769.8815817967325,138374.0
7770.092733638767,141201.0
7770.3038854808,140954.0
7770.515037322834,139670.0
7770.726189164869,142827.0
7770.937341006902,141801.0
7771.148492848936,141501.0
7771.35964469097,142589.0
7771.570796533004,143144.0
7771.781948375037,141696.0
7771.9931002170715,141060.0
7772.204252059106,140759.0
7772.415403901139,142109.0
7772.626555743173,143011.0
7772.837707585207,143903.0
7773.048859427241,143569.0
7773.260011269274,144830.0
7773.471163111309,143927.0
7773.682314953343,144300.0
7773.893466795376,144022.0
7774.104618637411,143796.0
7774.315770479444,145064.0
7774.526922321478,144758.0
7774.7380741635125,142100.0
7774.949226005546,142833.0
7775.16037784758,141525.0
7775.371529689613,141791.0
7775.582681531648,144366.0
7775.793833373682,142271.0
7776.004985215715,141634.0
7776.21613705775,141221.0
7776.427288899783,140847.0
7776.638440741817,140539.0
7776.849592583851,138581.0
7777.060744425885,138705.0
7777.271896267919,140073.0
7777.4830481099525,138363.0
7777.694199951987,136335.0
7777.90535179402,137097.0
7778.116503636054,137259.0
7778.327655478088,137144.0
7778.538807320122,136748.0
7778.749959162156,136996.0
7778.96111100419,137154.0
7779.172262846224,135213.0
7779.383414688257,135076.0
7779.594566530292,134733.0
7779.805718372326,133834.0
7780.016870214359,131780.0
7780.2280220563935,129429.0
7780.439173898427,131583.0
7780.650325740461,132757.0
7780.861477582495,131738.0
7781.072629424529,131376.0
7781.283781266563,129962.0
7781.494933108596,128070.0
7781.706084950631,128805.0
7781.917236792664,128823.0
7782.128388634698,126764.0
7782.3395404767325,126684.0
7782.550692318766,130816.0
7782.7618441608,129072.0
7782.9729960028335,126119.0
7783.184147844868,127015.0
7783.395299686901,126452.0
7783.606451528935,128271.0
7783.81760337097,128445.0
7784.028755213003,126710.0
7784.239907055037,127494.0
7784.451058897071,126598.0
7784.662210739105,126527.0
7784.873362581139,125321.0
7785.084514423173,123716.0
7785.295666265207,125979.0
7785.50681810724,126923.0
7785.717969949274,126316.0
7785.929121791309,126359.0
7786.140273633342,126176.0
7786.351425475376,126963.0
7786.56257731741,122225.0
7786.773729159444,123197.0
7786.984881001477,125184.0
7787.196032843512,125344.0
7787.407184685546,126903.0
7787.618336527579,124123.0
7787.8294883696135,122904.0
7788.040640211647,122650.0
7788.251792053681,122608.0
7788.4629438957145,125785.0
7788.674095737749,124868.0
7788.885247579783,124273.0
7789.096399421816,124243.0
7789.307551263851,121572.0
7789.518703105884,121128.0
7789.729854947918,122195.0
7789.941006789953,122879.0
7790.152158631986,121852.0
7790.36331047402,120190.0
7790.5744623160535,121606.0
7790.785614158088,121057.0
7790.996766000122,121660.0
7791.207917842155,121528.0
7791.41906968419,120207.0
7791.630221526223,119226.0
7791.841373368257,117257.0
7792.052525210291,120619.0
7792.263677052325,120734.0
7792.474828894359,122011.0
7792.685980736393,118821.0
7792.897132578427,119128.0
7793.10828442046,120245.0
7793.3194362624945,118111.0
7793.530588104528,118735.0
7793.741739946562,118710.0
7793.952891788596,119711.0
7794.16404363063,118668.0
7794.375195472664,118511.0
7794.586347314697,119644.0
7794.797499156732,119894.0
7795.008650998766,118133.0
7795.219802840799,115821.0
7795.4309546828335,117441.0
7795.642106524867,117551.0
7795.853258366901,119666.0
7796.0644102089345,118109.0
7796.275562050969,115221.0
7796.486713893003,117401.0
7796.697865735036,115939.0
7796.909017577071,114881.0
7797.120169419104,116011.0
7797.331321261138,117214.0
7797.542473103173,115833.0
7797.753624945206,118481.0
7797.96477678724,116400.0
7798.175928629274,113892.0
7798.387080471308,115966.0
7798.598232313341,117126.0
7798.8093841553755,116319.0
7799.02053599741,115632.0
7799.231687839443,114642.0
7799.442839681477,114776.0
7799.653991523511,113025.0
7799.865143365545,114805.0
7800.076295207579,114513.0
7800.287447049613,114236.0
7800.498598891647,112704.0
7800.70975073368,112007.0
7800.9209025757145,113899.0
7801.132054417748,114014.0
7801.343206259782,113300.0
7801.554358101816,112366.0
7801.76550994385,111234.0
7801.976661785884,110748.0
7802.187813627917,109390.0
7802.398965469952,110344.0
7802.610117311986,110237.0
7802.821269154019,108090.0
7803.032420996054,107679.0
7803.243572838087,107091.0
7803.454724680121,108494.0
7803.665876522155,110662.0
7803.877028364189,111053.0
7804.088180206223,108343.0
7804.2993320482565,107617.0
7804.510483890291,107341.0
7804.721635732324,107741.0
7804.932787574358,109154.0
7805.143939416393,108088.0
7805.355091258426,105323.0
7805.56624310046,106077.0
7805.777394942494,107359.0
7805.988546784528,107331.0
7806.199698626561,109012.0
7806.4108504685955,107702.0
7806.62200231063,106718.0
7806.833154152663,108864.0
7807.044305994697,106273.0
7807.255457836731,105246.0
7807.466609678765,105922.0
7807.677761520799,105979.0
7807.888913362833,103216.0
7808.100065204867,103730.0
7808.3112170469,104073.0
7808.522368888935,103590.0
7808.733520730968,105960.0
7808.944672573002,104800.0
7809.1558244150365,105052.0
7809.36697625707,105220.0
7809.578128099104,104325.0
7809.7892799411375,103697.0
7810.000431783172,102570.0
7810.211583625206,102261.0
7810.422735467239,102024.0
7810.633887309274,101985.0
7810.845039151307,102621.0
7811.056190993341,102540.0
7811.267342835375,100976.0
7811.478494677409,101254.0
7811.689646519443,101478.0
7811.9007983614765,103837.0
7812.111950203511,102341.0
7812.323102045544,101127.0
7812.534253887578,103274.0
7812.745405729613,100148.0
7812.956557571646,99102.0
7813.16770941368,98984.9
7813.378861255714,98621.8
7813.590013097748,98402.0
7813.801164939781,97598.7
7814.012316781816,97374.2
7814.22346862385,96720.4
7814.434620465883,96492.7
7814.6457723079175,95943.3
7814.856924149951,97135.6
7815.068075991985,98742.6
7815.279227834019,97959.2
7815.490379676053,97482.2
7815.701531518087,97614.0
7815.91268336012,96790.8
7816.123835202155,96519.7
7816.334987044188,96712.1
7816.546138886222,95728.5
7816.7572907282565,96246.8
7816.96844257029,95049.6
7817.179594412324,94914.7
7817.3907462543575,94591.4
7817.601898096392,95031.3
7817.813049938426,95394.3
7818.024201780459,95605.7
7818.235353622494,94423.2
7818.446505464527,92247.0
7818.657657306561,92179.4
7818.868809148595,93339.1
7819.079960990629,95028.0
7819.291112832663,96160.2
7819.502264674697,96456.6
7819.713416516731,93795.3
7819.924568358764,90992.4
7820.1357202007985,90577.5
7820.346872042833,90075.4
7820.558023884866,90571.8
7820.7691757269,90231.1
7820.980327568934,90752.6
7821.191479410968,92064.2
7821.402631253001,92898.2
7821.613783095036,91811.5
7821.82493493707,89938.1
7822.036086779103,88823.2
7822.2472386211375,88738.5
7822.458390463171,88231.5
7822.669542305205,89021.3
7822.880694147239,88770.6
7823.091845989273,88873.9
7823.302997831307,89480.4
7823.51414967334,88059.9
7823.725301515375,87929.9
7823.936453357408,86609.0
7824.147605199442,86249.4
7824.358757041477,88260.3
7824.56990888351,89971.7
7824.781060725544,87208.1
7824.992212567578,87921.6
7825.203364409612,87022.4
7825.414516251646,86640.8
7825.625668093679,84884.4
7825.836819935714,84783.0
7826.047971777747,84741.6
7826.259123619781,85001.0
7826.470275461815,86541.0
7826.681427303849,85569.0
7826.892579145883,85242.8
7827.103730987917,86923.7
7827.314882829951,85692.4
7827.526034671984,84585.5
7827.7371865140185,85507.4
7827.948338356053,84459.6
7828.159490198086,83779.7
7828.37064204012,85008.1
7828.581793882154,83232.8
7828.792945724188,84213.5
7829.004097566221,84184.9
7829.215249408256,80880.7
7829.42640125029,80120.7
7829.637553092323,85407.4
7829.848704934358,83472.2
7830.059856776391,82394.2
7830.271008618425,82670.0
7830.482160460459,81892.1
7830.693312302493,81005.6
7830.904464144527,81021.4
7831.11561598656,81861.8
7831.326767828595,82868.6
7831.537919670628,80828.9
7831.749071512662,82543.2
7831.960223354697,80233.4
7832.17137519673,78475.2
7832.382527038764,78335.8
7832.593678880798,78702.0
7832.804830722832,77565.4
7833.015982564866,77317.5
7833.2271344068995,77891.9
7833.438286248934,79286.6
7833.649438090967,79862.6
7833.860589933001,78157.1
7834.071741775035,78678.9
7834.282893617069,77122.8
7834.494045459103,79847.8
7834.705197301137,79843.4
7834.916349143171,77432.3
7835.127500985204,78094.0
7835.338652827239,78422.9
7835.549804669273,79520.1
7835.760956511306,77925.3
7835.97210835334,76316.3
7836.183260195374,75409.5
7836.394412037408,74292.3
7836.605563879441,76170.8
7836.816715721476,74051.4
7837.02786756351,72822.5
7837.239019405543,74154.9
7837.450171247578,73386.9
7837.661323089611,72334.8
7837.872474931645,74545.6
7838.0836267736795,74815.8
7838.294778615713,73917.3
7838.505930457747,73773.5
7838.7170822997805,74213.6
7838.928234141815,73286.1
7839.139385983848,72446.4
7839.350537825882,74343.0
7839.561689667917,73575.7
7839.77284150995,71034.9
7839.983993351984,70498.0
7840.195145194018,70335.5
7840.406297036052,69148.5
7840.617448878086,69793.6
7840.8286007201195,70428.4
7841.039752562154,69534.2
7841.250904404187,70336.1
7841.462056246221,71371.6
7841.673208088255,70823.1
7841.884359930289,69076.6
7842.095511772323,69700.7
7842.306663614357,71628.3
7842.517815456391,71389.8
7842.728967298424,69233.8
7842.940119140459,67212.5
7843.151270982493,67391.0
7843.362422824526,69003.2
7843.5735746665605,69091.5
7843.784726508594,67809.9
7843.995878350628,68633.1
7844.2070301926615,65502.6
7844.418182034696,66612.9
7844.62933387673,67041.5
7844.840485718763,68550.8
7845.051637560798,66666.3
7845.262789402831,66187.8
7845.473941244865,64815.4
7845.6850930868995,65291.6
7845.896244928933,65891.6
7846.107396770967,67343.8
7846.3185486130005,63969.1
7846.529700455035,64980.3
7846.740852297068,62537.2
7846.952004139102,63057.6
7847.163155981137,64362.9
7847.37430782317,63527.6
7847.585459665204,65964.4
7847.796611507238,64742.4
7848.007763349272,63353.1
7848.218915191306,63748.2
7848.43006703334,64789.0
7848.641218875374,62788.7
7848.852370717407,61189.9
7849.0635225594415,60943.5
7849.274674401475,61813.7
7849.485826243509,62012.0
7849.696978085543,62089.8
7849.908129927577,63000.0
7850.119281769611,63132.8
7850.330433611644,61967.0
7850.541585453679,61022.6
7850.752737295713,60034.1
7850.963889137746,59450.2
7851.1750409797805,59798.3
7851.386192821814,60922.4
7851.597344663848,60430.0
7851.8084965058815,60295.2
7852.019648347916,60220.8
7852.23080018995,59534.2
7852.441952031983,59319.0
7852.653103874018,57456.8
7852.864255716051,59222.7
7853.075407558085,57914.4
7853.28655940012,55577.5
7853.497711242153,58899.1
7853.708863084187,60402.8
7853.920014926221,58493.9
7854.131166768255,55700.6
7854.342318610288,55359.3
7854.5534704523225,56312.9
7854.764622294357,55722.9
7854.97577413639,54162.3
7855.186925978424,54321.1
7855.398077820458,54545.3
7855.609229662492,56481.3
7855.820381504526,54817.1
7856.03153334656,54333.1
7856.242685188594,54066.8
7856.453837030627,56435.9
7856.6649888726615,56236.5
7856.876140714695,55994.9
7857.087292556729,55534.3
7857.298444398763,54647.9
7857.509596240797,54118.2
7857.720748082831,54174.2
7857.931899924864,54774.9
7858.143051766899,54663.6
7858.354203608933,53908.6
7858.565355450966,53922.9
7858.776507293001,52955.2
7858.987659135034,51315.5
7859.198810977068,52581.0
7859.409962819102,54352.6
7859.621114661136,52282.6
7859.83226650317,51334.1
7860.0434183452035,52437.3
7860.254570187238,52387.6
7860.465722029271,53589.0
7860.676873871305,52159.4
7860.88802571334,50207.9
7861.099177555373,49682.3
7861.310329397407,51077.7
7861.521481239441,49083.5
7861.732633081475,49652.2
7861.943784923508,49076.5
7862.1549367655425,49249.7
7862.366088607577,49546.7
7862.57724044961,49175.5
7862.788392291644,49332.6
7862.999544133678,48862.2
7863.210695975712,49306.1
7863.421847817746,48116.9
7863.63299965978,46901.4
7863.844151501814,47822.0
7864.055303343847,47331.1
7864.266455185882,48211.8
7864.477607027915,46229.2
7864.688758869949,46415.1
7864.8999107119835,44877.4
7865.111062554017,43090.4
7865.322214396051,42748.9
7865.533366238084,44046.3
7865.744518080119,46873.4
7865.955669922152,45329.6
7866.166821764186,44183.9
7866.377973606221,44010.2
7866.589125448254,41200.4
7866.800277290288,40066.8
7867.011429132322,39730.4
7867.222580974356,40309.8
7867.43373281639,42385.8
7867.6448846584235,44107.0
7867.856036500458,44314.9
7868.067188342491,43013.7
7868.278340184525,43190.1
7868.48949202656,44052.0
7868.700643868593,43142.6
7868.911795710627,43725.8
7869.122947552661,41941.7
7869.334099394695,42093.1
7869.545251236728,41827.0
7869.756403078763,41764.0
7869.967554920797,42853.7
7870.17870676283,41684.0
7870.3898586048645,41262.8
7870.601010446898,38293.0
7870.812162288932,37359.9
7871.023314130965,38053.8
7871.234465973,39968.0
7871.445617815034,39199.3
7871.656769657067,39000.4
7871.867921499102,40622.6
7872.079073341135,41735.1
7872.290225183169,40465.5
7872.5013770252035,40315.5
7872.712528867237,40806.6
7872.923680709271,38301.6
7873.1348325513045,38533.8
7873.345984393339,39484.5
7873.557136235373,37617.6
7873.768288077406,35376.7
7873.979439919441,35340.2
7874.190591761474,37180.2
7874.401743603508,38377.6
7874.612895445542,37740.8
7874.824047287576,36221.4
7875.03519912961,37878.3
7875.246350971644,37427.0
7875.457502813678,37302.2
7875.668654655711,38412.0
7875.879806497745,39142.8
7876.090958339779,37146.6
7876.302110181813,34923.4
7876.513262023847,36960.9
7876.724413865881,35287.8
7876.935565707915,34436.7
7877.146717549948,33257.6
7877.357869391983,30198.2
7877.569021234017,30968.8
7877.78017307605,30465.2
7877.9913249180845,32023.5
7878.202476760118,33774.8
7878.413628602152,35492.2
7878.624780444186,34750.4
7878.83593228622,34329.2
7879.047084128254,36029.1
7879.258235970287,34031.5
7879.469387812322,34562.6
7879.680539654355,33697.4
7879.891691496389,34736.2
7880.102843338424,33589.6
7880.313995180457,33084.4
7880.525147022491,33084.3
7880.7362988645245,34600.5
7880.947450706559,32908.3
7881.158602548592,30251.3
7881.369754390626,30605.4
7881.580906232661,29531.4
7881.792058074694,28724.6
7882.003209916728,28914.0
7882.214361758762,30467.5
7882.425513600796,30058.0
7882.63666544283,30083.2
7882.847817284864,31944.5
7883.058969126898,30032.3
7883.270120968931,29705.3
7883.4812728109655,29953.5
7883.692424653,31614.7
7883.903576495033,30548.2
7884.114728337067,29833.0
7884.325880179101,29893.5
7884.537032021135,30768.1
7884.748183863168,29741.7
7884.959335705203,30344.6
7885.170487547237,28497.8
7885.38163938927,29627.3
7885.592791231305,30044.4
7885.803943073338,26986.6
7886.015094915372,27012.5
7886.2262467574055,27103.7
7886.43739859944,27693.1
7886.648550441474,27203.4
7886.859702283507,28276.3
7887.070854125542,27367.3
7887.282005967575,26069.2
7887.493157809609,26855.5
7887.704309651644,25982.9
7887.915461493677,25088.2
7888.126613335711,23702.8
7888.337765177745,22258.8
7888.548917019779,22514.6
7888.760068861813,24291.7
7888.9712207038465,26646.2
7889.182372545881,26722.2
7889.393524387914,26773.0
7889.604676229948,25509.3
7889.815828071982,25145.0
7890.026979914016,25306.7
7890.23813175605,22008.4
7890.449283598084,22312.2
7890.660435440118,23568.0
7890.871587282151,23007.7
7891.0827391241855,22547.4
7891.293890966219,23370.9
7891.505042808253,22886.3
7891.716194650287,22917.1
7891.927346492321,23890.5
7892.138498334355,22385.9
7892.349650176388,23055.8
7892.560802018423,20671.2
7892.771953860457,21416.3
7892.98310570249,21930.5
7893.194257544525,19666.3
7893.405409386558,18014.8
7893.616561228592,19031.4
7893.8277130706265,20812.1
7894.03886491266,23023.7
7894.250016754694,23730.9
7894.4611685967275,22358.5
7894.672320438762,19964.6
7894.883472280795,18386.0
7895.094624122829,19412.3
7895.305775964864,17638.0
7895.516927806897,19338.2
7895.728079648931,19162.3
