7605.0785599809,1128.96
7605.288554528281,1111.05
7605.498549075662,877.057
7605.708543623044,820.888
7605.918538170425,678.377
7606.128532717806,922.997
7606.338527265187,1167.9
7606.548521812569,1065.36
7606.75851635995,1205.91
7606.968510907331,841.551
7607.178505454712,709.693
7607.388500002094,1159.47
7607.598494549475,977.779
7607.808489096856,344.747
7608.018483644237,349.905
7608.228478191618,862.124
7608.438472739,1169.08
7608.648467286381,1240.34
7608.858461833762,1458.35
7609.068456381143,1878.58
7609.278450928525,1222.24
7609.488445475906,789.318
7609.698440023287,606.479
7609.908434570668,625.112
7610.11842911805,979.608
7610.328423665431,1097.98
7610.538418212812,771.372
7610.748412760193,820.312
7610.958407307574,1346.5
7611.168401854956,1791.46
7611.378396402337,2605.5
7611.588390949718,2778.37
7611.798385497099,2172.04
7612.008380044481,1368.73
7612.218374591862,1121.57
7612.428369139243,1373.64
7612.638363686624,1506.35
7612.848358234006,1561.92
7613.058352781387,1185.79
7613.268347328768,1105.95
7613.478341876149,1374.3
7613.68833642353,2067.99
7613.898330970912,2823.3
7614.108325518293,3697.2
7614.318320065674,4278.3
7614.528314613055,3881.8
7614.738309160437,3057.29
7614.948303707818,2213.06
7615.158298255199,1629.93
7615.36829280258,1780.29
7615.578287349962,2278.82
7615.788281897343,2505.08
7615.998276444724,2551.95
7616.208270992105,2579.43
7616.418265539487,2838.62
7616.628260086868,3696.73
7616.838254634249,4662.23
7617.04824918163,5326.63
7617.258243729011,5881.58
7617.468238276393,6121.68
7617.678232823774,6111.93
7617.888227371155,6330.06
7618.098221918536,6379.63
7618.308216465918,6146.55
7618.518211013299,6247.38
7618.72820556068,6268.29
7618.938200108061,5903.97
7619.148194655443,6143.45
7619.358189202824,6145.3
7619.568183750205,5924.41
7619.778178297586,5789.66
7619.988172844967,5693.68
7620.198167392349,5548.29
7620.40816193973,4936.36
7620.618156487111,3660.45
7620.828151034492,2584.16
7621.038145581874,1911.91
7621.248140129255,1925.99
7621.458134676636,4357.01
7621.668129224017,5252.22
7621.878123771399,5025.82
7622.08811831878,5241.3
7622.298112866161,5500.08
7622.508107413542,5398.44
7622.718101960923,4407.48
7622.928096508305,3513.3
7623.138091055686,2516.38
7623.348085603067,2034.7
7623.558080150448,1968.58
7623.76807469783,2093.63
7623.978069245211,2280.5
7624.188063792592,2142.23
7624.398058339973,1671.8
7624.608052887355,1617.86
7624.818047434736,2162.93
7625.028041982117,2851.62
7625.2380365294985,4469.49
7625.4480310768795,4597.51
7625.658025624261,4949.24
7625.8680201716425,5390.49
7626.0780147190235,5123.71
7626.2880092664045,4612.6
7626.498003813786,3724.51
7626.7079983611675,2701.9
7626.9179929085485,2434.01
7627.1279874559295,1568.11
7627.3379820033115,1568.25
7627.5479765506925,1813.24
7627.7579710980735,1746.15
7627.967965645455,1726.11
7628.177960192836,1719.45
7628.3879547402175,1779.41
7628.597949287599,2244.79
7628.80794383498,2958.25
7629.017938382361,4094.79
7629.227932929743,5428.32
7629.437927477124,5491.09
7629.647922024505,5574.48
7629.857916571886,6099.65
7630.067911119268,5828.57
7630.277905666649,4761.85
7630.48790021403,3712.97
7630.697894761411,2759.1
7630.907889308792,2044.86
7631.117883856174,1610.28
7631.327878403555,1583.41
7631.537872950936,1641.05
7631.747867498317,1688.43
7631.957862045699,1203.24
7632.16785659308,960.359
7632.377851140461,1710.09
7632.587845687842,2733.45
7632.797840235224,3542.54
7633.007834782605,4547.62
7633.217829329986,5752.1
7633.427823877367,6711.85
7633.637818424748,6468.7
7633.84781297213,6680.82
7634.057807519511,6701.43
7634.267802066892,5866.39
7634.477796614273,4828.08
7634.687791161655,3996.58
7634.897785709036,3211.81
7635.107780256417,2229.68
7635.317774803798,1861.73
7635.52776935118,1247.51
7635.737763898561,1884.02
7635.947758445942,1904.53
7636.157752993323,1441.13
7636.367747540704,1735.35
7636.577742088086,2755.67
7636.787736635467,3567.85
7636.997731182848,4105.55
7637.207725730229,5381.81
7637.417720277611,5718.54
7637.627714824992,6315.87
7637.837709372373,7008.08
7638.047703919754,7158.28
7638.257698467136,6978.43
7638.467693014517,6879.54
7638.677687561898,6554.32
7638.887682109279,5761.46
7639.097676656661,4757.18
7639.307671204042,3595.87
7639.517665751423,2692.72
7639.727660298804,2047.83
7639.937654846185,2104.56
7640.147649393567,2613.38
7640.357643940948,2493.17
7640.567638488329,1777.43
7640.77763303571,1834.13
7640.987627583092,2961.83
7641.197622130473,4167.18
7641.407616677854,5274.81
7641.617611225235,6281.82
7641.827605772617,7027.41
7642.037600319998,7349.11
7642.247594867379,7468.12
7642.45758941476,7607.31
7642.667583962141,7240.45
7642.877578509523,7273.76
7643.087573056904,7874.94
7643.297567604285,7402.36
7643.507562151666,6207.23
7643.717556699048,5166.36
7643.927551246429,4213.0
7644.13754579381,3377.24
7644.347540341191,2468.72
7644.557534888573,2108.99
7644.767529435954,2896.91
7644.977523983335,3101.3
7645.187518530716,2504.32
7645.397513078097,2708.97
7645.607507625479,3573.79
7645.81750217286,4900.02
7646.027496720241,5814.21
7646.237491267622,7501.75
7646.447485815004,8359.21
7646.657480362385,8972.81
7646.867474909766,9103.07
7647.077469457147,8805.19
7647.287464004529,8836.14
7647.49745855191,9046.61
7647.707453099291,8882.52
7647.917447646672,8475.13
7648.127442194053,8063.72
7648.337436741435,7114.59
7648.547431288816,6166.97
7648.757425836197,5011.55
7648.967420383578,4100.71
7649.17741493096,4209.27
7649.387409478341,4345.11
7649.597404025722,3828.19
7649.8073985731035,3686.63
7650.017393120485,3730.62
7650.227387667866,3589.9
7650.437382215247,5165.14
7650.6473767626285,5609.92
7650.8573713100095,7011.18
7651.067365857391,8514.91
7651.2773604047725,8823.99
7651.4873549521535,9131.86
7651.6973494995345,9615.33
7651.9073440469165,9899.9
7652.1173385942975,9911.66
7652.3273331416785,9483.26
7652.53732768906,9828.82
7652.7473222364415,9845.29
7652.9573167838225,9677.79
7653.167311331204,9634.29
7653.377305878585,8629.76
7653.587300425966,7232.1
7653.797294973348,6345.19
7654.007289520729,5627.26
7654.21728406811,4903.69
7654.427278615491,4825.71
7654.637273162873,5242.01
7654.847267710254,5153.72
7655.057262257635,4959.73
7655.267256805016,5232.4
7655.477251352398,5802.38
7655.687245899779,6858.73
7655.89724044716,7811.17
7656.107234994541,9163.04
7656.317229541922,10037.0
7656.527224089304,10101.0
7656.737218636685,10393.9
7656.947213184066,10280.9
7657.157207731447,10090.6
7657.367202278829,10403.8
7657.57719682621,10687.1
7657.787191373591,11084.4
7657.997185920972,10967.9
7658.207180468354,10887.5
7658.417175015735,9925.48
7658.627169563116,9075.89
7658.837164110497,8746.07
7659.047158657879,7687.78
7659.25715320526,6798.96
7659.467147752641,6510.49
7659.677142300022,6405.6
7659.887136847403,6516.07
7660.097131394785,6400.06
7660.307125942166,6191.96
7660.517120489547,7026.08
7660.727115036928,7040.98
7660.93710958431,7582.64
7661.147104131691,8722.04
7661.357098679072,10416.5
7661.567093226453,12113.4
7661.777087773835,10834.5
7661.987082321216,11149.5
7662.197076868597,11312.6
7662.407071415978,11479.2
7662.617065963359,11033.9
7662.827060510741,10912.5
7663.037055058122,11075.2
7663.247049605503,10768.8
7663.457044152884,11148.5
7663.667038700266,11587.9
7663.877033247647,11128.2
7664.087027795028,10970.0
7664.297022342409,10339.3
7664.507016889791,9118.97
7664.717011437172,8078.55
7664.927005984553,7956.23
7665.137000531934,7785.71
7665.346995079315,7715.53
7665.556989626697,7590.49
7665.766984174078,7550.83
7665.976978721459,8121.92
7666.18697326884,8414.25
7666.396967816222,8658.03
7666.606962363603,10191.4
7666.816956910984,11416.8
7667.026951458365,11376.6
7667.236946005747,10499.0
7667.446940553128,11301.7
7667.656935100509,12299.4
7667.86692964789,12042.0
7668.076924195271,11448.1
7668.286918742653,11323.8
7668.496913290034,11801.4
7668.706907837415,12152.6
7668.916902384796,12006.2
7669.126896932178,12106.8
7669.336891479559,12185.4
7669.54688602694,11884.4
7669.756880574321,11980.6
7669.966875121703,10985.2
7670.176869669084,10346.1
7670.386864216465,9830.56
7670.596858763846,9503.05
7670.806853311227,8916.94
7671.016847858609,9149.44
7671.22684240599,9232.87
7671.436836953371,9159.42
7671.646831500752,9520.88
7671.856826048134,8990.97
7672.066820595515,9974.35
7672.276815142896,10690.7
7672.486809690277,11466.5
7672.696804237659,12116.0
7672.90679878504,11928.0
7673.116793332421,11920.8
7673.326787879802,12092.2
7673.536782427183,12090.0
7673.746776974565,12008.2
7673.956771521946,12288.8
7674.166766069327,12583.5
7674.376760616708,12512.1
7674.58675516409,12538.2
7674.796749711471,12200.7
7675.006744258852,12149.9
7675.2167388062335,12472.9
7675.426733353615,13223.3
7675.636727900996,12735.1
7675.8467224483775,12673.0
7676.0567169957585,12004.5
7676.2667115431395,11155.7
7676.4767060905215,10737.8
7676.6867006379025,10468.1
7676.8966951852835,10359.4
7677.106689732665,10403.2
7677.3166842800465,10463.5
7677.5266788274275,10338.3
7677.736673374809,10789.6
7677.94666792219,10286.2
7678.1566624695715,11136.9
7678.366657016953,11831.8
7678.576651564334,12136.1
7678.786646111715,12037.5
7678.996640659096,12051.1
7679.206635206478,12065.2
7679.416629753859,12186.8
7679.62662430124,12846.3
7679.836618848621,13074.9
7680.046613396003,12676.8
7680.256607943384,12735.8
7680.466602490765,12657.7
7680.676597038146,13249.5
7680.886591585528,13136.2
7681.096586132909,12638.1
7681.30658068029,13163.0
7681.516575227671,12958.8
7681.726569775053,12888.4
7681.936564322434,13105.5
7682.146558869815,13331.7
7682.356553417196,12680.6
7682.566547964577,11541.0
7682.776542511959,11249.6
7682.98653705934,11381.8
7683.196531606721,11815.3
7683.406526154102,11595.3
7683.616520701484,11342.2
7683.826515248865,11621.6
7684.036509796246,11459.3
7684.246504343627,11952.8
7684.456498891009,12621.6
7684.66649343839,12734.5
7684.876487985771,12718.9
7685.086482533152,12946.9
7685.296477080533,12693.4
7685.506471627915,12744.4
7685.716466175296,13369.6
7685.926460722677,13242.8
7686.136455270058,13313.0
7686.34644981744,13479.0
7686.556444364821,13103.4
7686.766438912202,13160.0
7686.976433459583,13236.4
7687.186428006965,13904.2
7687.396422554346,13981.8
7687.606417101727,12767.3
7687.816411649108,13228.0
7688.026406196489,14145.0
7688.236400743871,14147.7
7688.446395291252,14021.2
7688.656389838633,13269.2
7688.866384386014,12346.9
7689.076378933396,12618.3
7689.286373480777,13070.5
7689.496368028158,12859.0
7689.706362575539,12419.4
7689.916357122921,12093.6
7690.126351670302,11946.7
7690.336346217683,12104.1
7690.546340765064,12698.7
7690.756335312445,12771.5
7690.966329859827,12946.6
7691.176324407208,13594.3
7691.386318954589,13690.1
7691.59631350197,13294.3
7691.806308049352,13496.5
7692.016302596733,13721.0
7692.226297144114,13643.1
7692.436291691495,13676.9
7692.646286238877,12938.5
7692.856280786258,12991.2
7693.066275333639,13610.1
7693.27626988102,14263.1
7693.486264428401,13871.1
7693.696258975783,13072.2
7693.906253523164,13618.6
7694.116248070545,13906.5
7694.326242617926,13688.2
7694.536237165308,13536.3
7694.746231712689,13751.5
7694.95622626007,13747.7
7695.166220807451,13488.9
7695.376215354833,13400.2
7695.586209902214,13464.6
7695.796204449595,13478.4
7696.006198996976,13383.4
7696.216193544357,13765.5
7696.426188091739,13167.9
7696.63618263912,13252.0
7696.846177186501,13154.8
7697.056171733882,13690.0
7697.266166281264,13849.2
7697.476160828645,13500.2
7697.686155376026,13143.2
7697.896149923407,13747.6
7698.106144470789,13996.5
7698.31613901817,13504.4
7698.526133565551,13166.8
7698.736128112932,13271.7
7698.946122660314,13575.6
7699.156117207695,13608.6
7699.366111755076,13026.9
7699.576106302457,12709.7
7699.7861008498385,13687.8
7699.99609539722,13821.7
7700.206089944601,13893.8
7700.4160844919825,14001.5
7700.6260790393635,14197.0
7700.836073586745,14247.8
7701.0460681341265,13642.8
7701.2560626815075,13114.3
7701.4660572288885,13287.4
7701.6760517762705,13793.6
7701.8860463236515,13729.0
7702.0960408710325,13636.5
7702.306035418414,13472.9
7702.516029965795,13310.3
7702.7260245131765,13772.7
7702.936019060558,13893.8
7703.146013607939,13356.2
7703.35600815532,13502.5
7703.566002702702,14366.0
7703.775997250083,14418.5
7703.985991797464,14017.5
7704.195986344845,13691.3
7704.405980892227,13614.5
7704.615975439608,13640.6
7704.825969986989,13062.9
7705.03596453437,13105.0
7705.245959081751,14060.2
7705.455953629133,14270.1
7705.665948176514,14227.4
7705.875942723895,14078.0
7706.085937271276,13948.5
7706.295931818658,13690.8
7706.505926366039,13409.5
7706.71592091342,13515.4
7706.925915460801,13853.5
7707.135910008183,14108.3
7707.345904555564,13783.9
7707.555899102945,13948.6
7707.765893650326,14072.0
7707.975888197707,13644.1
7708.185882745089,13880.4
7708.39587729247,13688.1
7708.605871839851,13773.8
7708.815866387232,13750.3
7709.025860934614,14272.2
7709.235855481995,14153.1
7709.445850029376,14089.6
7709.655844576757,14017.2
7709.865839124139,13867.2
7710.07583367152,13939.8
7710.285828218901,14432.3
7710.495822766282,14258.9
7710.705817313663,14221.8
7710.915811861045,14779.8
7711.125806408426,14633.3
7711.335800955807,14277.8
7711.545795503188,13953.4
7711.75579005057,13835.9
7711.965784597951,13829.2
7712.175779145332,14126.8
7712.385773692713,13967.0
7712.595768240095,13674.5
7712.805762787476,13672.4
7713.015757334857,12999.9
7713.225751882238,13843.8
7713.435746429619,14203.5
7713.645740977001,13587.1
7713.855735524382,13940.3
7714.065730071763,14102.4
7714.275724619144,14067.1
7714.485719166526,14444.6
7714.695713713907,13796.9
7714.905708261288,13802.0
7715.115702808669,14508.8
7715.325697356051,14459.7
7715.535691903432,14148.2
7715.745686450813,14015.6
7715.955680998194,14320.8
7716.165675545575,14087.9
7716.375670092957,13397.7
7716.585664640338,13435.2
7716.795659187719,13492.1
7717.0056537351,14219.4
7717.215648282482,13536.8
7717.425642829863,13632.4
7717.635637377244,13877.0
7717.845631924625,14377.8
7718.055626472007,13807.4
7718.265621019388,13181.4
7718.475615566769,13175.7
7718.68561011415,13487.3
7718.895604661531,13826.7
7719.105599208913,14116.3
7719.315593756294,13949.2
7719.525588303675,13568.1
7719.735582851056,13915.4
7719.945577398438,13652.1
7720.155571945819,13881.8
7720.3655664932,14065.0
7720.575561040581,13616.4
7720.785555587963,13848.0
7720.995550135344,13461.5
7721.205544682725,12922.4
7721.415539230106,13536.0
7721.625533777487,13874.8
7721.835528324869,13441.5
7722.04552287225,13677.6
7722.255517419631,13625.7
7722.465511967012,13806.5
7722.675506514394,14142.7
7722.885501061775,13830.0
7723.095495609156,13085.2
7723.305490156537,13181.0
7723.515484703919,13234.4
7723.7254792513,14123.4
7723.935473798681,13939.4
7724.145468346062,13699.0
7724.355462893444,13985.5
7724.565457440825,14331.6
7724.775451988206,13910.9
7724.9854465355875,13546.4
7725.1954410829685,13543.9
7725.40543563035,13554.8
7725.6154301777315,13558.6
7725.8254247251125,13278.2
7726.0354192724935,13447.6
7726.2454138198755,13746.5
7726.4554083672565,13685.9
7726.6654029146375,13653.4
7726.875397462019,13619.9
7727.0853920094005,13623.9
7727.2953865567815,13661.8
7727.505381104163,13760.4
7727.715375651544,13631.3
7727.925370198925,13660.0
7728.135364746307,13478.8
7728.345359293688,13590.3
7728.555353841069,13595.0
7728.76534838845,13230.6
7728.975342935832,13432.1
7729.185337483213,13474.6
7729.395332030594,13985.2
7729.605326577975,13516.1
7729.815321125357,12945.7
7730.025315672738,12661.5
7730.235310220119,13823.4
7730.4453047675,13476.2
7730.655299314881,13574.8
7730.865293862263,13815.3
7731.075288409644,13112.1
7731.285282957025,12864.6
7731.495277504406,13372.6
7731.705272051788,13396.4
7731.915266599169,13796.7
7732.12526114655,13576.2
7732.335255693931,13327.8
7732.545250241313,13686.2
7732.755244788694,13488.9
7732.965239336075,13095.5
7733.175233883456,13304.3
7733.385228430837,13484.8
7733.595222978219,13422.0
7733.8052175256,13521.8
7734.015212072981,13715.0
7734.225206620362,13621.9
7734.435201167744,13556.1
7734.645195715125,13657.9
7734.855190262506,13387.9
7735.065184809887,13539.1
7735.275179357269,13764.1
7735.48517390465,13859.7
7735.695168452031,13419.1
7735.905162999412,13324.8
7736.115157546793,13556.3
7736.325152094175,13379.2
7736.535146641556,13477.0
7736.745141188937,13697.5
7736.955135736318,12980.6
7737.1651302837,13055.6
7737.375124831081,13133.3
7737.585119378462,13341.8
7737.795113925843,13893.0
7738.005108473225,13545.1
7738.215103020606,13439.7
7738.425097567987,13355.7
7738.635092115368,13185.8
7738.84508666275,13257.7
7739.055081210131,13698.7
7739.265075757512,13162.5
7739.475070304893,13229.4
7739.685064852274,13326.5
7739.895059399656,12960.9
7740.105053947037,13035.6
7740.315048494418,13334.4
7740.525043041799,12579.7
7740.735037589181,12364.2
7740.945032136562,13087.2
7741.155026683943,13168.5
7741.365021231324,13308.1
7741.575015778706,13371.0
7741.785010326087,13398.2
7741.995004873468,13968.3
7742.204999420849,14213.0
7742.41499396823,14050.4
7742.624988515612,13284.1
7742.834983062993,12872.9
7743.044977610374,13091.7
7743.254972157755,12964.7
7743.464966705137,13029.6
7743.674961252518,12972.8
7743.884955799899,13453.1
7744.09495034728,13798.4
7744.304944894662,12721.2
7744.514939442043,12768.6
7744.724933989424,13191.4
7744.934928536805,12782.5
7745.144923084186,12873.6
7745.354917631568,12520.3
7745.564912178949,12631.1
7745.77490672633,13092.6
7745.984901273711,12815.0
7746.194895821093,13539.0
7746.404890368474,13210.3
7746.614884915855,12650.3
7746.824879463236,12955.0
7747.034874010618,12755.5
7747.244868557999,12821.9
7747.45486310538,12456.1
7747.664857652761,12954.3
7747.874852200142,13031.7
7748.084846747524,13013.1
7748.294841294905,12636.6
7748.504835842286,13726.2
7748.714830389667,12826.6
7748.924824937049,12777.4
7749.13481948443,12754.5
7749.344814031811,12960.5
7749.5548085791925,12517.3
7749.764803126574,13421.8
7749.974797673955,13066.0
7750.1847922213365,13277.6
7750.3947867687175,13674.9
7750.6047813160985,12357.8
7750.8147758634805,12823.6
7751.0247704108615,12294.9
7751.2347649582425,12459.7
7751.444759505624,12959.3
7751.6547540530055,12824.5
7751.8647486003865,12717.9
7752.074743147768,12410.6
7752.284737695149,12726.6
7752.4947322425305,12325.9
7752.704726789912,12193.9
7752.914721337293,12737.2
7753.124715884674,12773.5
7753.334710432055,12626.8
7753.544704979437,12675.2
7753.754699526818,12275.7
7753.964694074199,12435.0
7754.17468862158,12338.7
7754.384683168962,12397.7
7754.594677716343,12511.0
7754.804672263724,13037.9
7755.014666811105,13132.3
7755.224661358487,12873.1
7755.434655905868,12515.9
7755.644650453249,12187.0
7755.85464500063,12142.8
7756.064639548011,11994.5
7756.274634095393,12437.8
7756.484628642774,12883.5
7756.694623190155,12717.7
7756.904617737536,12198.8
7757.114612284918,12313.7
7757.324606832299,12858.5
7757.53460137968,12510.1
7757.744595927061,12375.1
7757.954590474443,12471.5
7758.164585021824,12094.7
7758.374579569205,12696.7
7758.584574116586,12896.7
7758.794568663967,11996.7
7759.004563211349,11398.7
7759.21455775873,11969.1
7759.424552306111,12022.5
7759.634546853492,12050.8
7759.844541400874,12299.0
7760.054535948255,12788.1
7760.264530495636,12682.5
7760.474525043017,11676.4
7760.684519590399,11827.3
7760.89451413778,12108.6
7761.104508685161,12357.4
7761.314503232542,12404.0
7761.524497779923,12221.4
7761.734492327305,11914.1
7761.944486874686,12119.1
7762.154481422067,12215.7
7762.364475969448,12153.3
7762.57447051683,11970.3
7762.784465064211,12291.2
7762.994459611592,12318.8
7763.204454158973,12062.3
7763.414448706355,12295.5
7763.624443253736,12325.2
7763.834437801117,11371.9
7764.044432348498,11765.5
7764.254426895879,12474.5
7764.464421443261,11801.9
7764.674415990642,12181.5
7764.884410538023,12777.1
7765.094405085404,12017.9
7765.304399632786,11568.8
7765.514394180167,11490.6
7765.724388727548,11930.4
7765.934383274929,11460.8
7766.144377822311,11636.2
7766.354372369692,11743.8
7766.564366917073,11642.2
7766.774361464454,11693.8
7766.984356011835,11944.1
7767.194350559217,12247.6
7767.404345106598,11706.5
7767.614339653979,11292.6
7767.82433420136,11313.7
7768.034328748742,11877.9
7768.244323296123,11804.1
7768.454317843504,11766.9
7768.664312390885,11916.9
7768.874306938267,12396.2
7769.084301485648,11903.4
7769.294296033029,11490.4
7769.50429058041,11506.0
7769.714285127792,11371.9
7769.924279675173,11184.7
7770.134274222554,11070.5
7770.344268769935,11351.4
7770.554263317316,11070.7
7770.764257864698,10525.6
7770.974252412079,10448.6
7771.18424695946,10620.5
7771.394241506841,10236.5
7771.604236054223,9687.25
7771.814230601604,8778.1
7772.024225148985,8043.97
7772.234219696366,8556.01
7772.444214243748,8515.3
7772.654208791129,7561.85
7772.86420333851,8106.47
7773.074197885891,8631.23
7773.284192433272,8548.58
7773.494186980654,8929.35
7773.704181528035,8903.33
7773.914176075416,8709.4
7774.1241706227975,8523.62
7774.334165170179,8419.52
7774.54415971756,7583.37
7774.7541542649415,7296.75
7774.9641488123225,7525.85
7775.174143359704,7538.13
7775.3841379070855,7924.49
7775.5941324544665,8167.25
7775.8041270018475,8188.81
7776.014121549229,8631.28
7776.2241160966105,8944.94
7776.4341106439915,9386.53
7776.644105191373,9632.75
7776.854099738754,9984.83
7777.0640942861355,11141.1
7777.2740888335165,10425.2
7777.484083380898,10613.1
7777.694077928279,11030.4
7777.9040724756605,11060.0
7778.114067023042,10605.2
7778.324061570423,10434.6
7778.534056117804,11254.2
7778.744050665185,10764.8
7778.954045212567,10926.8
7779.164039759948,10662.2
7779.374034307329,10690.9
7779.58402885471,10761.1
7779.794023402092,10619.4
7780.004017949473,10768.7
7780.214012496854,10348.2
7780.424007044235,10941.0
7780.634001591617,11099.3
7780.843996138998,10661.3
7781.053990686379,10746.2
7781.26398523376,10587.2
7781.473979781142,11128.2
7781.683974328523,11471.5
7781.893968875904,10955.4
7782.103963423285,11055.9
7782.313957970666,11089.3
7782.523952518048,10598.8
7782.733947065429,10989.4
7782.94394161281,11184.2
7783.153936160191,10574.5
7783.363930707573,10123.3
7783.573925254954,10493.6
7783.783919802335,10643.1
7783.993914349716,10569.8
7784.203908897098,11026.1
7784.413903444479,11408.8
7784.62389799186,11708.8
7784.833892539241,11124.4
7785.043887086622,10307.5
7785.253881634004,10222.9
7785.463876181385,10968.4
7785.673870728766,11018.7
7785.883865276147,10608.9
7786.093859823529,10623.2
7786.30385437091,10885.0
7786.513848918291,10282.8
7786.723843465672,10586.3
7786.933838013054,10394.7
7787.143832560435,10124.6
7787.353827107816,10405.3
7787.563821655197,10346.9
7787.773816202578,10447.5
7787.98381074996,10860.5
7788.193805297341,11034.0
7788.403799844722,11191.1
7788.613794392103,10899.3
7788.823788939485,10514.7
7789.033783486866,10752.1
7789.243778034247,10700.9
7789.453772581628,10720.0
7789.66376712901,10236.1
7789.873761676391,9997.89
7790.083756223772,9583.41
7790.293750771153,9544.16
7790.503745318534,9849.45
7790.713739865916,10427.2
7790.923734413297,10782.2
7791.133728960678,10675.6
7791.343723508059,10434.1
7791.553718055441,10135.3
7791.763712602822,10212.7
7791.973707150203,10567.5
7792.183701697584,9819.07
7792.393696244966,10415.9
7792.603690792347,10994.0
7792.813685339728,10360.2
7793.023679887109,9724.12
7793.23367443449,10040.1
7793.443668981872,9569.79
7793.653663529253,9723.61
7793.863658076634,9866.78
7794.073652624015,9787.71
7794.283647171397,10083.3
7794.493641718778,9673.24
7794.703636266159,9846.74
7794.91363081354,10279.9
7795.123625360922,9985.22
7795.333619908303,9716.87
7795.543614455684,9818.64
7795.753609003065,10331.4
7795.963603550446,9674.97
7796.173598097828,9608.22
7796.383592645209,9652.62
7796.59358719259,9671.14
7796.803581739971,9313.95
7797.013576287353,9652.02
7797.223570834734,10139.7
7797.433565382115,10009.5
7797.643559929496,9645.84
7797.853554476878,9908.26
7798.063549024259,10093.7
7798.27354357164,9719.07
7798.483538119021,10039.4
7798.6935326664025,9625.97
7798.903527213784,9731.05
7799.113521761165,9753.98
7799.3235163085465,9574.57
7799.5335108559275,9290.24
7799.743505403309,9707.23
7799.9534999506905,9930.29
7800.1634944980715,9826.45
7800.3734890454525,9982.57
7800.583483592834,10213.7
7800.7934781402155,8987.2
7801.0034726875965,9099.25
7801.2134672349775,9041.27
7801.423461782359,9575.53
7801.6334563297405,10098.5
7801.8434508771215,9236.71
7802.053445424503,8732.04
7802.263439971884,9506.04
7802.4734345192655,8944.7
7802.683429066647,9128.13
7802.893423614028,9512.44
7803.103418161409,8855.44
7803.313412708791,8948.52
7803.523407256172,9399.85
7803.733401803553,9453.07
7803.943396350934,9113.76
7804.153390898315,8538.17
7804.363385445697,8439.07
7804.573379993078,8815.84
7804.783374540459,9023.1
7804.99336908784,8662.18
7805.203363635222,8603.65
7805.413358182603,8987.83
7805.623352729984,9264.12
7805.833347277365,9031.42
7806.043341824747,8631.68
7806.253336372128,9158.47
7806.463330919509,8780.67
7806.67332546689,9382.57
7806.883320014271,9124.81
7807.093314561653,8744.05
7807.303309109034,8275.77
7807.513303656415,8750.88
7807.723298203796,8594.81
7807.933292751178,9124.91
7808.143287298559,8614.45
7808.35328184594,8843.87
7808.563276393321,9326.76
7808.773270940703,8642.94
7808.983265488084,8886.01
7809.193260035465,8950.88
7809.403254582846,8477.82
7809.613249130228,8514.47
7809.823243677609,8912.19
7810.03323822499,8483.84
7810.243232772371,8279.4
7810.453227319752,8546.57
7810.663221867134,8796.64
7810.873216414515,9238.39
7811.083210961896,9045.92
7811.293205509277,9097.93
7811.503200056659,8888.58
7811.71319460404,8616.33
7811.923189151421,8105.84
7812.133183698802,8327.14
7812.343178246184,8281.02
7812.553172793565,8214.97
7812.763167340946,8664.96
7812.973161888327,8995.44
7813.183156435708,8455.42
7813.39315098309,8270.58
7813.603145530471,8408.92
7813.813140077852,8200.2
7814.023134625233,8461.34
7814.233129172615,8422.16
7814.443123719996,8768.4
7814.653118267377,8537.07
7814.863112814758,8494.06
7815.07310736214,7764.24
7815.283101909521,7120.08
7815.493096456902,8400.35
7815.703091004283,8250.21
7815.913085551664,8085.9
7816.123080099046,7886.73
7816.333074646427,8326.86
7816.543069193808,8126.32
7816.753063741189,7840.94
7816.963058288571,8040.34
7817.173052835952,7683.18
7817.383047383333,7688.76
7817.593041930714,8235.15
7817.803036478096,8615.86
7818.013031025477,8096.13
7818.223025572858,8243.63
7818.433020120239,8103.7
7818.64301466762,7919.9
7818.853009215002,7741.22
7819.063003762383,7486.23
7819.272998309764,7385.93
7819.482992857145,7641.16
7819.692987404527,8067.09
7819.902981951908,7937.5
7820.112976499289,8002.51
7820.32297104667,8679.53
7820.532965594052,7926.9
7820.742960141433,8286.77
7820.952954688814,7745.11
7821.162949236195,7105.54
7821.372943783576,7548.46
7821.582938330958,7975.82
7821.792932878339,8147.78
7822.00292742572,7692.34
7822.212921973101,7510.0
7822.422916520483,7845.18
7822.632911067864,7503.33
7822.842905615245,7692.04
7823.052900162626,7767.6
7823.262894710008,7489.39
7823.472889257389,7369.75
7823.68288380477,7308.69
7823.8928783521515,6917.78
7824.102872899533,7012.85
7824.312867446914,7684.93
7824.522861994295,7582.94
7824.7328565416765,7360.89
7824.9428510890575,6888.09
7825.152845636439,7421.24
7825.3628401838205,7451.82
7825.5728347312015,7050.89
7825.7828292785825,7201.91
7825.9928238259645,7237.94
7826.2028183733455,7070.92
7826.4128129207265,7328.41
7826.622807468108,7308.0
7826.8328020154895,6736.7
7827.0427965628705,7786.46
7827.252791110252,7872.54
7827.462785657633,6838.02
7827.672780205014,7104.56
7827.882774752396,7508.53
7828.092769299777,7292.77
7828.302763847158,7567.53
7828.512758394539,7168.52
7828.722752941921,6966.28
7828.932747489302,7174.05
7829.142742036683,7347.4
7829.352736584064,7656.93
7829.562731131446,7007.46
7829.772725678827,6511.08
7829.982720226208,6457.78
7830.192714773589,6071.3
7830.40270932097,7380.6
7830.612703868352,7381.44
7830.822698415733,6547.33
7831.032692963114,7132.0
7831.242687510495,7303.19
7831.452682057877,6524.93
7831.662676605258,6633.98
7831.872671152639,6773.66
7832.08266570002,7142.55
7832.292660247402,7026.18
7832.502654794783,7660.64
7832.712649342164,7340.91
7832.922643889545,6868.93
7833.132638436926,6434.15
7833.342632984308,6999.14
7833.552627531689,6332.03
7833.76262207907,6806.3
7833.972616626451,6936.35
7834.182611173833,6895.37
7834.392605721214,6835.02
7834.602600268595,6584.31
7834.812594815976,6582.66
7835.022589363358,6825.95
7835.232583910739,6324.46
7835.44257845812,6490.4
7835.652573005501,6623.88
7835.862567552882,6499.68
7836.072562100264,6368.68
7836.282556647645,6205.92
7836.492551195026,6318.4
7836.702545742407,6590.98
7836.912540289789,6523.48
7837.12253483717,6728.01
7837.332529384551,6274.42
7837.542523931932,6480.82
7837.752518479314,6268.72
7837.962513026695,5563.28
7838.172507574076,5769.22
7838.382502121457,5934.65
7838.592496668838,6351.65
7838.80249121622,5986.95
7839.012485763601,5566.39
7839.222480310982,5831.3
7839.432474858363,6166.63
7839.642469405745,5945.57
7839.852463953126,6406.95
7840.062458500507,6474.23
7840.272453047888,6030.39
7840.48244759527,6177.19
7840.692442142651,6252.86
7840.902436690032,5924.96
7841.112431237413,6124.25
7841.322425784794,6604.46
7841.532420332176,6216.41
7841.742414879557,6191.88
7841.952409426938,5805.77
7842.162403974319,6194.64
7842.372398521701,6236.35
7842.582393069082,5545.05
7842.792387616463,5576.75
7843.002382163844,6066.1
7843.212376711226,6101.97
7843.422371258607,5998.23
7843.632365805988,5832.4
7843.842360353369,5443.3
7844.05235490075,5308.22
7844.262349448132,5735.64
7844.472343995513,5892.61
7844.682338542894,5575.09
7844.892333090275,5645.83
7845.102327637657,5850.6
7845.312322185038,5727.84
7845.522316732419,5457.64
7845.7323112798,5522.76
7845.942305827182,5775.02
7846.152300374563,5416.68
7846.362294921944,5829.21
7846.572289469325,6052.23
7846.782284016706,5664.65
7846.992278564088,5851.39
7847.202273111469,5839.94
7847.41226765885,5653.4
7847.622262206231,5407.33
7847.832256753613,5624.88
7848.042251300994,5747.46
7848.252245848375,6032.04
7848.462240395756,5327.19
7848.672234943138,5839.35
7848.882229490519,5339.59
7849.0922240379,5107.83
7849.3022185852815,5453.16
7849.5122131326625,5207.84
7849.722207680044,4935.54
7849.9322022274255,4968.15
7850.1421967748065,5388.32
7850.3521913221875,4875.43
7850.5621858695695,4957.71
7850.7721804169505,4988.43
7850.9821749643315,5096.01
7851.192169511713,4959.42
7851.4021640590945,5236.5
7851.6121586064755,5425.52
7851.822153153857,4996.01
7852.032147701238,5076.58
7852.2421422486195,4804.47
7852.452136796001,5128.43
7852.662131343382,4896.45
7852.872125890763,5401.94
7853.082120438144,5164.51
7853.292114985526,4583.72
7853.502109532907,4716.86
7853.712104080288,4710.7
7853.922098627669,4842.3
7854.132093175051,4665.19
7854.342087722432,5092.98
7854.552082269813,4725.96
7854.762076817194,4997.12
7854.972071364576,4932.74
7855.182065911957,4775.37
7855.392060459338,5390.23
7855.602055006719,5251.89
7855.8120495541,4619.9
7856.022044101482,4702.65
7856.232038648863,4890.18
7856.442033196244,4720.23
7856.652027743625,4498.37
7856.862022291007,5029.91
7857.072016838388,4756.18
7857.282011385769,4389.1
7857.49200593315,4505.83
7857.702000480532,4910.21
7857.911995027913,5063.03
7858.121989575294,4758.37
7858.331984122675,4707.09
7858.541978670056,5068.75
7858.751973217438,5023.88
7858.961967764819,4550.63
7859.1719623122,4856.39
7859.381956859581,4646.18
7859.591951406963,4860.99
7859.801945954344,4698.86
7860.011940501725,4550.73
7860.221935049106,4279.09
7860.431929596488,4177.17
7860.641924143869,4246.26
7860.85191869125,4285.33
7861.061913238631,4170.63
7861.271907786013,4445.07
7861.481902333394,4556.04
7861.691896880775,4745.7
7861.901891428156,4314.89
7862.111885975537,3828.03
7862.321880522919,4197.48
7862.5318750703,3992.03
7862.741869617681,4377.2
7862.951864165062,4121.57
7863.161858712444,3496.07
7863.371853259825,4207.59
7863.581847807206,4028.47
7863.791842354587,3515.97
7864.001836901969,4376.21
7864.21183144935,4026.5
7864.421825996731,4284.44
7864.631820544112,3746.14
7864.841815091493,3607.25
7865.051809638875,3754.04
7865.261804186256,4232.33
7865.471798733637,3751.25
7865.681793281018,3638.34
7865.8917878284,3765.76
7866.101782375781,4318.43
7866.311776923162,3749.42
7866.521771470543,3546.15
7866.731766017925,3542.95
7866.941760565306,3750.87
7867.151755112687,3991.87
7867.361749660068,3691.43
7867.571744207449,4023.94
7867.781738754831,4202.16
7867.991733302212,3912.11
7868.201727849593,4164.36
7868.411722396974,4109.74
7868.621716944356,3600.33
7868.831711491737,4023.81
7869.041706039118,3791.63
7869.251700586499,3586.15
7869.461695133881,3635.05
7869.671689681262,3819.38
7869.881684228643,3708.32
7870.091678776024,3715.72
7870.301673323405,3678.76
7870.511667870787,4107.59
7870.721662418168,3764.45
7870.931656965549,3784.76
7871.14165151293,3509.01
7871.351646060312,4101.3
7871.561640607693,3886.98
7871.771635155074,3547.64
7871.981629702455,3769.77
7872.191624249837,3971.86
7872.401618797218,3553.8
7872.611613344599,3685.61
7872.82160789198,3478.04
7873.031602439361,3727.45
7873.241596986743,3766.2
7873.451591534124,3042.48
7873.661586081505,3157.64
7873.8715806288865,3227.51
7874.081575176268,3170.13
7874.291569723649,3808.81
7874.5015642710305,3553.76
7874.7115588184115,3142.53
7874.921553365793,3291.06
7875.1315479131745,3816.26
7875.3415424605555,2950.78
7875.5515370079365,2999.28
7875.761531555318,3535.35
7875.9715261026995,3212.84
7876.1815206500805,3327.24
7876.391515197462,3364.65
7876.601509744843,3715.03
7876.8115042922245,3676.41
7877.021498839606,3370.59
7877.231493386987,3513.76
7877.441487934368,2594.48
7877.65148248175,3107.76
7877.861477029131,3030.81
7878.071471576512,3220.94
7878.281466123893,3241.59
7878.491460671274,3371.81
7878.701455218656,3134.31
7878.911449766037,2883.44
7879.121444313418,3095.44
7879.331438860799,2924.93
7879.541433408181,2974.5
7879.751427955562,2840.82
7879.961422502943,2652.37
7880.171417050324,3040.57
7880.381411597706,3543.18
7880.591406145087,3267.37
7880.801400692468,3008.42
7881.011395239849,2906.06
7881.22138978723,2163.49
7881.431384334612,2417.85
7881.641378881993,3281.47
7881.851373429374,2936.56
7882.061367976755,2942.66
7882.271362524137,3425.24
7882.481357071518,3201.63
7882.691351618899,2710.23
7882.90134616628,2672.6
7883.111340713662,3068.06
7883.321335261043,2796.69
7883.531329808424,2739.27
7883.741324355805,3188.11
7883.951318903186,2841.89
7884.161313450568,2408.46
7884.371307997949,2294.8
7884.58130254533,2765.57
7884.791297092711,2621.17
7885.001291640093,2518.97
7885.211286187474,1981.05
7885.421280734855,2385.46
7885.631275282236,2826.92
7885.841269829618,2132.28
7886.051264376999,2668.51
7886.26125892438,2743.84
7886.471253471761,2750.73
7886.681248019142,2176.77
7886.891242566524,2643.22
7887.101237113905,2487.96
7887.311231661286,3029.81
7887.521226208667,2509.96
7887.731220756049,1900.9
7887.94121530343,2039.59
7888.151209850811,2247.44
7888.361204398192,2162.48
7888.571198945574,2552.21
7888.781193492955,2357.91
7888.991188040336,2569.98
7889.201182587717,2373.57
7889.411177135098,2293.08
7889.62117168248,2192.95
7889.831166229861,2577.75
7890.041160777242,2448.03
7890.251155324623,2310.56
7890.461149872005,2707.14
7890.671144419386,2258.5
7890.881138966767,2083.82
7891.091133514148,2077.79
7891.30112806153,1812.47
7891.511122608911,2083.96
7891.721117156292,2084.51
7891.931111703673,1698.56
7892.141106251054,1883.24
7892.351100798436,1842.18
7892.561095345817,2020.29
7892.771089893198,2357.52
7892.981084440579,2408.44
7893.191078987961,1973.44
7893.401073535342,2009.71
