6488.0343669663,77655.4
6488.21376529827,78584.3
6488.393163630241,79831.6
6488.572561962212,79510.8
6488.751960294182,80029.8
6488.931358626152,80553.4
6489.110756958124,80004.6
6489.290155290094,81426.7
6489.469553622064,84400.6
6489.648951954035,86419.4
6489.828350286006,86011.7
6490.007748617976,84729.2
6490.1871469499465,84933.5
6490.366545281917,85768.8
6490.545943613888,85270.5
6490.725341945858,84406.3
6490.904740277829,85406.7
6491.084138609799,87562.5
6491.26353694177,88459.0
6491.442935273741,89823.1
6491.622333605711,90451.6
6491.801731937681,90506.1
6491.981130269653,91766.5
6492.160528601623,92836.7
6492.339926933593,92482.9
6492.5193252655645,93383.3
6492.698723597535,92092.6
6492.878121929505,89010.1
6493.0575202614755,88982.4
6493.236918593447,93574.2
6493.416316925417,97442.5
6493.595715257387,96652.4
6493.775113589358,95457.8
6493.954511921329,97733.3
6494.133910253299,99323.2
6494.31330858527,100057.0
6494.49270691724,99318.8
6494.672105249211,98780.5
6494.8515035811815,99225.0
6495.030901913152,99880.4
6495.210300245122,100794.0
6495.389698577093,101095.0
6495.569096909064,99145.2
6495.748495241034,98021.8
6495.927893573004,97920.3
6496.107291904976,99895.8
6496.286690236946,100870.0
6496.466088568916,101852.0
6496.645486900888,104424.0
6496.824885232858,104355.0
6497.004283564828,103527.0
6497.183681896799,103044.0
6497.36308022877,105861.0
6497.54247856074,105475.0
6497.7218768927105,103735.0
6497.901275224681,104964.0
6498.080673556652,106840.0
6498.260071888622,107733.0
6498.439470220593,109156.0
6498.618868552563,109076.0
6498.798266884534,109638.0
6498.977665216505,110913.0
6499.157063548475,110879.0
6499.336461880445,111289.0
6499.515860212417,111278.0
6499.695258544387,110748.0
6499.874656876357,112610.0
6500.054055208328,113151.0
6500.233453540299,112652.0
6500.412851872269,112605.0
6500.5922502042395,112467.0
6500.771648536211,111678.0
6500.951046868181,113002.0
6501.130445200151,115383.0
6501.309843532122,116213.0
6501.489241864093,117454.0
6501.668640196063,117766.0
6501.848038528034,117204.0
6502.027436860004,118145.0
6502.206835191975,116648.0
6502.3862335239455,116798.0
6502.565631855916,118867.0
6502.745030187886,119402.0
6502.924428519857,119406.0
6503.103826851828,120726.0
6503.283225183798,123763.0
6503.462623515768,124559.0
6503.64202184774,122594.0
6503.82142017971,122370.0
6504.00081851168,123719.0
6504.180216843651,124764.0
6504.359615175622,124763.0
6504.539013507592,125325.0
6504.718411839563,127243.0
6504.897810171533,126067.0
6505.077208503504,127179.0
6505.2566068354745,129297.0
6505.436005167445,128284.0
6505.615403499416,127685.0
6505.794801831386,128999.0
6505.974200163357,131088.0
6506.153598495327,132803.0
6506.332996827298,132313.0
6506.512395159269,133002.0
6506.691793491239,133851.0
6506.871191823209,133313.0
6507.0505901551805,133163.0
6507.229988487151,134276.0
6507.409386819121,135330.0
6507.5887851510915,137302.0
6507.768183483063,139592.0
6507.947581815033,139132.0
6508.126980147003,138772.0
6508.306378478974,137409.0
6508.485776810945,137758.0
6508.665175142915,139203.0
6508.844573474886,140978.0
6509.023971806856,140811.0
6509.203370138827,140524.0
6509.382768470798,143075.0
6509.562166802768,144806.0
6509.741565134739,143912.0
6509.9209634667095,144068.0
6510.10036179868,145887.0
6510.27976013065,146791.0
6510.459158462621,146398.0
6510.638556794592,148336.0
6510.817955126562,150573.0
6510.997353458532,149819.0
6511.176751790504,149489.0
6511.356150122474,151493.0
6511.535548454444,152950.0
6511.714946786415,151868.0
6511.894345118386,153407.0
6512.073743450356,155726.0
6512.253141782327,157016.0
6512.432540114297,157854.0
6512.611938446268,159695.0
6512.7913367782385,162005.0
6512.970735110209,163471.0
6513.150133442179,165436.0
6513.32953177415,165213.0
6513.508930106121,164860.0
6513.688328438091,166520.0
6513.867726770062,166244.0
6514.047125102033,165367.0
6514.226523434003,164359.0
6514.405921765973,162769.0
6514.5853200979445,162393.0
6514.764718429915,162112.0
6514.944116761885,162254.0
6515.1235150938555,164877.0
6515.302913425827,168724.0
6515.482311757797,167105.0
6515.661710089767,166755.0
6515.841108421738,167216.0
6516.020506753709,165888.0
6516.199905085679,164296.0
6516.37930341765,161351.0
6516.55870174962,160102.0
6516.738100081591,163037.0
6516.917498413562,167662.0
6517.096896745532,170255.0
6517.276295077502,174092.0
6517.4556934094735,178046.0
6517.635091741444,178300.0
6517.814490073414,176875.0
6517.993888405385,178060.0
6518.173286737356,181709.0
6518.352685069326,184638.0
6518.532083401296,184873.0
6518.711481733268,187186.0
6518.890880065238,186832.0
6519.070278397208,186905.0
6519.249676729179,184650.0
6519.42907506115,183480.0
6519.60847339312,184945.0
6519.787871725091,186613.0
6519.967270057061,188436.0
6520.146668389032,187060.0
6520.3260667210025,187412.0
6520.505465052973,185495.0
6520.684863384943,187654.0
6520.864261716914,188205.0
6521.043660048885,188969.0
6521.223058380855,189057.0
6521.402456712825,189333.0
6521.581855044797,191723.0
6521.761253376767,192046.0
6521.940651708737,190443.0
6522.1200500407085,188030.0
6522.299448372679,187536.0
6522.478846704649,189233.0
6522.6582450366195,191887.0
6522.837643368591,191446.0
6523.017041700561,191062.0
6523.196440032531,192249.0
6523.375838364502,193064.0
6523.555236696473,191298.0
6523.734635028443,187275.0
6523.914033360414,188569.0
6524.093431692384,191901.0
6524.272830024355,195714.0
6524.452228356326,197224.0
6524.631626688296,197844.0
6524.811025020266,198263.0
6524.9904233522375,198019.0
6525.169821684208,198230.0
6525.349220016178,198744.0
6525.5286183481485,198482.0
6525.70801668012,199366.0
6525.88741501209,202298.0
6526.06681334406,203614.0
6526.246211676032,203702.0
6526.425610008002,203941.0
6526.605008339972,204376.0
6526.784406671943,205953.0
6526.963805003914,208061.0
6527.143203335884,208653.0
6527.3226016678545,206916.0
6527.501999999825,205327.0
6527.681398331796,207300.0
6527.860796663766,208013.0
6528.040194995737,207692.0
6528.219593327707,207596.0
6528.398991659678,210016.0
6528.578389991649,214657.0
6528.757788323619,212758.0
6528.937186655589,210975.0
6529.116584987561,215150.0
6529.295983319531,216338.0
6529.475381651501,216111.0
6529.654779983472,218383.0
6529.834178315443,220002.0
6530.013576647413,219205.0
6530.1929749793835,219248.0
6530.372373311355,216473.0
6530.551771643325,216946.0
6530.731169975295,219160.0
6530.910568307266,220945.0
6531.089966639237,221843.0
6531.269364971207,220943.0
6531.448763303178,223362.0
6531.628161635148,226421.0
6531.807559967119,223875.0
6531.98695829909,224800.0
6532.16635663106,223161.0
6532.34575496303,220958.0
6532.5251532950015,222930.0
6532.704551626972,226192.0
6532.883949958942,228670.0
6533.0633482909125,228672.0
6533.242746622884,227167.0
6533.422144954854,229318.0
6533.601543286824,230808.0
6533.780941618795,228056.0
6533.960339950766,230661.0
6534.139738282736,231455.0
6534.319136614707,232162.0
6534.498534946678,232826.0
6534.677933278648,233971.0
6534.8573316106185,236281.0
6535.036729942589,238288.0
6535.21612827456,239072.0
6535.39552660653,238863.0
6535.574924938501,238114.0
6535.754323270471,238745.0
6535.933721602442,240140.0
6536.113119934413,242815.0
6536.292518266383,242949.0
6536.471916598353,241886.0
6536.651314930325,242506.0
6536.830713262295,243192.0
6537.010111594265,245303.0
6537.189509926236,247533.0
6537.368908258207,247114.0
6537.548306590177,248734.0
6537.7277049221475,251751.0
6537.907103254118,249920.0
6538.086501586089,250650.0
6538.265899918059,254099.0
6538.44529825003,254996.0
6538.624696582001,253582.0
6538.804094913971,252121.0
6538.983493245942,252639.0
6539.162891577912,254779.0
6539.342289909883,257267.0
6539.521688241854,258548.0
6539.701086573824,258275.0
6539.880484905794,259202.0
6540.0598832377655,261153.0
6540.239281569736,259542.0
6540.418679901706,258179.0
6540.5980782336765,261310.0
6540.777476565648,261982.0
6540.956874897618,262758.0
6541.136273229588,262968.0
6541.315671561559,262364.0
6541.49506989353,262453.0
6541.6744682255,263629.0
6541.853866557471,264877.0
6542.033264889441,264454.0
6542.212663221412,265130.0
6542.3920615533825,266843.0
6542.571459885353,266714.0
6542.750858217323,270054.0
6542.930256549294,271693.0
6543.109654881265,272704.0
6543.289053213235,275466.0
6543.468451545206,275507.0
6543.647849877177,268371.0
6543.827248209147,261749.0
6544.006646541117,261865.0
6544.186044873089,266268.0
6544.365443205059,275329.0
6544.544841537029,280305.0
6544.724239869,280254.0
6544.903638200971,283320.0
6545.083036532941,281618.0
6545.2624348649115,281635.0
6545.441833196882,280530.0
6545.621231528853,280417.0
6545.800629860823,281911.0
6545.980028192794,284400.0
6546.159426524764,287198.0
6546.338824856735,288896.0
6546.518223188706,288405.0
6546.697621520676,287011.0
6546.877019852646,290435.0
6547.0564181846175,291508.0
6547.235816516588,292828.0
6547.415214848558,293722.0
6547.594613180529,291042.0
6547.7740115125,292443.0
6547.95340984447,295874.0
6548.13280817644,298795.0
6548.312206508412,296970.0
6548.491604840382,292655.0
6548.671003172352,294127.0
6548.850401504323,299814.0
6549.029799836294,304954.0
6549.209198168264,308498.0
6549.388596500235,309313.0
6549.567994832205,311386.0
6549.747393164176,315513.0
6549.9267914961465,313833.0
6550.106189828117,313162.0
6550.285588160087,316649.0
6550.464986492058,321791.0
6550.644384824029,325352.0
6550.823783155999,324944.0
6551.003181487969,324192.0
6551.182579819941,327596.0
6551.361978151911,331241.0
6551.541376483881,333775.0
6551.720774815853,339042.0
6551.900173147823,341051.0
6552.079571479793,342558.0
6552.258969811764,339261.0
6552.438368143735,335367.0
6552.617766475705,338256.0
6552.7971648076755,347601.0
6552.976563139646,356754.0
6553.155961471617,361904.0
6553.335359803587,367178.0
6553.514758135558,369025.0
6553.694156467528,371593.0
6553.873554799499,380075.0
6554.05295313147,384144.0
6554.23235146344,393882.0
6554.41174979541,397270.0
6554.5911481273815,408906.0
6554.770546459352,414559.0
6554.949944791322,423622.0
6555.1293431232925,433551.0
6555.308741455264,439359.0
6555.488139787234,451346.0
6555.667538119204,459606.0
6555.846936451176,467819.0
6556.026334783146,482481.0
6556.205733115116,498425.0
6556.385131447087,513147.0
6556.564529779058,527144.0
6556.743928111028,545582.0
6556.923326442999,559190.0
6557.102724774969,577870.0
6557.28212310694,600668.0
6557.4615214389105,627572.0
6557.640919770881,655740.0
6557.820318102851,690865.0
6557.999716434822,713092.0
6558.179114766793,748491.0
6558.358513098763,797046.0
6558.537911430733,847627.0
6558.717309762705,900608.0
6558.896708094675,946421.0
6559.076106426645,989700.0
6559.255504758616,1.04596e+06
6559.434903090587,1.11514e+06
6559.614301422557,1.19085e+06
6559.793699754528,1.26584e+06
6559.973098086499,1.34881e+06
6560.152496418469,1.44194e+06
6560.3318947504395,1.52179e+06
6560.51129308241,1.59426e+06
6560.690691414381,1.67127e+06
6560.870089746351,1.73392e+06
6561.049488078322,1.79739e+06
6561.228886410292,1.85925e+06
6561.408284742263,1.88214e+06
6561.587683074234,1.8824e+06
6561.767081406204,1.87994e+06
6561.946479738174,1.85267e+06
6562.1258780701455,1.77105e+06
6562.305276402116,1.58047e+06
6562.484674734086,1.29284e+06
6562.6640730660565,1.01977e+06
6562.843471398028,850578.0
6563.022869729998,837995.0
6563.202268061968,958515.0
6563.381666393939,1.18592e+06
6563.56106472591,1.4564e+06
6563.74046305788,1.65868e+06
6563.919861389851,1.79246e+06
6564.099259721822,1.87416e+06
6564.278658053792,1.893e+06
6564.458056385763,1.89133e+06
6564.637454717733,1.89736e+06
6564.816853049704,1.88089e+06
6564.9962513816745,1.82909e+06
6565.175649713645,1.76596e+06
6565.355048045615,1.70498e+06
6565.534446377586,1.63267e+06
6565.713844709557,1.54167e+06
6565.893243041527,1.45369e+06
6566.072641373497,1.37665e+06
6566.252039705469,1.28749e+06
6566.431438037439,1.19923e+06
6566.610836369409,1.13788e+06
6566.79023470138,1.09336e+06
6566.969633033351,1.03806e+06
6567.149031365321,976526.0
6567.3284296972915,920132.0
6567.507828029262,872942.0
6567.687226361233,833588.0
6567.866624693203,798221.0
6568.046023025174,759846.0
6568.225421357145,721041.0
6568.404819689115,700769.0
6568.584218021086,672231.0
6568.763616353056,641270.0
6568.943014685027,605696.0
6569.122413016998,586179.0
6569.301811348968,575723.0
6569.481209680938,558817.0
6569.6606080129095,551447.0
6569.84000634488,540527.0
6570.01940467685,524567.0
6570.1988030088205,510951.0
6570.378201340792,500988.0
6570.557599672762,490039.0
6570.736998004732,476024.0
6570.916396336703,462308.0
6571.095794668674,453529.0
6571.275193000644,449003.0
6571.454591332615,445850.0
6571.633989664585,441596.0
6571.813387996556,427187.0
6571.992786328527,412973.0
6572.172184660497,408593.0
6572.351582992467,411509.0
6572.5309813244385,411372.0
6572.710379656409,402476.0
6572.889777988379,395961.0
6573.06917632035,395418.0
6573.248574652321,397863.0
6573.427972984291,393794.0
6573.607371316261,389521.0
6573.786769648233,386676.0
6573.966167980203,381540.0
6574.145566312173,379893.0
6574.324964644144,380510.0
6574.504362976115,371508.0
6574.683761308085,358220.0
6574.8631596400555,356839.0
6575.042557972026,362619.0
6575.221956303997,365732.0
6575.401354635967,365069.0
6575.580752967938,362179.0
6575.760151299908,357817.0
6575.939549631879,361061.0
6576.11894796385,359200.0
6576.29834629582,359685.0
6576.477744627791,362262.0
6576.657142959762,361865.0
6576.836541291732,358384.0
6577.015939623702,354855.0
6577.1953379556735,352942.0
6577.374736287644,354400.0
6577.554134619614,353677.0
6577.7335329515845,349198.0
6577.912931283556,349424.0
6578.092329615526,351759.0
6578.271727947496,350163.0
6578.451126279467,346580.0
6578.630524611438,344527.0
6578.809922943408,347630.0
6578.989321275379,347530.0
6579.168719607349,347313.0
6579.34811793932,344112.0
6579.527516271291,343431.0
6579.706914603261,346373.0
6579.886312935231,343579.0
6580.0657112672025,340176.0
6580.245109599173,341532.0
6580.424507931143,341012.0
6580.6039062631135,341128.0
6580.783304595085,341774.0
6580.962702927055,340435.0
6581.142101259025,338903.0
6581.321499590997,342045.0
6581.500897922967,346149.0
6581.680296254937,342658.0
6581.859694586908,340696.0
6582.039092918879,342795.0
6582.218491250849,340641.0
6582.3978895828195,339614.0
6582.57728791479,341670.0
6582.756686246761,342440.0
6582.936084578731,342563.0
6583.115482910702,343888.0
6583.294881242672,342966.0
6583.474279574643,337082.0
6583.653677906614,337848.0
6583.833076238584,339221.0
6584.012474570554,341714.0
6584.191872902526,343701.0
6584.371271234496,344982.0
6584.550669566466,346192.0
6584.730067898437,344492.0
6584.909466230408,341861.0
6585.088864562378,344307.0
6585.2682628943485,348529.0
6585.44766122632,346504.0
6585.62705955829,340801.0
6585.80645789026,340784.0
6585.985856222231,341839.0
6586.165254554202,341436.0
6586.344652886172,340091.0
6586.524051218143,336807.0
6586.703449550113,333831.0
6586.882847882084,335746.0
6587.0622462140545,340038.0
6587.241644546025,338988.0
6587.421042877995,341987.0
6587.600441209966,342200.0
6587.779839541937,338076.0
6587.959237873907,338872.0
6588.138636205877,342049.0
6588.318034537849,344005.0
6588.497432869819,339659.0
6588.676831201789,339900.0
6588.85622953376,341417.0
6589.035627865731,341840.0
6589.215026197701,341188.0
6589.394424529672,341756.0
6589.573822861643,343693.0
6589.753221193613,343687.0
6589.9326195255835,345158.0
6590.112017857554,344598.0
6590.291416189525,342563.0
6590.470814521495,344245.0
6590.650212853466,344974.0
6590.829611185436,337781.0
6591.009009517407,336484.0
6591.188407849378,339962.0
6591.367806181348,340740.0
6591.547204513318,341521.0
6591.72660284529,342169.0
6591.90600117726,341091.0
6592.08539950923,338240.0
6592.264797841201,339819.0
6592.444196173172,339493.0
6592.623594505142,336964.0
6592.8029928371125,335330.0
6592.982391169083,334296.0
6593.161789501054,336010.0
6593.341187833024,337202.0
6593.520586164995,335743.0
6593.699984496966,334045.0
6593.879382828936,334699.0
6594.058781160907,337205.0
6594.238179492877,337782.0
6594.417577824848,333982.0
6594.5969761568185,334785.0
6594.776374488789,338330.0
6594.955772820759,336775.0
6595.13517115273,331866.0
6595.314569484701,333214.0
6595.493967816671,335713.0
6595.673366148641,338470.0
6595.852764480613,336378.0
6596.032162812583,337528.0
6596.211561144553,337650.0
6596.390959476524,335263.0
6596.570357808495,337339.0
6596.749756140465,335027.0
6596.929154472436,331228.0
6597.108552804406,334243.0
6597.287951136377,336852.0
6597.4673494683475,333935.0
6597.646747800318,334134.0
6597.826146132289,336103.0
6598.005544464259,333395.0
6598.18494279623,331712.0
6598.3643411282,331222.0
6598.543739460171,331166.0
6598.723137792142,330448.0
6598.902536124112,331863.0
6599.081934456082,328419.0
6599.261332788054,326346.0
6599.440731120024,327918.0
6599.620129451994,333062.0
6599.799527783965,333304.0
6599.978926115936,332159.0
6600.158324447906,333187.0
6600.3377227798765,330756.0
6600.517121111847,332973.0
6600.696519443818,332155.0
6600.875917775788,328693.0
6601.055316107759,327388.0
6601.234714439729,330671.0
6601.4141127717,333098.0
6601.593511103671,331804.0
6601.772909435641,330393.0
6601.952307767612,328616.0
6602.1317060995825,328487.0
6602.311104431553,329997.0
6602.490502763523,332477.0
6602.669901095494,332881.0
6602.849299427465,332098.0
6603.028697759435,334209.0
6603.208096091405,331995.0
6603.387494423377,328033.0
6603.566892755347,327300.0
6603.746291087317,331720.0
6603.925689419288,329934.0
6604.105087751259,327065.0
6604.284486083229,332828.0
6604.4638844152,332629.0
6604.64328274717,327722.0
6604.822681079141,328846.0
6605.0020794111115,330998.0
6605.181477743082,328231.0
6605.360876075052,325566.0
6605.540274407023,326972.0
6605.719672738994,327076.0
6605.899071070964,326434.0
6606.078469402935,325010.0
6606.257867734906,323089.0
6606.437266066876,322894.0
6606.616664398846,323973.0
6606.7960627308175,325828.0
6606.975461062788,322836.0
6607.154859394758,324434.0
6607.3342577267285,327054.0
6607.5136560587,325625.0
6607.69305439067,324636.0
6607.87245272264,324594.0
6608.051851054611,326578.0
6608.231249386582,325876.0
6608.410647718552,324185.0
6608.590046050523,325201.0
6608.769444382493,325129.0
6608.948842714464,323687.0
6609.128241046435,321765.0
6609.307639378405,324798.0
6609.487037710375,324970.0
6609.6664360423465,321824.0
6609.845834374317,322163.0
6610.025232706287,324155.0
6610.2046310382575,321138.0
6610.384029370229,317931.0
6610.563427702199,322386.0
6610.742826034169,322360.0
6610.922224366141,323233.0
6611.101622698111,324939.0
6611.281021030081,322469.0
6611.460419362052,321320.0
6611.639817694023,323460.0
6611.819216025993,323189.0
6611.998614357964,322331.0
6612.178012689934,321660.0
6612.357411021905,321671.0
6612.5368093538755,318794.0
6612.716207685846,317671.0
6612.895606017816,318475.0
6613.075004349787,318260.0
6613.254402681758,315929.0
6613.433801013728,318141.0
6613.613199345698,316659.0
6613.79259767767,315781.0
6613.97199600964,316471.0
6614.15139434161,315589.0
6614.3307926735815,318672.0
6614.510191005552,320302.0
6614.689589337522,317946.0
6614.8689876694925,321448.0
6615.048386001464,319132.0
6615.227784333434,317179.0
6615.407182665404,316758.0
6615.586580997375,317810.0
6615.765979329346,317808.0
6615.945377661316,316233.0
6616.124775993287,317088.0
6616.304174325257,315938.0
6616.483572657228,317840.0
6616.662970989199,320708.0
6616.842369321169,320581.0
6617.021767653139,317069.0
6617.2011659851105,315974.0
6617.380564317081,314054.0
6617.559962649051,316786.0
6617.7393609810215,319211.0
6617.918759312993,315433.0
6618.098157644963,314362.0
6618.277555976933,311635.0
6618.456954308904,311306.0
6618.636352640875,313129.0
6618.815750972845,312241.0
6618.995149304816,310498.0
6619.174547636787,310608.0
6619.353945968757,310038.0
6619.533344300728,311510.0
6619.712742632698,311832.0
6619.892140964669,312722.0
6620.0715392966395,311365.0
6620.25093762861,311188.0
6620.43033596058,310071.0
6620.609734292551,307740.0
6620.789132624522,308812.0
6620.968530956492,310756.0
6621.147929288462,310751.0
6621.327327620434,308344.0
6621.506725952404,306658.0
6621.686124284374,307615.0
6621.865522616345,309904.0
6622.044920948316,311166.0
6622.224319280286,307553.0
6622.4037176122565,305036.0
6622.583115944228,303087.0
6622.762514276198,305068.0
6622.941912608168,309263.0
6623.121310940139,310725.0
6623.30070927211,306922.0
6623.48010760408,304130.0
6623.659505936051,306634.0
6623.838904268021,310853.0
6624.018302599992,307305.0
6624.197700931963,304212.0
6624.377099263933,303872.0
6624.556497595903,304572.0
6624.7358959278745,303328.0
6624.915294259845,303970.0
6625.094692591815,301860.0
6625.2740909237855,303093.0
6625.453489255757,303504.0
6625.632887587727,303638.0
6625.812285919697,301402.0
6625.991684251668,300873.0
6626.171082583639,300588.0
6626.350480915609,304472.0
6626.52987924758,301880.0
6626.70927757955,299952.0
6626.888675911521,301263.0
6627.0680742434915,300150.0
6627.247472575462,297511.0
6627.426870907433,295026.0
6627.606269239403,297908.0
6627.785667571374,299058.0
6627.965065903344,300327.0
6628.144464235315,301829.0
6628.323862567286,294384.0
6628.503260899256,291937.0
6628.682659231226,296813.0
6628.862057563198,300502.0
6629.041455895168,300344.0
6629.220854227138,294976.0
6629.400252559109,293171.0
6629.57965089108,294754.0
6629.75904922305,292180.0
6629.9384475550205,291840.0
6630.117845886991,292638.0
6630.297244218962,292882.0
6630.476642550932,291188.0
6630.656040882903,292829.0
6630.835439214873,296108.0
6631.014837546844,295359.0
6631.194235878815,292358.0
6631.373634210785,291841.0
6631.553032542756,292128.0
6631.732430874727,291882.0
6631.911829206697,292195.0
6632.091227538667,293532.0
6632.2706258706385,292224.0
6632.450024202609,288944.0
6632.629422534579,291080.0
6632.8088208665495,291976.0
6632.988219198521,289626.0
6633.167617530491,286945.0
6633.347015862461,288579.0
6633.526414194432,291997.0
6633.705812526403,289243.0
6633.885210858373,290768.0
6634.064609190344,289349.0
6634.244007522314,287584.0
6634.423405854285,284356.0
6634.6028041862555,286098.0
6634.782202518226,288043.0
6634.961600850196,285340.0
6635.140999182167,285968.0
6635.320397514138,288548.0
6635.499795846108,287379.0
6635.679194178079,284846.0
6635.85859251005,284904.0
6636.03799084202,287132.0
6636.21738917399,287556.0
6636.396787505962,284370.0
6636.576185837932,283874.0
6636.755584169902,282324.0
6636.934982501873,282024.0
6637.114380833844,283305.0
6637.293779165814,282910.0
6637.4731774977845,283070.0
6637.652575829755,281642.0
6637.831974161726,282945.0
6638.011372493696,283988.0
6638.190770825667,280032.0
6638.370169157637,278566.0
6638.549567489608,283021.0
6638.728965821579,281520.0
6638.908364153549,279046.0
6639.087762485519,283354.0
6639.267160817491,282059.0
6639.446559149461,280297.0
6639.625957481431,282582.0
6639.805355813402,279479.0
6639.984754145373,275300.0
6640.164152477343,277211.0
6640.3435508093135,279299.0
6640.522949141285,281453.0
6640.702347473255,279702.0
6640.881745805225,274114.0
6641.061144137196,273674.0
6641.240542469167,277533.0
6641.419940801137,280647.0
6641.599339133108,278963.0
6641.778737465078,278137.0
6641.958135797049,277435.0
6642.1375341290195,275213.0
6642.31693246099,274079.0
6642.49633079296,273834.0
6642.675729124931,271359.0
6642.855127456902,272194.0
6643.034525788872,271277.0
6643.213924120842,269448.0
6643.393322452814,270790.0
6643.572720784784,271393.0
6643.752119116754,272115.0
6643.931517448726,273594.0
6644.110915780696,270794.0
6644.290314112666,268589.0
6644.469712444637,268270.0
6644.649110776608,269398.0
6644.828509108578,269588.0
6645.0079074405485,266552.0
6645.187305772519,265070.0
6645.36670410449,265626.0
6645.54610243646,266264.0
6645.725500768431,268772.0
6645.904899100401,269380.0
6646.084297432372,268739.0
6646.263695764343,267341.0
6646.443094096313,264905.0
6646.622492428283,263257.0
6646.8018907602545,265158.0
6646.981289092225,262323.0
6647.160687424195,265436.0
6647.3400857561655,265763.0
6647.519484088137,261434.0
6647.698882420107,257926.0
6647.878280752077,259457.0
6648.057679084048,259462.0
6648.237077416019,261263.0
6648.416475747989,261331.0
6648.59587407996,259327.0
6648.775272411931,263649.0
6648.954670743901,260384.0
6649.134069075872,259670.0
6649.313467407842,254798.0
6649.492865739813,256672.0
6649.6722640717835,255758.0
6649.851662403754,254823.0
6650.031060735724,259159.0
6650.210459067695,259353.0
6650.389857399666,257057.0
6650.569255731636,257841.0
6650.748654063606,256752.0
6650.928052395578,255246.0
6651.107450727548,254880.0
6651.286849059518,253497.0
6651.466247391489,253885.0
6651.64564572346,257799.0
6651.82504405543,254820.0
6652.004442387401,251870.0
6652.183840719372,252348.0
6652.363239051342,252808.0
6652.5426373833125,252662.0
6652.722035715283,253465.0
6652.901434047254,256010.0
6653.080832379224,254575.0
6653.260230711195,249907.0
6653.439629043165,250178.0
6653.619027375136,250214.0
6653.798425707107,250379.0
6653.977824039077,251974.0
6654.157222371047,251560.0
6654.3366207030185,250938.0
6654.516019034989,250830.0
6654.695417366959,245878.0
6654.8748156989295,244911.0
6655.054214030901,246230.0
6655.233612362871,244982.0
6655.413010694841,245939.0
6655.592409026812,248447.0
6655.771807358783,245800.0
6655.951205690753,243053.0
6656.130604022724,245271.0
6656.310002354694,245163.0
6656.489400686665,244096.0
6656.668799018636,244604.0
6656.848197350606,243528.0
6657.027595682577,241343.0
6657.2069940145475,242591.0
6657.386392346518,240552.0
6657.565790678488,241209.0
6657.745189010459,242750.0
6657.92458734243,242142.0
6658.1039856744,242818.0
6658.28338400637,243061.0
6658.462782338342,240914.0
6658.642180670312,238818.0
6658.821579002282,237614.0
6659.000977334253,240023.0
6659.180375666224,241832.0
6659.359773998194,240202.0
6659.539172330165,237510.0
6659.718570662135,235695.0
6659.897968994106,237032.0
6660.0773673260765,239061.0
6660.256765658047,237119.0
6660.436163990018,233684.0
6660.615562321988,230435.0
6660.794960653959,230333.0
6660.974358985929,232422.0
6661.1537573179,233700.0
6661.333155649871,234066.0
6661.512553981841,233471.0
6661.691952313811,230690.0
6661.8713506457825,230303.0
6662.050748977753,233670.0
6662.230147309723,231619.0
6662.4095456416935,228274.0
6662.588943973665,229646.0
6662.768342305635,228228.0
6662.947740637605,226220.0
6663.127138969576,227440.0
6663.306537301547,227405.0
6663.485935633517,226936.0
6663.665333965488,225306.0
6663.844732297458,223860.0
6664.024130629429,224580.0
6664.2035289614,224254.0
6664.38292729337,226034.0
6664.56232562534,225132.0
6664.7417239573115,224510.0
6664.921122289282,220982.0
6665.100520621252,222232.0
6665.279918953223,222762.0
6665.459317285194,221876.0
6665.638715617164,220525.0
6665.818113949134,220845.0
6665.997512281106,220333.0
6666.176910613076,221489.0
6666.356308945046,220585.0
6666.535707277017,219293.0
6666.715105608988,218248.0
6666.894503940958,218267.0
6667.0739022729285,216453.0
6667.253300604899,216848.0
6667.43269893687,216737.0
6667.61209726884,218295.0
6667.791495600811,218186.0
6667.970893932781,217410.0
6668.150292264752,213633.0
6668.329690596723,211880.0
6668.509088928693,213496.0
6668.688487260663,214185.0
6668.867885592635,213081.0
6669.047283924605,214430.0
6669.226682256575,214730.0
6669.4060805885465,212395.0
6669.585478920517,208706.0
6669.764877252487,209125.0
6669.9442755844575,210300.0
6670.123673916429,208578.0
6670.303072248399,208339.0
6670.482470580369,208084.0
6670.66186891234,207335.0
6670.841267244311,206446.0
6671.020665576281,204631.0
6671.200063908252,204349.0
6671.379462240222,206480.0
6671.558860572193,207339.0
6671.738258904164,206327.0
6671.917657236134,205654.0
6672.097055568104,203283.0
6672.2764539000755,200286.0
6672.455852232046,199364.0
6672.635250564016,200111.0
6672.8146488959865,197719.0
6672.994047227958,199068.0
6673.173445559928,199482.0
6673.352843891898,198818.0
6673.53224222387,196333.0
6673.71164055584,195238.0
6673.89103888781,195647.0
6674.070437219781,195989.0
6674.249835551752,195927.0
6674.429233883722,193089.0
6674.6086322156925,190878.0
6674.788030547663,191003.0
6674.967428879634,191708.0
6675.146827211604,190935.0
6675.326225543575,190227.0
6675.505623875545,188656.0
6675.685022207516,188560.0
6675.864420539487,189504.0
6676.043818871457,189119.0
6676.223217203427,186490.0
6676.402615535399,184284.0
6676.582013867369,183788.0
6676.761412199339,182519.0
6676.94081053131,183047.0
6677.120208863281,183149.0
6677.299607195251,180211.0
6677.4790055272215,179696.0
6677.658403859192,181503.0
6677.837802191163,181007.0
6678.017200523133,181435.0
6678.196598855104,178581.0
6678.375997187075,179045.0
6678.555395519045,178730.0
6678.734793851016,179759.0
6678.914192182986,180464.0
6679.093590514957,179845.0
6679.272988846928,179804.0
6679.452387178898,179083.0
6679.631785510868,177747.0
6679.8111838428395,176716.0
6679.99058217481,175569.0
6680.16998050678,176062.0
6680.34937883875,176278.0
6680.528777170722,175989.0
6680.708175502692,177385.0
6680.887573834662,175495.0
6681.066972166633,174514.0
6681.246370498604,173878.0
6681.425768830574,175317.0
6681.605167162545,174603.0
6681.784565494516,172559.0
6681.963963826486,171197.0
6682.1433621584565,170762.0
6682.322760490427,170878.0
6682.502158822398,170728.0
6682.681557154368,169363.0
6682.860955486339,169100.0
6683.040353818309,170077.0
6683.21975215028,168894.0
6683.399150482251,167984.0
6683.578548814221,170460.0
6683.757947146191,171725.0
6683.937345478163,171936.0
6684.116743810133,170907.0
6684.296142142103,167281.0
6684.475540474074,166920.0
6684.654938806045,168066.0
6684.834337138015,169416.0
6685.0137354699855,168631.0
6685.193133801956,166868.0
6685.372532133927,165380.0
6685.551930465897,168177.0
6685.731328797868,167670.0
6685.910727129838,168024.0
6686.090125461809,169358.0
6686.26952379378,166830.0
6686.44892212575,165682.0
6686.628320457721,164742.0
6686.8077187896915,164933.0
6686.987117121662,165136.0
6687.166515453632,164575.0
6687.345913785603,162582.0
6687.525312117574,162155.0
6687.704710449544,162642.0
6687.884108781514,160976.0
6688.063507113486,161009.0
6688.242905445456,159934.0
6688.422303777426,158582.0
6688.601702109397,158813.0
6688.781100441368,160070.0
6688.960498773338,158018.0
6689.139897105309,155683.0
6689.319295437279,154883.0
6689.49869376925,155025.0
6689.6780921012205,156314.0
6689.857490433191,156650.0
6690.036888765162,158200.0
6690.216287097132,156323.0
6690.395685429103,152169.0
6690.575083761073,153333.0
6690.754482093044,154803.0
6690.933880425015,153831.0
6691.113278756985,150698.0
6691.292677088955,150974.0
6691.472075420927,150267.0
6691.651473752897,151604.0
6691.830872084867,149748.0
6692.010270416838,148752.0
6692.189668748809,147719.0
6692.369067080779,149645.0
6692.5484654127495,149644.0
6692.72786374472,149704.0
6692.907262076691,146289.0
6693.086660408661,145844.0
6693.266058740632,147471.0
6693.445457072602,144825.0
6693.624855404573,142904.0
6693.804253736544,143061.0
6693.983652068514,143612.0
6694.163050400484,142305.0
6694.3424487324555,139873.0
6694.521847064426,140512.0
6694.701245396396,142940.0
6694.880643728367,142557.0
6695.060042060338,141948.0
6695.239440392308,139634.0
6695.418838724278,137795.0
6695.59823705625,137969.0
6695.77763538822,138905.0
6695.95703372019,138116.0
6696.136432052161,136873.0
6696.315830384132,134649.0
6696.495228716102,135761.0
6696.674627048073,136930.0
6696.854025380043,136936.0
6697.033423712014,135344.0
6697.2128220439845,134648.0
6697.392220375955,134109.0
6697.571618707925,132429.0
6697.751017039896,131110.0
6697.930415371867,130913.0
6698.109813703837,131232.0
6698.289212035807,131580.0
6698.468610367779,132827.0
6698.648008699749,131050.0
6698.827407031719,128711.0
6699.006805363691,127694.0
6699.186203695661,126605.0
6699.365602027631,128488.0
6699.5450003596015,128652.0
6699.724398691573,126658.0
6699.903797023543,124590.0
6700.083195355513,126610.0
6700.262593687484,126325.0
6700.441992019455,125141.0
6700.621390351425,125066.0
6700.800788683396,123508.0
6700.980187015366,122776.0
6701.159585347337,123323.0
6701.338983679308,122975.0
6701.518382011278,119990.0
6701.697780343248,119738.0
6701.8771786752195,118871.0
6702.05657700719,118006.0
6702.23597533916,118878.0
6702.4153736711305,120190.0
6702.594772003102,118226.0
6702.774170335072,116157.0
6702.953568667042,118193.0
6703.132966999014,116527.0
6703.312365330984,115905.0
6703.491763662954,115139.0
6703.671161994925,113150.0
6703.850560326896,112359.0
6704.029958658866,114519.0
6704.209356990837,114150.0
6704.388755322807,112784.0
6704.568153654778,111990.0
6704.7475519867485,112268.0
6704.926950318719,110643.0
6705.106348650689,111232.0
6705.28574698266,110907.0
6705.465145314631,109839.0
6705.644543646601,110061.0
6705.823941978571,109983.0
6706.003340310543,110054.0
6706.182738642513,109852.0
6706.362136974483,106212.0
6706.541535306454,105225.0
6706.720933638425,105873.0
6706.900331970395,105734.0
6707.0797303023655,105773.0
6707.259128634336,106002.0
6707.438526966307,105878.0
6707.617925298277,103888.0
6707.797323630248,102219.0
6707.976721962219,102432.0
6708.156120294189,104262.0
6708.33551862616,103194.0
6708.51491695813,102712.0
6708.694315290101,101189.0
6708.873713622072,100324.0
6709.053111954042,100444.0
6709.232510286012,101294.0
6709.4119086179835,99577.1
6709.591306949954,97688.3
6709.770705281924,97489.6
6709.9501036138945,97640.6
6710.129501945866,96607.1
6710.308900277836,97299.6
6710.488298609806,97630.6
6710.667696941777,97292.6
6710.847095273748,95258.7
6711.026493605718,94791.8
6711.205891937689,96896.5
6711.38529026966,95032.5
6711.56468860163,92260.8
6711.744086933601,92201.9
6711.923485265571,91936.2
6712.102883597542,91968.2
6712.2822819295125,91603.0
6712.461680261483,89390.2
6712.641078593453,88845.0
6712.820476925424,88059.0
6712.999875257395,89647.1
6713.179273589365,89775.2
6713.358671921335,87647.7
6713.538070253307,87219.2
6713.717468585277,87158.6
6713.896866917247,86747.6
6714.076265249218,86901.0
6714.255663581189,87486.3
6714.435061913159,84768.0
6714.6144602451295,84593.0
6714.7938585771,84278.5
6714.973256909071,84231.4
6715.152655241041,84382.4
6715.332053573012,83540.4
6715.511451904982,83350.2
6715.690850236953,80729.7
6715.870248568924,81419.4
6716.049646900894,81036.5
6716.229045232865,80375.1
6716.408443564836,79896.0
6716.587841896806,79412.1
6716.767240228776,79889.9
6716.9466385607475,79977.3
6717.126036892718,80109.8
6717.305435224688,77840.1
6717.4848335566585,76452.9
6717.66423188863,76487.8
6717.8436302206,76586.2
6718.02302855257,76459.4
6718.202426884541,74859.6
6718.381825216512,74757.4
6718.561223548482,74730.1
6718.740621880453,74922.2
6718.920020212423,74194.6
6719.099418544394,73760.2
6719.2788168763645,71361.7
6719.458215208335,71598.4
6719.637613540306,71707.4
6719.817011872276,72887.0
6719.996410204247,71752.1
6720.175808536217,69805.6
6720.355206868188,70149.5
6720.534605200159,69891.2
6720.714003532129,70641.7
6720.893401864099,69038.7
6721.072800196071,67934.6
6721.252198528041,68448.0
6721.431596860011,67000.6
6721.610995191982,66302.2
6721.790393523953,66428.7
6721.969791855923,67301.8
6722.1491901878935,66181.6
6722.328588519864,65476.0
6722.507986851835,65167.8
6722.687385183805,64344.9
6722.866783515776,64824.7
6723.046181847746,65111.9
6723.225580179717,63184.9
6723.404978511688,62583.4
6723.584376843658,62937.2
6723.763775175628,62199.7
6723.9431735076,61027.5
6724.12257183957,62259.9
6724.30197017154,61505.4
6724.4813685035115,60570.2
6724.660766835482,61947.8
6724.840165167452,59889.1
6725.0195634994225,58025.9
6725.198961831394,58773.1
6725.378360163364,58778.2
6725.557758495334,58940.3
6725.737156827305,57490.8
6725.916555159276,56858.1
6726.095953491246,56581.8
6726.275351823217,56540.7
6726.454750155187,56387.6
6726.634148487158,56860.7
6726.8135468191285,56524.8
6726.992945151099,55631.0
6727.172343483069,53842.0
6727.35174181504,52890.1
6727.531140147011,53611.1
6727.710538478981,55528.0
6727.889936810952,54334.2
6728.069335142923,52769.4
6728.248733474893,51115.3
6728.428131806863,52390.8
6728.607530138835,52777.1
6728.786928470805,51900.0
6728.966326802775,51870.7
6729.145725134746,50911.6
6729.325123466717,49788.9
6729.504521798687,49990.4
6729.6839201306575,49965.1
6729.863318462628,49393.8
6730.042716794599,48589.7
6730.222115126569,49363.3
6730.40151345854,48025.2
6730.58091179051,47003.7
6730.760310122481,48033.6
6730.939708454452,48431.8
6731.119106786422,46421.6
6731.298505118392,46178.9
6731.477903450364,46418.5
6731.657301782334,45971.0
6731.836700114304,44694.6
6732.016098446275,45275.4
6732.195496778246,44704.7
6732.374895110216,43877.2
6732.5542934421865,42668.7
6732.733691774158,44069.4
6732.913090106128,43221.4
6733.092488438098,42830.0
6733.271886770069,42353.1
6733.45128510204,42535.4
6733.63068343401,42484.7
6733.810081765981,41729.4
6733.989480097951,41501.6
6734.168878429922,41069.7
6734.3482767618925,38079.6
