6459.9672786441,19985.5
6460.153070915207,19769.8
6460.3388631863145,19723.0
6460.524655457421,19447.5
6460.710447728529,19240.9
6460.896239999636,18878.2
6461.082032270744,18807.4
6461.267824541851,18933.5
6461.453616812959,18885.5
6461.639409084066,18577.0
6461.825201355174,18591.5
6462.010993626281,19158.8
6462.1967858973885,19200.0
6462.3825781684955,19019.6
6462.568370439603,18926.6
6462.75416271071,19501.0
6462.939954981818,19461.2
6463.125747252925,19704.1
6463.311539524033,19722.8
6463.49733179514,19484.9
6463.683124066248,19604.3
6463.868916337355,20123.7
6464.0547086084625,20176.7
6464.2405008795695,19951.5
6464.426293150677,19875.2
6464.612085421784,19999.1
6464.797877692892,20566.9
6464.983669963999,20962.9
6465.169462235107,21181.3
6465.355254506214,21250.3
6465.541046777322,21064.6
6465.726839048429,20836.8
6465.912631319537,21457.6
6466.0984235906435,21726.3
6466.284215861751,21553.4
6466.470008132858,21539.8
6466.655800403966,22125.7
6466.841592675073,22497.8
6467.027384946181,21978.1
6467.213177217288,21797.7
6467.398969488396,22190.0
6467.584761759503,22194.3
6467.770554030611,22378.5
6467.9563463017175,22593.3
6468.142138572825,22562.7
6468.327930843932,22778.6
6468.51372311504,23011.1
6468.699515386147,23358.5
6468.885307657255,23607.2
6469.071099928362,23417.7
6469.25689219947,23287.1
6469.442684470577,23338.0
6469.628476741685,23262.2
6469.814269012792,23465.0
6470.000061283899,23985.2
6470.185853555006,24494.2
6470.371645826114,24733.8
6470.557438097221,24338.4
6470.743230368329,24150.7
6470.929022639436,24749.0
6471.114814910544,24796.9
6471.300607181651,24633.9
6471.486399452759,24540.6
6471.672191723866,24981.8
6471.857983994973,25395.2
6472.04377626608,25432.1
6472.229568537188,25400.5
6472.415360808295,25503.5
6472.601153079403,25625.5
6472.78694535051,25505.1
6472.972737621618,25429.6
6473.158529892725,25431.5
6473.344322163833,25457.3
6473.53011443494,25878.3
6473.7159067060475,26229.0
6473.901698977154,26377.0
6474.087491248262,26839.5
6474.273283519369,27327.9
6474.459075790477,27125.8
6474.644868061584,26766.9
6474.830660332692,26249.0
6475.016452603799,25774.8
6475.202244874907,26102.5
6475.388037146014,26648.4
6475.5738294171215,26789.6
6475.759621688228,27169.9
6475.945413959336,27822.9
6476.131206230443,28193.0
6476.316998501551,27734.7
6476.502790772658,27463.9
6476.688583043766,28561.8
6476.874375314873,29222.3
6477.060167585981,28982.9
6477.245959857088,28529.8
6477.4317521281955,28624.0
6477.6175443993025,29094.7
6477.80333667041,29488.8
6477.989128941517,29315.0
6478.174921212625,29312.1
6478.360713483732,29816.2
6478.54650575484,30040.6
6478.732298025947,30402.5
6478.918090297055,30527.4
6479.103882568162,30247.6
6479.2896748392695,29951.6
6479.4754671103765,30302.6
6479.661259381484,30856.8
6479.847051652591,30544.6
6480.032843923699,30356.7
6480.218636194806,30524.7
6480.404428465914,31006.7
6480.590220737021,31560.5
6480.776013008129,32111.6
6480.961805279236,32278.4
6481.147597550344,31414.9
6481.3333898214505,31308.1
6481.519182092558,32113.6
6481.704974363665,32917.7
6481.890766634773,32915.2
6482.07655890588,33431.7
6482.262351176988,33067.4
6482.448143448095,32326.0
6482.633935719203,32477.5
6482.81972799031,32547.1
6483.005520261418,32966.5
6483.1913125325245,32850.3
6483.377104803632,32263.5
6483.562897074739,33485.5
6483.748689345847,33247.2
6483.934481616954,33208.3
6484.120273888062,34221.0
6484.306066159169,34483.6
6484.491858430277,34735.8
6484.677650701384,34956.7
6484.863442972492,34752.9
6485.049235243599,35055.9
6485.235027514706,34777.5
6485.420819785813,34755.1
6485.606612056921,35711.2
6485.792404328028,36476.1
6485.978196599136,36487.3
6486.163988870243,36686.8
6486.349781141351,36927.0
6486.535573412458,36176.8
6486.721365683566,35380.7
6486.907157954673,36102.2
6487.09295022578,37368.1
6487.278742496887,37783.4
6487.464534767995,37905.9
6487.650327039102,37570.5
6487.83611931021,37799.2
6488.021911581317,37898.5
6488.207703852425,38304.4
6488.393496123532,39038.7
6488.57928839464,39413.5
6488.765080665747,39112.2
6488.9508729368545,38557.7
6489.136665207961,38683.5
6489.322457479069,39568.4
6489.508249750176,40260.2
6489.694042021284,40036.5
6489.879834292391,39970.7
6490.065626563499,40317.0
6490.251418834606,40095.1
6490.437211105714,40287.9
6490.623003376821,40650.1
6490.8087956479285,39827.9
6490.994587919035,39988.4
6491.180380190143,41027.4
6491.36617246125,41547.6
6491.551964732358,42295.4
6491.737757003465,42862.9
6491.923549274573,42026.3
6492.10934154568,41133.1
6492.295133816788,42205.4
6492.480926087895,43113.2
6492.6667183590025,41522.6
6492.8525106301095,41172.9
6493.038302901217,42087.3
6493.224095172324,42535.8
6493.409887443432,42809.1
6493.595679714539,43150.8
6493.781471985647,43677.6
6493.967264256754,44484.7
6494.153056527861,44500.5
6494.338848798969,43996.3
6494.524641070076,44115.8
6494.7104333411835,45047.4
6494.89622561229,46018.9
6495.082017883398,45820.7
6495.267810154505,45626.3
6495.453602425613,45598.7
6495.63939469672,44955.9
6495.825186967828,44300.5
6496.010979238935,44145.3
6496.196771510043,44481.9
6496.38256378115,44472.4
6496.5683560522575,45544.5
6496.7541483233645,46182.2
6496.939940594472,46347.6
6497.125732865579,46541.9
6497.311525136687,46372.6
6497.497317407794,45843.9
6497.683109678902,45683.2
6497.868901950009,46500.0
6498.054694221117,47183.8
6498.240486492224,47274.1
6498.4262787633315,46012.0
6498.6120710344385,45788.7
6498.797863305546,46735.8
6498.983655576653,47288.2
6499.169447847761,48298.0
6499.355240118868,48302.2
6499.541032389976,47682.8
6499.726824661083,47909.0
6499.912616932191,48024.4
6500.098409203298,48044.2
6500.284201474406,48222.5
6500.4699937455125,47046.2
6500.65578601662,47786.7
6500.841578287727,49380.3
6501.027370558835,49796.1
6501.213162829942,49348.2
6501.39895510105,48965.1
6501.584747372157,49431.8
6501.770539643265,49689.4
6501.956331914372,49246.7
6502.14212418548,48011.5
6502.3279164565865,48652.5
6502.513708727694,50059.9
6502.699500998801,49968.6
6502.885293269909,50184.0
6503.071085541016,51316.3
6503.256877812124,51679.6
6503.442670083231,50489.5
6503.628462354339,50322.5
6503.814254625446,50962.0
6504.000046896554,50967.9
6504.185839167661,51451.1
6504.371631438768,51967.7
6504.557423709875,52597.2
6504.743215980983,53462.5
6504.92900825209,52814.4
6505.114800523198,51934.0
6505.300592794305,52224.9
6505.486385065413,52411.5
6505.67217733652,52838.5
6505.857969607628,53839.4
6506.043761878735,53702.5
6506.229554149842,53600.5
6506.415346420949,54202.3
6506.601138692057,54384.1
6506.786930963164,53136.1
6506.972723234272,53560.3
6507.158515505379,55145.0
6507.344307776487,55151.1
6507.530100047594,54484.7
6507.715892318702,54604.8
6507.901684589809,55028.6
6508.0874768609165,55005.5
6508.273269132023,55012.7
6508.459061403131,54875.6
6508.644853674238,54749.2
6508.830645945346,55460.7
6509.016438216453,55198.9
6509.202230487561,56025.7
6509.388022758668,57203.5
6509.573815029776,57109.9
6509.759607300883,56600.1
6509.9453995719905,56402.8
6510.131191843097,56029.3
6510.316984114205,56392.2
6510.502776385312,57490.7
6510.68856865642,56822.8
6510.874360927527,56652.9
6511.060153198635,57880.0
6511.245945469742,58461.4
6511.43173774085,58761.5
6511.617530011957,58074.4
6511.8033222830645,57528.7
6511.9891145541715,57063.7
6512.174906825279,58183.8
6512.360699096386,59680.6
6512.546491367494,59922.1
6512.732283638601,59739.7
6512.918075909709,60095.7
6513.103868180816,61704.7
6513.289660451924,61676.8
6513.475452723031,61824.1
6513.6612449941385,61100.3
6513.8470372652455,62015.4
6514.032829536353,62469.6
6514.21862180746,61934.6
6514.404414078568,61334.2
6514.590206349675,61072.5
6514.775998620783,61037.6
6514.96179089189,60718.1
6515.147583162998,62499.0
6515.333375434105,63524.9
6515.519167705213,63551.4
6515.7049599763195,62789.2
6515.890752247427,62768.9
6516.076544518534,63312.8
6516.262336789642,62359.4
6516.448129060749,61024.7
6516.633921331857,61357.3
6516.819713602964,61128.4
6517.005505874072,61516.2
6517.191298145179,62411.5
6517.377090416287,64240.4
6517.5628826873935,65374.0
6517.748674958501,65382.1
6517.934467229608,65555.9
6518.120259500716,65417.7
6518.306051771823,64592.8
6518.491844042931,65417.8
6518.677636314038,67554.3
6518.863428585146,68410.1
6519.049220856253,66889.3
6519.235013127361,65412.5
6519.420805398468,66188.5
6519.606597669575,65895.9
6519.792389940682,66082.2
6519.97818221179,66709.0
6520.163974482897,67002.2
6520.349766754005,66664.6
6520.535559025112,67254.5
6520.72135129622,67716.5
6520.907143567327,66765.9
6521.092935838435,66629.4
6521.278728109542,66406.4
6521.464520380649,66658.1
6521.650312651756,67137.6
6521.836104922864,67085.4
6522.021897193971,67567.5
6522.207689465079,67950.0
6522.393481736186,67344.9
6522.579274007294,67472.6
6522.765066278401,68232.4
6522.950858549509,67971.3
6523.136650820616,68784.3
6523.3224430917235,68532.8
6523.50823536283,67792.1
6523.694027633938,66612.9
6523.879819905045,65324.3
6524.065612176153,67919.7
6524.25140444726,69399.8
6524.437196718368,68420.2
6524.622988989475,67813.3
6524.808781260583,67655.4
6524.99457353169,69079.1
6525.1803658027975,70757.5
6525.366158073904,70198.2
6525.551950345012,71311.6
6525.737742616119,71663.4
6525.923534887227,70356.1
6526.109327158334,70846.5
6526.295119429442,71152.2
6526.480911700549,71515.5
6526.666703971657,72117.0
6526.852496242764,70287.6
6527.0382885138715,71122.8
6527.2240807849785,71880.6
6527.409873056085,71826.0
6527.595665327193,71026.2
6527.781457598301,70798.3
6527.967249869408,70697.0
6528.153042140515,70975.6
6528.338834411623,72257.6
6528.52462668273,72704.7
6528.710418953838,72180.1
6528.896211224945,73679.9
6529.0820034960525,73757.0
6529.267795767159,72152.4
6529.453588038267,73392.3
6529.639380309374,73942.5
6529.825172580482,74264.0
6530.010964851589,75047.8
6530.196757122697,74617.8
6530.382549393804,74333.8
6530.568341664912,74955.8
6530.754133936019,75030.9
6530.9399262071265,73745.0
6531.1257184782335,73416.2
6531.311510749341,73503.2
6531.497303020448,73487.5
6531.683095291556,74416.6
6531.868887562663,76003.3
6532.054679833771,76613.0
6532.240472104878,75614.9
6532.426264375986,75953.9
6532.612056647093,75462.2
6532.7978489182005,74196.1
6532.9836411893075,75658.6
6533.169433460415,76453.1
6533.355225731522,76797.4
6533.54101800263,78163.2
6533.726810273737,78576.9
6533.912602544845,77200.2
6534.098394815952,76423.1
6534.28418708706,75867.0
6534.469979358167,76385.8
6534.655771629275,78044.5
6534.8415639003815,78898.4
6535.027356171489,79127.0
6535.213148442596,78847.0
6535.398940713704,79247.0
6535.584732984811,79933.8
6535.770525255919,78937.5
6535.956317527026,79413.1
6536.142109798134,79985.5
6536.327902069241,79052.1
6536.513694340349,78831.3
6536.6994866114555,80518.1
6536.885278882563,81423.9
6537.07107115367,81227.0
6537.256863424778,82514.1
6537.442655695885,83749.0
6537.628447966993,82405.5
6537.8142402381,81777.5
6538.000032509208,82509.3
6538.185824780315,83137.0
6538.371617051423,82452.2
6538.55740932253,81552.1
6538.743201593637,83003.6
6538.928993864744,84561.8
6539.114786135852,84258.6
6539.300578406959,83928.7
6539.486370678067,83411.1
6539.672162949174,84125.4
6539.857955220282,85523.5
6540.043747491389,87021.9
6540.229539762497,86411.6
6540.415332033604,84103.0
6540.601124304711,83031.7
6540.786916575818,86166.9
6540.972708846926,88723.1
6541.158501118033,86302.1
6541.344293389141,85799.1
6541.530085660248,88785.3
6541.715877931356,86495.8
6541.901670202463,84923.4
6542.087462473571,86268.5
6542.273254744678,86382.7
6542.4590470157855,85931.8
6542.644839286892,86864.4
6542.830631558,87387.8
6543.016423829107,88384.7
6543.202216100215,88788.7
6543.388008371322,89724.4
6543.57380064243,86930.1
6543.759592913537,84957.5
6543.945385184645,85179.0
6544.131177455752,86671.9
6544.3169697268595,88836.9
6544.502761997966,90620.2
6544.688554269074,91647.0
6544.874346540181,91217.2
6545.060138811289,91701.7
6545.245931082396,93512.2
6545.431723353504,93346.3
6545.617515624611,92971.3
6545.803307895719,90544.2
6545.989100166826,91790.0
6546.1748924379335,92130.7
6546.3606847090405,91844.7
6546.546476980148,93216.6
6546.732269251255,92428.3
6546.918061522363,93166.6
6547.10385379347,97533.3
6547.289646064578,98072.0
6547.475438335685,93023.1
6547.661230606793,92899.2
6547.8470228779,94681.9
6548.032815149008,95759.1
6548.2186074201145,96298.1
6548.404399691222,95255.1
6548.590191962329,97462.9
6548.775984233437,97572.3
6548.961776504544,97599.0
6549.147568775652,98799.8
6549.333361046759,98413.1
6549.519153317867,99212.9
6549.704945588974,99968.6
6549.890737860082,99796.3
6550.0765301311885,99853.4
6550.262322402296,102400.0
6550.448114673403,104845.0
6550.633906944511,105381.0
6550.819699215618,106000.0
6551.005491486726,105464.0
6551.191283757833,103321.0
6551.377076028941,104288.0
6551.562868300048,106885.0
6551.748660571156,106616.0
6551.9344528422625,106136.0
6552.12024511337,108219.0
6552.306037384477,108661.0
6552.491829655585,109059.0
6552.677621926692,109327.0
6552.8634141978,110001.0
6553.049206468907,111393.0
6553.234998740015,111377.0
6553.420791011122,113296.0
6553.60658328223,116321.0
6553.792375553337,118651.0
6553.978167824444,122913.0
6554.163960095551,122804.0
6554.349752366659,119561.0
6554.535544637766,121794.0
6554.721336908874,125457.0
6554.907129179981,128414.0
6555.092921451089,131143.0
6555.278713722196,130327.0
6555.464505993304,132865.0
6555.650298264411,135844.0
6555.836090535518,140072.0
6556.021882806625,142793.0
6556.207675077733,146466.0
6556.39346734884,152085.0
6556.579259619948,155818.0
6556.765051891055,159947.0
6556.950844162163,165949.0
6557.13663643327,171610.0
6557.322428704378,177091.0
6557.508220975485,178743.0
6557.6940132465925,187674.0
6557.879805517699,197066.0
6558.065597788807,203617.0
6558.251390059914,212825.0
6558.437182331022,227446.0
6558.622974602129,238747.0
6558.808766873237,248935.0
6558.994559144344,263484.0
6559.180351415452,275792.0
6559.366143686559,288006.0
6559.5519359576665,305278.0
6559.737728228773,323291.0
6559.923520499881,339702.0
6560.109312770988,356615.0
6560.295105042096,366711.0
6560.480897313203,370805.0
6560.666689584311,377474.0
6560.852481855418,387789.0
6561.038274126526,391868.0
6561.224066397633,405001.0
6561.40985866874,432885.0
6561.5956509398475,454921.0
6561.781443210955,461638.0
6561.967235482062,465383.0
6562.153027753169,465622.0
6562.338820024277,467108.0
6562.524612295384,469234.0
6562.710404566492,465379.0
6562.896196837599,467622.0
6563.081989108707,466169.0
6563.267781379814,468986.0
6563.4535736509215,468256.0
6563.639365922028,467990.0
6563.825158193136,462198.0
6564.010950464243,440860.0
6564.196742735351,433952.0
6564.382535006458,433994.0
6564.568327277566,426215.0
6564.754119548673,408130.0
6564.939911819781,399582.0
6565.125704090888,394315.0
6565.3114963619955,388784.0
6565.4972886331025,379247.0
6565.68308090421,363727.0
6565.868873175317,353970.0
6566.054665446425,344027.0
6566.240457717532,328547.0
6566.42624998864,312857.0
6566.612042259747,303478.0
6566.797834530855,296125.0
6566.983626801962,279609.0
6567.16941907307,266992.0
6567.3552113441765,246736.0
6567.541003615284,236272.0
6567.726795886391,226583.0
6567.912588157499,217780.0
6568.098380428606,206498.0
6568.284172699714,202725.0
6568.469964970821,195186.0
6568.655757241929,186993.0
6568.841549513036,180025.0
6569.027341784144,172424.0
6569.2131340552505,166655.0
6569.398926326358,166808.0
6569.584718597465,164598.0
6569.770510868573,158890.0
6569.95630313968,151972.0
6570.142095410788,149580.0
6570.327887681895,149827.0
6570.513679953003,144605.0
6570.69947222411,140288.0
6570.885264495218,139817.0
6571.071056766325,138332.0
6571.256849037432,134676.0
6571.442641308539,130572.0
6571.628433579647,130856.0
6571.814225850754,129028.0
6572.000018121862,126490.0
6572.185810392969,124554.0
6572.371602664077,123286.0
6572.557394935184,122379.0
6572.743187206292,122762.0
6572.928979477399,124044.0
6573.114771748506,124824.0
6573.300564019613,121318.0
6573.486356290721,120905.0
6573.672148561828,119727.0
6573.857940832936,118387.0
6574.043733104043,119196.0
6574.229525375151,118354.0
6574.415317646258,115801.0
6574.601109917366,113936.0
6574.786902188473,114379.0
6574.97269445958,114111.0
6575.158486730687,112833.0
6575.344279001795,113668.0
6575.530071272902,113652.0
6575.71586354401,114539.0
6575.901655815117,112749.0
6576.087448086225,111269.0
6576.273240357332,114014.0
6576.45903262844,112789.0
6576.644824899547,111898.0
6576.8306171706545,110911.0
6577.016409441761,112035.0
6577.202201712869,110932.0
6577.387993983976,109257.0
6577.573786255084,109927.0
6577.759578526191,111145.0
6577.945370797299,110173.0
6578.131163068406,110051.0
6578.316955339514,110890.0
6578.502747610621,109898.0
6578.6885398817285,109869.0
6578.874332152835,109449.0
6579.060124423943,109268.0
6579.24591669505,109793.0
6579.431708966158,109066.0
6579.617501237265,109000.0
6579.803293508373,106988.0
6579.98908577948,107527.0
6580.174878050588,108502.0
6580.360670321695,106582.0
6580.5464625928025,104912.0
6580.7322548639095,104762.0
6580.918047135017,106556.0
6581.103839406124,106422.0
6581.289631677232,106832.0
6581.475423948339,108827.0
6581.661216219447,108197.0
6581.847008490554,106005.0
6582.032800761662,104994.0
6582.218593032769,103924.0
6582.404385303877,106429.0
6582.5901775749835,108936.0
6582.775969846091,106879.0
6582.961762117198,103951.0
6583.147554388306,105394.0
6583.333346659413,106667.0
6583.519138930521,108152.0
6583.704931201628,105017.0
6583.890723472736,105487.0
6584.076515743843,107472.0
6584.262308014951,105583.0
6584.4481002860575,103613.0
6584.633892557165,105860.0
6584.819684828272,108808.0
6585.00547709938,107675.0
6585.191269370487,105056.0
6585.377061641595,105231.0
6585.562853912702,106762.0
6585.74864618381,105020.0
6585.934438454917,104056.0
6586.120230726025,104727.0
6586.306022997132,102865.0
6586.491815268239,102864.0
6586.677607539346,104750.0
6586.863399810454,105760.0
6587.049192081561,107330.0
6587.234984352669,105401.0
6587.420776623776,104040.0
6587.606568894884,102787.0
6587.792361165991,103606.0
6587.978153437099,105376.0
6588.163945708206,103685.0
6588.349737979313,102573.0
6588.53553025042,103828.0
6588.721322521528,104447.0
6588.907114792635,103753.0
6589.092907063743,103344.0
6589.27869933485,105159.0
6589.464491605958,105559.0
6589.650283877065,103432.0
6589.836076148173,102575.0
6590.02186841928,103799.0
6590.2076606903875,103404.0
6590.393452961494,103251.0
6590.579245232602,106670.0
6590.765037503709,106797.0
6590.950829774817,103924.0
6591.136622045924,103259.0
6591.322414317032,101843.0
6591.508206588139,100946.0
6591.693998859247,101286.0
6591.879791130354,102278.0
6592.0655834014615,102049.0
6592.251375672568,101714.0
6592.437167943676,103579.0
6592.622960214783,103479.0
6592.808752485891,102872.0
6592.994544756998,102360.0
6593.180337028106,100760.0
6593.366129299213,99187.2
6593.551921570321,102217.0
6593.737713841428,104713.0
6593.9235061125355,103277.0
6594.109298383642,101747.0
6594.29509065475,101154.0
6594.480882925857,99382.3
6594.666675196964,99216.2
6594.852467468072,102145.0
6595.03825973918,103371.0
6595.224052010287,103603.0
6595.409844281394,102667.0
6595.595636552502,103441.0
6595.7814288236095,103243.0
6595.9672210947165,101029.0
6596.153013365823,101077.0
6596.338805636931,102942.0
6596.524597908038,101522.0
6596.710390179146,100503.0
6596.896182450253,101588.0
6597.081974721361,102693.0
6597.267766992468,102225.0
6597.453559263576,103288.0
6597.639351534683,102376.0
6597.8251438057905,100800.0
6598.010936076897,99826.7
6598.196728348005,102053.0
6598.382520619112,102440.0
6598.56831289022,101537.0
6598.754105161327,102632.0
6598.939897432435,101379.0
6599.125689703542,99502.9
6599.31148197465,99633.2
6599.497274245757,100358.0
6599.6830665168645,101486.0
6599.8688587879715,102415.0
6600.054651059079,100300.0
6600.240443330186,101611.0
6600.426235601294,101279.0
6600.612027872401,100328.0
6600.797820143509,99668.2
6600.983612414616,98240.7
6601.169404685724,98589.3
6601.355196956831,100768.0
6601.540989227939,100695.0
6601.7267814990455,98893.6
6601.912573770153,95734.3
