6486.9811812053,175358.0
6487.160956936232,184480.0
6487.340732667163,187072.0
6487.5205083980945,186846.0
6487.700284129025,185889.0
6487.880059859956,185792.0
6488.059835590888,189018.0
6488.239611321819,193926.0
6488.419387052751,199483.0
6488.599162783682,200316.0
6488.7789385146125,196529.0
6488.958714245544,189605.0
6489.138489976475,189698.0
6489.318265707407,196772.0
6489.498041438338,204342.0
6489.6778171692695,210777.0
6489.857592900201,212087.0
6490.037368631131,213706.0
6490.217144362063,211748.0
6490.396920092994,203433.0
6490.576695823926,185472.0
6490.756471554857,171906.0
6490.936247285788,179107.0
6491.11602301672,199458.0
6491.29579874765,216050.0
6491.475574478582,222663.0
6491.655350209513,225599.0
6491.835125940444,228523.0
6492.014901671376,230648.0
6492.194677402307,230864.0
6492.374453133238,228480.0
6492.554228864169,218550.0
6492.7340045951005,199225.0
6492.913780326032,187532.0
6493.093556056963,191651.0
6493.273331787895,208819.0
6493.453107518826,224948.0
6493.632883249757,234642.0
6493.812658980688,239221.0
6493.992434711619,238156.0
6494.172210442551,233904.0
6494.351986173482,230560.0
6494.5317619044135,236068.0
6494.711537635345,243801.0
6494.891313366275,247688.0
6495.071089097207,246229.0
6495.250864828138,244382.0
6495.43064055907,238641.0
6495.610416290001,217944.0
6495.790192020932,199816.0
6495.969967751863,204896.0
6496.149743482794,226595.0
6496.329519213726,247551.0
6496.509294944657,257198.0
6496.6890706755885,257221.0
6496.86884640652,256880.0
6497.048622137451,258592.0
6497.228397868382,254012.0
6497.408173599313,244654.0
6497.587949330245,241932.0
6497.767725061176,248259.0
6497.947500792107,261475.0
6498.127276523039,272411.0
6498.30705225397,274363.0
6498.486827984901,272731.0
6498.666603715832,274975.0
6498.846379446763,279423.0
6499.026155177695,279300.0
6499.205930908626,280446.0
6499.385706639558,284573.0
6499.565482370488,286150.0
6499.7452581014195,282589.0
6499.925033832351,280491.0
6500.104809563282,284297.0
6500.284585294214,287275.0
6500.464361025145,289142.0
6500.6441367560765,292070.0
6500.823912487007,293745.0
6501.003688217938,292570.0
6501.18346394887,291162.0
6501.363239679801,290069.0
6501.543015410733,289647.0
6501.722791141664,292231.0
6501.902566872595,294287.0
6502.082342603526,298466.0
6502.262118334457,301981.0
6502.441894065389,299113.0
6502.62166979632,295098.0
6502.801445527251,297060.0
6502.981221258183,303931.0
6503.160996989113,307778.0
6503.340772720045,302615.0
6503.520548450976,299785.0
6503.7003241819075,301286.0
6503.880099912839,300035.0
6504.05987564377,300787.0
6504.239651374702,301837.0
6504.419427105632,307898.0
6504.599202836564,319664.0
6504.778978567495,324467.0
6504.958754298426,325584.0
6505.138530029358,328296.0
6505.318305760289,329926.0
6505.498081491221,331639.0
6505.677857222151,330136.0
6505.857632953082,329111.0
6506.037408684014,334937.0
6506.217184414945,340418.0
6506.396960145877,338885.0
6506.576735876808,339722.0
6506.7565116077385,340308.0
6506.93628733867,344582.0
6507.116063069601,344887.0
6507.295838800533,343060.0
6507.475614531464,342159.0
6507.6553902623955,339849.0
6507.835165993327,340916.0
6508.014941724257,347087.0
6508.194717455189,343501.0
6508.37449318612,330747.0
6508.554268917052,315767.0
6508.734044647983,320404.0
6508.913820378914,339681.0
6509.093596109846,353034.0
6509.273371840776,359951.0
6509.453147571708,365619.0
6509.632923302639,366403.0
6509.81269903357,368373.0
6509.992474764502,368197.0
6510.172250495433,367126.0
6510.352026226364,371437.0
6510.531801957295,376465.0
6510.7115776882265,376889.0
6510.891353419158,377093.0
6511.071129150089,378875.0
6511.250904881021,376756.0
6511.430680611952,372949.0
6511.610456342883,370353.0
6511.790232073814,360588.0
6511.970007804745,343282.0
6512.149783535677,338697.0
6512.329559266608,350193.0
6512.50933499754,371431.0
6512.689110728471,389328.0
6512.868886459401,393068.0
6513.048662190333,392812.0
6513.228437921264,392397.0
6513.408213652196,389398.0
6513.587989383127,384142.0
6513.767765114058,388641.0
6513.947540844989,391085.0
6514.12731657592,385664.0
6514.307092306852,367326.0
6514.486868037783,334749.0
6514.6666437687145,315591.0
6514.846419499646,331358.0
6515.026195230577,365708.0
6515.205970961508,397128.0
6515.385746692439,403383.0
6515.565522423371,392358.0
6515.745298154302,379080.0
6515.925073885233,372639.0
6516.104849616165,364663.0
6516.284625347096,333164.0
6516.464401078027,287560.0
6516.644176808958,274291.0
6516.823952539889,299670.0
6517.003728270821,344831.0
6517.183504001752,376513.0
6517.363279732684,400596.0
6517.543055463614,419141.0
6517.7228311945455,416627.0
6517.902606925477,401566.0
6518.082382656408,400934.0
6518.26215838734,415820.0
6518.441934118271,429501.0
6518.6217098492025,428870.0
6518.801485580133,425877.0
6518.981261311064,419300.0
6519.161037041996,394210.0
6519.340812772927,371609.0
6519.520588503859,374840.0
6519.70036423479,402948.0
6519.880139965721,441440.0
6520.059915696652,463323.0
6520.239691427583,469249.0
6520.419467158515,466789.0
6520.599242889446,467052.0
6520.779018620377,469941.0
6520.958794351309,474678.0
6521.138570082239,475816.0
6521.318345813171,472860.0
6521.498121544102,471872.0
6521.6778972750335,470228.0
6521.857673005965,462176.0
6522.037448736896,455371.0
6522.217224467828,463157.0
6522.397000198758,473444.0
6522.57677592969,485071.0
6522.756551660621,487329.0
6522.936327391552,480569.0
6523.116103122484,469196.0
6523.295878853415,456218.0
6523.475654584347,441530.0
6523.655430315277,418465.0
6523.835206046208,410393.0
6524.01498177714,428971.0
6524.194757508071,470654.0
6524.374533239003,495170.0
6524.554308969934,504384.0
6524.7340847008645,501964.0
6524.913860431796,503382.0
6525.093636162727,514388.0
6525.273411893659,514638.0
6525.45318762459,509864.0
6525.6329633555215,509268.0
6525.812739086453,513995.0
6525.992514817383,512526.0
6526.172290548315,516203.0
6526.352066279246,526473.0
6526.531842010178,526675.0
6526.711617741109,528200.0
6526.89139347204,531842.0
6527.071169202972,528740.0
6527.250944933902,530922.0
6527.430720664834,529659.0
6527.610496395765,527591.0
6527.790272126696,530650.0
6527.970047857628,538180.0
6528.149823588559,539247.0
6528.32959931949,539800.0
6528.509375050421,543137.0
6528.6891507813525,549727.0
6528.868926512284,553659.0
6529.048702243215,551849.0
6529.228477974147,550713.0
6529.408253705078,547742.0
6529.588029436009,553079.0
6529.76780516694,554332.0
6529.947580897871,553833.0
6530.127356628803,562798.0
6530.307132359734,552139.0
6530.486908090666,541580.0
6530.666683821597,544767.0
6530.846459552527,548054.0
6531.026235283459,558881.0
6531.20601101439,569253.0
6531.385786745322,568564.0
6531.565562476253,567489.0
6531.745338207184,566803.0
6531.925113938115,555193.0
6532.104889669046,520290.0
6532.284665399978,491884.0
6532.464441130909,491347.0
6532.6442168618405,523241.0
6532.823992592772,566425.0
6533.003768323703,584262.0
6533.183544054634,582638.0
6533.363319785565,585640.0
6533.543095516497,583394.0
6533.722871247428,562705.0
6533.902646978359,542410.0
6534.082422709291,534126.0
6534.262198440222,544399.0
6534.441974171153,563897.0
6534.621749902084,574014.0
6534.801525633015,575082.0
6534.981301363947,581073.0
6535.161077094878,590472.0
6535.34085282581,598156.0
6535.52062855674,613237.0
6535.7004042876715,609964.0
6535.880180018603,605177.0
6536.059955749534,606489.0
6536.239731480466,608665.0
6536.419507211397,596010.0
6536.5992829423285,580549.0
6536.779058673259,577820.0
6536.95883440419,587973.0
6537.138610135122,606480.0
6537.318385866053,615645.0
6537.498161596985,618579.0
6537.677937327916,626169.0
6537.857713058847,629922.0
6538.037488789778,631162.0
6538.217264520709,628897.0
6538.397040251641,636613.0
6538.576815982572,640093.0
6538.756591713503,637264.0
6538.936367444435,643053.0
6539.116143175365,645434.0
6539.295918906297,640882.0
6539.475694637228,645115.0
6539.6554703681595,646047.0
6539.835246099091,651369.0
6540.015021830022,653286.0
6540.194797560954,647754.0
6540.374573291884,641324.0
6540.554349022816,647329.0
6540.734124753747,658259.0
6540.913900484678,662348.0
6541.09367621561,658178.0
6541.273451946541,656764.0
6541.453227677473,666359.0
6541.633003408403,672546.0
6541.812779139334,665464.0
6541.992554870266,640153.0
6542.172330601197,612549.0
6542.352106332129,604313.0
6542.53188206306,624107.0
6542.7116577939905,655961.0
6542.891433524922,669492.0
6543.071209255853,669882.0
6543.250984986785,675614.0
6543.430760717716,662926.0
6543.6105364486475,607763.0
6543.790312179579,546771.0
6543.970087910509,535671.0
6544.149863641441,585590.0
6544.329639372372,654392.0
6544.509415103304,687848.0
6544.689190834235,696696.0
6544.868966565166,697201.0
6545.048742296098,696274.0
6545.228518027028,695811.0
6545.40829375796,685153.0
6545.588069488891,673512.0
6545.767845219822,673414.0
6545.947620950754,674683.0
6546.127396681685,687444.0
6546.307172412616,707281.0
6546.486948143547,710819.0
6546.6667238744785,709187.0
6546.84649960541,711700.0
6547.026275336341,711776.0
6547.206051067273,711135.0
6547.385826798204,681889.0
6547.565602529135,646343.0
6547.745378260066,638394.0
6547.925153990997,662107.0
6548.104929721929,693511.0
6548.28470545286,672533.0
6548.464481183792,611750.0
6548.644256914723,592526.0
6548.8240326456535,623653.0
6549.003808376585,685640.0
6549.183584107516,715076.0
6549.363359838448,724561.0
6549.543135569379,737955.0
6549.72291130031,746929.0
6549.902687031241,748226.0
6550.082462762172,749401.0
6550.262238493104,748255.0
6550.442014224035,746599.0
6550.6217899549665,752509.0
6550.801565685898,757537.0
6550.981341416829,757498.0
6551.16111714776,756135.0
6551.340892878691,755805.0
6551.520668609623,757245.0
6551.700444340554,751887.0
6551.880220071485,738765.0
6552.059995802417,735453.0
6552.239771533348,712842.0
6552.419547264279,655130.0
6552.59932299521,610333.0
6552.7790987261415,627726.0
6552.958874457073,700588.0
6553.138650188004,764652.0
6553.318425918936,769864.0
6553.498201649866,748632.0
6553.6779773807975,725230.0
6553.857753111729,723803.0
6554.03752884266,747930.0
6554.217304573592,775712.0
6554.397080304523,780804.0
6554.5768560354545,784882.0
6554.756631766385,794331.0
6554.936407497316,798598.0
6555.116183228248,805427.0
6555.295958959179,812332.0
6555.475734690111,814301.0
6555.655510421042,823272.0
6555.8352861519725,832550.0
6556.015061882904,840696.0
6556.194837613835,847774.0
6556.374613344767,849690.0
6556.554389075698,853623.0
6556.734164806629,849907.0
6556.913940537561,808725.0
6557.093716268491,774953.0
6557.273491999423,781673.0
6557.453267730354,831250.0
6557.6330434612855,880516.0
6557.812819192217,885640.0
6557.992594923148,873580.0
6558.17237065408,878160.0
6558.35214638501,904213.0
6558.531922115942,952874.0
6558.711697846873,984135.0
6558.891473577804,1.00765e+06
6559.071249308736,1.04141e+06
6559.251025039667,1.07346e+06
6559.430800770599,1.09467e+06
6559.610576501529,1.12391e+06
6559.7903522324605,1.17315e+06
6559.970127963392,1.22498e+06
6560.149903694323,1.24111e+06
6560.329679425255,1.24436e+06
6560.509455156186,1.29094e+06
6560.6892308871165,1.38004e+06
6560.869006618048,1.49005e+06
6561.048782348979,1.61475e+06
6561.228558079911,1.76105e+06
6561.408333810842,1.97131e+06
6561.5881095417735,2.22354e+06
6561.767885272705,2.49584e+06
6561.947661003635,2.77188e+06
6562.127436734567,2.99446e+06
6562.307212465498,3.15234e+06
6562.48698819643,3.29169e+06
6562.666763927361,3.50094e+06
6562.846539658292,3.75342e+06
6563.026315389223,3.98826e+06
6563.206091120154,4.12707e+06
6563.385866851086,4.0646e+06
6563.565642582017,3.79862e+06
6563.7454183129485,3.42048e+06
6563.92519404388,3.00925e+06
6564.104969774811,2.70375e+06
6564.284745505742,2.66052e+06
6564.464521236673,2.80567e+06
6564.6442969676045,2.89353e+06
6564.824072698536,2.82864e+06
6565.003848429467,2.70763e+06
6565.183624160399,2.57996e+06
6565.36339989133,2.43527e+06
6565.543175622261,2.27146e+06
6565.722951353192,2.12545e+06
6565.902727084123,2.00795e+06
6566.082502815055,1.87469e+06
6566.262278545986,1.72254e+06
6566.442054276918,1.59306e+06
6566.621830007849,1.49232e+06
6566.8016057387795,1.41297e+06
6566.981381469711,1.35301e+06
6567.161157200642,1.29175e+06
6567.340932931574,1.22327e+06
6567.520708662505,1.16897e+06
6567.700484393436,1.1277e+06
6567.880260124367,1.10622e+06
6568.060035855298,1.07898e+06
6568.23981158623,1.05483e+06
6568.419587317161,1.01292e+06
6568.5993630480925,959164.0
6568.779138779024,926803.0
6568.958914509955,918322.0
6569.138690240886,921836.0
6569.318465971817,936087.0
6569.498241702749,940215.0
6569.67801743368,932778.0
6569.857793164611,927214.0
6570.037568895543,914770.0
6570.217344626473,908195.0
6570.397120357405,897061.0
6570.576896088336,889249.0
6570.7566718192675,890831.0
6570.936447550199,883388.0
6571.11622328113,882895.0
6571.295999012062,886667.0
6571.475774742992,884849.0
6571.6555504739235,874768.0
6571.835326204855,803699.0
6572.015101935786,743961.0
6572.194877666718,746729.0
6572.374653397649,806079.0
6572.5544291285805,861446.0
6572.734204859511,874206.0
6572.913980590442,879355.0
6573.093756321374,882978.0
6573.273532052305,871421.0
6573.453307783237,862386.0
6573.633083514168,860744.0
6573.812859245099,863285.0
6573.99263497603,870241.0
6574.172410706961,875790.0
6574.352186437893,859975.0
6574.531962168824,791659.0
6574.7117378997555,705910.0
6574.891513630687,680372.0
6575.071289361617,729706.0
6575.251065092549,817289.0
6575.43084082348,866515.0
6575.6106165544115,874775.0
6575.790392285343,871112.0
6575.970168016274,866272.0
6576.149943747206,868879.0
6576.329719478136,868271.0
6576.509495209068,863255.0
6576.689270939999,865854.0
6576.86904667093,873543.0
6577.048822401862,881121.0
6577.228598132793,877478.0
6577.408373863724,878173.0
6577.588149594655,878651.0
6577.7679253255865,884771.0
6577.947701056518,884419.0
6578.127476787449,883164.0
6578.307252518381,878859.0
6578.487028249312,874335.0
6578.666803980243,872947.0
6578.846579711174,860751.0
6579.026355442105,854455.0
6579.206131173037,856704.0
6579.385906903968,861978.0
6579.5656826348995,868763.0
6579.745458365831,870509.0
6579.925234096761,873828.0
6580.105009827693,876255.0
6580.284785558624,868367.0
6580.464561289556,844907.0
6580.644337020487,811376.0
6580.824112751418,802508.0
6581.003888482349,824916.0
6581.18366421328,853523.0
6581.363439944212,870923.0
6581.543215675143,884897.0
6581.7229914060745,876696.0
6581.902767137006,861593.0
6582.082542867937,857313.0
6582.262318598868,865639.0
6582.442094329799,864657.0
6582.6218700607305,860504.0
6582.801645791662,871378.0
6582.981421522593,864728.0
6583.161197253525,839319.0
6583.340972984456,824752.0
6583.520748715387,826321.0
6583.700524446318,839772.0
6583.880300177249,862706.0
6584.060075908181,871800.0
6584.239851639112,871224.0
6584.419627370044,875320.0
6584.599403100974,877030.0
6584.7791788319055,869358.0
6584.958954562837,861700.0
6585.138730293768,873746.0
6585.3185060247,867480.0
6585.498281755631,851792.0
6585.6780574865625,847752.0
6585.857833217493,855810.0
6586.037608948424,860768.0
6586.217384679356,839737.0
6586.397160410287,792044.0
6586.5769361412185,766127.0
6586.75671187215,787317.0
6586.936487603081,834079.0
6587.116263334012,863203.0
6587.296039064943,876883.0
6587.475814795875,880894.0
6587.655590526806,871349.0
6587.835366257737,867554.0
6588.015141988669,873216.0
6588.194917719599,868179.0
6588.374693450531,856005.0
6588.554469181462,851386.0
6588.7342449123935,859482.0
6588.914020643325,868771.0
6589.093796374256,870511.0
6589.273572105188,876605.0
6589.453347836118,881805.0
6589.63312356705,877503.0
6589.812899297981,874781.0
6589.992675028912,875756.0
6590.172450759844,878147.0
6590.352226490775,878895.0
6590.5320022217065,874534.0
6590.711777952637,875307.0
6590.891553683568,878712.0
6591.0713294145,873543.0
6591.251105145431,875977.0
6591.430880876363,873208.0
6591.610656607294,872219.0
6591.7904323382245,869840.0
6591.970208069156,867984.0
6592.149983800087,866068.0
6592.329759531019,862942.0
6592.50953526195,870012.0
6592.6893109928815,874886.0
6592.869086723813,860849.0
6593.048862454743,851521.0
6593.228638185675,859512.0
6593.408413916606,862126.0
6593.588189647538,861234.0
6593.767965378469,877272.0
6593.9477411094,875381.0
6594.127516840332,846614.0
6594.307292571262,827556.0
6594.487068302194,830019.0
6594.666844033125,848491.0
6594.846619764056,865460.0
6595.026395494988,874670.0
6595.206171225919,878654.0
6595.38594695685,871870.0
6595.565722687781,867018.0
6595.7454984187125,875722.0
6595.925274149644,871937.0
6596.105049880575,871837.0
6596.284825611507,870534.0
6596.464601342438,862787.0
6596.644377073369,857087.0
6596.8241528043,858959.0
6597.003928535231,865085.0
6597.183704266163,868856.0
6597.363479997094,864724.0
6597.5432557280255,864852.0
6597.723031458957,870946.0
6597.902807189887,877292.0
6598.082582920819,881701.0
6598.26235865175,878330.0
6598.442134382682,877455.0
6598.621910113613,870899.0
6598.801685844544,864955.0
6598.981461575475,854667.0
6599.161237306406,829303.0
6599.341013037338,818197.0
6599.520788768269,824285.0
6599.7005644992005,842103.0
6599.880340230132,860434.0
6600.060115961063,872099.0
6600.239891691994,867162.0
6600.419667422925,862756.0
6600.599443153857,866040.0
6600.779218884788,867762.0
6600.958994615719,867354.0
6601.138770346651,863544.0
6601.318546077582,864153.0
6601.498321808513,866218.0
6601.678097539444,858473.0
6601.857873270375,842795.0
6602.037649001307,833214.0
6602.217424732238,839151.0
6602.39720046317,847761.0
6602.5769761941,849757.0
6602.7567519250315,854183.0
6602.936527655963,865207.0
6603.116303386894,872657.0
6603.296079117826,868189.0
6603.475854848757,860242.0
6603.6556305796885,859316.0
6603.835406310619,859286.0
6604.01518204155,864778.0
6604.194957772482,864401.0
6604.374733503413,864163.0
6604.554509234345,864437.0
6604.734284965276,858054.0
6604.914060696207,853343.0
6605.093836427138,853555.0
6605.273612158069,845920.0
6605.453387889001,842077.0
6605.633163619932,843958.0
6605.812939350863,857817.0
6605.992715081795,871194.0
6606.172490812725,864973.0
6606.352266543657,855344.0
6606.532042274588,861196.0
6606.7118180055195,858997.0
6606.891593736451,851167.0
6607.071369467382,856667.0
6607.251145198314,865826.0
6607.430920929244,862604.0
6607.610696660176,861053.0
6607.790472391107,860631.0
6607.970248122038,856345.0
6608.15002385297,856470.0
6608.329799583901,854068.0
6608.509575314833,853467.0
6608.689351045763,851835.0
6608.869126776694,852633.0
6609.048902507626,851675.0
6609.228678238557,850459.0
6609.408453969489,850364.0
6609.58822970042,848474.0
6609.7680054313505,845886.0
6609.947781162282,850254.0
6610.127556893213,849520.0
6610.307332624145,847456.0
6610.487108355076,851149.0
6610.6668840860075,857153.0
6610.846659816939,856527.0
6611.026435547869,848060.0
6611.206211278801,845922.0
6611.385987009732,848413.0
6611.565762740664,848445.0
6611.745538471595,841409.0
6611.925314202526,838647.0
6612.105089933458,836740.0
6612.284865664388,825359.0
6612.46464139532,820980.0
6612.644417126251,825633.0
6612.824192857182,836676.0
6613.003968588114,848189.0
6613.183744319045,847124.0
6613.363520049976,837310.0
6613.543295780907,836605.0
6613.7230715118385,834753.0
6613.90284724277,836976.0
6614.082622973701,839022.0
6614.262398704633,830762.0
6614.442174435564,831980.0
6614.621950166495,839668.0
6614.801725897426,841712.0
6614.981501628357,844944.0
6615.161277359289,840575.0
6615.34105309022,836520.0
6615.520828821152,842549.0
6615.700604552083,841086.0
6615.880380283013,841016.0
6616.060156013945,837199.0
6616.239931744876,828375.0
6616.419707475808,830271.0
6616.599483206739,837999.0
6616.77925893767,834794.0
6616.959034668601,834705.0
6617.138810399532,833372.0
6617.318586130464,835637.0
6617.498361861395,833514.0
6617.6781375923265,831892.0
6617.857913323258,827294.0
6618.037689054189,830455.0
6618.21746478512,835974.0
6618.397240516051,833823.0
6618.577016246983,829108.0
6618.756791977914,819793.0
6618.936567708845,819574.0
6619.116343439777,821416.0
6619.296119170707,823994.0
6619.475894901639,828990.0
6619.65567063257,827263.0
6619.835446363501,824197.0
6620.015222094433,824852.0
6620.194997825364,824146.0
6620.374773556296,822304.0
6620.554549287226,828251.0
6620.7343250181575,827578.0
6620.914100749089,819171.0
6621.09387648002,811675.0
6621.273652210952,813899.0
6621.453427941883,818990.0
6621.6332036728145,819296.0
6621.812979403745,814113.0
6621.992755134676,813277.0
6622.172530865608,813304.0
6622.352306596539,812462.0
6622.532082327471,804661.0
6622.711858058402,803559.0
6622.891633789333,814896.0
6623.071409520264,818444.0
6623.251185251195,812054.0
6623.430960982127,810365.0
6623.610736713058,807424.0
6623.790512443989,810931.0
6623.970288174921,814059.0
6624.150063905851,810201.0
6624.329839636783,807715.0
6624.509615367714,812170.0
6624.6893910986455,812846.0
6624.869166829577,812812.0
6625.048942560508,809523.0
6625.22871829144,810155.0
6625.40849402237,812146.0
6625.588269753302,813494.0
6625.768045484233,804210.0
6625.947821215164,802845.0
6626.127596946096,797814.0
6626.307372677027,792753.0
6626.487148407958,793821.0
6626.666924138889,805114.0
6626.84669986982,811686.0
6627.026475600752,803477.0
6627.206251331683,798034.0
6627.386027062615,801340.0
6627.565802793546,798113.0
6627.7455785244765,796894.0
6627.925354255408,800306.0
6628.105129986339,798130.0
6628.284905717271,792682.0
6628.464681448202,790130.0
6628.6444571791335,789949.0
6628.824232910065,790279.0
6629.004008640995,794322.0
6629.183784371927,792379.0
6629.363560102858,792365.0
6629.54333583379,788773.0
6629.723111564721,784294.0
6629.902887295652,792459.0
6630.082663026584,792779.0
6630.262438757514,795714.0
6630.442214488446,788051.0
6630.621990219377,784985.0
6630.801765950308,792782.0
6630.98154168124,791790.0
6631.161317412171,787268.0
6631.341093143102,778175.0
6631.520868874033,780154.0
6631.7006446049645,790152.0
6631.880420335896,787297.0
6632.060196066827,778028.0
6632.239971797759,775295.0
6632.41974752869,778072.0
6632.599523259621,776761.0
6632.779298990552,776042.0
6632.959074721483,766601.0
6633.138850452415,764310.0
6633.318626183346,774302.0
6633.498401914278,780196.0
6633.678177645208,777885.0
6633.857953376139,777607.0
6634.037729107071,775835.0
6634.217504838002,776077.0
6634.397280568934,775999.0
6634.577056299865,770869.0
6634.756832030796,767541.0
6634.936607761727,763040.0
6635.116383492658,766641.0
6635.29615922359,762749.0
6635.475934954521,760630.0
6635.6557106854525,768802.0
6635.835486416384,768727.0
6636.015262147315,771725.0
6636.195037878246,765652.0
6636.374813609177,761474.0
6636.554589340109,758244.0
6636.73436507104,763488.0
6636.914140801971,762618.0
6637.093916532903,758949.0
6637.273692263834,754826.0
6637.453467994765,752079.0
6637.633243725696,759152.0
6637.813019456627,763179.0
6637.992795187559,757608.0
6638.17257091849,748950.0
6638.352346649422,748162.0
6638.532122380352,751975.0
6638.7118981112835,753707.0
6638.891673842215,754307.0
6639.071449573146,755344.0
6639.251225304078,752017.0
6639.431001035009,746824.0
6639.6107767659405,745443.0
6639.790552496871,748559.0
6639.970328227802,750019.0
6640.150103958734,750020.0
6640.329879689665,749769.0
6640.509655420597,739860.0
6640.689431151528,736524.0
6640.8692068824585,742922.0
6641.04898261339,735746.0
6641.228758344321,732708.0
6641.408534075253,737272.0
6641.588309806184,738190.0
6641.768085537115,736432.0
6641.947861268047,730270.0
6642.127636998977,733275.0
6642.307412729909,722876.0
6642.48718846084,717356.0
6642.6669641917715,722292.0
6642.846739922703,722972.0
6643.026515653634,724753.0
6643.206291384566,734187.0
6643.386067115496,730338.0
6643.565842846428,732673.0
6643.745618577359,727206.0
6643.92539430829,721911.0
6644.105170039222,720780.0
6644.284945770153,724835.0
6644.464721501085,722229.0
6644.644497232015,721712.0
6644.824272962946,720441.0
6645.004048693878,720563.0
6645.183824424809,722039.0
6645.363600155741,722400.0
6645.543375886672,725287.0
6645.7231516176025,725921.0
6645.902927348534,730863.0
6646.082703079465,721772.0
6646.262478810397,713141.0
6646.442254541328,713263.0
6646.6220302722595,712411.0
6646.801806003191,715581.0
6646.981581734121,717309.0
6647.161357465053,719303.0
6647.341133195984,716123.0
6647.520908926916,712301.0
6647.700684657847,709604.0
6647.880460388778,708886.0
6648.060236119709,715610.0
6648.24001185064,706842.0
6648.419787581572,704783.0
6648.599563312503,703367.0
6648.779339043434,693683.0
6648.959114774366,697122.0
6649.138890505297,695436.0
6649.318666236228,694059.0
6649.498441967159,698480.0
6649.6782176980905,705432.0
6649.857993429022,705569.0
6650.037769159953,699290.0
6650.217544890885,693994.0
6650.397320621816,690663.0
6650.577096352747,690736.0
6650.756872083678,692278.0
6650.936647814609,692667.0
6651.116423545541,685739.0
6651.296199276472,688398.0
6651.475975007404,691131.0
6651.655750738335,686386.0
6651.8355264692655,683766.0
6652.015302200197,681734.0
6652.195077931128,684876.0
6652.37485366206,684596.0
6652.554629392991,683929.0
6652.734405123922,676284.0
6652.914180854853,675482.0
6653.093956585784,680673.0
6653.273732316716,677905.0
6653.453508047647,680291.0
6653.6332837785785,678229.0
6653.81305950951,672879.0
6653.992835240441,675614.0
6654.172610971372,675609.0
6654.352386702303,675008.0
6654.532162433235,670289.0
6654.711938164166,667509.0
6654.891713895097,669583.0
6655.071489626029,670994.0
6655.251265356959,664134.0
6655.431041087891,659078.0
6655.610816818822,665255.0
6655.7905925497535,673340.0
6655.970368280685,668398.0
6656.150144011616,659033.0
6656.329919742548,657349.0
6656.509695473478,663446.0
6656.6894712044095,662300.0
6656.869246935341,659575.0
6657.049022666272,656165.0
6657.228798397204,651283.0
6657.408574128135,654970.0
6657.5883498590665,651340.0
6657.768125589997,652364.0
6657.947901320928,650472.0
6658.12767705186,647140.0
6658.307452782791,648102.0
6658.487228513723,648437.0
6658.667004244654,647710.0
6658.846779975585,648510.0
6659.026555706516,651217.0
6659.206331437447,647717.0
6659.386107168379,643867.0
6659.56588289931,643388.0
6659.745658630241,638470.0
6659.925434361173,636868.0
6660.105210092103,645061.0
6660.284985823035,636748.0
6660.464761553966,631160.0
6660.6445372848975,631367.0
6660.824313015829,631043.0
6661.00408874676,635431.0
6661.183864477692,630603.0
6661.363640208622,629362.0
6661.543415939554,628369.0
6661.723191670485,627132.0
6661.902967401416,624285.0
6662.082743132348,622575.0
6662.262518863279,622699.0
6662.44229459421,623470.0
6662.622070325141,622825.0
6662.8018460560725,621100.0
6662.981621787004,620238.0
6663.161397517935,623022.0
6663.341173248867,622225.0
6663.520948979798,616932.0
6663.7007247107285,614392.0
6663.88050044166,618491.0
6664.060276172591,617564.0
6664.240051903523,610049.0
6664.419827634454,612911.0
6664.5996033653855,609889.0
6664.779379096317,604969.0
6664.959154827247,603592.0
6665.138930558179,606952.0
6665.31870628911,606061.0
6665.498482020042,599172.0
6665.678257750973,600392.0
6665.858033481904,599813.0
6666.037809212836,604768.0
6666.217584943766,607733.0
6666.397360674698,601370.0
6666.577136405629,596524.0
6666.7569121365605,598464.0
6666.936687867492,597785.0
6667.116463598423,593565.0
6667.296239329354,590069.0
6667.476015060285,589029.0
6667.6557907912165,591226.0
6667.835566522148,590898.0
6668.015342253079,585314.0
6668.195117984011,586395.0
6668.374893714942,586379.0
6668.554669445873,582153.0
6668.734445176804,580458.0
6668.914220907735,581306.0
6669.093996638667,576879.0
6669.273772369598,577538.0
6669.45354810053,579384.0
6669.63332383146,573440.0
6669.8130995623915,575699.0
6669.992875293323,572880.0
6670.172651024254,572741.0
6670.352426755186,573029.0
6670.532202486117,572252.0
6670.711978217048,570109.0
6670.891753947979,561933.0
6671.07152967891,560626.0
6671.251305409842,561072.0
6671.431081140773,565148.0
6671.6108568717045,564236.0
6671.790632602636,564895.0
6671.970408333567,561073.0
6672.150184064498,555754.0
6672.329959795429,556229.0
6672.509735526361,558801.0
6672.689511257292,559744.0
6672.869286988223,551804.0
6673.049062719155,544221.0
6673.228838450085,550635.0
6673.408614181017,549033.0
6673.588389911948,546973.0
6673.7681656428795,541542.0
6673.947941373811,535975.0
6674.127717104742,534115.0
6674.307492835674,532566.0
6674.487268566604,529392.0
6674.6670442975355,523303.0
6674.846820028467,523890.0
6675.026595759398,522162.0
6675.20637149033,525641.0
6675.386147221261,528282.0
6675.5659229521925,527529.0
6675.745698683123,528216.0
6675.925474414054,525585.0
6676.105250144986,519991.0
6676.285025875917,521784.0
6676.464801606849,524817.0
6676.64457733778,529133.0
6676.8243530687105,529692.0
6677.004128799642,532377.0
6677.183904530573,537064.0
6677.363680261505,544505.0
6677.543455992436,547771.0
6677.7232317233675,542838.0
6677.903007454299,540773.0
6678.082783185229,537666.0
6678.262558916161,529212.0
6678.442334647092,529177.0
6678.6221103780235,524297.0
6678.801886108955,516850.0
6678.981661839886,513646.0
6679.161437570818,510715.0
6679.341213301748,508261.0
6679.52098903268,508090.0
6679.700764763611,505879.0
6679.880540494542,505718.0
6680.060316225474,509423.0
6680.240091956405,513426.0
6680.419867687336,509988.0
6680.599643418267,512590.0
6680.7794191491985,518577.0
6680.95919488013,520072.0
6681.138970611061,521650.0
6681.318746341993,519423.0
6681.498522072924,512725.0
6681.678297803855,506747.0
6681.858073534786,503041.0
6682.037849265717,498358.0
6682.217624996649,491166.0
6682.39740072758,484130.0
6682.5771764585115,477926.0
6682.756952189443,476363.0
6682.936727920373,475673.0
6683.116503651305,473959.0
6683.296279382236,472909.0
6683.476055113168,470332.0
6683.655830844099,472451.0
6683.83560657503,473033.0
6684.015382305961,471975.0
6684.195158036892,470974.0
6684.374933767824,472376.0
6684.554709498755,469209.0
6684.7344852296865,464622.0
6684.914260960618,465749.0
6685.094036691549,466042.0
6685.27381242248,463424.0
6685.453588153411,461050.0
6685.6333638843425,465411.0
6685.813139615274,461703.0
6685.992915346205,459923.0
6686.172691077137,453467.0
6686.352466808068,454852.0
6686.532242538999,453889.0
6686.71201826993,449814.0
6686.891794000861,446992.0
6687.071569731793,448141.0
6687.251345462724,449880.0
6687.431121193656,448206.0
6687.610896924586,448451.0
6687.7906726555175,442294.0
6687.970448386449,442888.0
6688.15022411738,446054.0
6688.329999848312,442929.0
6688.509775579243,439692.0
6688.6895513101745,439973.0
6688.869327041105,439554.0
6689.049102772036,434887.0
6689.228878502968,429522.0
6689.408654233899,432772.0
6689.5884299648305,433619.0
6689.768205695762,427372.0
6689.947981426693,428085.0
6690.127757157624,428015.0
6690.307532888555,427675.0
6690.487308619487,423696.0
6690.667084350418,420899.0
6690.846860081349,421207.0
6691.026635812281,419270.0
6691.206411543211,422339.0
6691.386187274143,420326.0
6691.565963005074,420353.0
6691.7457387360055,411555.0
6691.925514466937,411228.0
6692.105290197868,411516.0
6692.2850659288,411096.0
6692.46484165973,411475.0
6692.644617390662,410978.0
6692.824393121593,407260.0
6693.004168852524,407084.0
6693.183944583456,405202.0
6693.363720314387,402140.0
6693.5434960453185,402202.0
6693.723271776249,400074.0
6693.90304750718,398775.0
6694.082823238112,398025.0
6694.262598969043,398722.0
6694.442374699975,391377.0
6694.622150430906,387424.0
6694.8019261618365,385390.0
6694.981701892768,390686.0
6695.161477623699,391175.0
6695.341253354631,385813.0
6695.521029085562,384117.0
6695.7008048164935,379981.0
6695.880580547425,378362.0
6696.060356278355,378473.0
6696.240132009287,378875.0
6696.419907740218,379177.0
6696.59968347115,372512.0
6696.779459202081,373374.0
6696.959234933012,374486.0
6697.139010663943,369406.0
6697.318786394874,367650.0
6697.498562125806,372548.0
6697.678337856737,372226.0
6697.858113587668,370352.0
6698.0378893186,365944.0
6698.217665049531,361904.0
6698.397440780462,360211.0
6698.577216511393,362854.0
6698.7569922423245,363666.0
6698.936767973256,355903.0
6699.116543704187,352645.0
6699.296319435119,356304.0
6699.47609516605,355863.0
6699.655870896981,352514.0
6699.835646627912,349856.0
6700.015422358843,347152.0
6700.195198089775,348284.0
6700.374973820706,348898.0
6700.5547495516375,345017.0
6700.734525282569,343380.0
6700.914301013499,343590.0
6701.094076744431,342267.0
6701.273852475362,337568.0
6701.453628206294,335027.0
6701.633403937225,337454.0
6701.813179668156,332161.0
6701.992955399087,331946.0
6702.172731130018,330358.0
6702.35250686095,330562.0
6702.532282591881,332083.0
6702.7120583228125,328151.0
6702.891834053744,322083.0
6703.071609784675,322898.0
6703.251385515606,320160.0
6703.431161246537,319223.0
6703.610936977469,320369.0
6703.7907127084,321629.0
6703.970488439331,320032.0
6704.150264170263,313486.0
6704.330039901193,314058.0
6704.509815632125,311276.0
6704.689591363056,309555.0
6704.869367093987,308075.0
6705.049142824919,306212.0
6705.22891855585,305539.0
6705.408694286782,305899.0
6705.588470017712,306294.0
6705.7682457486435,302643.0
6705.948021479575,299749.0
6706.127797210506,302412.0
6706.307572941438,302424.0
6706.487348672369,297785.0
6706.6671244033005,295830.0
6706.846900134231,295756.0
6707.026675865162,295838.0
6707.206451596094,294170.0
6707.386227327025,291846.0
6707.566003057957,288990.0
6707.745778788888,288411.0
6707.925554519819,289822.0
6708.10533025075,285135.0
6708.285105981681,284158.0
6708.464881712613,284404.0
6708.644657443544,279581.0
6708.824433174475,277221.0
6709.004208905407,278996.0
6709.183984636337,276379.0
6709.363760367269,278005.0
6709.5435360982,275913.0
6709.7233118291315,273430.0
6709.903087560063,272977.0
6710.082863290994,273485.0
6710.262639021926,273777.0
6710.442414752856,268549.0
6710.622190483788,266350.0
6710.801966214719,266441.0
6710.98174194565,262838.0
6711.161517676582,262645.0
6711.341293407513,261776.0
6711.521069138444,262931.0
6711.700844869375,263905.0
6711.880620600306,260205.0
6712.060396331238,258257.0
6712.240172062169,255481.0
6712.419947793101,253201.0
6712.599723524032,250424.0
6712.7794992549625,249188.0
6712.959274985894,247014.0
6713.139050716825,247531.0
6713.318826447757,245825.0
6713.498602178688,246469.0
6713.6783779096195,243831.0
6713.858153640551,243331.0
6714.037929371481,241944.0
6714.217705102413,242983.0
6714.397480833344,238853.0
6714.577256564276,236914.0
6714.757032295207,233789.0
6714.936808026138,235290.0
6715.11658375707,235451.0
6715.296359488,234616.0
6715.476135218932,230672.0
6715.655910949863,229903.0
6715.835686680794,230496.0
6716.015462411726,228444.0
6716.195238142657,225596.0
6716.375013873588,223814.0
6716.554789604519,224042.0
6716.7345653354505,222568.0
6716.914341066382,221497.0
6717.094116797313,218628.0
6717.273892528245,215981.0
6717.453668259176,215241.0
6717.633443990107,216618.0
6717.813219721038,215396.0
6717.992995451969,212200.0
6718.172771182901,212485.0
6718.352546913832,211227.0
6718.532322644764,208012.0
6718.712098375694,204484.0
6718.891874106625,208540.0
6719.071649837557,208886.0
6719.251425568488,203296.0
6719.43120129942,202878.0
6719.610977030351,201502.0
6719.790752761282,199047.0
6719.970528492213,197578.0
6720.150304223144,197598.0
6720.330079954076,196364.0
6720.509855685007,193214.0
6720.6896314159385,192835.0
6720.86940714687,193493.0
6721.049182877801,192087.0
6721.228958608732,189117.0
6721.408734339663,186899.0
6721.588510070595,186649.0
6721.768285801526,184940.0
6721.948061532457,184509.0
6722.127837263389,183346.0
6722.30761299432,183232.0
6722.487388725251,182060.0
6722.667164456182,180796.0
6722.846940187113,178207.0
6723.026715918045,178082.0
6723.206491648976,176447.0
6723.386267379908,176003.0
6723.566043110838,175477.0
6723.7458188417695,174625.0
6723.925594572701,173555.0
6724.105370303632,172339.0
6724.285146034564,169067.0
6724.464921765495,167114.0
6724.6446974964265,166932.0
6724.824473227357,166262.0
6725.004248958288,167328.0
6725.18402468922,166391.0
6725.363800420151,162754.0
6725.543576151083,160230.0
6725.723351882014,158329.0
6725.903127612944,158220.0
6726.082903343876,158073.0
6726.262679074807,159568.0
6726.442454805739,160130.0
6726.62223053667,159018.0
6726.802006267601,156392.0
6726.981781998533,153665.0
6727.161557729463,151023.0
6727.341333460395,152776.0
6727.521109191326,150967.0
6727.7008849222575,149005.0
6727.880660653189,147724.0
6728.06043638412,147796.0
6728.240212115052,149147.0
6728.419987845982,146070.0
6728.599763576914,145581.0
6728.779539307845,143730.0
6728.959315038776,141815.0
6729.139090769708,141664.0
6729.318866500639,141106.0
6729.498642231571,141189.0
6729.678417962501,137467.0
6729.858193693432,136605.0
6730.037969424364,139666.0
6730.217745155295,136088.0
6730.397520886227,133841.0
6730.577296617158,135145.0
6730.7570723480885,134197.0
6730.93684807902,132536.0
6731.116623809951,130390.0
6731.296399540883,130465.0
6731.476175271814,129241.0
6731.6559510027455,130162.0
6731.835726733677,127378.0
6732.015502464607,126062.0
6732.195278195539,124387.0
6732.37505392647,122746.0
6732.554829657402,122679.0
6732.734605388333,119483.0
6732.914381119264,118915.0
6733.094156850195,118143.0
6733.273932581126,117878.0
6733.453708312058,118488.0
6733.633484042989,117618.0
6733.81325977392,107462.0
