7602.9752166809,7803.36
7603.185705280189,9610.21
7603.396193879477,10447.5
7603.606682478766,10362.4
7603.817171078054,7176.55
7604.027659677343,4165.13
7604.238148276631,4468.68
7604.44863687592,5363.91
7604.659125475208,5261.6
7604.869614074497,5312.08
7605.080102673785,5684.29
7605.290591273074,8531.76
7605.501079872362,7979.09
7605.711568471651,6056.03
7605.922057070939,4333.29
7606.132545670228,4614.07
7606.3430342695165,7412.05
7606.553522868805,8889.53
7606.7640114680935,7795.97
7606.974500067382,5314.44
7607.1849886666705,4793.31
7607.395477265959,4930.5
7607.6059658652475,8011.71
7607.816454464537,9427.99
7608.0269430638255,8213.94
7608.237431663114,7601.02
7608.4479202624025,8240.95
7608.658408861691,10692.9
7608.8688974609795,12827.4
7609.079386060268,12917.7
7609.2898746595565,9648.46
7609.500363258845,5877.97
7609.7108518581335,6433.71
7609.921340457422,8531.38
7610.131829056711,9928.99
7610.342317655999,10290.7
7610.552806255288,8026.95
7610.763294854576,8213.53
7610.973783453865,9950.69
7611.184272053153,14684.9
7611.394760652442,19813.3
7611.60524925173,22232.6
7611.815737851019,19088.6
7612.026226450307,13674.0
7612.236715049596,9895.49
7612.447203648884,7799.09
7612.657692248173,10297.4
7612.868180847461,13578.8
7613.07866944675,13315.1
7613.289158046038,12624.6
7613.499646645327,13326.2
7613.710135244615,17710.3
7613.920623843904,25220.7
7614.131112443192,31334.3
7614.341601042481,33656.2
7614.552089641769,32923.1
7614.762578241058,28894.1
7614.973066840346,22003.8
7615.183555439635,16699.5
7615.394044038923,14493.8
7615.604532638212,17508.8
7615.8150212375,22638.2
7616.025509836789,23610.8
7616.235998436077,21392.5
7616.446487035366,22723.7
7616.656975634654,29879.2
7616.867464233943,38612.4
7617.077952833231,46255.4
7617.28844143252,51918.4
7617.498930031809,53278.5
7617.709418631098,53573.7
7617.919907230386,54054.2
7618.130395829675,54456.1
7618.340884428963,56490.0
7618.551373028252,54804.1
7618.76186162754,54895.9
7618.972350226829,56056.4
7619.182838826117,55165.4
7619.393327425406,55089.5
7619.603816024694,55229.8
7619.814304623983,54759.4
7620.024793223271,53374.7
7620.23528182256,49583.8
7620.4457704218485,45165.6
7620.656259021137,36606.4
7620.8667476204255,28424.7
7621.077236219714,21726.7
7621.2877248190025,20021.2
7621.498213418291,25312.3
7621.7087020175795,34550.8
7621.919190616868,42771.2
7622.129679216157,47224.6
7622.340167815445,48044.0
7622.550656414734,45587.7
7622.761145014022,40570.7
7622.971633613311,32244.4
7623.182122212599,23217.7
7623.392610811888,18099.3
7623.603099411176,15716.3
7623.813588010465,17255.3
7624.024076609753,21475.4
7624.234565209042,19795.1
7624.44505380833,16844.5
7624.655542407619,13976.0
7624.866031006907,16482.7
7625.076519606196,24778.8
7625.287008205484,34399.2
7625.497496804773,41738.0
7625.707985404061,45927.2
7625.91847400335,47501.0
7626.128962602638,47951.7
7626.339451201927,46154.9
7626.549939801215,36671.7
7626.760428400504,27062.7
7626.970916999792,19529.5
7627.181405599082,13914.6
7627.39189419837,12769.0
7627.602382797659,13756.1
7627.812871396947,14025.0
7628.023359996236,14004.2
7628.233848595524,12319.8
7628.444337194813,12589.4
7628.654825794101,17880.1
7628.86531439339,27578.0
7629.075802992678,37393.9
7629.286291591967,44778.9
7629.496780191255,50013.4
7629.707268790544,52493.6
7629.917757389832,51470.8
7630.128245989121,48263.0
7630.338734588409,42808.5
7630.549223187698,34168.3
7630.759711786986,25122.9
7630.970200386275,18251.0
7631.180688985563,12836.2
7631.391177584852,12189.7
7631.60166618414,14580.7
7631.812154783429,15154.2
7632.022643382717,14268.6
7632.233131982006,13861.0
7632.443620581294,17501.0
7632.654109180583,23601.4
7632.8645977798715,32619.5
7633.07508637916,43925.1
7633.2855749784485,51085.6
7633.496063577737,54056.5
7633.7065521770255,56311.7
7633.917040776314,56095.3
7634.1275293756025,53352.3
7634.338017974891,51223.6
7634.54850657418,44529.6
7634.758995173468,34999.3
7634.969483772757,25899.2
7635.179972372045,18682.5
7635.390460971334,15177.2
7635.600949570622,14706.7
7635.811438169911,15883.4
7636.021926769199,15938.9
7636.232415368488,13770.8
7636.442903967776,16342.6
7636.653392567065,18915.7
7636.863881166354,27836.9
7637.074369765643,40490.8
7637.284858364931,51022.4
7637.49534696422,57517.0
7637.705835563508,60942.4
7637.916324162797,62679.3
7638.126812762085,63400.6
7638.337301361374,63156.1
7638.547789960662,61258.4
7638.758278559951,55997.3
7638.968767159239,50016.4
7639.179255758528,40343.9
7639.389744357816,30239.4
7639.600232957105,22041.4
7639.810721556393,18363.8
7640.021210155682,18879.8
7640.23169875497,19003.3
7640.442187354259,19634.9
7640.652675953547,18048.8
7640.863164552836,19100.2
7641.073653152124,26340.5
7641.284141751413,35328.1
7641.494630350701,46436.0
7641.70511894999,57656.7
7641.915607549278,64792.2
7642.126096148567,68499.6
7642.336584747855,70891.8
7642.547073347144,71891.2
7642.757561946432,71761.3
7642.968050545721,72312.0
7643.178539145009,71293.9
7643.389027744298,63823.9
7643.599516343586,56018.7
7643.810004942875,46958.3
7644.020493542163,35294.0
7644.230982141452,27634.2
7644.44147074074,25055.7
7644.651959340029,23863.3
7644.8624479393175,23958.7
7645.072936538606,25206.4
7645.2834251378945,25313.5
7645.493913737183,26257.6
7645.7044023364715,33810.3
7645.91489093576,46710.6
7646.1253795350485,59456.5
7646.335868134337,68858.4
7646.546356733626,73795.0
7646.756845332915,76247.6
7646.9673339322035,79105.6
7647.177822531492,79680.8
7647.3883111307805,80211.9
7647.598799730069,80726.8
7647.8092883293575,80500.5
7648.019776928646,79175.7
7648.2302655279345,74982.8
7648.440754127223,67122.3
7648.651242726512,56929.1
7648.8617313258,45861.4
7649.072219925089,37192.4
7649.282708524377,32763.6
7649.493197123666,32229.4
7649.703685722954,33199.3
7649.914174322243,34929.9
7650.124662921531,35234.9
7650.33515152082,37825.0
7650.545640120108,45139.8
7650.756128719397,55258.4
7650.966617318685,67259.7
7651.177105917974,76947.8
7651.387594517262,83959.6
7651.598083116551,87216.4
7651.808571715839,89028.0
7652.019060315128,89335.9
7652.229548914416,90790.6
7652.440037513705,91801.5
7652.650526112993,90994.6
7652.861014712282,90068.3
7653.07150331157,88137.0
7653.281991910859,83486.2
7653.492480510147,76428.2
7653.702969109436,66982.8
7653.913457708724,56997.6
7654.123946308013,49203.1
7654.334434907301,45689.0
7654.54492350659,45297.4
7654.755412105878,46002.0
7654.965900705167,46639.7
7655.176389304455,45991.1
7655.386877903744,46631.1
7655.597366503032,54076.8
7655.807855102321,65132.2
7656.018343701609,76186.6
7656.228832300899,87538.9
7656.439320900187,91500.5
7656.649809499476,92507.7
7656.860298098764,95881.4
7657.070786698053,98377.0
7657.281275297341,96827.7
7657.49176389663,96114.9
7657.702252495918,98159.2
7657.912741095207,97001.1
7658.123229694495,96796.4
7658.333718293784,95210.5
7658.544206893072,92988.8
7658.754695492361,87590.4
7658.9651840916495,78021.6
7659.175672690938,70508.5
7659.3861612902265,66302.2
7659.596649889515,62280.7
7659.8071384888035,58807.0
7660.017627088092,57753.6
7660.2281156873805,58842.7
7660.438604286669,59662.1
7660.6490928859575,62128.6
7660.859581485246,67339.4
7661.070070084535,75278.2
7661.280558683823,86977.1
7661.491047283112,94198.7
7661.7015358824,98386.3
7661.912024481689,103071.0
7662.122513080977,104108.0
7662.333001680266,102419.0
7662.543490279554,102692.0
7662.753978878843,104088.0
7662.964467478131,105396.0
7663.17495607742,105342.0
7663.385444676708,104635.0
7663.595933275997,104085.0
7663.806421875285,103192.0
7664.016910474574,100760.0
7664.227399073862,97572.2
7664.437887673151,92211.6
7664.648376272439,83363.1
7664.858864871728,76189.5
7665.069353471016,73841.1
7665.279842070305,73075.5
7665.490330669593,72543.8
7665.700819268883,72388.6
7665.911307868171,72628.3
7666.12179646746,73859.0
7666.332285066748,78048.5
7666.542773666037,84686.9
7666.753262265325,92239.4
7666.963750864614,99521.0
7667.174239463902,105456.0
7667.384728063191,108497.0
7667.595216662479,107999.0
7667.805705261768,108670.0
7668.016193861056,109227.0
7668.226682460345,110251.0
7668.437171059633,109746.0
7668.647659658922,109598.0
7668.85814825821,109651.0
7669.068636857499,110656.0
7669.279125456787,110140.0
7669.489614056076,108342.0
7669.700102655364,108340.0
7669.910591254653,106130.0
7670.121079853941,100512.0
7670.33156845323,96144.1
7670.542057052518,92407.5
7670.752545651807,88628.0
7670.963034251095,85332.6
7671.173522850384,84149.0
7671.3840114496725,84091.6
7671.594500048961,85306.0
7671.8049886482495,86179.8
7672.015477247538,88078.9
7672.2259658468265,93982.1
7672.436454446115,100132.0
7672.6469430454035,104447.0
7672.857431644692,109148.0
7673.067920243981,110796.0
7673.278408843269,112322.0
7673.488897442558,113753.0
7673.699386041846,113431.0
7673.909874641135,112543.0
7674.120363240423,113113.0
7674.330851839712,112334.0
7674.541340439,112361.0
7674.751829038289,114871.0
7674.962317637577,115481.0
7675.172806236866,114701.0
7675.383294836154,114782.0
7675.593783435444,114157.0
7675.804272034732,113143.0
7676.014760634021,110020.0
7676.225249233309,106597.0
7676.435737832598,101850.0
7676.646226431886,98550.0
7676.856715031175,97001.0
7677.067203630463,96692.2
7677.277692229752,95954.2
7677.48818082904,95284.8
7677.698669428329,96529.9
7677.909158027617,98040.8
7678.119646626906,100750.0
7678.330135226194,106027.0
7678.540623825483,109635.0
7678.751112424771,112905.0
7678.96160102406,114443.0
7679.172089623348,116121.0
7679.382578222637,115120.0
7679.593066821925,115482.0
7679.803555421214,117350.0
7680.014044020502,118405.0
7680.224532619791,118408.0
7680.435021219079,118340.0
7680.645509818368,118099.0
7680.855998417656,117315.0
7681.066487016945,117776.0
7681.276975616233,117037.0
7681.487464215522,117124.0
7681.69795281481,117074.0
7681.908441414099,117003.0
7682.118930013387,117070.0
7682.329418612676,114005.0
7682.539907211964,111314.0
7682.750395811253,110843.0
7682.960884410541,109080.0
7683.17137300983,106836.0
7683.3818616091185,105808.0
7683.592350208407,105677.0
7683.8028388076955,108001.0
7684.013327406984,110094.0
7684.2238160062725,109728.0
7684.434304605561,109354.0
7684.6447932048495,113513.0
7684.855281804138,117508.0
7685.065770403427,120695.0
7685.276259002716,120084.0
7685.4867476020045,120040.0
7685.697236201293,120676.0
7685.9077248005815,120517.0
7686.11821339987,119140.0
7686.3287019991585,118737.0
7686.539190598447,119927.0
7686.7496791977355,119945.0
7686.960167797024,120583.0
7687.170656396313,120022.0
7687.381144995601,117806.0
7687.59163359489,120398.0
7687.802122194178,121226.0
7688.012610793467,121577.0
7688.223099392755,119903.0
7688.433587992044,117499.0
7688.644076591332,117944.0
7688.854565190621,117627.0
7689.065053789909,117557.0
7689.275542389198,117315.0
7689.486030988486,115645.0
7689.696519587775,113618.0
7689.907008187063,112856.0
7690.117496786352,114240.0
7690.32798538564,113183.0
7690.538473984929,113845.0
7690.748962584217,116211.0
7690.959451183506,118430.0
7691.169939782794,117479.0
7691.380428382083,118620.0
7691.590916981371,120709.0
7691.80140558066,123094.0
7692.011894179948,122449.0
7692.222382779237,121825.0
7692.432871378525,124314.0
7692.643359977814,125275.0
7692.853848577102,123329.0
7693.064337176391,122398.0
7693.274825775679,122519.0
7693.485314374968,123054.0
7693.695802974256,124812.0
7693.906291573545,124517.0
7694.116780172833,124255.0
7694.327268772122,123645.0
7694.53775737141,123523.0
7694.7482459707,124686.0
7694.958734569988,123487.0
7695.169223169277,121201.0
7695.379711768565,121539.0
7695.590200367854,122516.0
7695.800688967142,121507.0
7696.011177566431,120188.0
7696.221666165719,121018.0
7696.432154765008,120375.0
7696.642643364296,118687.0
7696.853131963585,120735.0
7697.063620562873,122943.0
7697.274109162162,123927.0
7697.4845977614505,123604.0
7697.695086360739,124129.0
7697.9055749600275,123747.0
7698.116063559316,125728.0
7698.3265521586045,127671.0
7698.537040757893,125374.0
7698.7475293571815,122891.0
7698.95801795647,123378.0
7699.1685065557585,125971.0
7699.378995155047,125543.0
7699.589483754336,124651.0
7699.799972353624,125507.0
7700.010460952913,126187.0
7700.220949552201,127259.0
7700.43143815149,126494.0
7700.641926750778,124446.0
7700.852415350067,124157.0
7701.062903949355,123807.0
7701.273392548644,126355.0
7701.483881147932,123730.0
7701.694369747221,126100.0
7701.904858346509,126245.0
7702.115346945798,127168.0
7702.325835545086,126939.0
7702.536324144375,125458.0
7702.746812743663,125596.0
7702.957301342952,125617.0
7703.16778994224,123261.0
7703.378278541529,122731.0
7703.588767140817,124147.0
7703.799255740106,122949.0
7704.009744339394,124318.0
7704.220232938684,125916.0
7704.430721537972,124334.0
7704.641210137261,126477.0
7704.851698736549,126917.0
7705.062187335838,125120.0
7705.272675935126,126341.0
7705.483164534415,127329.0
7705.693653133703,127491.0
7705.904141732992,126593.0
7706.11463033228,126586.0
7706.325118931569,127241.0
7706.535607530857,127138.0
7706.746096130146,126570.0
7706.956584729434,127576.0
7707.167073328723,129607.0
7707.377561928011,128529.0
7707.5880505273,126963.0
7707.798539126588,128193.0
7708.009027725877,128302.0
7708.219516325165,128219.0
7708.430004924454,129731.0
7708.640493523742,129780.0
7708.850982123031,129174.0
7709.061470722319,128896.0
7709.271959321608,127720.0
7709.482447920896,126551.0
7709.692936520185,126253.0
7709.9034251194735,128135.0
7710.113913718762,129838.0
7710.3244023180505,127456.0
7710.534890917339,126352.0
7710.7453795166275,126552.0
7710.955868115916,127856.0
7711.1663567152045,127711.0
7711.376845314493,126671.0
7711.587333913782,126827.0
7711.79782251307,127497.0
7712.008311112359,129794.0
7712.218799711647,128036.0
7712.429288310936,123631.0
7712.639776910224,125326.0
7712.850265509513,128723.0
7713.060754108801,127967.0
7713.27124270809,127484.0
7713.481731307378,127817.0
7713.692219906667,126821.0
7713.902708505955,126340.0
7714.113197105245,126988.0
7714.323685704533,128256.0
7714.534174303822,129009.0
7714.74466290311,129358.0
7714.955151502399,128659.0
7715.165640101687,128815.0
7715.376128700976,127106.0
7715.586617300264,127888.0
7715.797105899553,128275.0
7716.007594498841,129259.0
7716.21808309813,128968.0
7716.428571697418,128279.0
7716.639060296707,126595.0
7716.849548895995,127508.0
7717.060037495284,130219.0
7717.270526094572,128924.0
7717.481014693861,126198.0
7717.691503293149,125538.0
7717.901991892438,126173.0
7718.112480491726,126579.0
7718.322969091015,126972.0
7718.533457690303,127022.0
7718.743946289592,126691.0
7718.95443488888,126180.0
7719.164923488169,125385.0
7719.375412087457,126964.0
7719.585900686746,127959.0
7719.796389286034,126576.0
7720.006877885323,128262.0
7720.217366484611,127575.0
7720.4278550839,126212.0
7720.638343683188,124496.0
7720.848832282477,126814.0
7721.059320881765,127267.0
7721.269809481054,126632.0
7721.480298080342,124974.0
7721.690786679631,124553.0
7721.9012752789195,125042.0
7722.111763878208,124019.0
7722.3222524774965,124655.0
7722.532741076785,126074.0
7722.7432296760735,128158.0
7722.953718275362,128153.0
7723.1642068746505,127213.0
7723.374695473939,126365.0
7723.585184073228,127171.0
7723.795672672517,126455.0
7724.0061612718055,124662.0
7724.216649871094,125840.0
7724.4271384703825,125737.0
7724.637627069671,125757.0
7724.8481156689595,125530.0
7725.058604268248,124586.0
7725.2690928675365,126093.0
7725.479581466825,127580.0
7725.690070066114,127422.0
7725.900558665402,126436.0
7726.111047264691,125898.0
7726.321535863979,124278.0
7726.532024463268,123593.0
7726.742513062556,124279.0
7726.953001661845,125323.0
7727.163490261133,125821.0
7727.373978860422,125270.0
7727.58446745971,124152.0
7727.794956058999,124125.0
7728.005444658287,125930.0
7728.215933257576,127570.0
7728.426421856864,127016.0
7728.636910456153,127334.0
7728.847399055441,125878.0
7729.05788765473,124038.0
7729.268376254018,126630.0
7729.478864853307,127980.0
7729.689353452595,126171.0
7729.899842051884,126923.0
7730.110330651172,126228.0
7730.320819250461,124857.0
7730.531307849749,124723.0
7730.741796449038,123785.0
7730.952285048326,123008.0
7731.162773647615,122903.0
7731.373262246903,122725.0
7731.583750846192,123236.0
7731.79423944548,125183.0
7732.004728044769,124714.0
7732.215216644057,123170.0
7732.425705243346,124072.0
7732.636193842634,124373.0
7732.846682441923,122916.0
7733.057171041211,124114.0
7733.2676596405,125656.0
7733.478148239789,124085.0
7733.688636839078,124122.0
7733.899125438366,125040.0
7734.109614037655,124295.0
7734.320102636943,123353.0
7734.530591236232,123244.0
7734.74107983552,125275.0
7734.951568434809,126622.0
7735.162057034097,125749.0
7735.372545633386,124100.0
7735.583034232674,121695.0
7735.793522831963,120596.0
7736.0040114312515,122848.0
7736.21450003054,122395.0
7736.4249886298285,121906.0
7736.635477229117,122529.0
7736.8459658284055,124701.0
7737.056454427694,124334.0
7737.2669430269825,123276.0
7737.477431626271,121494.0
7737.6879202255595,120334.0
7737.898408824848,120593.0
7738.108897424137,121397.0
7738.319386023425,122766.0
7738.529874622714,121635.0
7738.740363222002,120607.0
7738.950851821291,121427.0
7739.161340420579,125021.0
7739.371829019868,125338.0
7739.582317619156,122436.0
7739.792806218445,121410.0
7740.003294817733,119161.0
7740.213783417022,119965.0
7740.42427201631,120801.0
7740.634760615599,119786.0
7740.845249214887,121208.0
7741.055737814176,121333.0
7741.266226413464,122223.0
7741.476715012753,121795.0
7741.687203612041,122645.0
7741.89769221133,120780.0
7742.108180810618,120414.0
7742.318669409907,121251.0
7742.529158009195,120844.0
7742.739646608485,120078.0
7742.950135207773,120274.0
7743.160623807062,118475.0
7743.37111240635,119665.0
7743.581601005639,120732.0
7743.792089604927,117923.0
7744.002578204216,116717.0
7744.213066803504,116867.0
7744.423555402793,118013.0
7744.634044002081,117977.0
7744.84453260137,119233.0
7745.055021200658,120465.0
7745.265509799947,120434.0
7745.475998399235,120158.0
7745.686486998524,117386.0
7745.896975597812,117684.0
7746.107464197101,117676.0
7746.317952796389,116050.0
7746.528441395678,118344.0
7746.738929994966,119389.0
7746.949418594255,121045.0
7747.159907193543,120788.0
7747.370395792832,118103.0
7747.58088439212,120051.0
7747.791372991409,119960.0
7748.001861590697,118633.0
7748.212350189986,117666.0
7748.4228387892745,115075.0
7748.633327388563,116431.0
7748.8438159878515,119719.0
7749.05430458714,119295.0
7749.2647931864285,117977.0
7749.475281785717,117651.0
7749.6857703850055,116596.0
7749.896258984294,118987.0
7750.106747583583,119608.0
7750.317236182871,118537.0
7750.52772478216,118210.0
7750.738213381448,118290.0
7750.948701980737,116089.0
7751.159190580025,115760.0
7751.369679179314,116646.0
7751.580167778602,117014.0
7751.790656377891,117804.0
7752.001144977179,116000.0
7752.211633576468,116144.0
7752.422122175756,116667.0
7752.632610775045,116609.0
7752.843099374334,114901.0
7753.053587973623,114010.0
7753.264076572911,114418.0
7753.4745651722,114860.0
7753.685053771488,114394.0
7753.895542370777,114933.0
7754.106030970065,114392.0
7754.316519569354,116075.0
7754.527008168642,116020.0
7754.737496767931,114636.0
7754.947985367219,114805.0
7755.158473966508,114884.0
7755.368962565796,115335.0
7755.579451165085,114634.0
7755.789939764373,113757.0
7756.000428363662,114012.0
7756.21091696295,115040.0
7756.421405562239,112392.0
7756.631894161527,110310.0
7756.842382760816,113173.0
7757.052871360104,116635.0
7757.263359959393,115399.0
7757.473848558681,114978.0
7757.68433715797,114642.0
7757.894825757258,113499.0
7758.105314356547,115453.0
7758.315802955835,116003.0
7758.526291555124,114637.0
7758.736780154412,112898.0
7758.947268753701,113240.0
7759.157757352989,113938.0
7759.368245952278,114100.0
7759.578734551566,110876.0
7759.789223150855,112438.0
7759.999711750143,113904.0
7760.210200349432,114529.0
7760.42068894872,113776.0
7760.631177548009,113260.0
7760.8416661472975,111829.0
7761.052154746586,111269.0
7761.2626433458745,113113.0
7761.473131945163,111482.0
7761.6836205444515,111423.0
7761.89410914374,111348.0
7762.104597743029,110877.0
7762.315086342318,111058.0
7762.5255749416065,111942.0
7762.736063540895,112768.0
7762.9465521401835,112340.0
7763.157040739472,114456.0
7763.3675293387605,110714.0
7763.578017938049,109029.0
7763.7885065373375,110040.0
7763.998995136626,110209.0
7764.209483735915,109983.0
7764.419972335203,109092.0
7764.630460934492,109392.0
7764.84094953378,110093.0
7765.051438133069,110975.0
7765.261926732357,110891.0
7765.472415331646,109053.0
7765.682903930934,107823.0
7765.893392530223,108619.0
7766.103881129511,108111.0
7766.3143697288,108616.0
7766.524858328088,109731.0
7766.735346927377,107692.0
7766.945835526665,106836.0
7767.156324125954,108243.0
7767.366812725242,109538.0
7767.577301324531,108321.0
7767.787789923819,107883.0
7767.998278523108,108065.0
7768.208767122396,108961.0
7768.419255721685,108898.0
7768.629744320973,107592.0
7768.840232920262,109523.0
7769.05072151955,110051.0
7769.261210118839,108454.0
7769.471698718127,108608.0
7769.682187317416,109130.0
7769.892675916704,108237.0
7770.103164515993,106653.0
7770.313653115281,106296.0
7770.52414171457,106427.0
7770.734630313858,106586.0
7770.945118913147,107686.0
7771.155607512435,106955.0
7771.366096111724,106772.0
7771.576584711012,104035.0
7771.787073310301,103516.0
7771.99756190959,104757.0
7772.208050508879,105844.0
7772.418539108167,103560.0
7772.629027707456,103873.0
7772.839516306744,104318.0
7773.050004906033,102448.0
7773.260493505321,102333.0
7773.47098210461,102433.0
7773.681470703898,104107.0
7773.891959303187,102802.0
7774.102447902475,102682.0
7774.312936501764,101698.0
7774.523425101052,99350.6
7774.733913700341,99350.7
7774.9444022996295,100384.0
7775.154890898918,102593.0
7775.3653794982065,102718.0
7775.575868097495,100700.0
7775.7863566967835,100757.0
7775.996845296072,100796.0
7776.2073338953605,101732.0
7776.417822494649,102866.0
7776.628311093938,100359.0
7776.838799693226,99749.1
7777.049288292515,100467.0
7777.259776891803,101848.0
7777.470265491092,101908.0
7777.68075409038,102699.0
7777.891242689669,101266.0
7778.101731288957,102568.0
7778.312219888246,102695.0
7778.522708487534,102462.0
7778.733197086823,103079.0
7778.943685686111,103692.0
7779.1541742854,103259.0
7779.364662884688,102248.0
7779.575151483977,103050.0
7779.785640083265,102663.0
7779.996128682554,101825.0
7780.206617281842,98532.6
7780.417105881131,99372.1
7780.627594480419,102646.0
7780.838083079708,102742.0
7781.048571678996,100264.0
7781.259060278285,100153.0
7781.469548877574,101208.0
7781.680037476863,102188.0
7781.890526076151,100120.0
7782.10101467544,100932.0
7782.311503274728,99238.6
7782.521991874017,95637.0
7782.732480473305,96961.0
7782.942969072594,99138.3
7783.153457671882,98981.0
7783.363946271171,99867.4
7783.574434870459,99447.9
7783.784923469748,97916.7
7783.995412069036,97113.0
7784.205900668325,97854.2
7784.416389267613,97976.1
7784.626877866902,100115.0
7784.83736646619,96547.4
7785.047855065479,95709.5
7785.258343664767,96356.4
7785.468832264056,95675.2
7785.679320863344,97098.0
7785.889809462633,97032.3
7786.100298061921,96884.1
7786.31078666121,96922.6
7786.521275260498,96839.7
7786.731763859787,97630.6
7786.9422524590755,96752.8
7787.152741058364,97390.4
7787.3632296576525,96021.6
7787.573718256941,98250.5
7787.7842068562295,96463.2
7787.994695455518,94353.4
7788.2051840548065,94626.4
7788.415672654095,96386.8
7788.6261612533835,94410.2
7788.836649852672,94596.7
7789.047138451961,96044.2
7789.257627051249,95615.9
7789.468115650538,93887.8
7789.678604249826,94166.7
7789.889092849115,95840.6
7790.099581448403,96191.9
7790.310070047692,94934.6
7790.52055864698,93770.1
7790.731047246269,93702.5
7790.941535845557,91909.2
7791.152024444846,92043.0
7791.362513044135,93911.0
7791.573001643424,94026.9
7791.783490242712,93008.9
7791.993978842001,93866.0
7792.204467441289,93676.9
7792.414956040578,92885.6
7792.625444639866,93320.6
7792.835933239155,92704.1
7793.046421838443,93352.5
7793.256910437732,92010.3
7793.46739903702,90771.7
7793.677887636309,90176.1
7793.888376235597,91364.8
7794.098864834886,90501.4
7794.309353434174,89981.8
7794.519842033463,91958.6
7794.730330632751,90776.7
7794.94081923204,91102.5
7795.151307831328,91777.5
7795.361796430617,91553.1
7795.572285029905,90420.5
7795.782773629194,92170.4
7795.993262228482,91904.2
7796.203750827771,90670.4
7796.414239427059,89317.5
7796.624728026348,87548.1
7796.835216625636,87150.3
7797.045705224925,87361.7
7797.256193824213,89078.1
7797.466682423502,90850.0
7797.67717102279,90526.5
7797.887659622079,88640.8
7798.098148221367,89043.2
7798.308636820656,88603.2
7798.519125419944,88209.5
7798.729614019233,87957.2
7798.940102618521,87503.4
7799.15059121781,87420.3
7799.3610798170985,88420.7
7799.571568416387,88312.3
7799.7820570156755,87500.9
7799.992545614964,86566.5
7800.2030342142525,86495.8
7800.413522813541,85650.7
7800.62401141283,85871.1
7800.834500012119,85423.9
7801.0449886114075,85615.8
7801.255477210696,86796.0
7801.4659658099845,86663.0
7801.676454409273,85231.1
7801.8869430085615,86775.6
7802.09743160785,85478.2
7802.3079202071385,84349.0
7802.518408806427,83429.5
7802.7288974057155,83469.0
7802.939386005004,82965.0
7803.149874604293,81591.1
7803.360363203581,82647.0
7803.57085180287,83795.4
7803.781340402158,83450.9
7803.991829001447,83015.9
7804.202317600735,82953.5
7804.412806200024,84447.3
7804.623294799312,83659.8
7804.833783398601,83364.5
7805.044271997889,84016.3
7805.254760597178,83520.6
7805.465249196466,81311.1
7805.675737795755,82478.2
7805.886226395043,81926.4
7806.096714994332,82720.4
7806.30720359362,82758.6
7806.517692192909,81885.1
7806.728180792197,83305.0
7806.938669391486,82777.1
7807.149157990774,82722.4
7807.359646590063,82239.5
7807.570135189351,82002.3
7807.78062378864,81562.3
7807.991112387928,81145.7
7808.201600987217,81472.8
7808.412089586505,81063.1
7808.622578185794,82193.0
7808.833066785082,81008.0
7809.043555384371,79681.5
7809.254043983659,78915.4
7809.464532582948,79623.9
7809.675021182236,78582.5
7809.885509781525,79351.2
7810.095998380813,78735.0
7810.306486980102,79110.5
7810.51697557939,78254.4
7810.72746417868,78822.7
7810.937952777968,77729.2
7811.148441377257,79150.7
7811.358929976545,79281.7
7811.569418575834,78619.7
7811.779907175122,78249.2
7811.990395774411,77881.8
7812.200884373699,78820.0
7812.411372972988,79068.2
7812.621861572276,79355.5
7812.832350171565,77869.4
7813.042838770853,75871.1
7813.253327370142,77102.3
7813.4638159694305,79072.0
7813.674304568719,77027.9
7813.8847931680075,76809.3
7814.095281767296,75253.2
7814.3057703665845,73995.8
7814.516258965873,74963.2
7814.7267475651615,76484.6
7814.93723616445,74457.9
7815.147724763739,74226.5
7815.358213363027,74940.3
7815.568701962316,77149.0
7815.779190561604,75957.7
7815.989679160893,76321.0
7816.200167760181,74696.6
7816.41065635947,74127.8
7816.621144958758,73597.0
7816.831633558047,74835.9
7817.042122157335,75173.2
7817.252610756624,73105.6
7817.463099355912,72403.5
7817.673587955201,73789.0
7817.884076554489,73162.3
7818.094565153778,73226.4
7818.305053753066,73461.7
7818.515542352355,74117.5
7818.726030951643,72910.3
7818.936519550932,71222.1
7819.14700815022,72221.0
7819.357496749509,72244.2
7819.567985348797,71127.3
7819.778473948086,70990.9
7819.988962547375,71417.6
7820.199451146664,69620.0
7820.409939745952,70046.5
7820.620428345241,69910.1
7820.830916944529,69594.8
7821.041405543818,69379.8
7821.251894143106,70754.5
7821.462382742395,72043.1
7821.672871341683,72537.4
7821.883359940972,70598.1
7822.09384854026,70670.7
7822.304337139549,69588.8
7822.514825738837,68983.4
7822.725314338126,68394.3
7822.935802937414,68293.8
7823.146291536703,68142.9
7823.356780135991,68326.0
7823.56726873528,68886.5
7823.777757334568,69207.1
7823.988245933857,68397.5
7824.198734533145,68992.4
7824.409223132434,69821.1
7824.619711731722,68948.0
7824.830200331011,67233.6
7825.040688930299,68433.3
7825.251177529588,69394.1
7825.4616661288765,67687.6
7825.672154728165,68750.3
7825.8826433274535,69335.8
7826.093131926742,68421.6
7826.3036205260305,67127.6
7826.514109125319,67023.9
7826.7245977246075,66809.8
7826.935086323896,66605.6
7827.1455749231845,66148.8
7827.356063522473,66413.4
7827.566552121762,65727.4
7827.77704072105,66804.8
7827.987529320339,66516.4
7828.198017919627,65279.5
7828.408506518916,64708.8
7828.618995118204,65708.9
7828.829483717493,66732.1
7829.039972316781,65666.2
7829.25046091607,66585.2
7829.460949515358,65609.8
7829.671438114647,65173.7
7829.881926713936,64384.2
7830.092415313225,63144.1
7830.302903912513,63328.1
7830.513392511802,62827.8
7830.72388111109,63060.6
7830.934369710379,63260.5
7831.144858309667,63121.3
7831.355346908956,63149.8
7831.565835508244,62977.4
7831.776324107533,62029.4
7831.986812706821,62473.4
7832.19730130611,61997.6
7832.407789905398,61685.8
7832.618278504687,60312.2
7832.828767103975,61222.8
7833.039255703264,60915.4
7833.249744302552,61152.9
7833.460232901841,61486.4
7833.670721501129,61728.8
7833.881210100418,60557.6
7834.091698699706,61063.5
7834.302187298995,62799.3
7834.512675898283,60825.9
7834.723164497572,59212.3
7834.93365309686,59833.4
7835.144141696149,59022.4
7835.354630295437,59660.0
7835.565118894726,60138.7
7835.775607494014,58849.8
7835.986096093303,60323.4
7836.196584692591,60655.6
7836.40707329188,59437.3
7836.617561891168,58956.3
7836.828050490457,58658.3
7837.038539089745,59295.6
7837.249027689034,58592.5
7837.459516288322,59381.4
7837.670004887611,58836.0
7837.8804934868995,56972.9
7838.090982086188,55379.5
7838.3014706854765,55816.3
7838.511959284765,55507.0
7838.7224478840535,56632.9
7838.932936483342,56719.7
7839.1434250826305,57613.8
7839.35391368192,56293.0
7839.5644022812085,56043.0
7839.774890880497,55738.0
7839.9853794797855,57120.7
7840.195868079074,56922.6
7840.4063566783625,54338.3
7840.616845277651,53655.1
7840.8273338769395,55579.8
7841.037822476228,54780.9
7841.2483110755165,55304.9
7841.458799674805,53689.4
7841.669288274094,54049.6
7841.879776873382,53870.9
7842.090265472671,54879.0
7842.300754071959,54783.5
7842.511242671248,55200.0
7842.721731270536,54134.2
7842.932219869825,54016.8
7843.142708469113,54735.1
7843.353197068402,54534.9
7843.56368566769,53613.4
7843.774174266979,52746.8
7843.984662866267,52435.4
7844.195151465556,51842.2
7844.405640064844,52905.2
7844.616128664133,54110.2
7844.826617263421,53244.6
7845.03710586271,53317.4
7845.247594461998,53174.6
7845.458083061287,52339.6
7845.668571660575,52542.7
7845.879060259864,52650.7
7846.089548859152,50596.6
7846.300037458441,52155.6
7846.510526057729,52537.8
7846.721014657018,50240.5
7846.931503256306,50262.6
7847.141991855595,49752.1
7847.352480454883,50725.3
7847.562969054172,50854.4
7847.77345765346,50656.4
7847.983946252749,52056.9
7848.194434852037,52202.6
7848.404923451326,50637.2
7848.615412050614,50029.4
7848.825900649903,48799.8
7849.036389249191,49330.3
7849.246877848481,49996.6
7849.457366447769,48085.7
7849.667855047058,47956.6
7849.878343646346,49473.0
7850.088832245635,48328.4
7850.299320844923,49319.1
7850.509809444212,50078.7
7850.7202980435,47754.0
7850.930786642789,47240.2
7851.141275242077,47951.0
7851.351763841366,48428.0
7851.562252440654,47756.0
7851.772741039943,47530.7
7851.9832296392315,47223.4
7852.19371823852,45974.4
7852.4042068378085,47125.0
7852.614695437097,46352.1
7852.8251840363855,46127.9
7853.035672635674,47281.2
7853.2461612349625,47444.4
7853.456649834251,47081.5
7853.66713843354,45497.1
7853.877627032828,45721.5
7854.088115632117,45886.5
7854.298604231405,46516.7
7854.509092830694,45128.6
7854.719581429982,44271.7
7854.930070029271,44391.4
7855.140558628559,47217.0
7855.351047227848,43620.2
7855.561535827136,43341.9
7855.772024426425,44051.2
7855.982513025713,45688.9
7856.193001625002,45531.1
7856.40349022429,43227.1
7856.613978823579,43537.4
7856.824467422867,44087.3
7857.034956022156,44533.4
7857.245444621444,43934.0
7857.455933220733,42957.3
7857.666421820021,42018.0
7857.87691041931,43826.7
7858.087399018598,43002.8
7858.297887617887,43727.8
7858.508376217176,43745.3
7858.718864816465,44942.9
7858.929353415753,42541.8
7859.139842015042,41954.9
7859.35033061433,42680.9
7859.560819213619,43063.8
7859.771307812907,40278.1
7859.981796412196,40982.5
7860.192285011484,41229.6
7860.402773610773,41566.4
7860.613262210061,42363.4
7860.82375080935,41378.0
7861.034239408638,39812.2
7861.244728007927,39934.0
7861.455216607215,40024.8
7861.665705206504,41397.1
7861.876193805792,40259.4
7862.086682405081,40149.3
7862.297171004369,41335.5
7862.507659603658,39761.3
7862.718148202946,40135.8
7862.928636802235,41030.7
7863.139125401523,40758.1
7863.349614000812,40359.6
7863.5601026001,39244.2
7863.770591199389,39149.7
7863.9810797986775,37299.2
7864.191568397966,37708.0
7864.4020569972545,38486.1
7864.612545596543,37734.1
7864.8230341958315,36766.8
7865.03352279512,38087.9
7865.2440113944085,37507.8
7865.454499993697,35477.8
7865.6649885929855,36822.8
7865.875477192274,36798.1
7866.085965791563,35810.4
7866.296454390851,36515.4
7866.50694299014,37470.6
7866.717431589428,36880.9
7866.927920188717,35543.5
7867.138408788005,37602.9
7867.348897387294,35841.7
7867.559385986582,36640.3
7867.769874585871,36758.7
7867.980363185159,36427.3
7868.190851784448,36891.0
7868.401340383736,36098.0
7868.611828983026,36818.2
7868.822317582314,34578.3
7869.032806181603,35335.5
7869.243294780891,35513.3
7869.45378338018,34285.2
7869.664271979468,35087.1
7869.874760578757,34683.9
7870.085249178045,36348.1
7870.295737777334,34241.1
7870.506226376622,34928.3
7870.716714975911,35780.1
7870.927203575199,34011.6
7871.137692174488,34530.2
7871.348180773776,33805.6
7871.558669373065,34063.7
7871.769157972353,33123.2
7871.979646571642,32314.3
7872.19013517093,33995.8
7872.400623770219,34896.0
7872.611112369507,32800.6
7872.821600968796,32376.5
7873.032089568084,32995.4
7873.242578167373,32351.1
7873.453066766661,33851.6
7873.66355536595,31625.5
7873.874043965238,30538.9
7874.084532564527,31184.2
7874.295021163815,30828.6
7874.505509763104,31707.1
7874.715998362392,31720.3
7874.926486961681,32477.8
7875.136975560969,32800.0
7875.347464160258,30803.5
7875.557952759546,30602.5
7875.768441358835,30395.4
7875.978929958123,30442.5
7876.189418557412,31038.6
7876.3999071567005,30294.6
7876.610395755989,29187.9
7876.8208843552775,29897.4
7877.031372954566,29851.9
7877.2418615538545,28749.2
7877.452350153143,29937.1
7877.662838752432,31082.3
7877.873327351721,28573.4
7878.0838159510095,28515.3
7878.294304550298,28979.3
7878.5047931495865,27828.4
7878.715281748875,28223.3
7878.9257703481635,27406.2
7879.136258947452,28480.9
7879.3467475467405,27564.7
7879.557236146029,28740.8
7879.7677247453175,26425.8
7879.978213344606,26759.6
7880.188701943895,27418.3
7880.399190543183,26953.5
7880.609679142472,25664.1
7880.82016774176,25679.5
7881.030656341049,28739.3
7881.241144940337,27962.7
7881.451633539626,25994.5
7881.662122138914,26175.0
7881.872610738203,26502.2
7882.083099337491,26939.5
7882.29358793678,25737.7
7882.504076536068,25041.4
7882.714565135357,25646.2
7882.925053734645,26427.1
7883.135542333934,25067.1
7883.346030933222,25365.5
7883.556519532511,26539.4
7883.767008131799,26498.8
7883.977496731088,25457.7
7884.187985330376,23643.5
7884.398473929665,25706.4
7884.608962528953,26112.7
7884.819451128242,24453.7
7885.02993972753,24128.1
7885.240428326819,24190.8
7885.450916926107,24480.4
7885.661405525396,23649.2
7885.871894124684,23923.8
7886.082382723973,23536.6
7886.292871323261,22347.1
7886.50335992255,22745.8
7886.713848521838,23729.5
7886.924337121127,24334.3
7887.134825720415,23615.0
7887.345314319704,21574.6
7887.555802918992,22239.8
7887.766291518281,22432.7
7887.97678011757,22448.8
7888.187268716859,23764.2
7888.397757316147,23921.9
7888.608245915436,21631.9
7888.818734514724,22620.9
7889.029223114013,21386.5
7889.239711713301,21238.7
7889.45020031259,22978.5
7889.660688911878,21938.8
7889.871177511167,21618.3
7890.081666110455,20890.0
7890.292154709744,20805.9
7890.5026433090325,20588.5
7890.713131908321,20061.2
7890.9236205076095,22830.8
7891.134109106898,21658.5
7891.3445977061865,21183.7
7891.555086305475,18555.7
7891.7655749047635,19968.7
7891.976063504052,18935.3
