6487.4762430881,36386.4
6487.6557294523745,35599.2
6487.835215816649,36426.9
6488.014702180923,37174.5
6488.194188545198,37489.5
6488.373674909472,37797.2
6488.553161273747,38032.5
6488.732647638021,38186.8
6488.912134002297,37938.8
6489.091620366571,37526.8
6489.2711067308455,37835.2
6489.45059309512,38565.7
6489.630079459394,38820.4
6489.809565823669,39571.4
6489.989052187943,39957.9
6490.168538552218,39646.8
6490.348024916492,40037.0
6490.527511280767,39667.5
6490.706997645041,38760.0
6490.886484009316,38067.0
6491.06597037359,38482.2
6491.2454567378645,40085.8
6491.424943102139,41415.0
6491.604429466413,41140.1
6491.783915830689,40796.2
6491.963402194963,41748.7
6492.142888559238,42165.1
6492.322374923512,43375.0
6492.501861287787,42600.4
6492.681347652061,41262.0
6492.8608340163355,41263.8
6493.04032038061,41406.3
6493.219806744884,41567.9
6493.399293109159,42716.2
6493.578779473433,43549.6
6493.758265837708,43964.7
6493.937752201982,44687.8
6494.117238566257,45300.6
6494.296724930531,45438.4
6494.476211294806,45508.6
6494.655697659081,45457.6
6494.835184023355,45715.0
6495.01467038763,46765.4
6495.194156751904,47503.9
6495.373643116179,47335.2
6495.553129480453,46363.8
6495.732615844728,45308.1
6495.912102209002,44368.3
6496.091588573277,45181.0
6496.271074937551,46940.9
6496.4505613018255,48224.0
6496.6300476661,49022.4
6496.809534030374,48783.8
6496.989020394649,48741.2
6497.168506758923,49530.4
6497.347993123198,49607.7
6497.527479487473,49259.7
6497.706965851748,49138.6
6497.886452216022,49672.2
6498.0659385802965,50630.2
6498.245424944571,51093.8
6498.424911308845,51292.8
6498.60439767312,51939.7
6498.783884037394,51665.5
6498.963370401669,51770.5
6499.142856765943,52317.2
6499.322343130218,52262.6
6499.501829494492,51966.3
6499.6813158587665,52157.9
6499.860802223041,52912.4
6500.040288587315,53829.9
6500.21977495159,53347.9
6500.399261315865,52506.0
6500.57874768014,53653.6
6500.758234044414,54047.2
6500.937720408689,55425.3
6501.117206772963,56038.1
6501.2966931372375,54817.8
6501.476179501512,54967.7
6501.655665865786,55791.7
6501.835152230061,56069.8
6502.014638594335,57064.8
6502.19412495861,56628.7
6502.373611322884,57013.9
6502.553097687159,56904.9
6502.732584051433,56600.6
6502.912070415708,57390.1
6503.091556779982,57843.0
6503.271043144257,57386.8
6503.450529508532,57431.3
6503.630015872806,57627.7
6503.809502237081,58253.9
6503.988988601355,58320.4
6504.16847496563,59019.9
6504.347961329904,59187.2
6504.527447694179,59092.2
6504.706934058453,59896.7
6504.8864204227275,60588.0
6505.065906787002,60709.7
6505.245393151276,60021.1
6505.424879515551,59537.1
6505.604365879825,59624.2
6505.7838522441,60614.8
6505.963338608374,61819.7
6506.14282497265,62413.0
6506.322311336924,62719.1
6506.5017977011985,63193.5
6506.681284065473,63139.3
6506.860770429747,62293.5
6507.040256794022,62694.5
6507.219743158296,63760.8
6507.399229522571,63985.0
6507.578715886845,63843.3
6507.75820225112,64033.4
6507.937688615394,64303.5
6508.117174979669,64081.3
6508.296661343943,63559.6
6508.4761477082175,63175.2
6508.655634072492,62879.1
6508.835120436766,65139.3
6509.014606801042,66191.4
6509.194093165316,66243.7
6509.373579529591,65929.0
6509.553065893865,66404.5
6509.73255225814,67410.3
6509.912038622414,67314.7
6510.0915249866885,67326.4
6510.271011350963,68950.8
6510.450497715237,69383.0
6510.629984079512,68279.9
6510.809470443786,68896.7
6510.988956808061,69501.4
6511.168443172335,69860.0
6511.34792953661,70618.6
6511.527415900884,71021.7
6511.7069022651585,70442.8
6511.886388629434,69142.4
6512.065874993708,68694.1
6512.245361357983,70860.1
6512.424847722257,71473.0
6512.604334086532,71805.5
6512.783820450806,72433.4
6512.963306815081,73263.4
6513.142793179355,73391.1
6513.3222795436295,73251.3
6513.501765907904,73496.9
6513.681252272178,73606.4
6513.860738636453,74461.4
6514.040225000727,74191.9
6514.219711365002,73394.1
6514.399197729276,72087.2
6514.578684093551,70507.0
6514.758170457826,69975.9
6514.9376568221005,71662.7
6515.117143186375,73953.1
6515.296629550649,74985.5
6515.476115914924,75674.4
6515.655602279198,76366.5
6515.835088643473,76556.1
6516.014575007747,75543.6
6516.194061372022,74178.0
6516.373547736296,72328.7
6516.553034100571,70392.1
6516.732520464845,70460.0
6516.9120068291195,73311.4
6517.091493193394,75528.0
6517.270979557668,76642.4
6517.450465921943,80285.7
6517.629952286218,80474.6
6517.809438650493,79616.6
6517.988925014767,79256.3
6518.168411379042,79589.8
6518.347897743316,81127.6
6518.5273841075905,81841.2
6518.706870471865,82371.8
6518.886356836139,82782.2
6519.065843200414,81266.1
6519.245329564688,80291.2
6519.424815928963,80011.5
6519.604302293237,81472.0
6519.783788657512,83390.8
6519.963275021786,84441.0
6520.142761386061,84444.6
6520.322247750335,85564.9
6520.50173411461,86084.7
6520.681220478885,85138.0
6520.860706843159,85319.9
6521.040193207434,86182.8
6521.219679571708,86822.9
6521.399165935983,87304.0
6521.578652300257,87841.6
6521.7581386645315,87936.9
6521.937625028806,88022.5
6522.11711139308,87554.0
6522.296597757355,87847.9
6522.476084121629,89007.9
6522.655570485904,88906.3
6522.835056850178,87601.2
6523.014543214453,87498.0
6523.194029578727,88677.1
6523.3735159430025,88307.1
6523.553002307277,86726.6
6523.732488671551,85920.1
6523.911975035826,87061.1
6524.0914614001,88861.8
6524.270947764375,90650.7
6524.450434128649,90631.1
6524.629920492924,90147.2
6524.809406857198,91833.0
6524.988893221473,92031.4
6525.168379585747,91958.7
6525.3478659500215,91712.5
6525.527352314296,93407.9
6525.70683867857,93547.9
6525.886325042845,94020.7
6526.065811407119,93818.3
6526.245297771395,94046.5
6526.424784135669,94939.4
6526.604270499944,94562.4
6526.783756864218,94045.3
6526.9632432284925,94003.6
6527.142729592767,95439.1
6527.322215957041,96667.6
6527.501702321316,96476.0
6527.68118868559,96591.1
6527.860675049865,95527.2
6528.040161414139,96537.5
6528.219647778414,98094.3
6528.399134142688,97611.7
6528.578620506963,97533.5
6528.758106871237,98453.0
6528.9375932355115,98899.4
6529.117079599787,98134.0
6529.296565964061,97779.5
6529.476052328336,98736.4
6529.65553869261,99989.2
6529.835025056885,99770.2
6530.014511421159,99523.8
6530.193997785434,100113.0
6530.373484149708,101096.0
6530.5529705139825,100888.0
6530.732456878257,100481.0
6530.911943242531,102817.0
6531.091429606806,103548.0
6531.27091597108,101964.0
6531.450402335355,100490.0
6531.629888699629,99922.0
6531.809375063904,101229.0
6531.988861428179,101312.0
6532.1683477924535,99898.3
6532.347834156728,99105.0
6532.527320521002,100188.0
6532.706806885277,102911.0
6532.886293249551,105066.0
6533.065779613826,105355.0
6533.2452659781,104937.0
6533.424752342375,104759.0
6533.604238706649,105736.0
6533.7837250709235,105146.0
6533.963211435198,103781.0
6534.142697799472,104302.0
6534.322184163747,105334.0
6534.501670528021,105150.0
6534.681156892296,104982.0
6534.860643256571,106336.0
6535.040129620846,108450.0
6535.21961598512,109175.0
6535.3991023493945,108707.0
6535.578588713669,108560.0
6535.758075077943,108000.0
6535.937561442218,108908.0
6536.117047806492,108263.0
6536.296534170767,109350.0
6536.476020535041,108804.0
6536.655506899316,107284.0
6536.83499326359,108957.0
6537.014479627865,110491.0
6537.193965992139,111236.0
6537.3734523564135,112065.0
6537.552938720688,111277.0
6537.732425084963,110278.0
6537.911911449238,111103.0
6538.091397813512,112218.0
6538.270884177787,112598.0
6538.450370542061,113180.0
6538.629856906336,113760.0
6538.80934327061,114132.0
6538.9888296348845,114080.0
6539.168315999159,113819.0
6539.347802363433,114444.0
6539.527288727708,114175.0
6539.706775091982,112512.0
6539.886261456257,114801.0
6540.065747820531,115025.0
6540.245234184806,114706.0
6540.42472054908,115724.0
6540.6042069133555,115236.0
6540.78369327763,114989.0
6540.963179641904,115245.0
6541.142666006179,115424.0
6541.322152370453,116154.0
6541.501638734728,116760.0
6541.681125099002,117048.0
6541.860611463277,116397.0
6542.040097827551,115736.0
6542.219584191826,115308.0
6542.3990705561,114776.0
6542.5785569203745,115347.0
6542.758043284649,117043.0
6542.937529648923,116486.0
6543.117016013198,117055.0
6543.296502377472,118518.0
6543.475988741748,117621.0
6543.655475106022,114394.0
6543.834961470297,111378.0
6544.014447834571,111853.0
6544.193934198845,114254.0
6544.37342056312,117986.0
6544.552906927394,118530.0
6544.732393291669,118439.0
6544.911879655943,119984.0
6545.091366020218,123803.0
6545.270852384492,123183.0
6545.450338748767,119927.0
6545.629825113041,119329.0
6545.8093114773155,119825.0
6545.98879784159,119741.0
6546.168284205864,120803.0
6546.34777057014,121849.0
6546.527256934414,120846.0
6546.706743298689,120857.0
6546.886229662963,122528.0
6547.065716027238,122755.0
6547.245202391512,122448.0
6547.4246887557865,121446.0
6547.604175120061,119971.0
6547.783661484335,119137.0
6547.96314784861,121590.0
6548.142634212884,122442.0
6548.322120577159,118782.0
6548.501606941433,115933.0
6548.681093305708,116532.0
6548.860579669982,120206.0
6549.040066034257,122087.0
6549.219552398532,122493.0
6549.399038762806,124752.0
6549.578525127081,124649.0
6549.758011491355,123225.0
6549.93749785563,124971.0
6550.116984219904,125440.0
6550.296470584179,124145.0
6550.475956948453,123813.0
6550.655443312728,125261.0
6550.834929677002,126114.0
6551.0144160412765,125635.0
6551.193902405551,126399.0
6551.373388769825,126958.0
6551.5528751341,126517.0
6551.732361498374,125300.0
6551.911847862649,126384.0
6552.091334226924,124885.0
6552.270820591199,123404.0
6552.450306955473,121523.0
6552.6297933197475,120376.0
6552.809279684022,121167.0
6552.988766048296,124490.0
6553.168252412571,127116.0
6553.347738776845,126766.0
6553.52722514112,125636.0
6553.706711505394,125912.0
6553.886197869669,126772.0
6554.065684233943,126168.0
6554.245170598218,129274.0
6554.424656962492,129362.0
6554.6041433267665,129269.0
6554.783629691041,128502.0
6554.963116055316,127857.0
6555.142602419591,130212.0
6555.322088783865,131741.0
6555.50157514814,131792.0
6555.681061512414,131873.0
6555.8605478766885,132201.0
6556.040034240963,133957.0
6556.219520605237,135434.0
6556.399006969512,134607.0
6556.578493333786,134869.0
6556.757979698061,137002.0
6556.937466062335,137718.0
6557.11695242661,135624.0
6557.296438790884,137640.0
6557.475925155159,141652.0
6557.655411519433,145894.0
6557.834897883708,148060.0
6558.014384247983,149770.0
6558.193870612257,153367.0
6558.373356976532,156881.0
6558.552843340806,159194.0
6558.732329705081,163778.0
6558.911816069355,168939.0
6559.09130243363,172215.0
6559.270788797904,177120.0
6559.4502751621785,182192.0
6559.629761526453,188931.0
6559.809247890727,191417.0
6559.988734255002,195700.0
6560.168220619276,199107.0
6560.347706983551,200944.0
6560.527193347825,201655.0
6560.706679712101,203566.0
6560.886166076375,204516.0
6561.0656524406495,202356.0
6561.245138804924,200026.0
6561.424625169198,199028.0
6561.604111533473,194504.0
6561.783597897747,186214.0
6561.963084262022,178700.0
6562.142570626296,167546.0
6562.322056990571,150119.0
6562.501543354845,131684.0
6562.68102971912,119488.0
6562.860516083394,113556.0
6563.0400024476685,118229.0
6563.219488811943,133153.0
6563.398975176217,150413.0
6563.578461540493,167471.0
6563.757947904767,180072.0
6563.937434269042,183987.0
6564.116920633316,185081.0
6564.296406997591,188585.0
6564.475893361865,194292.0
6564.6553797261395,198191.0
6564.834866090414,198939.0
6565.014352454688,200514.0
6565.193838818963,200517.0
6565.373325183237,198066.0
6565.552811547512,194396.0
6565.732297911786,191670.0
6565.911784276061,188009.0
6566.091270640335,184053.0
6566.27075700461,181010.0
6566.450243368885,175764.0
6566.629729733159,170704.0
6566.809216097434,167150.0
6566.988702461708,166172.0
6567.168188825983,163709.0
6567.347675190257,160868.0
6567.527161554532,158812.0
6567.706647918806,155594.0
6567.8861342830805,152914.0
6568.065620647355,151112.0
6568.245107011629,148861.0
6568.424593375904,146070.0
6568.604079740178,144254.0
6568.783566104453,144752.0
6568.963052468727,143634.0
6569.142538833002,141917.0
6569.322025197277,140976.0
6569.5015115615515,141160.0
6569.680997925826,141903.0
6569.8604842901,139241.0
6570.039970654375,137391.0
6570.219457018649,138300.0
6570.398943382924,137775.0
6570.578429747198,138180.0
6570.757916111473,138761.0
6570.937402475747,138713.0
6571.116888840022,138745.0
6571.296375204296,138076.0
6571.4758615685705,138157.0
6571.655347932845,137150.0
6571.834834297119,135914.0
6572.014320661394,133193.0
6572.193807025669,133879.0
6572.373293389944,136827.0
6572.552779754218,138620.0
6572.732266118493,140442.0
6572.911752482767,141078.0
6573.0912388470415,141628.0
6573.270725211316,139864.0
6573.45021157559,137090.0
6573.629697939865,137479.0
6573.809184304139,139870.0
6573.988670668414,140559.0
6574.168157032688,140841.0
6574.347643396963,141029.0
6574.527129761237,138914.0
6574.706616125512,134571.0
6574.886102489786,132174.0
6575.065588854061,135780.0
6575.245075218336,140900.0
6575.42456158261,142777.0
6575.604047946885,141648.0
6575.783534311159,140321.0
6575.963020675434,141293.0
6576.142507039708,142927.0
6576.321993403983,141674.0
6576.501479768257,140408.0
6576.6809661325315,141434.0
6576.860452496806,143233.0
6577.03993886108,143976.0
6577.219425225355,143407.0
6577.398911589629,142575.0
6577.578397953904,141281.0
6577.757884318178,141380.0
6577.937370682454,142499.0
6578.116857046728,142740.0
6578.296343411002,142378.0
6578.475829775277,141453.0
6578.655316139551,142061.0
6578.834802503826,143178.0
6579.0142888681,141945.0
6579.193775232375,142543.0
6579.373261596649,143661.0
6579.552747960924,145108.0
6579.732234325198,145578.0
6579.9117206894725,146440.0
6580.091207053747,144537.0
6580.270693418021,146067.0
6580.450179782296,146234.0
6580.62966614657,145744.0
6580.809152510846,143494.0
6580.98863887512,144774.0
6581.168125239395,146020.0
6581.347611603669,146144.0
6581.5270979679435,146302.0
6581.706584332218,145514.0
6581.886070696492,146267.0
6582.065557060767,145898.0
6582.245043425041,144248.0
6582.424529789316,146089.0
6582.60401615359,148115.0
6582.783502517865,147248.0
6582.962988882139,146871.0
6583.142475246414,147752.0
6583.321961610688,146760.0
6583.5014479749625,146821.0
6583.680934339238,146546.0
6583.860420703512,145347.0
6584.039907067787,147365.0
6584.219393432061,148156.0
6584.398879796336,148185.0
6584.57836616061,147506.0
6584.757852524885,149000.0
6584.937338889159,149031.0
6585.1168252534335,148154.0
6585.296311617708,146747.0
6585.475797981982,147924.0
6585.655284346257,146824.0
6585.834770710531,147355.0
6586.014257074806,148108.0
6586.19374343908,145493.0
6586.373229803355,145217.0
6586.55271616763,145931.0
6586.7322025319045,146140.0
6586.911688896179,147683.0
6587.091175260453,148692.0
6587.270661624728,149374.0
6587.450147989002,149672.0
6587.629634353277,150771.0
6587.809120717551,150682.0
6587.988607081826,149116.0
6588.1680934461,149864.0
6588.347579810375,149834.0
6588.527066174649,149907.0
6588.7065525389235,149715.0
6588.886038903198,149194.0
6589.065525267472,150036.0
6589.245011631747,150793.0
6589.424497996022,149027.0
6589.603984360297,149034.0
6589.783470724571,150861.0
6589.9629570888455,151443.0
6590.14244345312,151510.0
6590.321929817394,150812.0
6590.501416181669,149710.0
6590.680902545943,149721.0
6590.860388910218,149575.0
6591.039875274492,149494.0
6591.219361638767,150375.0
6591.398848003041,151635.0
6591.578334367316,150709.0
6591.75782073159,148928.0
6591.9373070958645,148285.0
6592.116793460139,149322.0
6592.296279824414,151322.0
6592.475766188689,151478.0
6592.655252552963,151890.0
6592.834738917238,150919.0
6593.014225281512,147990.0
6593.193711645787,148634.0
6593.373198010061,149123.0
6593.5526843743355,150005.0
6593.73217073861,150493.0
6593.911657102884,151920.0
6594.091143467159,152704.0
6594.270629831433,151099.0
6594.450116195708,150136.0
6594.629602559982,149952.0
6594.809088924257,149494.0
6594.988575288531,149974.0
6595.1680616528065,150791.0
6595.347548017081,150790.0
6595.527034381355,149464.0
6595.70652074563,149217.0
6595.886007109904,151263.0
6596.065493474179,150441.0
6596.244979838453,149053.0
6596.424466202728,149791.0
6596.603952567002,150471.0
6596.783438931277,149701.0
6596.962925295551,150113.0
6597.1424116598255,150309.0
6597.3218980241,149323.0
6597.501384388374,149637.0
6597.680870752649,149868.0
6597.860357116924,148992.0
6598.039843481199,149463.0
6598.219329845473,150770.0
6598.398816209748,150488.0
6598.578302574022,148947.0
6598.7577889382965,148742.0
6598.937275302571,149810.0
6599.116761666845,148465.0
6599.29624803112,148118.0
6599.475734395394,150305.0
6599.655220759669,150332.0
6599.834707123943,150812.0
6600.014193488218,148909.0
6600.193679852492,149648.0
6600.373166216767,149136.0
6600.552652581041,147628.0
6600.7321389453155,146933.0
6600.911625309591,149687.0
6601.091111673865,150643.0
6601.27059803814,150935.0
6601.450084402414,149438.0
6601.629570766689,147709.0
6601.809057130963,147224.0
6601.9885434952375,148419.0
6602.168029859512,149400.0
6602.347516223786,148359.0
6602.527002588061,148792.0
6602.706488952335,149265.0
6602.88597531661,151605.0
6603.065461680884,150102.0
6603.244948045159,148231.0
6603.424434409433,147628.0
6603.6039207737085,148116.0
6603.783407137983,147621.0
6603.962893502257,149613.0
6604.142379866532,150240.0
6604.321866230806,148518.0
6604.501352595081,147765.0
6604.680838959355,148221.0
6604.86032532363,148662.0
6605.039811687904,148419.0
6605.219298052179,149150.0
6605.398784416453,147767.0
6605.5782707807275,147131.0
6605.757757145002,148453.0
6605.937243509276,147806.0
6606.116729873551,147872.0
6606.296216237825,149122.0
6606.4757026021,148229.0
6606.655188966375,148849.0
6606.83467533065,150235.0
6607.014161694924,149187.0
6607.1936480591985,148761.0
6607.373134423473,147147.0
6607.552620787747,146939.0
6607.732107152022,147772.0
6607.911593516296,146790.0
6608.091079880571,147430.0
6608.270566244845,150286.0
6608.45005260912,150094.0
6608.629538973394,147421.0
6608.809025337669,147578.0
6608.988511701943,146299.0
6609.1679980662175,147402.0
6609.347484430493,147429.0
6609.526970794767,147086.0
6609.706457159042,147915.0
6609.885943523316,147246.0
6610.065429887591,148170.0
6610.244916251865,148657.0
6610.42440261614,148018.0
6610.603888980414,147128.0
6610.7833753446885,147822.0
6610.962861708963,146501.0
6611.142348073237,146694.0
6611.321834437512,145883.0
6611.501320801786,146517.0
6611.680807166061,146269.0
6611.860293530335,145144.0
6612.03977989461,144820.0
6612.219266258884,145258.0
6612.398752623159,145655.0
6612.578238987434,145040.0
6612.757725351708,145716.0
6612.937211715983,145160.0
6613.116698080257,145597.0
6613.296184444532,144579.0
6613.475670808806,144784.0
6613.655157173081,144991.0
6613.834643537355,146513.0
6614.0141299016295,146630.0
6614.193616265904,145699.0
6614.373102630178,143640.0
6614.552588994453,145224.0
6614.732075358727,144985.0
6614.911561723002,145433.0
6615.091048087277,145131.0
6615.270534451552,145178.0
6615.450020815826,143376.0
6615.6295071801005,143099.0
6615.808993544375,144644.0
6615.988479908649,145230.0
6616.167966272924,145252.0
6616.347452637198,144466.0
6616.526939001473,143444.0
6616.706425365747,143590.0
6616.885911730022,146094.0
6617.065398094296,145221.0
6617.244884458571,145203.0
6617.424370822845,144757.0
6617.6038571871195,144472.0
6617.783343551394,143699.0
6617.962829915668,143130.0
6618.142316279944,142085.0
6618.321802644218,142903.0
6618.501289008493,143467.0
6618.680775372767,142388.0
6618.860261737042,141826.0
6619.039748101316,141913.0
6619.2192344655905,143290.0
6619.398720829865,143037.0
6619.578207194139,143249.0
6619.757693558414,142211.0
6619.937179922688,142818.0
6620.116666286963,142413.0
6620.296152651237,141635.0
6620.475639015512,142260.0
6620.655125379786,142510.0
6620.8346117440615,141523.0
6621.014098108336,142327.0
6621.19358447261,142399.0
6621.373070836885,140021.0
6621.552557201159,140953.0
6621.732043565434,140958.0
6621.911529929708,141675.0
6622.091016293983,142475.0
6622.270502658257,144302.0
6622.449989022532,140961.0
6622.629475386806,138096.0
6622.8089617510805,139242.0
6622.988448115355,139919.0
6623.167934479629,140514.0
6623.347420843904,140816.0
6623.526907208178,141650.0
6623.706393572453,141806.0
6623.885879936728,139901.0
6624.0653663010025,138324.0
6624.244852665277,137741.0
6624.424339029551,138228.0
6624.603825393826,139473.0
6624.7833117581,139921.0
6624.962798122375,139702.0
6625.142284486649,139774.0
6625.321770850924,138997.0
6625.501257215198,136848.0
6625.680743579473,137908.0
6625.860229943747,138707.0
6626.0397163080215,138943.0
6626.219202672296,138938.0
6626.39868903657,138299.0
6626.578175400846,137444.0
6626.75766176512,135700.0
6626.937148129395,135785.0
6627.116634493669,136960.0
6627.296120857944,137114.0
6627.475607222218,137797.0
6627.6550935864925,138609.0
6627.834579950767,136601.0
6628.014066315041,136138.0
6628.193552679316,135958.0
6628.37303904359,135933.0
6628.552525407865,136847.0
6628.732011772139,136229.0
6628.911498136414,134847.0
6629.090984500688,135137.0
6629.270470864963,136375.0
6629.449957229237,137495.0
6629.629443593512,135869.0
6629.808929957787,136167.0
6629.988416322061,136753.0
6630.167902686336,136679.0
6630.34738905061,136076.0
6630.526875414885,135353.0
6630.706361779159,133887.0
6630.885848143434,133493.0
6631.065334507708,134801.0
6631.2448208719825,135199.0
6631.424307236257,134826.0
6631.603793600531,134199.0
6631.783279964806,132645.0
6631.96276632908,135188.0
6632.142252693355,135831.0
6632.32173905763,133735.0
6632.501225421905,132497.0
6632.680711786179,133488.0
6632.8601981504535,134627.0
6633.039684514728,134947.0
6633.219170879002,132814.0
6633.398657243277,133961.0
6633.578143607551,134057.0
6633.757629971826,132281.0
6633.9371163361,132769.0
6634.116602700375,133734.0
6634.296089064649,134613.0
6634.475575428924,133341.0
6634.655061793198,131886.0
6634.834548157472,131457.0
6635.014034521747,131400.0
6635.193520886021,132014.0
6635.373007250297,131625.0
6635.552493614571,130009.0
6635.731979978846,129556.0
6635.91146634312,129345.0
6636.0909527073945,130754.0
6636.270439071669,130566.0
6636.449925435943,129499.0
6636.629411800218,130074.0
6636.808898164492,130233.0
6636.988384528767,129328.0
6637.167870893041,129637.0
6637.347357257316,130127.0
6637.52684362159,128776.0
6637.706329985865,128145.0
6637.885816350139,128973.0
6638.065302714414,129743.0
6638.244789078689,130466.0
6638.424275442963,129152.0
6638.603761807238,129671.0
6638.783248171512,127849.0
6638.962734535787,127953.0
6639.142220900061,130567.0
6639.321707264336,129175.0
6639.50119362861,127516.0
6639.6806799928845,127380.0
6639.860166357159,127841.0
6640.039652721433,127978.0
6640.219139085708,127968.0
6640.398625449982,128592.0
6640.578111814257,129202.0
6640.757598178531,126512.0
6640.937084542807,125136.0
6641.116570907081,126782.0
6641.2960572713555,128142.0
6641.47554363563,126253.0
6641.655029999904,127306.0
6641.834516364179,124893.0
6642.014002728453,124952.0
6642.193489092728,125107.0
6642.372975457002,124509.0
6642.552461821277,125400.0
6642.731948185551,126399.0
6642.911434549826,124830.0
6643.0909209141,124586.0
6643.2704072783745,124284.0
6643.449893642649,123260.0
6643.629380006923,123984.0
6643.808866371199,125018.0
6643.988352735473,124270.0
6644.167839099748,124920.0
6644.347325464022,124871.0
6644.526811828297,123536.0
6644.706298192571,123730.0
6644.8857845568455,123211.0
6645.06527092112,124167.0
6645.244757285394,122679.0
6645.424243649669,121859.0
6645.603730013943,124055.0
6645.783216378218,124123.0
6645.962702742492,122485.0
6646.142189106767,122105.0
6646.321675471041,124014.0
6646.5011618353155,122836.0
6646.680648199591,123077.0
6646.860134563865,122111.0
6647.03962092814,121604.0
6647.219107292414,122349.0
6647.398593656689,121625.0
6647.578080020963,119734.0
6647.757566385238,122690.0
6647.937052749512,121129.0
6648.1165391137865,120711.0
6648.296025478061,120183.0
6648.475511842335,119427.0
6648.65499820661,119835.0
6648.834484570884,119571.0
6649.013970935159,120085.0
6649.193457299433,119412.0
6649.372943663708,118452.0
6649.552430027983,118364.0
6649.7319163922575,119119.0
6649.911402756532,118905.0
6650.090889120806,117466.0
6650.270375485081,116106.0
6650.449861849355,117282.0
6650.62934821363,117739.0
6650.808834577904,116422.0
6650.988320942179,116818.0
6651.167807306453,118286.0
6651.347293670728,118484.0
6651.526780035002,118615.0
6651.7062663992765,117402.0
6651.885752763551,116172.0
6652.065239127825,115526.0
6652.2447254921,116202.0
6652.424211856375,116739.0
6652.60369822065,118295.0
6652.783184584924,116804.0
6652.962670949199,114715.0
6653.142157313473,114037.0
6653.3216436777475,114836.0
6653.501130042022,114497.0
6653.680616406296,113558.0
6653.860102770571,112244.0
6654.039589134845,113878.0
6654.21907549912,115656.0
6654.398561863394,114591.0
6654.578048227669,113644.0
6654.757534591943,112743.0
6654.937020956218,112771.0
6655.116507320492,114339.0
6655.295993684767,113374.0
6655.475480049042,112217.0
6655.654966413316,112070.0
6655.834452777591,111248.0
6656.013939141865,111716.0
6656.19342550614,111973.0
6656.372911870414,111313.0
6656.552398234689,111075.0
6656.731884598963,110689.0
6656.9113709632375,110416.0
6657.090857327512,110761.0
6657.270343691786,111185.0
6657.449830056061,111378.0
6657.629316420335,110745.0
6657.80880278461,109912.0
6657.988289148884,109013.0
6658.1677755131595,109605.0
6658.347261877434,109162.0
6658.526748241708,108958.0
6658.706234605983,110462.0
6658.885720970257,110007.0
6659.065207334532,108894.0
6659.244693698806,108476.0
6659.424180063081,108090.0
6659.603666427355,109244.0
6659.78315279163,108665.0
6659.962639155904,108110.0
6660.1421255201785,107312.0
6660.321611884453,106282.0
6660.501098248727,107165.0
6660.680584613002,107543.0
6660.860070977276,107101.0
6661.039557341552,107155.0
6661.219043705826,105917.0
6661.398530070101,105090.0
6661.578016434375,106735.0
6661.7575027986495,106453.0
6661.936989162924,106592.0
6662.116475527198,106813.0
6662.295961891473,105304.0
6662.475448255747,103983.0
6662.654934620022,105149.0
6662.834420984296,105762.0
6663.013907348571,104660.0
6663.193393712845,104108.0
6663.37288007712,104022.0
6663.552366441394,104538.0
6663.7318528056685,104747.0
6663.911339169944,104805.0
6664.090825534218,103767.0
6664.270311898493,102771.0
6664.449798262767,103962.0
6664.629284627042,104449.0
6664.808770991316,104761.0
6664.988257355591,102232.0
6665.167743719865,100387.0
6665.3472300841395,101408.0
6665.526716448414,101162.0
6665.706202812688,100731.0
6665.885689176963,101661.0
6666.065175541237,102311.0
6666.244661905512,101156.0
6666.424148269786,100130.0
6666.603634634061,100222.0
6666.783120998336,99645.8
6666.9626073626105,98884.0
6667.142093726885,100096.0
6667.321580091159,100091.0
6667.501066455434,99467.5
6667.680552819708,98949.1
6667.860039183983,97617.2
6668.039525548257,98042.0
6668.219011912532,98655.0
6668.398498276806,98394.8
6668.577984641081,98731.9
6668.757471005355,98099.4
6668.936957369629,97507.8
6669.116443733904,96965.9
6669.295930098178,96639.5
6669.475416462453,97344.4
6669.654902826728,97215.7
6669.834389191003,96176.6
6670.013875555277,95391.8
6670.1933619195515,97089.6
6670.372848283826,96460.5
6670.5523346481,95808.6
6670.731821012375,95624.0
6670.911307376649,95659.1
6671.090793740924,94484.0
6671.270280105198,93223.9
6671.449766469473,94275.7
6671.629252833747,94624.3
6671.808739198022,93898.9
6671.988225562296,93726.6
6672.1677119265705,93550.7
6672.347198290845,94916.4
6672.52668465512,93474.3
6672.706171019395,91851.2
6672.885657383669,92531.4
6673.065143747944,91379.1
6673.244630112218,91443.5
6673.424116476493,91233.5
6673.603602840767,91977.0
6673.7830892050415,90676.9
6673.962575569316,91513.3
6674.14206193359,91557.1
6674.321548297865,90059.9
6674.501034662139,89335.9
6674.680521026414,89635.2
6674.860007390688,89568.1
6675.039493754963,89222.0
6675.218980119237,88546.0
6675.3984664835125,87466.4
6675.577952847787,89891.1
6675.757439212061,87923.2
6675.936925576336,88070.4
6676.11641194061,86912.1
6676.295898304885,86025.0
6676.475384669159,85910.0
6676.654871033434,85285.9
6676.834357397708,84308.5
6677.013843761983,84649.9
6677.193330126257,84177.8
6677.3728164905315,84623.1
6677.552302854806,83779.3
6677.73178921908,83409.6
6677.911275583355,82766.7
6678.090761947629,81578.2
6678.270248311905,81504.3
6678.449734676179,82436.3
6678.629221040454,81811.4
6678.808707404728,81804.6
6678.9881937690025,80477.6
6679.167680133277,80627.3
6679.347166497551,81180.0
6679.526652861826,81010.1
6679.7061392261,80666.1
6679.885625590375,80139.9
6680.065111954649,80589.9
6680.244598318924,80355.9
6680.424084683198,81136.5
6680.6035710474725,80242.1
6680.783057411747,79935.3
6680.962543776021,80001.3
6681.142030140297,82237.0
6681.321516504571,81421.6
6681.501002868846,80186.9
6681.68048923312,80556.2
6681.859975597395,80399.6
6682.039461961669,80203.5
6682.2189483259435,80802.6
6682.398434690218,80601.0
6682.577921054492,79215.7
6682.757407418767,79184.1
6682.936893783041,80355.7
6683.116380147316,80758.3
6683.29586651159,80963.1
6683.475352875865,79440.4
6683.654839240139,77930.0
6683.834325604414,78517.7
6684.013811968689,78048.0
6684.193298332963,76717.3
6684.372784697238,78020.3
6684.552271061512,79277.8
6684.731757425787,79862.0
6684.911243790061,78646.6
6685.090730154336,77535.2
6685.27021651861,77680.1
6685.449702882885,76965.4
6685.629189247159,77067.8
6685.8086756114335,76619.7
6685.988161975708,77004.5
6686.167648339982,76502.9
6686.347134704257,76810.0
6686.526621068531,76013.4
6686.706107432806,75330.9
6686.885593797081,75696.3
6687.065080161356,74505.1
6687.24456652563,75167.3
6687.4240528899045,74032.3
6687.603539254179,73859.4
6687.783025618453,74279.8
6687.962511982728,74537.5
6688.141998347002,74065.4
6688.321484711277,72966.9
6688.500971075551,72460.4
6688.680457439826,71353.4
6688.8599438041,71513.7
6689.039430168375,72228.8
6689.218916532649,73563.4
6689.3984028969235,72390.9
6689.577889261198,71480.3
6689.757375625473,70743.6
6689.936861989748,71674.7
6690.116348354022,72338.9
6690.295834718297,72296.8
6690.475321082571,71564.6
6690.654807446846,70663.5
6690.83429381112,71021.7
6691.0137801753945,70706.2
6691.193266539669,69598.7
6691.372752903943,69394.1
6691.552239268218,69180.1
6691.731725632492,68152.0
6691.911211996767,68712.9
6692.090698361041,68210.3
6692.270184725316,67721.8
6692.44967108959,66740.2
6692.629157453865,66974.4
6692.80864381814,67527.4
6692.988130182414,67613.7
6693.167616546689,68028.3
6693.347102910963,66604.3
6693.526589275238,66485.3
6693.706075639512,66138.7
6693.885562003787,65776.2
6694.065048368061,66212.7
6694.2445347323355,66366.3
6694.42402109661,65000.6
6694.603507460884,63940.0
6694.782993825159,63844.7
6694.962480189433,63413.4
6695.141966553708,62741.1
6695.321452917982,64815.1
6695.500939282258,63949.3
6695.680425646532,63609.1
6695.8599120108065,62668.5
6696.039398375081,62435.4
6696.218884739355,62661.0
6696.39837110363,61955.5
6696.577857467904,61907.1
6696.757343832179,61178.4
6696.936830196453,61698.4
6697.116316560728,61201.5
6697.295802925002,60945.8
6697.475289289277,61015.9
6697.654775653551,61535.9
6697.8342620178255,61555.0
6698.0137483821,61085.7
6698.193234746374,61378.4
6698.37272111065,60237.0
6698.552207474924,59099.2
6698.731693839199,58630.7
6698.911180203473,59057.8
6699.090666567748,59427.3
6699.270152932022,59396.6
6699.4496392962965,58342.9
6699.629125660571,58390.5
6699.808612024845,57800.8
6699.98809838912,57733.6
6700.167584753394,57163.7
6700.347071117669,57544.7
6700.526557481943,57443.3
6700.706043846218,56937.6
6700.885530210492,57072.8
6701.065016574767,56695.4
6701.244502939042,55972.6
6701.423989303316,55786.1
6701.603475667591,55280.6
6701.782962031865,55690.5
6701.96244839614,54380.5
6702.141934760414,54433.8
6702.321421124689,56023.2
6702.500907488963,54955.2
6702.680393853238,53763.9
6702.859880217512,53382.5
6703.039366581786,53384.5
6703.218852946061,52313.4
6703.398339310335,52845.2
6703.57782567461,52895.2
6703.757312038884,52893.5
6703.93679840316,51808.0
6704.116284767434,51483.3
6704.2957711317085,50688.9
6704.475257495983,50600.6
6704.654743860257,51406.9
6704.834230224532,50893.9
6705.013716588806,51437.7
6705.193202953081,51167.1
6705.372689317355,51274.0
6705.55217568163,51421.3
6705.731662045904,50046.5
6705.911148410179,49503.6
6706.090634774453,48839.4
6706.2701211387275,49525.1
6706.449607503002,48647.8
6706.629093867276,48918.8
6706.808580231551,48532.5
6706.988066595826,48388.1
6707.167552960101,48213.4
6707.347039324375,47768.7
6707.52652568865,47251.7
6707.706012052924,47316.2
6707.8854984171985,47079.5
6708.064984781473,46488.5
6708.244471145747,46876.5
6708.423957510022,47113.6
6708.603443874296,46242.1
6708.782930238571,45462.3
6708.962416602845,45538.8
6709.14190296712,46235.5
6709.321389331394,45826.3
6709.500875695669,45015.2
6709.680362059944,44304.5
6709.859848424218,43844.7
6710.039334788493,44061.1
6710.218821152767,44639.2
6710.398307517042,44094.1
6710.577793881316,44045.6
6710.757280245591,43224.1
6710.936766609865,42988.1
6711.11625297414,43099.6
6711.295739338414,42435.1
6711.4752257026885,43335.3
6711.654712066963,42598.3
6711.834198431237,42034.7
6712.013684795512,41914.3
6712.193171159786,41835.4
6712.372657524061,41357.0
6712.552143888335,41352.3
6712.731630252611,41230.7
6712.911116616885,41089.1
6713.0906029811595,40782.7
6713.270089345434,40628.5
6713.449575709708,39760.4
6713.629062073983,39648.6
6713.808548438257,38709.4
6713.988034802532,38718.0
6714.167521166806,38728.1
6714.347007531081,38865.7
6714.526493895355,38794.3
6714.7059802596295,38680.7
6714.885466623904,38232.3
6715.064952988178,37819.7
6715.244439352453,37611.5
6715.423925716728,38097.0
6715.603412081003,37703.6
6715.782898445277,37106.8
6715.962384809552,37206.6
6716.141871173826,36960.2
6716.3213575381005,36088.4
6716.500843902375,35998.7
6716.680330266649,36566.9
6716.859816630924,36303.2
6717.039302995198,35388.6
6717.218789359473,35509.5
6717.398275723747,33527.8
6717.577762088022,34258.2
6717.757248452296,34345.4
6717.936734816571,34329.8
6718.116221180845,34627.5
6718.2957075451195,33744.4
6718.475193909395,33769.9
6718.654680273669,33366.5
6718.834166637944,33397.2
6719.013653002218,32869.6
6719.193139366493,33290.4
6719.372625730767,33380.7
6719.552112095042,33004.6
6719.731598459316,32002.9
6719.9110848235905,32242.6
6720.090571187865,32039.8
6720.270057552139,31650.6
6720.449543916414,31457.9
6720.629030280688,31292.3
6720.808516644963,31531.7
6720.988003009237,31134.4
6721.167489373513,31116.1
6721.346975737787,30949.8
6721.5264621020615,30879.6
6721.705948466336,30287.5
6721.88543483061,30204.5
6722.064921194885,30099.8
6722.244407559159,30287.0
6722.423893923434,30126.2
6722.603380287708,29194.7
6722.782866651983,29454.8
6722.962353016257,29636.4
6723.141839380532,28731.7
6723.321325744806,28372.6
6723.5008121090805,28155.1
6723.680298473355,28324.2
6723.859784837629,27888.6
6724.039271201904,28599.8
6724.218757566179,27661.4
6724.398243930454,27963.9
6724.577730294728,28007.8
6724.757216659003,27446.8
6724.936703023277,27027.9
6725.1161893875515,27191.7
6725.295675751826,26487.7
6725.4751621161,26613.5
6725.654648480375,25977.0
6725.834134844649,25913.4
6726.013621208924,25447.6
6726.193107573198,25562.9
6726.372593937473,25941.3
6726.552080301747,26077.2
6726.7315666660215,25555.9
6726.911053030297,25330.7
6727.090539394571,25253.5
6727.270025758846,25001.3
6727.44951212312,25198.5
6727.628998487395,25085.1
6727.808484851669,24078.0
6727.987971215944,24196.5
6728.167457580218,23841.5
6728.3469439444925,22817.9
6728.526430308767,23470.1
6728.705916673041,23618.8
6728.885403037316,23176.9
6729.06488940159,23289.3
6729.244375765865,22879.6
6729.423862130139,22078.9
6729.603348494414,21784.7
6729.782834858688,22457.3
6729.9623212229635,22283.2
6730.141807587238,22321.6
6730.321293951512,22076.5
6730.500780315787,21154.7
6730.680266680061,21086.4
6730.859753044336,21939.3
6731.03923940861,21640.9
6731.218725772885,21180.7
6731.398212137159,21383.6
6731.577698501434,20460.6
6731.757184865708,20876.2
6731.9366712299825,20611.3
6732.116157594257,20325.3
6732.295643958531,21092.3
6732.475130322806,19776.8
6732.654616687081,19409.4
6732.834103051356,19916.2
6733.01358941563,19219.7
6733.193075779905,19709.3
6733.372562144179,19422.1
6733.5520485084535,18868.3
6733.731534872728,18834.5
6733.911021237002,17830.5
