7608.0888298307,1891.55
7608.298510114385,2242.71
7608.508190398069,2815.59
7608.717870681754,2889.13
7608.927550965438,2869.92
7609.137231249123,2773.55
7609.346911532807,2360.3
7609.556591816492,2188.08
7609.766272100176,2455.56
7609.975952383861,2510.49
7610.185632667545,1858.98
7610.39531295123,1753.25
7610.604993234914,2428.62
7610.814673518599,3050.66
7611.024353802283,3524.89
7611.234034085968,4346.81
7611.443714369653,5056.25
7611.653394653337,4653.71
7611.863074937022,3445.62
7612.072755220706,2692.47
7612.282435504391,2236.74
7612.492115788075,2699.88
7612.70179607176,3138.08
7612.911476355444,2870.47
7613.121156639129,3482.56
7613.330836922813,3587.7
7613.540517206498,4599.11
7613.7501974901825,5108.3
7613.959877773867,6665.38
7614.1695580575515,8672.49
7614.3792383412365,9310.48
7614.5889186249215,8118.48
7614.7985989086055,5924.42
7615.0082791922905,4642.28
7615.217959475975,3567.64
7615.4276397596595,3903.65
7615.637320043344,4918.62
7615.847000327029,4915.04
7616.056680610713,5024.51
7616.266360894398,5951.28
7616.476041178082,6656.93
7616.685721461767,8557.4
7616.895401745451,11919.2
7617.105082029136,13059.3
7617.31476231282,13839.5
7617.524442596505,15032.4
7617.73412288019,15452.4
7617.943803163874,15171.3
7618.153483447559,15393.3
7618.363163731243,16145.9
7618.572844014928,16273.6
7618.782524298612,15741.1
7618.992204582297,15508.3
7619.201884865981,15803.5
7619.411565149666,16530.0
7619.62124543335,16532.1
7619.830925717035,15514.2
7620.040606000719,14946.3
7620.250286284404,14845.5
7620.459966568088,13752.6
7620.669646851773,10777.5
7620.879327135458,7931.8
7621.089007419142,7472.94
7621.298687702827,7821.63
7621.508367986511,8376.28
7621.718048270196,10322.1
7621.92772855388,12422.0
7622.137408837565,14175.3
7622.347089121249,15100.5
7622.556769404934,13827.5
7622.766449688618,11625.8
7622.976129972303,9676.77
7623.185810255987,7758.01
7623.395490539672,5922.68
7623.605170823356,4951.35
7623.814851107041,5191.7
7624.024531390726,5949.67
7624.23421167441,5388.27
7624.443891958095,5436.22
7624.653572241779,5791.86
7624.863252525464,6001.22
7625.072932809148,7923.34
7625.282613092833,11199.4
7625.492293376517,13505.6
7625.701973660202,15515.7
7625.911653943886,15034.2
7626.121334227571,14418.3
7626.3310145112555,13222.2
7626.5406947949405,11008.0
7626.7503750786245,8690.21
7626.9600553623095,6546.56
7627.1697356459945,4684.74
7627.3794159296785,3955.3
7627.5890962133635,4221.67
7627.798776497048,5065.63
7628.008456780733,4350.81
7628.218137064417,4533.23
7628.427817348102,5059.92
7628.637497631786,6520.21
7628.847177915471,9061.95
7629.056858199155,11303.6
7629.26653848284,14307.4
7629.476218766524,15304.9
7629.685899050209,15998.1
7629.895579333893,16211.4
7630.105259617578,15837.1
7630.314939901262,13771.6
7630.524620184947,11066.4
7630.734300468632,8498.07
7630.943980752316,6069.01
7631.153661036001,5424.74
7631.363341319685,3887.03
7631.57302160337,4370.6
7631.782701887054,4371.71
7631.992382170739,3940.37
7632.202062454423,4265.2
7632.411742738108,5250.4
7632.621423021792,7318.52
7632.831103305477,10352.4
7633.040783589161,12608.5
7633.250463872846,14740.9
7633.46014415653,16368.3
7633.669824440215,17691.4
7633.8795047239,17599.7
7634.089185007584,16744.1
7634.298865291269,16032.7
7634.508545574953,14443.2
7634.718225858638,11809.4
7634.927906142322,9258.59
7635.137586426007,6202.84
7635.347266709691,5648.88
7635.556946993376,5209.41
7635.76662727706,4510.37
7635.976307560745,4100.99
7636.185987844429,3965.17
7636.395668128114,4785.59
7636.605348411798,7085.29
7636.815028695483,9759.67
7637.024708979168,11921.9
7637.234389262852,14360.3
7637.444069546537,17190.6
7637.653749830221,19014.4
7637.863430113906,19800.0
7638.07311039759,20326.0
7638.282790681275,21021.5
7638.4924709649595,20387.3
7638.702151248644,17848.8
7638.9118315323285,16613.2
7639.1215118160135,13756.6
7639.331192099698,11327.1
7639.5408723833825,8423.8
7639.750552667067,6317.97
7639.960232950752,5700.58
7640.1699132344365,5855.88
7640.379593518121,5916.88
7640.589273801806,5431.12
7640.79895408549,5883.19
7641.008634369175,7890.26
7641.218314652859,10299.1
7641.427994936544,13402.3
7641.637675220228,17513.4
7641.847355503913,20299.2
7642.057035787597,21312.0
7642.266716071282,22063.6
7642.476396354966,22654.5
7642.686076638651,22651.4
7642.895756922335,22284.7
7643.10543720602,21942.1
7643.315117489705,20856.0
7643.524797773389,19424.5
7643.734478057074,16147.9
7643.944158340758,11931.5
7644.153838624443,9257.11
7644.363518908127,7963.48
7644.573199191812,7323.07
7644.782879475496,7868.42
7644.992559759181,7994.19
7645.202240042865,8241.76
7645.41192032655,8217.17
7645.621600610234,10057.8
7645.831280893919,12198.7
7646.040961177603,15836.1
7646.250641461288,20208.9
7646.460321744973,22524.2
7646.670002028657,24273.2
7646.879682312342,25013.2
7647.089362596026,25576.2
7647.299042879711,24967.3
7647.508723163395,24843.2
7647.71840344708,25551.6
7647.928083730764,25782.4
7648.137764014449,24430.5
7648.347444298133,22430.6
7648.557124581818,19896.0
7648.766804865502,15996.6
7648.976485149187,13374.3
7649.186165432871,11428.2
7649.395845716556,9351.15
7649.605526000241,9059.73
7649.815206283925,9785.16
7650.02488656761,11622.8
7650.234566851294,12808.1
7650.444247134979,13477.0
7650.653927418663,16117.5
7650.863607702348,19195.1
7651.0732879860325,21955.8
7651.2829682697175,25809.8
7651.4926485534015,27478.6
7651.7023288370865,26611.9
7651.912009120771,26522.3
7652.1216894044555,28154.1
7652.33136968814,28978.5
7652.541049971825,28876.8
7652.75073025551,28635.2
7652.960410539194,27202.0
7653.170090822879,26186.5
7653.379771106563,25280.1
7653.589451390248,22761.3
7653.799131673932,20200.1
7654.008811957617,17486.0
7654.218492241301,15644.4
7654.428172524986,13867.4
7654.63785280867,12768.2
7654.847533092355,13012.3
7655.057213376039,13552.7
7655.266893659724,15474.9
7655.476573943408,17111.9
7655.686254227093,18691.4
7655.895934510778,22878.6
7656.105614794462,26350.9
7656.315295078147,28225.7
7656.524975361831,29943.1
7656.734655645516,30055.0
7656.9443359292,30553.8
7657.154016212885,31966.5
7657.363696496569,30641.9
7657.573376780254,31172.4
7657.783057063938,31029.0
7657.992737347623,30311.0
7658.202417631307,30627.8
7658.412097914992,29180.4
7658.621778198676,27717.7
7658.831458482361,26041.0
7659.041138766046,23100.0
7659.25081904973,20704.6
7659.460499333415,19637.1
7659.670179617099,18502.0
7659.879859900784,16955.3
7660.089540184468,17653.7
7660.299220468153,19516.7
7660.508900751837,19718.6
7660.718581035522,20840.0
7660.928261319206,22831.8
7661.137941602891,25295.3
7661.347621886575,28010.3
7661.55730217026,29778.3
7661.766982453944,30584.8
7661.976662737629,31520.1
7662.186343021314,33133.1
7662.396023304998,33832.9
7662.605703588683,34000.0
7662.815383872367,33149.5
7663.025064156052,33367.1
7663.2347444397365,33125.3
7663.444424723421,33003.9
7663.6541050071055,33578.2
7663.8637852907905,32752.1
7664.0734655744745,30592.2
7664.2831458581595,28688.5
7664.492826141844,26862.9
7664.702506425529,25344.4
7664.912186709213,23871.3
7665.121866992898,23186.4
7665.331547276583,22693.5
7665.541227560267,22327.3
7665.750907843952,22537.1
7665.960588127636,23966.6
7666.170268411321,25934.8
7666.379948695005,27064.2
7666.58962897869,28070.8
7666.799309262374,30286.4
7667.008989546059,32743.4
7667.218669829743,33404.9
7667.428350113428,33828.1
7667.638030397112,35170.5
7667.847710680797,36252.5
7668.057390964481,36474.6
7668.267071248166,35164.5
7668.476751531851,34047.3
7668.686431815535,34992.2
7668.89611209922,36058.3
7669.105792382904,35751.5
7669.315472666589,34887.3
7669.525152950273,34109.0
7669.734833233958,33702.1
7669.944513517642,32394.7
7670.154193801327,31374.1
7670.363874085011,29912.0
7670.573554368696,28575.4
7670.78323465238,28068.8
7670.992914936065,26836.3
7671.202595219749,25848.3
7671.412275503434,26407.7
7671.621955787119,26692.0
7671.831636070803,28478.4
7672.041316354488,30005.6
7672.250996638172,30342.1
7672.460676921857,31522.0
7672.670357205541,34066.0
7672.880037489226,35765.2
7673.08971777291,36255.7
7673.299398056595,36698.0
7673.509078340279,36132.2
7673.718758623964,35753.1
7673.928438907648,37227.8
7674.138119191333,37408.3
7674.347799475017,36688.4
7674.557479758702,37394.7
7674.767160042387,37492.0
7674.976840326071,37264.9
7675.186520609756,37207.6
7675.39620089344,36876.3
7675.605881177125,36841.1
7675.8155614608095,35906.5
7676.025241744494,33916.3
7676.2349220281785,32687.9
7676.4446023118635,32164.7
7676.654282595548,31847.9
7676.8639628792325,31959.5
7677.073643162917,31276.9
7677.283323446602,31435.0
7677.493003730286,30811.9
7677.702684013971,31637.8
7677.912364297656,32500.2
7678.12204458134,33455.4
7678.331724865025,34114.4
7678.541405148709,34573.5
7678.751085432394,35147.8
7678.960765716078,36479.6
7679.170445999763,37750.9
7679.380126283447,37539.1
7679.589806567132,37574.4
7679.799486850816,37430.4
7680.009167134501,38089.8
7680.218847418185,38415.4
7680.42852770187,37898.7
7680.638207985554,38739.2
7680.847888269239,38522.7
7681.057568552923,37220.0
7681.267248836608,37168.8
7681.476929120293,37965.5
7681.686609403977,38655.4
7681.896289687662,38570.4
7682.105969971346,37616.4
7682.315650255031,36775.0
7682.525330538715,35109.2
7682.7350108224,34687.3
7682.944691106084,34808.0
7683.154371389769,33993.0
7683.364051673453,32475.9
7683.573731957138,32288.5
7683.783412240822,34078.9
7683.993092524507,35580.9
7684.202772808191,35906.8
7684.412453091876,36771.8
7684.622133375561,37905.3
7684.831813659245,38274.1
7685.04149394293,38569.0
7685.251174226614,38233.6
7685.460854510299,37865.3
7685.670534793983,38995.6
7685.880215077668,39385.6
7686.089895361352,39465.6
7686.299575645037,39258.5
7686.509255928721,39108.0
7686.718936212406,38841.1
7686.92861649609,38839.3
7687.138296779775,38932.2
7687.347977063459,39101.2
7687.557657347144,39306.5
7687.767337630829,39526.5
7687.977017914513,39451.3
7688.186698198198,38659.3
7688.3963784818825,38582.8
7688.6060587655675,38129.6
7688.8157390492515,37517.4
7689.0254193329365,37943.2
7689.235099616621,37616.5
7689.444779900306,36930.1
7689.65446018399,36736.3
7689.864140467675,36530.5
7690.073820751359,36925.5
7690.283501035044,37130.5
7690.493181318728,36606.9
7690.702861602413,36419.5
7690.912541886098,37066.1
7691.122222169782,38257.1
7691.331902453467,39179.9
7691.541582737151,39504.5
7691.751263020836,39413.8
7691.96094330452,40326.7
7692.170623588205,39919.7
7692.380303871889,39445.1
7692.589984155574,40343.0
7692.799664439258,40374.6
7693.009344722943,40441.4
7693.219025006627,41208.8
7693.428705290312,41439.8
7693.638385573996,41096.6
7693.848065857681,40342.9
7694.057746141366,40064.9
7694.26742642505,40920.1
7694.477106708735,41091.0
7694.686786992419,40049.0
7694.896467276104,39080.5
7695.106147559788,40335.2
7695.315827843473,39166.8
7695.525508127157,39380.7
7695.735188410842,37935.7
7695.944868694526,38608.8
7696.154548978211,39489.0
7696.364229261895,38915.2
7696.57390954558,38597.4
7696.783589829264,38197.1
7696.993270112949,38671.8
7697.202950396634,38949.1
7697.412630680318,38628.6
7697.622310964003,39135.6
7697.831991247687,39807.2
7698.041671531372,41195.4
7698.251351815056,40302.2
7698.461032098741,41289.7
7698.670712382425,40268.7
7698.88039266611,40242.0
7699.090072949794,39271.5
7699.299753233479,39477.0
7699.509433517163,39617.2
7699.719113800848,40090.2
7699.9287940845325,40340.6
7700.138474368217,40700.5
7700.348154651902,41238.2
7700.5578349355865,41040.0
7700.767515219271,40323.8
7700.9771955029555,39766.1
7701.1868757866405,40369.4
7701.396556070325,41348.4
7701.6062363540095,40591.7
7701.815916637694,40947.0
7702.025596921379,41555.0
7702.235277205063,39860.4
7702.444957488748,40371.7
7702.654637772432,39641.8
7702.864318056117,40692.7
7703.073998339801,41617.9
7703.283678623486,40331.7
7703.493358907171,40887.3
7703.703039190855,41101.3
7703.91271947454,41213.6
7704.122399758224,40703.3
7704.332080041909,40949.1
7704.541760325593,41105.6
7704.751440609278,40358.9
7704.961120892962,41102.0
7705.170801176647,41258.8
7705.380481460331,40960.6
7705.590161744016,40470.7
7705.7998420277,41193.7
7706.009522311385,42552.5
7706.219202595069,42110.9
7706.428882878754,40843.8
7706.638563162439,41447.4
7706.848243446123,40585.8
7707.057923729808,42010.9
7707.267604013492,42302.2
7707.477284297177,41091.5
7707.686964580861,41425.1
7707.896644864546,42037.3
7708.10632514823,41893.3
7708.316005431915,41258.5
7708.525685715599,40937.2
7708.735365999284,41481.1
7708.945046282968,42163.0
7709.154726566653,41939.7
7709.364406850337,40988.8
7709.574087134022,41038.7
7709.783767417707,41308.4
7709.993447701391,41249.2
7710.203127985076,40007.3
7710.41280826876,40223.7
7710.622488552445,39924.5
7710.832168836129,40478.0
7711.041849119814,40845.1
7711.251529403498,41474.3
7711.461209687183,41594.5
7711.670889970867,40519.9
7711.880570254552,41701.5
7712.090250538236,41838.5
7712.299930821921,40700.4
7712.5096111056055,40394.3
7712.71929138929,40674.1
7712.928971672975,41310.3
7713.1386519566595,41164.5
7713.3483322403445,41003.2
7713.5580125240285,41428.7
7713.7676928077135,41253.2
7713.977373091398,41974.3
7714.1870533750825,42275.1
7714.396733658767,41998.4
7714.606413942452,41114.2
7714.816094226136,41330.0
7715.025774509821,41493.6
7715.235454793505,41585.5
7715.44513507719,41680.2
7715.654815360874,41798.6
7715.864495644559,41881.5
7716.074175928243,40737.7
7716.283856211928,41059.2
7716.493536495613,40918.5
7716.703216779297,40662.6
7716.912897062982,41722.5
7717.122577346666,41428.6
7717.332257630351,41552.3
7717.541937914035,41699.1
7717.75161819772,41229.9
7717.961298481404,41116.1
7718.170978765089,40631.3
7718.380659048773,40192.1
7718.590339332458,39959.4
7718.800019616142,41281.5
7719.009699899827,41607.6
7719.219380183511,40861.6
7719.429060467196,41254.1
7719.638740750881,42174.0
7719.848421034565,41861.3
7720.05810131825,40298.4
7720.267781601934,40734.3
7720.477461885619,41482.7
7720.687142169303,40295.1
7720.896822452988,41423.6
7721.106502736672,41699.0
7721.316183020357,41191.3
7721.525863304041,40986.2
7721.735543587726,40106.2
7721.94522387141,39629.2
7722.154904155095,40335.9
7722.364584438779,40338.8
7722.574264722464,40359.5
7722.783945006149,41467.3
7722.993625289833,41360.9
7723.203305573518,40486.1
7723.412985857202,40283.2
7723.622666140887,40680.0
7723.832346424571,41008.8
7724.042026708256,40243.3
7724.25170699194,39491.4
7724.461387275625,39745.1
7724.671067559309,41046.1
7724.880747842994,39463.7
7725.0904281266785,40006.3
7725.3001084103635,40928.3
7725.5097886940475,40861.3
7725.7194689777325,40307.5
7725.9291492614175,40984.1
7726.1388295451015,39786.2
7726.3485098287865,39293.8
7726.558190112471,39794.0
7726.767870396156,40142.2
7726.97755067984,39731.8
7727.187230963525,40858.8
7727.396911247209,40210.4
7727.606591530894,41262.2
7727.816271814578,40744.9
7728.025952098263,40632.9
7728.235632381947,40572.9
7728.445312665632,40841.2
7728.654992949316,40532.8
7728.864673233001,40600.1
7729.074353516686,40520.8
7729.28403380037,39965.5
7729.493714084055,40111.5
7729.703394367739,39864.0
7729.913074651424,39553.2
7730.122754935108,39278.7
7730.332435218793,39645.1
7730.542115502477,40333.1
7730.751795786162,39261.9
7730.961476069846,39099.9
7731.171156353531,40565.0
7731.380836637215,41238.5
7731.5905169209,41086.5
7731.800197204584,40842.1
7732.009877488269,40170.2
7732.219557771954,40456.5
7732.429238055638,39847.1
7732.638918339323,39956.0
7732.848598623007,39817.1
7733.058278906692,39685.6
7733.267959190376,40433.6
7733.477639474061,40481.5
7733.687319757745,40427.5
7733.89700004143,40614.0
7734.106680325114,40362.6
7734.316360608799,39785.4
7734.526040892483,40216.4
7734.735721176168,39234.0
7734.945401459852,38453.9
7735.155081743537,39231.7
7735.364762027222,38752.8
7735.574442310906,39526.9
7735.784122594591,39987.9
7735.993802878275,39110.8
7736.20348316196,38824.9
7736.413163445644,39329.5
7736.622843729329,40030.9
7736.832524013013,40285.9
7737.042204296698,39734.4
7737.2518845803825,39125.0
7737.461564864067,39658.1
7737.6712451477515,39872.1
7737.8809254314365,39503.4
7738.090605715121,39883.2
7738.3002859988055,40129.8
7738.5099662824905,39953.0
7738.719646566175,40121.2
7738.9293268498595,40001.5
7739.139007133544,38462.4
7739.348687417229,38541.4
7739.558367700913,39223.0
7739.768047984598,39655.9
7739.977728268282,39767.4
7740.187408551967,39170.8
7740.397088835651,38763.1
7740.606769119336,39967.5
7740.81644940302,39900.9
7741.026129686705,40880.3
7741.235809970389,40245.6
7741.445490254074,38551.5
7741.655170537759,38666.8
7741.864850821443,39305.6
7742.074531105128,38954.4
7742.284211388812,39109.4
7742.493891672497,39255.8
7742.703571956181,38875.8
7742.913252239866,38025.5
7743.12293252355,38583.1
7743.332612807235,38052.3
7743.542293090919,39125.7
7743.751973374604,38772.2
7743.961653658288,38387.3
7744.171333941973,38842.7
7744.381014225657,39132.4
7744.590694509342,38930.8
7744.800374793027,39480.1
7745.010055076711,39511.9
7745.219735360396,38727.0
7745.42941564408,38640.2
7745.639095927765,38439.0
7745.848776211449,38779.6
7746.058456495134,38879.8
7746.268136778818,38337.7
7746.477817062503,37169.5
7746.687497346187,37892.3
7746.897177629872,38902.7
7747.106857913556,38489.3
7747.316538197241,37388.3
7747.526218480925,38822.0
7747.73589876461,39387.1
7747.945579048295,38507.9
7748.155259331979,38139.3
7748.364939615664,38335.1
7748.574619899348,39475.4
7748.784300183033,38846.2
7748.993980466717,37885.4
7749.203660750402,37306.1
7749.413341034086,36814.5
7749.623021317771,36756.5
7749.8327016014555,37000.8
7750.0423818851405,38005.0
7750.2520621688245,37543.2
7750.4617424525095,37598.4
7750.671422736194,37768.2
7750.8811030198785,37431.1
7751.0907833035635,38102.7
7751.300463587248,37858.4
7751.510143870933,37455.6
7751.719824154617,37469.8
7751.929504438302,37170.3
7752.139184721986,36691.7
7752.348865005671,37529.1
7752.558545289355,37470.6
7752.76822557304,37880.8
7752.977905856724,37847.1
7753.187586140409,37664.8
7753.397266424093,38345.2
7753.606946707778,37234.0
7753.816626991462,36990.4
7754.026307275147,36600.3
7754.235987558832,36633.5
7754.445667842516,36825.8
7754.655348126201,37815.2
7754.865028409885,37012.2
7755.07470869357,37745.8
7755.284388977254,38213.6
7755.494069260939,37356.1
7755.703749544623,37176.3
7755.913429828308,36942.4
7756.123110111992,37997.9
7756.332790395677,37058.7
7756.542470679361,37258.1
7756.752150963046,37400.0
7756.96183124673,37219.0
7757.171511530415,36971.2
7757.3811918141,37010.4
7757.590872097784,37435.2
7757.800552381469,36664.6
7758.010232665153,36578.2
7758.219912948838,35569.1
7758.429593232522,35856.2
7758.639273516207,36245.7
7758.848953799891,35854.1
7759.058634083576,36123.7
7759.26831436726,36532.8
7759.477994650945,37514.7
7759.687674934629,37480.5
7759.897355218314,35855.1
7760.107035501998,36516.9
7760.316715785683,36142.2
7760.526396069368,35865.5
7760.736076353052,36122.4
7760.945756636737,36237.7
7761.155436920421,36700.1
7761.365117204106,36217.3
7761.57479748779,36000.0
7761.784477771475,36228.0
7761.9941580551595,35474.3
7762.203838338844,35693.7
7762.4135186225285,35868.5
7762.6231989062135,35717.4
7762.8328791898975,35984.3
7763.0425594735825,35881.0
7763.252239757267,35648.8
7763.461920040952,36164.9
7763.6716003246365,35376.7
7763.881280608321,34841.0
7764.090960892006,34905.7
7764.30064117569,36148.9
7764.510321459375,36465.5
7764.720001743059,34764.7
7764.929682026744,35526.3
7765.139362310428,36404.5
7765.349042594113,35538.0
7765.558722877797,35677.8
7765.768403161482,35648.2
7765.978083445166,35869.1
7766.187763728851,35699.0
7766.397444012535,35187.0
7766.60712429622,35059.4
7766.816804579905,35666.9
7767.026484863589,34962.3
7767.236165147274,34482.4
7767.445845430958,35056.9
7767.655525714643,35274.8
7767.865205998327,35376.1
7768.074886282012,34513.7
7768.284566565696,33752.3
7768.494246849381,33781.0
7768.703927133065,34407.9
7768.91360741675,34600.1
7769.123287700434,34167.8
7769.332967984119,33474.4
7769.542648267803,33555.1
7769.752328551488,34134.5
7769.962008835173,33770.5
7770.171689118857,32786.4
7770.381369402542,32332.3
7770.591049686226,32705.6
7770.800729969911,32531.6
7771.010410253595,32071.9
7771.22009053728,32842.4
7771.429770820964,32100.4
7771.639451104649,31064.4
7771.849131388333,31456.6
7772.058811672018,30912.8
7772.268491955702,31480.3
7772.478172239387,32068.6
7772.687852523071,31643.8
7772.897532806756,31160.1
7773.107213090441,30951.5
7773.316893374125,31296.3
7773.52657365781,31146.7
7773.736253941494,31149.3
7773.945934225179,31372.2
7774.155614508863,30985.9
7774.365294792548,29984.3
7774.5749750762325,31141.5
7774.784655359917,31780.3
7774.9943356436015,31115.9
7775.2040159272865,31074.0
7775.413696210971,31195.6
7775.6233764946555,31501.1
7775.83305677834,31595.1
7776.042737062025,30533.1
7776.252417345709,30487.5
7776.462097629394,32159.6
7776.671777913079,31697.8
7776.881458196763,32348.5
7777.091138480448,30797.8
7777.300818764132,32467.2
7777.510499047817,32532.3
7777.720179331501,31231.0
7777.929859615186,32810.7
7778.13953989887,33041.3
7778.349220182555,33111.3
7778.558900466239,32717.4
7778.768580749924,32163.6
7778.978261033608,33026.4
7779.187941317293,32890.4
7779.397621600977,32784.2
7779.607301884662,32727.3
7779.816982168347,31806.6
7780.026662452031,32167.1
7780.236342735716,32364.5
7780.4460230194,32782.7
7780.655703303085,30995.3
7780.865383586769,31177.9
7781.075063870454,31643.0
7781.284744154138,31758.0
7781.494424437823,31487.8
7781.704104721507,31697.8
7781.913785005192,31733.0
7782.123465288876,31816.7
7782.333145572561,32076.1
7782.542825856245,31642.1
7782.75250613993,32174.5
7782.962186423615,31909.0
7783.171866707299,31306.8
7783.381546990984,31633.9
7783.591227274668,32166.3
7783.800907558353,30828.2
7784.010587842037,30831.5
7784.220268125722,31904.1
7784.429948409406,31298.1
7784.639628693091,31392.3
7784.849308976775,32328.0
7785.05898926046,31385.8
7785.268669544144,30750.4
7785.478349827829,30903.4
7785.688030111513,30856.4
7785.897710395198,29807.8
7786.107390678883,29740.1
7786.317070962567,31295.6
7786.526751246252,29850.9
7786.736431529936,29689.7
7786.946111813621,30294.0
7787.1557920973055,30554.8
7787.3654723809905,30283.1
7787.5751526646745,30449.8
7787.7848329483595,30686.0
7787.994513232044,30509.9
7788.204193515729,29681.7
7788.413873799413,30577.9
7788.623554083098,30012.3
7788.833234366782,29575.8
7789.042914650467,31435.6
7789.252594934152,30371.0
7789.462275217836,30642.8
7789.671955501521,30691.0
7789.881635785205,31617.8
7790.09131606889,30576.2
7790.300996352574,29790.7
7790.510676636259,29934.2
7790.720356919943,30980.3
7790.930037203628,29952.1
7791.139717487312,29811.7
7791.349397770997,30174.5
7791.559078054681,28985.4
7791.768758338366,28774.9
7791.97843862205,29440.7
7792.188118905735,30266.0
7792.39779918942,29521.7
7792.607479473104,28955.4
7792.817159756789,29576.8
7793.026840040473,29171.9
7793.236520324158,29281.0
7793.446200607842,30015.4
7793.655880891527,29242.2
7793.865561175211,29227.3
7794.075241458896,29222.5
7794.28492174258,29093.5
7794.494602026265,29203.6
7794.704282309949,29119.3
7794.913962593634,29104.7
7795.123642877318,28974.4
7795.333323161003,28672.9
7795.543003444688,28637.1
7795.752683728372,28880.5
7795.962364012057,28399.9
7796.172044295741,28557.6
7796.381724579426,29267.4
7796.59140486311,28619.7
7796.801085146795,29100.0
7797.010765430479,28051.0
7797.220445714164,26455.1
7797.430125997848,28313.4
7797.639806281533,27825.6
7797.849486565217,28177.2
7798.059166848902,28108.3
7798.268847132586,28082.2
7798.478527416271,28202.6
7798.6882076999555,28429.7
7798.89788798364,28079.5
7799.107568267325,28231.4
7799.3172485510095,28256.4
7799.526928834694,28389.7
7799.7366091183785,27566.2
7799.9462894020635,27199.8
7800.155969685748,27823.5
7800.3656499694325,28572.2
7800.575330253117,27582.8
7800.785010536802,28366.7
7800.994690820486,27703.4
7801.204371104171,27476.1
7801.414051387855,27605.2
7801.62373167154,27371.4
7801.833411955224,27348.3
7802.043092238909,27606.3
7802.252772522594,26510.9
7802.462452806278,26356.2
7802.672133089963,27002.1
7802.881813373647,27416.0
7803.091493657332,27538.7
7803.301173941016,27353.2
7803.510854224701,26802.2
7803.720534508385,26180.5
7803.93021479207,27114.8
7804.139895075754,26090.7
7804.349575359439,26666.3
7804.559255643123,26870.5
7804.768935926808,26449.9
7804.978616210492,27459.7
7805.188296494177,26331.0
7805.397976777862,26114.4
7805.607657061546,26357.2
7805.817337345231,25660.2
7806.027017628915,26155.9
7806.2366979126,25311.8
7806.446378196284,26224.3
7806.656058479969,27470.6
7806.865738763653,27531.9
7807.075419047338,25096.4
7807.285099331022,26013.9
7807.494779614707,26547.5
7807.704459898391,26580.6
7807.914140182076,26003.2
7808.12382046576,25540.5
7808.333500749445,26181.3
7808.54318103313,26875.4
7808.752861316814,26485.9
7808.962541600499,25559.8
7809.172221884183,24866.0
7809.381902167868,25465.9
7809.591582451552,26514.4
7809.801262735237,25515.8
7810.010943018921,24238.3
7810.220623302606,24409.2
7810.43030358629,24969.1
7810.639983869975,24631.8
7810.849664153659,24066.5
7811.059344437344,24376.6
7811.2690247210285,24399.5
7811.478705004713,25218.0
7811.688385288398,25544.2
7811.8980655720825,25162.3
7812.1077458557675,24400.6
7812.3174261394515,24502.8
7812.5271064231365,25076.9
7812.736786706821,25284.2
7812.9464669905055,25349.3
7813.15614727419,24807.0
7813.365827557875,24180.8
7813.575507841559,24418.3
7813.785188125244,23992.0
7813.994868408928,23893.2
7814.204548692613,24290.2
7814.414228976297,23517.5
7814.623909259982,24145.3
7814.833589543667,24559.9
7815.043269827351,23919.5
7815.252950111036,23635.3
7815.46263039472,24359.6
7815.672310678405,24001.7
7815.881990962089,24076.7
7816.091671245774,23997.9
7816.301351529458,23763.1
7816.511031813143,23250.5
7816.720712096827,23129.5
7816.930392380512,23307.4
7817.140072664196,24136.4
7817.349752947881,24607.1
7817.559433231565,23330.2
7817.76911351525,23285.4
7817.978793798935,23517.7
7818.188474082619,23743.2
7818.398154366304,23337.1
7818.607834649988,22606.2
7818.817514933673,22672.3
7819.027195217357,23268.6
7819.236875501042,22754.0
7819.446555784726,23039.5
7819.656236068411,23208.3
7819.865916352095,22992.4
7820.07559663578,23248.5
7820.285276919464,24012.9
7820.494957203149,23304.5
7820.704637486833,22643.0
7820.914317770518,23103.8
7821.123998054203,23063.4
7821.333678337887,22694.3
7821.543358621572,22914.1
7821.753038905256,22736.7
7821.962719188941,21515.4
7822.172399472625,21724.3
7822.38207975631,23151.2
7822.591760039994,22017.3
7822.801440323679,22742.9
7823.011120607363,22788.2
7823.220800891048,22198.5
7823.430481174732,22525.9
7823.640161458417,21601.3
7823.8498417421015,21227.4
7824.0595220257865,22465.3
7824.269202309471,23087.7
7824.4788825931555,21861.2
7824.6885628768405,21618.3
7824.8982431605245,21543.2
7825.1079234442095,21193.5
7825.317603727894,21066.1
7825.527284011579,21851.0
7825.736964295263,22546.8
7825.946644578948,22429.3
7826.156324862632,21915.3
7826.366005146317,22850.8
7826.575685430001,22230.2
7826.785365713686,21881.4
7826.99504599737,20839.8
7827.204726281055,20350.1
7827.41440656474,20430.7
7827.624086848424,20437.1
7827.833767132109,20818.3
7828.043447415793,20540.0
7828.253127699478,20774.4
7828.462807983162,20196.5
7828.672488266847,20354.1
7828.882168550531,20757.6
7829.091848834216,20347.7
7829.3015291179,20644.7
7829.511209401585,20123.8
7829.720889685269,20382.7
7829.930569968954,20787.1
7830.140250252638,20344.0
7830.349930536323,19901.0
7830.559610820008,20204.4
7830.769291103692,20663.9
7830.978971387377,20082.1
7831.188651671061,20276.5
7831.398331954746,20394.8
7831.60801223843,20209.3
7831.817692522115,19890.2
7832.027372805799,19844.3
7832.237053089484,19234.1
7832.446733373168,19924.6
7832.656413656853,19424.7
7832.866093940537,18354.0
7833.075774224222,19673.8
7833.285454507906,18970.6
7833.495134791591,18740.9
7833.704815075276,19656.4
7833.91449535896,18872.5
7834.124175642645,18050.8
7834.333855926329,18023.4
7834.543536210014,18645.3
7834.753216493698,19033.0
7834.962896777383,19866.1
7835.172577061067,18179.2
7835.382257344752,19096.9
7835.591937628436,19029.1
7835.801617912121,19322.5
7836.0112981958055,19649.8
7836.22097847949,19329.3
7836.4306587631745,18731.2
7836.6403390468595,19185.9
7836.8500193305445,18328.9
7837.0596996142285,19013.2
7837.2693798979135,18795.5
7837.479060181598,18509.6
7837.6887404652825,18461.2
7837.898420748967,17893.2
7838.108101032652,17676.1
7838.317781316336,18390.1
7838.527461600021,18424.5
7838.737141883705,18116.4
7838.94682216739,18174.7
7839.156502451074,18334.3
7839.366182734759,17732.5
7839.575863018443,17531.9
7839.785543302128,17666.9
7839.995223585813,17649.7
7840.204903869497,16560.4
7840.414584153182,17921.3
7840.624264436866,17768.8
7840.833944720551,17669.4
7841.043625004235,18272.2
7841.25330528792,18051.1
7841.462985571604,16904.6
7841.672665855289,16879.2
7841.882346138973,17008.4
7842.092026422658,16785.1
7842.301706706342,17281.1
7842.511386990027,17232.1
7842.721067273711,16798.6
7842.930747557396,16253.7
7843.140427841081,16848.2
7843.350108124765,17507.0
7843.55978840845,16932.9
7843.769468692134,16147.4
7843.979148975819,15296.6
7844.188829259503,16648.8
7844.398509543188,17391.0
7844.608189826872,15841.6
7844.817870110557,16023.8
7845.027550394241,16685.5
7845.237230677926,15859.6
7845.44691096161,15053.9
7845.656591245295,16399.9
7845.866271528979,15808.2
7846.075951812664,15772.7
7846.285632096349,15173.2
7846.495312380033,15606.0
7846.704992663718,16000.2
7846.914672947402,15936.0
7847.124353231087,16212.2
7847.334033514771,16223.3
7847.543713798456,15926.0
7847.75339408214,15481.5
7847.963074365825,15761.7
7848.172754649509,16088.2
7848.382434933194,15364.1
7848.5921152168785,14679.2
7848.8017955005635,14732.4
7849.0114757842475,14766.0
7849.2211560679325,14777.1
7849.4308363516175,15523.8
7849.6405166353015,15777.3
7849.8501969189865,15205.1
7850.059877202671,15353.6
7850.269557486356,15198.7
7850.47923777004,14949.2
7850.688918053725,15043.3
7850.898598337409,14603.9
7851.108278621094,14911.2
7851.317958904778,14191.2
7851.527639188463,14557.5
7851.737319472147,14250.5
7851.946999755832,14076.4
7852.156680039516,14959.1
7852.366360323201,13995.4
7852.576040606886,14884.7
7852.78572089057,15592.4
7852.995401174255,15244.2
7853.205081457939,15019.4
7853.414761741624,14697.3
7853.624442025308,14231.1
7853.834122308993,14393.4
7854.043802592677,13425.1
7854.253482876362,13928.4
7854.463163160046,13463.6
7854.672843443731,13366.2
7854.882523727415,13215.8
7855.0922040111,13739.1
7855.301884294784,13343.4
7855.511564578469,13707.8
7855.721244862154,13333.1
7855.930925145838,13925.3
7856.140605429523,13945.0
7856.350285713207,12407.4
7856.559965996892,14155.2
7856.769646280576,13486.9
7856.979326564261,13251.5
7857.189006847945,12906.7
7857.39868713163,12811.2
7857.608367415314,13526.0
7857.818047698999,12018.5
7858.027727982683,14166.5
7858.237408266368,13355.1
7858.447088550052,13279.2
7858.656768833737,13831.9
7858.866449117422,13224.5
7859.076129401106,12350.0
7859.285809684791,13049.8
7859.495489968475,12998.2
7859.70517025216,12363.3
7859.914850535844,12848.9
7860.124530819529,12232.3
7860.334211103213,12346.5
7860.543891386898,12838.3
7860.7535716705825,12943.1
7860.963251954267,13360.5
7861.1729322379515,12386.5
7861.3826125216365,12361.8
7861.5922928053205,13254.3
7861.8019730890055,12497.3
7862.0116533726905,12219.5
7862.221333656375,12421.4
7862.4310139400595,13603.3
7862.640694223744,12701.5
7862.850374507429,11868.5
7863.060054791113,11615.4
7863.269735074798,12274.7
7863.479415358482,12438.1
7863.689095642167,11993.7
7863.898775925851,12118.8
7864.108456209536,11823.8
7864.31813649322,12642.0
7864.527816776905,12979.1
7864.737497060589,12142.9
7864.947177344274,11306.3
7865.156857627959,11348.8
7865.366537911643,11356.9
7865.576218195328,11375.3
7865.785898479012,11968.6
7865.995578762697,11819.9
7866.205259046381,10748.2
7866.414939330066,11081.1
7866.62461961375,10238.1
7866.834299897435,10986.5
7867.043980181119,12044.8
7867.253660464804,11063.3
7867.463340748488,9871.04
7867.673021032173,11250.9
7867.882701315857,11419.3
7868.092381599542,10514.8
7868.302061883227,11496.2
7868.511742166911,10712.5
7868.721422450596,11103.4
7868.93110273428,11384.0
7869.140783017965,10222.4
7869.350463301649,10304.0
7869.560143585334,10978.9
7869.769823869018,10952.0
7869.979504152703,10984.6
7870.189184436387,10698.5
7870.398864720072,10681.9
7870.608545003756,9693.01
7870.818225287441,10526.3
7871.027905571125,9993.14
7871.23758585481,9376.0
7871.447266138495,10522.9
7871.656946422179,10161.2
7871.866626705864,9977.71
7872.076306989548,10294.6
7872.285987273233,10054.0
7872.495667556917,9723.59
7872.705347840602,9474.05
7872.915028124286,10037.6
7873.124708407971,10253.0
7873.3343886916555,9798.1
7873.54406897534,9893.96
7873.7537492590245,9034.81
7873.9634295427095,9204.57
7874.173109826394,9037.08
7874.3827901100785,9578.29
7874.592470393763,10771.3
7874.802150677448,9667.19
7875.011830961133,9210.41
7875.221511244817,10165.8
7875.431191528502,9593.49
7875.640871812186,8786.3
7875.850552095871,9250.96
7876.060232379555,9163.87
7876.26991266324,8777.41
7876.479592946924,8589.65
7876.689273230609,8748.05
7876.898953514293,8100.34
7877.108633797978,8261.33
7877.318314081662,8242.61
7877.527994365347,8515.64
7877.737674649031,8725.07
7877.947354932716,8570.98
7878.1570352164,8713.62
7878.366715500085,8138.38
7878.57639578377,7856.1
7878.786076067454,7661.74
7878.995756351139,8395.23
7879.205436634823,7903.27
7879.415116918508,7573.63
7879.624797202192,7437.17
7879.834477485877,7821.26
7880.044157769561,8567.3
7880.253838053246,8078.78
7880.46351833693,7265.93
7880.673198620615,7514.71
7880.882878904299,8828.01
7881.092559187984,7771.35
7881.302239471668,7333.72
7881.511919755353,7573.72
7881.721600039038,7965.65
7881.931280322722,7839.6
7882.140960606407,8476.62
7882.350640890091,7196.37
7882.560321173776,7306.78
7882.77000145746,7097.03
7882.979681741145,7213.24
7883.189362024829,7056.65
7883.399042308514,7570.2
7883.608722592198,7435.62
7883.818402875883,7140.67
7884.028083159567,7162.86
7884.237763443252,7352.24
7884.447443726936,7195.55
7884.657124010621,7303.31
7884.866804294306,7510.85
7885.07648457799,7197.78
7885.286164861675,7623.48
7885.495845145359,7041.03
7885.705525429044,7249.78
7885.9152057127285,6687.01
7886.1248859964135,7747.21
7886.3345662800975,7487.18
7886.5442465637825,7713.41
7886.753926847467,6441.87
7886.963607131152,6255.96
7887.173287414836,6770.62
7887.382967698521,6832.59
7887.592647982205,6276.06
7887.80232826589,7065.7
7888.012008549575,5978.32
7888.221688833259,6223.47
7888.431369116944,5781.01
7888.641049400628,6282.59
7888.850729684313,6377.11
7889.060409967997,5721.71
7889.270090251682,5785.88
7889.479770535366,5996.74
7889.689450819051,5400.58
7889.899131102735,5703.93
7890.10881138642,5989.0
7890.318491670104,5899.55
7890.528171953789,6371.35
7890.737852237473,5227.12
7890.947532521158,6084.69
7891.157212804843,5981.41
7891.366893088527,6067.57
7891.576573372212,6237.36
7891.786253655896,5319.11
7891.995933939581,5974.23
7892.205614223265,5454.52
7892.41529450695,4760.63
7892.624974790634,4486.1
7892.834655074319,3856.64
7893.044335358003,4753.41
7893.254015641688,4920.68
7893.463695925372,4067.65
7893.673376209057,5419.43
7893.883056492741,4984.13
7894.092736776426,4964.16
7894.302417060111,5257.99
7894.512097343795,4015.69
7894.72177762748,5142.29
7894.931457911164,5130.1
7895.141138194849,4624.86
7895.350818478533,5248.87
7895.560498762218,5777.63
7895.770179045902,5002.56
7895.979859329587,3862.24
