6486.2337688986,61356.5
6486.413595273208,59357.6
6486.593421647815,56959.1
6486.773248022423,55710.3
6486.953074397031,57364.6
6487.132900771639,59982.3
6487.312727146246,61037.3
6487.492553520854,61341.5
6487.672379895462,61677.7
6487.8522062700695,61783.9
6488.032032644677,62840.7
6488.211859019285,63115.0
6488.391685393892,63793.1
6488.5715117684995,65794.7
6488.751338143107,65486.5
6488.931164517715,62876.9
6489.110990892323,62951.0
6489.29081726693,63443.0
6489.470643641538,66283.8
6489.650470016146,68069.7
6489.830296390754,69132.4
6490.010122765361,70115.1
6490.189949139969,70700.6
6490.369775514577,68782.5
6490.5496018891845,63466.6
6490.729428263792,60049.2
6490.9092546384,60922.7
6491.089081013008,66368.4
6491.268907387615,70877.6
6491.448733762223,72201.2
6491.628560136831,72593.9
6491.808386511439,74141.8
6491.988212886046,75276.0
6492.168039260654,74127.5
6492.347865635262,73229.2
6492.5276920098695,71348.8
6492.707518384476,66840.2
6492.887344759084,64001.8
6493.067171133692,64875.4
6493.2469975082995,69087.2
6493.426823882907,73026.3
6493.606650257515,73566.4
6493.786476632123,75634.8
6493.96630300673,78011.9
6494.146129381338,77151.3
6494.325955755946,76013.3
6494.505782130554,74960.9
6494.685608505161,76797.1
6494.865434879769,79464.6
6495.045261254377,78956.6
6495.2250876289845,79391.5
6495.404914003592,78831.7
6495.5847403782,73530.5
6495.764566752808,68831.0
6495.944393127415,67655.7
6496.124219502023,72404.7
6496.304045876631,80351.9
6496.483872251239,84330.1
6496.663698625846,82600.7
6496.843525000454,81111.9
6497.023351375061,82430.6
6497.203177749669,81380.8
6497.383004124276,78779.7
6497.562830498884,80167.2
6497.742656873492,81773.0
6497.9224832480995,83692.4
6498.102309622707,86428.3
6498.282135997315,86205.0
6498.461962371923,87362.2
6498.64178874653,88151.5
6498.821615121138,87997.1
6499.001441495746,89166.0
6499.181267870354,89711.0
6499.361094244961,89334.6
6499.540920619569,89962.5
6499.720746994177,90944.6
6499.9005733687845,91374.4
6500.080399743392,92334.4
6500.260226118,91606.1
6500.440052492608,90845.6
6500.619878867215,91722.7
6500.799705241823,93095.9
6500.979531616431,94828.2
6501.159357991039,95336.1
6501.339184365645,93695.7
6501.519010740253,93007.4
6501.698837114861,94311.0
6501.878663489469,94648.4
6502.058489864076,94734.9
6502.238316238684,94064.9
6502.418142613292,96253.1
6502.5979689879,96879.3
6502.777795362507,96153.8
6502.957621737115,97724.7
6503.137448111723,98740.3
6503.3172744863305,98947.9
6503.497100860938,98153.8
6503.676927235546,96681.7
6503.856753610154,97196.8
6504.036579984761,98304.6
6504.216406359369,98687.5
6504.396232733977,99811.4
6504.576059108585,100784.0
6504.755885483192,101972.0
6504.9357118578,105109.0
6505.115538232408,104184.0
6505.2953646070155,105996.0
6505.475190981623,106574.0
6505.65501735623,105973.0
6505.834843730838,105949.0
6506.0146701054455,106870.0
6506.194496480053,107984.0
6506.374322854661,108623.0
6506.554149229269,108990.0
6506.733975603876,109048.0
6506.913801978484,108788.0
6507.093628353092,110662.0
6507.2734547277,111224.0
6507.453281102307,110617.0
6507.633107476915,109648.0
6507.812933851523,108927.0
6507.9927602261305,109273.0
6508.172586600738,110170.0
6508.352412975346,109373.0
6508.532239349954,104850.0
6508.712065724561,104437.0
6508.891892099169,108105.0
6509.071718473777,111576.0
6509.251544848385,113692.0
6509.431371222992,115349.0
6509.6111975976,116261.0
6509.791023972207,117718.0
6509.970850346815,119718.0
6510.150676721422,117783.0
6510.33050309603,117559.0
6510.510329470638,119999.0
6510.6901558452455,120462.0
6510.869982219853,120743.0
6511.049808594461,120956.0
6511.229634969069,121105.0
6511.409461343676,120986.0
6511.589287718284,118808.0
6511.769114092892,115986.0
6511.9489404675,114317.0
6512.128766842107,112604.0
6512.308593216715,115450.0
6512.488419591323,119365.0
6512.6682459659305,123242.0
6512.848072340538,126100.0
6513.027898715146,127395.0
6513.207725089754,126901.0
6513.387551464361,124967.0
6513.567377838969,124516.0
6513.747204213577,125199.0
6513.927030588185,126637.0
6514.106856962791,126839.0
6514.286683337399,123651.0
6514.466509712007,113248.0
6514.646336086615,108414.0
6514.826162461222,112006.0
6515.00598883583,119282.0
6515.185815210438,128058.0
6515.3656415850455,129684.0
6515.545467959653,130556.0
6515.725294334261,125641.0
6515.905120708869,125379.0
6516.084947083476,125234.0
6516.264773458084,116243.0
6516.444599832692,103240.0
6516.6244262073,98288.9
6516.804252581907,105423.0
6516.984078956515,117846.0
6517.163905331123,126195.0
6517.3437317057305,129473.0
6517.523558080338,136038.0
6517.703384454946,136309.0
6517.883210829554,132496.0
6518.063037204161,129014.0
6518.242863578769,133101.0
6518.422689953376,140374.0
6518.602516327984,141333.0
6518.782342702591,138808.0
6518.962169077199,137656.0
6519.141995451807,133396.0
6519.321821826415,125658.0
6519.501648201022,124650.0
6519.68147457563,131810.0
6519.861300950238,142959.0
6520.041127324846,146239.0
6520.220953699453,147153.0
6520.400780074061,149180.0
6520.580606448669,149587.0
6520.7604328232765,150905.0
6520.940259197884,149267.0
6521.120085572492,148798.0
6521.2999119471,148923.0
6521.479738321707,150727.0
6521.659564696315,152987.0
6521.839391070923,152285.0
6522.019217445531,148554.0
6522.199043820138,148830.0
6522.378870194746,152541.0
6522.558696569354,154501.0
6522.738522943961,155935.0
6522.918349318568,153784.0
6523.098175693176,150519.0
6523.278002067784,150209.0
6523.4578284423915,147497.0
6523.637654816999,140093.0
6523.817481191607,137761.0
6523.997307566215,142692.0
6524.177133940822,151114.0
6524.35696031543,158685.0
6524.536786690038,162523.0
6524.716613064646,163472.0
6524.896439439253,161686.0
6525.076265813861,162447.0
6525.256092188469,162236.0
6525.4359185630765,162349.0
6525.615744937684,161759.0
6525.795571312292,161566.0
6525.9753976869,163560.0
6526.155224061507,165630.0
6526.335050436115,167554.0
6526.514876810723,167324.0
6526.694703185331,165014.0
6526.874529559938,170715.0
6527.054355934545,171556.0
6527.234182309153,168635.0
6527.414008683761,169264.0
6527.593835058368,167546.0
6527.773661432976,166868.0
6527.953487807584,170102.0
6528.1333141821915,173199.0
6528.313140556799,173752.0
6528.492966931407,173696.0
6528.672793306015,174587.0
6528.852619680622,175677.0
6529.03244605523,175637.0
6529.212272429838,174818.0
6529.392098804446,175294.0
6529.571925179053,174392.0
6529.751751553661,174763.0
6529.931577928269,177631.0
6530.1114043028765,178419.0
6530.291230677484,175773.0
6530.471057052092,173052.0
6530.6508834267,172919.0
6530.830709801307,175275.0
6531.010536175915,177747.0
6531.190362550522,178810.0
6531.37018892513,180592.0
6531.550015299737,184096.0
6531.729841674345,183253.0
6531.909668048953,179541.0
6532.089494423561,170241.0
6532.269320798168,160659.0
6532.449147172776,159961.0
6532.628973547384,169630.0
6532.8087999219915,183212.0
6532.988626296599,186075.0
6533.168452671207,183935.0
6533.348279045815,184933.0
6533.528105420422,184934.0
6533.70793179503,182264.0
6533.887758169638,177055.0
6534.067584544246,174492.0
6534.247410918853,179301.0
6534.427237293461,184394.0
6534.607063668069,185842.0
6534.7868900426765,188062.0
6534.966716417284,188613.0
6535.146542791892,188952.0
6535.3263691665,194167.0
6535.5061955411065,196544.0
6535.686021915714,193322.0
6535.865848290322,190991.0
6536.04567466493,195357.0
6536.225501039537,198860.0
6536.405327414145,194121.0
6536.585153788753,187763.0
6536.764980163361,186396.0
6536.944806537968,188846.0
6537.124632912576,195084.0
6537.304459287184,201267.0
6537.484285661792,201409.0
6537.664112036399,200550.0
6537.843938411007,200272.0
6538.023764785615,202857.0
6538.2035911602225,204104.0
6538.38341753483,203608.0
6538.563243909438,203348.0
6538.743070284046,203142.0
6538.922896658653,205759.0
6539.102723033261,208695.0
6539.282549407869,206936.0
6539.462375782477,205472.0
6539.642202157084,204193.0
6539.822028531691,207123.0
6540.001854906299,209592.0
6540.181681280907,206728.0
6540.361507655514,207216.0
6540.541334030122,208101.0
6540.72116040473,209901.0
6540.9009867793375,212000.0
6541.080813153945,211952.0
6541.260639528553,211707.0
6541.440465903161,212133.0
6541.620292277768,213073.0
6541.800118652376,214303.0
6541.979945026984,209368.0
6542.159771401592,202375.0
6542.339597776199,201744.0
6542.519424150807,206164.0
6542.699250525415,214128.0
6542.8790769000225,216771.0
6543.05890327463,217057.0
6543.238729649238,215328.0
6543.418556023846,213569.0
6543.598382398453,203859.0
6543.778208773061,185092.0
6543.958035147669,179304.0
6544.137861522276,189974.0
6544.317687896883,210926.0
6544.497514271491,221103.0
6544.677340646099,221981.0
6544.857167020707,222122.0
6545.036993395314,222307.0
6545.216819769922,224346.0
6545.39664614453,222907.0
6545.5764725191375,219026.0
6545.756298893745,219406.0
6545.936125268353,221182.0
6546.115951642961,223823.0
6546.295778017568,228310.0
6546.475604392176,228452.0
6546.655430766784,230817.0
6546.835257141392,230751.0
6547.015083515999,231724.0
6547.194909890607,229638.0
6547.374736265215,222684.0
6547.5545626398225,215970.0
6547.73438901443,215050.0
6547.914215389038,218992.0
6548.094041763646,227307.0
6548.2738681382525,224375.0
6548.45369451286,207987.0
6548.633520887468,200106.0
6548.813347262076,208853.0
6548.993173636683,225500.0
6549.173000011291,234656.0
6549.352826385899,236830.0
6549.532652760507,237281.0
6549.712479135114,238762.0
6549.892305509722,238018.0
6550.07213188433,238903.0
6550.2519582589375,242933.0
6550.431784633545,244442.0
6550.611611008153,244637.0
6550.791437382761,246589.0
6550.971263757368,248242.0
6551.151090131976,246361.0
6551.330916506584,243377.0
6551.510742881192,244232.0
6551.690569255799,243904.0
6551.870395630407,241792.0
6552.050222005015,243579.0
6552.2300483796225,237706.0
6552.40987475423,218590.0
6552.589701128838,209372.0
6552.769527503445,216398.0
6552.9493538780525,235114.0
6553.12918025266,248141.0
6553.309006627268,249133.0
6553.488833001876,246333.0
6553.668659376483,241506.0
6553.848485751091,238952.0
6554.028312125699,246668.0
6554.208138500307,256307.0
6554.387964874914,257746.0
6554.567791249522,255525.0
6554.74761762413,257676.0
6554.9274439987375,261268.0
6555.107270373345,263384.0
6555.287096747953,264417.0
6555.466923122561,266172.0
6555.6467494971685,270256.0
6555.826575871776,273181.0
6556.006402246384,274967.0
6556.186228620992,278117.0
6556.366054995599,281184.0
6556.545881370207,285501.0
6556.725707744815,287389.0
6556.905534119422,278573.0
6557.085360494029,270776.0
6557.265186868637,274144.0
6557.445013243245,287300.0
6557.624839617853,303571.0
6557.80466599246,309444.0
6557.984492367068,307472.0
6558.164318741676,311445.0
6558.3441451162835,321133.0
6558.523971490891,335810.0
6558.703797865499,348807.0
6558.883624240107,359800.0
6559.063450614714,376824.0
6559.243276989322,395036.0
6559.42310336393,408521.0
6559.602929738538,426491.0
6559.782756113145,449069.0
6559.962582487753,469274.0
6560.142408862361,489049.0
6560.3222352369685,505527.0
6560.502061611576,534959.0
6560.681887986184,581961.0
6560.861714360792,638539.0
6561.041540735399,712331.0
6561.221367110006,799179.0
6561.401193484614,892486.0
6561.581019859222,963973.0
6561.760846233829,1.0185e+06
6561.940672608437,1.06061e+06
6562.120498983045,1.10884e+06
6562.300325357653,1.18713e+06
6562.48015173226,1.27575e+06
6562.659978106868,1.3349e+06
6562.839804481476,1.32033e+06
6563.0196308560835,1.23863e+06
6563.199457230691,1.12126e+06
6563.379283605299,1.02025e+06
6563.559109979907,974443.0
6563.738936354514,935677.0
6563.918762729122,874094.0
6564.09858910373,804449.0
6564.278415478338,763046.0
6564.458241852945,762256.0
6564.638068227553,765283.0
6564.817894602161,739036.0
6564.9977209767685,694713.0
6565.177547351376,654946.0
6565.357373725984,616440.0
6565.537200100591,574576.0
6565.7170264751985,539948.0
6565.896852849806,507676.0
6566.076679224414,472166.0
6566.256505599022,442861.0
6566.436331973629,414767.0
6566.616158348237,395371.0
6566.795984722845,381502.0
6566.975811097453,371742.0
6567.15563747206,364347.0
6567.335463846668,351381.0
6567.515290221276,341363.0
6567.6951165958835,333694.0
6567.874942970491,329150.0
6568.054769345099,322206.0
6568.234595719707,315435.0
6568.414422094314,309616.0
6568.594248468922,298683.0
6568.77407484353,289466.0
6568.953901218138,288188.0
6569.133727592745,291257.0
6569.313553967353,294293.0
6569.493380341961,293711.0
6569.6732067165685,291499.0
6569.853033091175,291429.0
6570.032859465783,287400.0
6570.212685840391,286553.0
6570.3925122149985,286496.0
6570.572338589606,282647.0
6570.752164964214,276212.0
6570.931991338822,279946.0
6571.111817713429,283165.0
6571.291644088037,282391.0
6571.471470462645,280849.0
6571.651296837253,275254.0
6571.83112321186,260547.0
6572.010949586468,249559.0
6572.190775961076,252373.0
6572.3706023356835,262946.0
6572.550428710291,276386.0
6572.730255084899,280656.0
6572.910081459507,279871.0
6573.0899078341145,281143.0
6573.269734208722,278147.0
6573.44956058333,277246.0
6573.629386957938,274502.0
6573.809213332545,275377.0
6573.989039707152,274743.0
6574.16886608176,278599.0
6574.348692456368,278345.0
6574.528518830975,263017.0
6574.708345205583,239489.0
6574.888171580191,230858.0
6575.067997954799,243929.0
6575.247824329406,263834.0
6575.427650704014,276089.0
6575.607477078622,282060.0
6575.7873034532295,282347.0
6575.967129827837,276925.0
6576.146956202445,274316.0
6576.326782577053,276119.0
6576.50660895166,276954.0
6576.686435326268,274579.0
6576.866261700876,278237.0
6577.046088075484,277731.0
6577.225914450091,280367.0
6577.405740824699,282729.0
6577.585567199307,280157.0
6577.7653935739145,276043.0
6577.945219948522,277948.0
6578.12504632313,283602.0
6578.304872697737,278523.0
6578.4846990723445,277632.0
6578.664525446952,278326.0
6578.84435182156,274212.0
6579.024178196168,275765.0
6579.204004570775,277102.0
6579.383830945383,278237.0
6579.563657319991,276353.0
6579.743483694599,272914.0
6579.923310069206,276747.0
6580.103136443814,279974.0
6580.282962818422,280131.0
6580.4627891930295,276093.0
6580.642615567637,268045.0
6580.822441942245,265798.0
6581.002268316853,267892.0
6581.18209469146,276358.0
6581.361921066068,278359.0
6581.541747440676,279649.0
6581.721573815284,279966.0
6581.901400189891,278912.0
6582.081226564499,275047.0
6582.261052939107,274196.0
6582.4408793137145,276177.0
6582.620705688321,279647.0
6582.800532062929,282377.0
6582.980358437537,278270.0
6583.1601848121445,274537.0
6583.340011186752,268187.0
6583.51983756136,269357.0
6583.699663935968,274791.0
6583.879490310575,275075.0
6584.059316685183,274179.0
6584.239143059791,274502.0
6584.418969434399,278187.0
6584.598795809006,282535.0
6584.778622183614,283109.0
6584.958448558222,282330.0
6585.1382749328295,279975.0
6585.318101307437,276706.0
6585.497927682045,275080.0
6585.677754056653,274055.0
6585.85758043126,275511.0
6586.037406805868,274572.0
6586.217233180476,265693.0
6586.397059555084,258422.0
6586.576885929691,253560.0
6586.756712304299,256730.0
6586.936538678906,268860.0
6587.116365053514,277713.0
6587.296191428121,279992.0
6587.476017802729,275317.0
6587.655844177337,274134.0
6587.8356705519445,277585.0
6588.015496926552,275302.0
6588.19532330116,273720.0
6588.375149675768,274162.0
6588.554976050375,271870.0
6588.734802424983,273814.0
6588.914628799591,278694.0
6589.094455174199,278352.0
6589.274281548806,274262.0
6589.454107923414,272508.0
6589.633934298022,275478.0
6589.8137606726295,277738.0
6589.993587047237,276602.0
6590.173413421845,278009.0
6590.353239796453,280965.0
6590.53306617106,280363.0
6590.712892545668,279430.0
6590.892718920276,277063.0
6591.072545294883,274805.0
6591.2523716694905,273235.0
6591.432198044098,275578.0
6591.612024418706,275887.0
6591.791850793314,278009.0
6591.971677167921,277672.0
6592.151503542529,273189.0
6592.331329917137,272619.0
6592.511156291745,277224.0
6592.690982666352,274693.0
6592.87080904096,271804.0
6593.050635415568,270387.0
6593.2304617901755,270846.0
6593.410288164783,273428.0
6593.590114539391,276009.0
6593.769940913999,275425.0
6593.949767288606,273290.0
6594.129593663214,272575.0
6594.309420037822,271233.0
6594.48924641243,270306.0
6594.669072787037,272084.0
6594.848899161645,270954.0
6595.028725536253,272430.0
6595.2085519108605,276623.0
6595.388378285468,278266.0
6595.568204660075,278969.0
6595.748031034683,276091.0
6595.9278574092905,272860.0
6596.107683783898,273305.0
6596.287510158506,276607.0
6596.467336533114,275314.0
6596.647162907721,272300.0
6596.826989282329,274858.0
6597.006815656937,273854.0
6597.186642031545,271854.0
6597.366468406152,275784.0
6597.54629478076,276440.0
6597.726121155368,277366.0
6597.9059475299755,274596.0
6598.085773904583,275106.0
6598.265600279191,276390.0
6598.445426653799,276522.0
6598.625253028406,276952.0
6598.805079403014,272575.0
6598.984905777622,267707.0
6599.16473215223,264609.0
6599.344558526837,262547.0
6599.524384901445,264491.0
6599.704211276052,269941.0
6599.88403765066,274803.0
6600.063864025267,274612.0
6600.243690399875,276367.0
6600.423516774483,274897.0
6600.6033431490905,276458.0
6600.783169523698,277309.0
6600.962995898306,274396.0
6601.142822272914,274271.0
6601.322648647521,273521.0
6601.502475022129,273759.0
6601.682301396737,272491.0
6601.862127771345,269004.0
6602.041954145952,263793.0
6602.22178052056,266364.0
6602.401606895168,270981.0
6602.5814332697755,271373.0
6602.761259644383,271119.0
6602.941086018991,270373.0
6603.120912393599,274116.0
6603.300738768206,275374.0
6603.480565142814,271603.0
6603.660391517422,270636.0
6603.84021789203,272420.0
6604.020044266636,274114.0
6604.199870641244,272614.0
6604.379697015852,271177.0
6604.55952339046,271097.0
6604.739349765067,271603.0
6604.919176139675,269047.0
6605.099002514283,270226.0
6605.2788288888905,272877.0
6605.458655263498,267867.0
6605.638481638106,266250.0
6605.818308012714,269258.0
6605.998134387321,270612.0
6606.177960761929,271892.0
6606.357787136537,271321.0
6606.537613511145,271304.0
6606.717439885752,271953.0
6606.89726626036,270218.0
6607.077092634968,271282.0
6607.2569190095755,269809.0
6607.436745384183,270129.0
6607.616571758791,270131.0
6607.796398133399,268668.0
6607.976224508006,269301.0
6608.156050882614,269758.0
6608.335877257221,271110.0
6608.515703631829,269627.0
6608.6955300064365,268882.0
6608.875356381044,268538.0
6609.055182755652,268547.0
6609.23500913026,270553.0
6609.414835504867,269211.0
6609.594661879475,265303.0
6609.774488254083,266001.0
6609.954314628691,269174.0
6610.134141003298,267252.0
6610.313967377906,268470.0
6610.493793752514,269172.0
6610.6736201271215,268774.0
6610.853446501729,268442.0
6611.033272876337,267706.0
6611.213099250945,268885.0
6611.392925625552,266782.0
6611.57275200016,266677.0
6611.752578374768,263042.0
6611.932404749376,268170.0
6612.112231123983,266311.0
6612.292057498591,261490.0
6612.471883873199,259631.0
6612.651710247806,262061.0
6612.831536622413,262001.0
6613.011362997021,262267.0
6613.191189371629,260677.0
6613.3710157462365,259092.0
6613.550842120844,265168.0
6613.730668495452,262096.0
6613.91049487006,260841.0
6614.090321244667,262945.0
6614.270147619275,265461.0
6614.449973993883,265502.0
6614.629800368491,265655.0
6614.809626743098,265999.0
6614.989453117706,266424.0
6615.169279492314,264350.0
6615.3491058669215,263903.0
6615.528932241529,262253.0
6615.708758616137,263453.0
6615.888584990745,266372.0
6616.068411365352,264423.0
6616.24823773996,264525.0
6616.428064114568,266821.0
6616.607890489176,266619.0
6616.787716863782,264360.0
6616.96754323839,261697.0
6617.147369612998,259550.0
6617.327195987606,261052.0
6617.507022362213,261721.0
6617.686848736821,264112.0
6617.866675111429,265794.0
6618.0465014860365,261954.0
6618.226327860644,263047.0
6618.406154235252,263593.0
6618.58598060986,259354.0
6618.765806984467,256676.0
6618.945633359075,258135.0
6619.125459733683,260991.0
6619.305286108291,259663.0
6619.485112482898,259578.0
6619.664938857506,259210.0
6619.844765232114,257376.0
6620.0245916067215,260711.0
6620.204417981329,260689.0
6620.384244355937,258679.0
6620.564070730545,258296.0
6620.743897105152,258310.0
6620.92372347976,259846.0
6621.103549854367,258282.0
6621.283376228975,254761.0
6621.463202603582,255937.0
6621.64302897819,258993.0
6621.822855352798,257386.0
6622.002681727406,257456.0
6622.182508102013,258161.0
6622.362334476621,257983.0
6622.542160851229,257724.0
6622.7219872258365,254778.0
6622.901813600444,252304.0
6623.081639975052,251561.0
6623.26146634966,253089.0
6623.441292724267,255168.0
6623.621119098875,256071.0
6623.800945473483,254336.0
6623.980771848091,254710.0
6624.160598222698,255988.0
6624.340424597306,254532.0
6624.520250971914,254139.0
6624.7000773465215,254088.0
6624.879903721129,254433.0
6625.059730095737,253728.0
6625.239556470345,254374.0
6625.4193828449515,256059.0
6625.599209219559,254059.0
6625.779035594167,254678.0
6625.958861968775,254227.0
6626.1386883433825,250074.0
6626.31851471799,252306.0
6626.498341092598,252794.0
6626.678167467206,250330.0
6626.857993841813,248977.0
6627.037820216421,250312.0
6627.217646591029,251305.0
6627.397472965637,249326.0
6627.577299340244,251368.0
6627.757125714852,251807.0
6627.93695208946,250453.0
6628.1167784640675,246677.0
6628.296604838675,249437.0
6628.476431213283,246858.0
6628.656257587891,246045.0
6628.836083962498,249905.0
6629.015910337106,248687.0
6629.195736711714,246463.0
6629.375563086322,246024.0
6629.555389460929,246050.0
6629.735215835536,247943.0
6629.915042210144,251111.0
6630.094868584752,248420.0
6630.274694959359,244668.0
6630.454521333967,245097.0
6630.634347708575,248947.0
6630.8141740831825,247926.0
6630.99400045779,244027.0
6631.173826832398,244378.0
6631.353653207006,245787.0
6631.533479581613,246669.0
6631.713305956221,243826.0
6631.893132330829,243573.0
6632.072958705437,239776.0
6632.252785080044,241683.0
6632.432611454652,244416.0
6632.61243782926,243588.0
6632.7922642038675,242307.0
6632.972090578475,243056.0
6633.151916953083,242967.0
6633.331743327691,240756.0
6633.511569702298,240815.0
6633.691396076906,241745.0
6633.871222451513,242687.0
6634.051048826121,243329.0
6634.230875200728,242096.0
6634.410701575336,240966.0
6634.590527949944,239986.0
6634.770354324552,240048.0
6634.950180699159,238851.0
6635.130007073767,241999.0
6635.309833448375,239370.0
6635.4896598229825,238240.0
6635.66948619759,239406.0
6635.849312572198,238269.0
6636.029138946806,239414.0
6636.208965321413,241535.0
6636.388791696021,239322.0
6636.568618070629,237466.0
6636.748444445237,239291.0
6636.928270819844,240182.0
6637.108097194452,240914.0
6637.28792356906,236734.0
6637.4677499436675,234106.0
6637.647576318275,237679.0
6637.827402692883,238071.0
6638.007229067491,234532.0
6638.187055442098,232853.0
6638.366881816705,236145.0
6638.546708191313,233759.0
6638.726534565921,235035.0
6638.906360940528,235429.0
6639.086187315136,234159.0
6639.266013689744,233049.0
6639.445840064352,233992.0
6639.625666438959,233528.0
6639.805492813567,232078.0
6639.985319188175,230980.0
6640.1651455627825,230196.0
6640.34497193739,231728.0
6640.524798311998,230639.0
6640.704624686606,231511.0
6640.884451061213,230139.0
6641.064277435821,229317.0
6641.244103810429,227509.0
6641.423930185037,229193.0
6641.603756559644,231395.0
6641.783582934252,227829.0
6641.96340930886,229353.0
6642.1432356834675,228608.0
6642.323062058075,227269.0
6642.502888432682,227558.0
6642.68271480729,228564.0
6642.8625411818975,227441.0
6643.042367556505,226206.0
6643.222193931113,225131.0
6643.402020305721,224585.0
6643.581846680328,225417.0
6643.761673054936,226041.0
6643.941499429544,226922.0
6644.121325804152,226227.0
6644.301152178759,225933.0
6644.480978553367,226621.0
6644.660804927975,227429.0
6644.840631302583,226466.0
6645.02045767719,224807.0
6645.200284051798,222193.0
6645.380110426406,223702.0
6645.5599368010135,225940.0
6645.739763175621,225241.0
6645.919589550229,222994.0
6646.099415924837,222743.0
6646.279242299444,221573.0
6646.459068674052,222491.0
6646.63889504866,224002.0
6646.818721423267,224870.0
6646.998547797874,221535.0
6647.178374172482,221604.0
6647.35820054709,224504.0
6647.538026921698,221795.0
6647.717853296305,219755.0
6647.897679670913,217895.0
6648.077506045521,219182.0
6648.2573324201285,220328.0
6648.437158794736,219221.0
6648.616985169344,217800.0
6648.796811543952,218400.0
6648.976637918559,217457.0
6649.156464293167,218907.0
6649.336290667775,217865.0
6649.516117042383,219266.0
6649.69594341699,219096.0
6649.875769791598,215241.0
6650.055596166206,217399.0
6650.2354225408135,215021.0
6650.415248915421,214488.0
6650.595075290029,214794.0
6650.774901664637,215268.0
6650.9547280392435,216520.0
6651.134554413851,217438.0
6651.314380788459,214826.0
6651.494207163067,212354.0
6651.674033537674,210033.0
6651.853859912282,212057.0
6652.03368628689,212697.0
6652.213512661498,213382.0
6652.393339036105,213162.0
6652.573165410713,212492.0
6652.752991785321,212322.0
6652.9328181599285,209560.0
6653.112644534536,209447.0
6653.292470909144,209706.0
6653.472297283752,210065.0
6653.652123658359,210333.0
6653.831950032967,210683.0
6654.011776407575,209374.0
6654.191602782183,210695.0
6654.37142915679,210377.0
6654.551255531398,206883.0
6654.731081906006,208276.0
6654.9109082806135,208280.0
6655.090734655221,208392.0
6655.270561029829,206555.0
6655.450387404436,206356.0
6655.6302137790435,206249.0
6655.810040153651,205973.0
6655.989866528259,206040.0
6656.169692902867,206272.0
6656.349519277474,203788.0
6656.529345652082,204165.0
6656.70917202669,205182.0
6656.888998401298,202513.0
6657.068824775905,202769.0
6657.248651150513,202582.0
6657.428477525121,200956.0
6657.6083038997285,200353.0
6657.788130274336,201281.0
6657.967956648944,205628.0
6658.147783023552,205054.0
6658.327609398159,202390.0
6658.507435772767,201163.0
6658.687262147375,199753.0
6658.867088521983,201905.0
6659.04691489659,202090.0
6659.226741271198,201276.0
6659.406567645806,201511.0
6659.586394020413,201143.0
6659.76622039502,197918.0
6659.946046769628,197627.0
6660.125873144236,201154.0
6660.3056995188435,199172.0
6660.485525893451,195223.0
6660.665352268059,196460.0
6660.845178642667,198801.0
6661.025005017274,195231.0
6661.204831391882,195495.0
6661.38465776649,195951.0
6661.564484141098,195334.0
6661.744310515705,196178.0
6661.924136890313,195747.0
6662.103963264921,194216.0
6662.283789639529,194634.0
6662.463616014136,197208.0
6662.643442388744,194928.0
6662.823268763352,193079.0
6663.0030951379595,192766.0
6663.182921512567,192246.0
6663.362747887175,191791.0
6663.542574261783,189972.0
6663.72240063639,189006.0
6663.902227010997,193704.0
6664.082053385605,193096.0
6664.261879760213,190900.0
6664.44170613482,190140.0
6664.621532509428,189973.0
6664.801358884036,189270.0
6664.981185258644,187714.0
6665.161011633251,187583.0
6665.340838007859,187183.0
6665.520664382467,183871.0
6665.7004907570745,186203.0
6665.880317131682,185628.0
6666.06014350629,185405.0
6666.239969880898,186315.0
6666.419796255505,185225.0
6666.599622630113,185224.0
6666.779449004721,185093.0
6666.959275379329,184818.0
6667.139101753936,184713.0
6667.318928128544,183170.0
6667.498754503152,180627.0
6667.6785808777595,182242.0
6667.858407252367,183184.0
6668.038233626974,181195.0
6668.218060001582,180492.0
6668.3978863761895,181118.0
6668.577712750797,181411.0
6668.757539125405,181338.0
6668.937365500013,179893.0
6669.11719187462,180412.0
6669.297018249228,177928.0
6669.476844623836,177819.0
6669.656670998444,178366.0
6669.836497373051,176778.0
6670.016323747659,176285.0
6670.196150122267,177604.0
6670.3759764968745,179552.0
6670.555802871482,178487.0
6670.73562924609,177024.0
6670.915455620698,174463.0
6671.095281995305,172212.0
6671.275108369913,173048.0
6671.454934744521,173808.0
6671.634761119129,175239.0
6671.814587493736,172754.0
6671.994413868344,171890.0
6672.174240242952,172371.0
6672.3540666175595,172244.0
6672.533892992166,172022.0
6672.713719366774,170213.0
6672.893545741382,169510.0
6673.0733721159895,167197.0
6673.253198490597,166083.0
6673.433024865205,167853.0
6673.612851239813,168036.0
6673.79267761442,167359.0
6673.972503989028,164428.0
6674.152330363636,164662.0
6674.332156738244,165514.0
6674.511983112851,166677.0
6674.691809487459,166612.0
6674.871635862067,164481.0
6675.0514622366745,165244.0
6675.231288611282,163737.0
6675.41111498589,163529.0
6675.590941360498,166089.0
6675.770767735105,167031.0
6675.950594109713,168133.0
6676.130420484321,166506.0
6676.310246858929,166900.0
6676.490073233536,166997.0
6676.669899608143,165877.0
6676.849725982751,167940.0
6677.029552357359,168076.0
6677.209378731966,168372.0
6677.389205106574,167604.0
6677.569031481182,166933.0
6677.7488578557895,167983.0
6677.928684230397,165993.0
6678.108510605005,164349.0
6678.288336979613,162275.0
6678.46816335422,161401.0
6678.647989728828,159081.0
6678.827816103436,157275.0
6679.007642478044,157960.0
6679.187468852651,157791.0
6679.367295227259,158469.0
6679.547121601867,157371.0
6679.726947976475,161610.0
6679.906774351082,160987.0
6680.08660072569,159371.0
6680.266427100298,160814.0
6680.4462534749055,160389.0
6680.626079849513,159369.0
6680.805906224121,158480.0
6680.985732598729,158275.0
6681.1655589733355,157033.0
6681.345385347943,154506.0
6681.525211722551,152734.0
6681.705038097159,152516.0
6681.884864471766,151185.0
6682.064690846374,149659.0
6682.244517220982,147924.0
6682.42434359559,148737.0
6682.604169970197,149282.0
6682.783996344805,149689.0
6682.963822719413,148744.0
6683.1436490940205,147891.0
6683.323475468628,148082.0
6683.503301843236,147528.0
6683.683128217844,146040.0
6683.862954592451,144474.0
6684.042780967059,143914.0
6684.222607341667,144396.0
6684.402433716275,143825.0
6684.582260090882,143966.0
6684.76208646549,143761.0
6684.941912840098,142923.0
6685.1217392147055,143418.0
6685.301565589312,142706.0
6685.48139196392,142084.0
6685.661218338528,141275.0
6685.8410447131355,140140.0
6686.020871087743,139530.0
6686.200697462351,139304.0
6686.380523836959,139211.0
6686.560350211566,138660.0
6686.740176586174,139745.0
6686.920002960782,139584.0
6687.09982933539,137934.0
6687.279655709997,137210.0
6687.459482084605,137286.0
6687.639308459213,137058.0
6687.8191348338205,136719.0
6687.998961208428,135494.0
6688.178787583036,135215.0
6688.358613957644,135098.0
6688.538440332251,133564.0
6688.718266706859,133721.0
6688.898093081467,134871.0
6689.077919456075,135537.0
6689.257745830682,133151.0
6689.43757220529,133490.0
6689.617398579897,131940.0
6689.797224954505,131938.0
6689.977051329112,132316.0
6690.15687770372,131094.0
6690.336704078328,129878.0
6690.5165304529355,129295.0
6690.696356827543,129316.0
6690.876183202151,129133.0
6691.056009576759,130128.0
6691.235835951366,127909.0
6691.415662325974,126982.0
6691.595488700582,127433.0
6691.77531507519,126507.0
6691.955141449797,125227.0
6692.134967824405,128391.0
6692.314794199013,126359.0
6692.4946205736205,125390.0
6692.674446948228,125099.0
6692.854273322836,125242.0
6693.034099697444,125100.0
6693.213926072051,124306.0
6693.393752446659,123729.0
6693.573578821267,122069.0
6693.753405195874,121048.0
6693.933231570481,121999.0
6694.113057945089,122334.0
6694.292884319697,123100.0
6694.472710694305,120641.0
6694.652537068912,119954.0
6694.83236344352,119729.0
6695.012189818128,119944.0
6695.1920161927355,120420.0
6695.371842567343,117376.0
6695.551668941951,117414.0
6695.731495316559,116771.0
6695.911321691166,115078.0
6696.091148065774,116515.0
6696.270974440382,115668.0
6696.45080081499,114357.0
6696.630627189597,115350.0
6696.810453564205,114647.0
6696.990279938813,115258.0
6697.170106313421,113815.0
6697.349932688028,113481.0
6697.529759062636,114049.0
6697.709585437244,112917.0
6697.8894118118515,112428.0
6698.069238186459,111615.0
6698.249064561066,111063.0
6698.428890935674,110822.0
6698.6087173102815,110920.0
6698.788543684889,110357.0
6698.968370059497,109212.0
6699.148196434105,108277.0
6699.328022808712,108106.0
6699.50784918332,107993.0
6699.687675557928,106792.0
6699.867501932536,106768.0
6700.047328307143,105637.0
6700.227154681751,105341.0
6700.406981056359,104657.0
6700.5868074309665,104102.0
6700.766633805574,105314.0
6700.946460180182,105824.0
6701.12628655479,103672.0
6701.306112929397,103471.0
6701.485939304005,102152.0
6701.665765678613,101322.0
6701.845592053221,100867.0
6702.025418427828,102402.0
6702.205244802436,100100.0
6702.385071177043,100025.0
6702.564897551651,101481.0
6702.744723926258,100117.0
6702.924550300866,99200.3
6703.104376675474,100197.0
6703.2842030500815,99446.6
6703.464029424689,98550.6
6703.643855799297,97512.6
6703.823682173905,97262.1
6704.003508548512,95758.7
6704.18333492312,95087.9
6704.363161297728,97487.2
6704.542987672336,97146.6
6704.722814046943,95240.6
6704.902640421551,95057.2
6705.082466796159,94147.1
6705.2622931707665,93626.1
6705.442119545374,95429.6
6705.621945919982,92751.0
6705.80177229459,91263.7
6705.981598669197,92236.2
6706.161425043805,92590.9
6706.341251418413,89586.8
6706.521077793021,89776.1
6706.700904167627,90122.1
6706.880730542235,89616.1
6707.060556916843,89342.1
6707.240383291451,88997.2
6707.420209666058,89121.0
6707.600036040666,88319.4
6707.779862415274,89606.8
6707.9596887898815,88324.7
6708.139515164489,86698.7
6708.319341539097,86578.8
6708.499167913705,95214.4
6708.678994288312,91405.8
6708.85882066292,83314.1
6709.038647037528,84581.4
6709.218473412136,84662.8
6709.398299786743,85250.1
6709.578126161351,83525.7
6709.757952535959,83640.2
6709.9377789105665,82616.9
6710.117605285174,83257.7
6710.297431659782,84530.4
6710.47725803439,80872.5
6710.657084408997,81466.5
6710.836910783604,81272.7
6711.016737158212,79059.2
6711.19656353282,79443.1
6711.376389907427,80975.5
6711.556216282035,78293.9
6711.736042656643,78124.5
6711.915869031251,77890.7
6712.095695405858,75865.4
6712.275521780466,76339.2
6712.455348155074,76067.6
6712.6351745296815,76856.1
6712.815000904289,76682.1
6712.994827278897,75438.6
6713.174653653505,74718.4
6713.354480028112,74432.9
6713.53430640272,74048.4
6713.714132777328,73276.5
6713.893959151936,72238.7
6714.073785526543,73762.6
6714.253611901151,73879.5
6714.433438275759,72976.2
6714.613264650367,70245.6
6714.793091024974,70895.8
6714.972917399582,71430.3
6715.15274377419,70805.6
6715.332570148797,70990.6
6715.512396523404,71087.1
6715.692222898012,69472.5
6715.87204927262,68948.3
6716.0518756472275,68576.1
6716.231702021835,68542.3
6716.411528396443,69005.5
6716.591354771051,67594.4
6716.771181145658,67123.3
6716.951007520266,65994.3
6717.130833894874,65545.0
6717.310660269482,66179.3
6717.490486644089,66326.4
6717.670313018697,67285.3
6717.850139393305,64991.0
6718.0299657679125,64378.8
6718.20979214252,63944.2
6718.389618517128,63408.1
6718.569444891736,62516.0
6718.749271266343,63337.1
6718.929097640951,61831.2
6719.108924015559,61239.5
6719.288750390167,61589.1
6719.468576764773,61735.1
6719.648403139381,61355.5
6719.828229513989,61478.0
6720.008055888597,60960.0
6720.187882263204,59474.1
6720.367708637812,58908.0
6720.54753501242,59589.1
6720.7273613870275,58872.0
6720.907187761635,58663.1
6721.087014136243,58163.0
6721.266840510851,57079.7
6721.446666885458,57552.2
6721.626493260066,56816.1
6721.806319634674,56348.2
6721.986146009282,55341.1
6722.165972383889,55124.7
6722.345798758497,56482.5
6722.525625133105,55440.3
6722.7054515077125,54528.3
6722.88527788232,54708.4
6723.065104256928,53012.5
6723.244930631536,53055.5
6723.424757006143,52329.1
6723.604583380751,53655.8
6723.784409755359,53640.8
6723.964236129966,52563.9
6724.144062504573,52223.4
6724.323888879181,51679.6
6724.503715253789,50764.5
6724.683541628397,52002.7
6724.863368003004,51869.4
6725.043194377612,50052.5
6725.22302075222,49067.2
6725.4028471268275,48831.2
6725.582673501435,49849.9
6725.762499876043,48815.9
6725.942326250651,48604.8
6726.122152625258,48396.4
6726.301978999866,46267.2
6726.481805374474,47351.2
6726.661631749082,47731.6
6726.841458123689,47495.0
6727.021284498297,47844.9
6727.201110872905,47368.0
6727.3809372475125,46466.2
6727.56076362212,45464.1
6727.740589996728,45357.8
6727.920416371336,45502.4
6728.1002427459425,44873.1
6728.28006912055,45631.7
6728.459895495158,44000.2
6728.639721869766,44659.6
6728.819548244373,43420.6
6728.999374618981,42770.5
6729.179200993589,42468.8
6729.359027368197,42229.9
6729.538853742804,42349.7
6729.718680117412,42638.4
6729.89850649202,42746.7
6730.0783328666275,41204.0
6730.258159241235,41188.2
6730.437985615843,39680.5
6730.617811990451,40340.9
6730.797638365058,40543.0
6730.977464739666,40158.3
6731.157291114274,39791.2
6731.337117488882,39717.6
6731.516943863489,38770.0
6731.696770238097,38756.3
6731.876596612705,38647.3
6732.0564229873125,38341.7
6732.23624936192,37483.4
6732.416075736527,38135.2
6732.595902111135,37683.5
6732.775728485743,37312.8
6732.95555486035,36796.6
6733.135381234958,34502.9
