6485.7415940477,36108.7
6485.921335144665,35573.6
6486.10107624163,35710.9
6486.280817338595,36105.4
6486.46055843556,36106.3
6486.640299532525,36134.2
6486.82004062949,36447.4
6486.999781726455,36765.9
6487.17952282342,37262.2
6487.359263920384,37780.5
6487.539005017349,37459.6
6487.718746114314,37507.6
6487.89848721128,37936.2
6488.078228308244,38096.0
6488.257969405209,38034.0
6488.437710502174,38118.5
6488.617451599139,38599.8
6488.797192696104,39192.2
6488.976933793068,38567.6
6489.156674890034,39160.6
6489.336415986999,39252.0
6489.516157083964,39286.5
6489.695898180928,40416.6
6489.875639277893,41609.9
6490.055380374858,41934.3
6490.235121471823,40968.8
6490.414862568788,40366.9
6490.594603665753,40383.8
6490.774344762718,39661.2
6490.954085859683,40043.3
6491.133826956648,42190.7
6491.3135680536125,43160.0
6491.493309150577,42509.8
6491.673050247542,43075.8
6491.852791344507,43134.1
6492.0325324414725,43034.1
6492.212273538437,43611.2
6492.392014635402,43737.3
6492.571755732367,43899.9
6492.751496829332,43787.2
6492.9312379262965,43247.0
6493.110979023261,43910.8
6493.290720120227,44390.8
6493.470461217192,45230.2
6493.650202314157,46012.2
6493.829943411121,45433.3
6494.009684508086,45523.4
6494.189425605051,46581.1
6494.369166702016,46907.4
6494.5489077989805,47080.2
6494.728648895946,48041.3
6494.908389992911,48299.6
6495.088131089876,47962.3
6495.267872186841,48280.8
6495.447613283805,48099.7
6495.62735438077,47116.2
6495.807095477735,46819.4
6495.986836574701,46977.0
6496.166577671665,47189.8
6496.34631876863,49031.0
6496.526059865595,49833.4
6496.70580096256,50823.2
6496.885542059525,50647.8
6497.065283156489,50629.0
6497.245024253454,51061.2
6497.42476535042,50996.0
6497.604506447385,50996.9
6497.7842475443495,51527.2
6497.963988641314,51821.2
6498.143729738279,52058.1
6498.323470835244,52696.4
6498.503211932209,52553.8
6498.682953029174,52737.6
6498.862694126139,53352.3
6499.042435223104,53695.4
6499.222176320069,54086.3
6499.4019174170335,54692.8
6499.581658513998,55293.0
6499.761399610963,54673.2
6499.941140707928,55185.8
6500.1208818048935,55726.6
6500.300622901858,55841.7
6500.480363998823,56495.0
6500.660105095788,56855.7
6500.839846192753,57152.8
6501.0195872897175,58533.9
6501.199328386682,57832.4
6501.379069483647,57184.6
6501.558810580613,57096.8
6501.738551677578,57064.2
6501.918292774542,57752.6
6502.098033871507,59060.4
6502.277774968472,59136.5
6502.457516065437,58104.1
6502.6372571624015,58578.7
6502.816998259367,59897.9
6502.996739356332,60461.4
6503.176480453297,59842.0
6503.356221550262,60378.7
6503.535962647226,61659.3
6503.715703744191,61110.8
6503.895444841156,60093.7
6504.075185938121,60769.6
6504.254927035086,61738.9
6504.434668132051,62499.3
6504.614409229016,62355.1
6504.794150325981,62735.8
6504.973891422946,62975.1
6505.15363251991,62978.3
6505.333373616875,63924.4
6505.513114713841,65006.6
6505.692855810806,65180.6
6505.8725969077705,65166.0
6506.052338004735,64927.7
6506.2320791017,64827.0
6506.411820198665,64684.1
6506.59156129563,66060.2
6506.771302392594,66516.8
6506.95104348956,65467.6
6507.130784586525,65765.3
6507.31052568349,66850.1
6507.4902667804545,67064.8
6507.670007877419,67858.5
6507.849748974384,67139.3
6508.029490071349,66611.1
6508.209231168315,68286.6
6508.388972265279,69102.1
6508.568713362244,68275.0
6508.748454459209,68018.0
6508.928195556174,68575.3
6509.1079366531385,69287.4
6509.287677750103,70202.5
6509.467418847068,70267.7
6509.647159944034,70142.7
6509.826901040999,71350.6
6510.006642137963,70958.8
6510.186383234928,70977.0
6510.366124331893,72214.0
6510.545865428858,72989.3
6510.7256065258225,72467.9
6510.905347622787,71962.0
6511.085088719753,73076.6
6511.264829816718,74012.9
6511.444570913683,74065.0
6511.624312010647,73342.4
6511.804053107612,72688.3
6511.983794204577,73491.9
6512.163535301542,74490.0
6512.343276398507,74903.2
6512.523017495472,75001.1
6512.702758592437,75471.1
6512.882499689402,76580.5
6513.062240786367,75603.6
6513.241981883331,76103.1
6513.421722980296,76148.4
6513.601464077261,76658.6
6513.781205174227,77258.9
6513.9609462711915,77842.3
6514.140687368156,78195.8
6514.320428465121,77030.0
6514.500169562086,75535.9
6514.679910659051,76026.5
6514.859651756015,76892.7
6515.039392852981,78117.9
6515.219133949946,79339.0
6515.398875046911,79586.8
6515.5786161438755,79923.7
6515.75835724084,79859.6
6515.938098337805,79199.8
6516.11783943477,79006.0
6516.297580531735,78366.7
6516.4773216287,76043.8
6516.657062725665,74849.5
6516.83680382263,78095.1
6517.016544919595,80761.6
6517.1962860165595,80490.0
6517.376027113524,81854.0
6517.555768210489,83297.0
6517.735509307455,83260.7
6517.91525040442,83398.4
6518.094991501384,83812.1
6518.274732598349,84711.2
6518.454473695314,85453.0
6518.634214792279,84736.2
6518.8139558892435,85631.8
6518.993696986208,84340.7
6519.173438083174,84051.1
6519.353179180139,84560.5
6519.532920277104,84710.6
6519.712661374068,85868.5
6519.892402471033,87065.7
6520.072143567998,87628.2
6520.251884664963,89345.8
6520.4316257619275,89356.6
6520.611366858893,88527.9
6520.791107955858,89010.8
6520.970849052823,89485.7
6521.150590149788,89778.0
6521.330331246752,90293.2
6521.510072343717,90811.1
6521.689813440682,91090.8
6521.869554537648,91319.4
6522.0492956346125,90947.5
6522.229036731577,89803.0
6522.408777828542,91341.0
6522.588518925507,91979.5
6522.768260022472,91880.3
6522.948001119436,92321.1
6523.127742216401,93924.7
6523.307483313367,92846.1
6523.487224410332,90916.6
6523.6669655072965,91023.3
6523.846706604261,90444.4
6524.026447701226,91803.2
6524.206188798191,94757.5
6524.385929895156,95163.4
6524.565670992121,96423.3
6524.745412089086,96125.0
6524.925153186051,96167.9
6525.104894283016,96870.5
6525.2846353799805,96853.9
6525.464376476945,96801.1
6525.64411757391,97342.0
6525.823858670875,97746.3
6526.003599767841,98028.1
6526.183340864805,98840.3
6526.36308196177,98323.9
6526.542823058735,99384.8
6526.7225641557,99162.6
6526.9023052526645,98718.8
6527.082046349629,99915.3
6527.261787446594,101108.0
6527.44152854356,100326.0
6527.621269640525,100592.0
6527.801010737489,103032.0
6527.980751834454,102749.0
6528.160492931419,102196.0
6528.340234028384,102690.0
6528.5199751253485,104397.0
6528.699716222314,104584.0
6528.879457319279,104811.0
6529.059198416244,104204.0
6529.238939513209,104020.0
6529.418680610173,104828.0
6529.598421707138,104694.0
6529.778162804103,104610.0
6529.957903901068,105563.0
6530.1376449980335,106066.0
6530.317386094998,106362.0
6530.497127191963,106402.0
6530.676868288928,105122.0
6530.856609385893,106056.0
6531.036350482857,106580.0
6531.216091579822,107152.0
6531.395832676788,107601.0
6531.575573773753,107966.0
6531.7553148707175,109229.0
6531.935055967682,107951.0
6532.114797064647,104902.0
6532.294538161612,105139.0
6532.474279258577,105691.0
6532.654020355541,106026.0
6532.833761452507,108486.0
6533.013502549472,109395.0
6533.193243646437,109768.0
6533.3729847434015,111116.0
6533.552725840366,111624.0
6533.732466937331,109980.0
6533.912208034296,108776.0
6534.091949131262,109294.0
6534.271690228226,108760.0
6534.451431325191,110519.0
6534.631172422156,113105.0
6534.810913519121,113077.0
6534.9906546160855,112664.0
6535.17039571305,113885.0
6535.350136810015,113104.0
6535.529877906981,112363.0
6535.709619003946,113541.0
6535.88936010091,114948.0
6536.069101197875,115190.0
6536.24884229484,113910.0
6536.428583391805,113763.0
6536.6083244887695,114526.0
6536.788065585735,114890.0
6536.9678066827,114611.0
6537.147547779665,114999.0
6537.32728887663,115909.0
6537.507029973594,117073.0
6537.686771070559,116756.0
6537.866512167524,116635.0
6538.046253264489,117574.0
6538.2259943614545,117540.0
6538.405735458419,117330.0
6538.585476555384,117587.0
6538.765217652349,117975.0
6538.944958749314,119151.0
6539.124699846278,119095.0
6539.304440943243,118961.0
6539.484182040208,119915.0
6539.663923137174,118155.0
6539.8436642341385,118506.0
6540.023405331103,119821.0
6540.203146428068,119334.0
6540.382887525033,119882.0
6540.562628621998,121437.0
6540.742369718962,121913.0
6540.922110815928,122004.0
6541.101851912893,123044.0
6541.281593009858,121525.0
6541.4613341068225,121573.0
6541.641075203787,121872.0
6541.820816300752,123099.0
6542.000557397717,122677.0
6542.180298494682,121163.0
6542.360039591647,121407.0
6542.539780688612,121974.0
6542.719521785577,122995.0
6542.899262882542,124798.0
6543.0790039795065,124216.0
6543.258745076471,123652.0
6543.438486173436,123760.0
6543.618227270402,122495.0
6543.797968367367,119825.0
6543.977709464331,117396.0
6544.157450561296,120587.0
6544.337191658261,123397.0
6544.516932755226,124310.0
6544.6966738521905,125126.0
6544.876414949155,126202.0
6545.056156046121,126028.0
6545.235897143086,125202.0
6545.415638240051,126001.0
6545.595379337015,126001.0
6545.77512043398,127039.0
6545.954861530945,128416.0
6546.13460262791,127362.0
6546.314343724875,128369.0
6546.49408482184,128394.0
6546.673825918805,128640.0
6546.85356701577,128882.0
6547.033308112735,129572.0
6547.213049209699,129297.0
6547.392790306664,127479.0
6547.572531403629,126753.0
6547.752272500595,127283.0
6547.9320135975595,127927.0
6548.111754694524,129035.0
6548.291495791489,128927.0
6548.471236888454,127383.0
6548.650977985419,125580.0
6548.830719082383,127711.0
6549.010460179348,129117.0
6549.190201276314,129093.0
6549.369942373279,129787.0
6549.5496834702435,130997.0
6549.729424567208,130814.0
6549.909165664173,130550.0
6550.088906761138,131543.0
6550.268647858103,132594.0
6550.448388955068,132466.0
6550.628130052033,130788.0
6550.807871148998,130717.0
6550.987612245963,130287.0
6551.1673533429275,129266.0
6551.347094439892,130368.0
6551.526835536857,131544.0
6551.706576633822,131136.0
6551.886317730788,129731.0
6552.066058827752,130567.0
6552.245799924717,129997.0
6552.425541021682,126562.0
6552.605282118647,124722.0
6552.785023215612,126469.0
6552.964764312576,130212.0
6553.144505409542,132302.0
6553.324246506507,131831.0
6553.503987603472,131240.0
6553.683728700436,130154.0
6553.863469797401,130710.0
6554.043210894366,130806.0
6554.222951991331,133155.0
6554.402693088296,133980.0
6554.582434185261,132972.0
6554.762175282226,132492.0
6554.941916379191,133468.0
6555.121657476156,133612.0
6555.30139857312,133192.0
6555.481139670085,132826.0
6555.66088076705,131992.0
6555.840621864016,131439.0
6556.0203629609805,129911.0
6556.200104057945,132012.0
6556.37984515491,132582.0
6556.559586251875,131363.0
6556.73932734884,130858.0
6556.919068445804,129857.0
6557.098809542769,128481.0
6557.278550639735,129305.0
6557.4582917367,133734.0
6557.6380328336645,137953.0
6557.817773930629,141353.0
6557.997515027594,146219.0
6558.177256124559,153906.0
6558.356997221524,163399.0
6558.5367383184885,174532.0
6558.716479415454,189646.0
6558.896220512419,205619.0
6559.075961609384,223856.0
6559.2557027063485,245481.0
6559.435443803313,262732.0
6559.615184900278,281681.0
6559.794925997243,297222.0
6559.974667094209,311604.0
6560.154408191173,316522.0
6560.334149288138,311940.0
6560.513890385103,307733.0
6560.693631482068,303679.0
6560.873372579033,299269.0
6561.053113675997,293576.0
6561.232854772962,285168.0
6561.412595869928,274857.0
6561.592336966893,258692.0
6561.772078063857,234154.0
6561.951819160822,197645.0
6562.131560257787,159872.0
6562.311301354752,130787.0
6562.491042451717,113419.0
6562.670783548682,108795.0
6562.850524645647,113012.0
6563.030265742612,126166.0
6563.210006839577,148469.0
6563.389747936541,178391.0
6563.569489033506,209496.0
6563.749230130471,236010.0
6563.928971227436,255170.0
6564.1087123244015,269135.0
6564.288453421366,280438.0
6564.468194518331,292570.0
6564.647935615296,306961.0
6564.827676712261,315060.0
6565.007417809225,319613.0
6565.18715890619,320340.0
6565.366900003155,315952.0
6565.546641100121,308353.0
6565.7263821970855,299142.0
6565.90612329405,288108.0
6566.085864391015,269920.0
6566.26560548798,252330.0
6566.445346584945,235693.0
6566.6250876819095,218041.0
6566.804828778875,199538.0
6566.98456987584,184748.0
6567.164310972805,173721.0
6567.3440520697695,164190.0
6567.523793166734,156745.0
6567.703534263699,152764.0
6567.883275360664,150998.0
6568.063016457629,146649.0
6568.242757554594,143657.0
6568.422498651559,141468.0
6568.602239748524,138943.0
6568.781980845489,139673.0
6568.961721942454,140433.0
6569.141463039418,140393.0
6569.321204136383,140675.0
6569.500945233349,141627.0
6569.680686330314,142319.0
6569.860427427278,143560.0
6570.040168524243,144690.0
6570.219909621208,144804.0
6570.399650718173,144000.0
6570.579391815138,143283.0
6570.759132912102,143405.0
6570.938874009068,144735.0
6571.118615106033,145013.0
6571.298356202998,143162.0
6571.478097299962,143256.0
6571.657838396927,142914.0
6571.837579493892,140629.0
6572.017320590857,140614.0
6572.1970616878225,139156.0
6572.376802784787,140607.0
6572.556543881752,142432.0
6572.736284978717,142955.0
6572.916026075682,142540.0
6573.095767172646,142705.0
6573.275508269611,141894.0
6573.455249366576,144207.0
6573.634990463542,145097.0
6573.8147315605065,143873.0
6573.994472657471,143848.0
6574.174213754436,144315.0
6574.353954851401,144307.0
6574.533695948366,142930.0
6574.7134370453305,140124.0
6574.893178142296,138705.0
6575.072919239261,141156.0
6575.252660336226,144412.0
6575.4324014331905,144913.0
6575.612142530155,145552.0
6575.79188362712,146098.0
6575.971624724085,146828.0
6576.15136582105,146462.0
6576.331106918015,144916.0
6576.51084801498,145663.0
6576.690589111945,146233.0
6576.87033020891,147512.0
6577.050071305875,147830.0
6577.229812402839,145519.0
6577.409553499804,146388.0
6577.589294596769,146651.0
6577.769035693735,144946.0
6577.948776790699,145137.0
6578.128517887664,146079.0
6578.308258984629,145953.0
6578.488000081594,144507.0
6578.667741178559,145062.0
6578.847482275523,147321.0
6579.027223372489,147043.0
6579.206964469454,147617.0
6579.386705566419,147684.0
6579.566446663383,147743.0
6579.746187760348,147401.0
6579.925928857313,148138.0
6580.105669954278,148038.0
6580.285411051243,149276.0
6580.465152148208,148817.0
6580.644893245173,148074.0
6580.824634342138,147486.0
6581.004375439103,146463.0
6581.184116536067,148941.0
6581.363857633032,149840.0
6581.543598729997,149204.0
6581.723339826963,149473.0
6581.9030809239275,149695.0
6582.082822020892,149974.0
6582.262563117857,151067.0
6582.442304214822,151466.0
6582.622045311787,150977.0
6582.8017864087515,148365.0
6582.981527505716,146774.0
6583.161268602682,148539.0
6583.341009699647,149239.0
6583.5207507966115,151017.0
6583.700491893576,152571.0
6583.880232990541,152348.0
6584.059974087506,151741.0
6584.239715184471,151532.0
6584.4194562814355,153316.0
6584.599197378401,154396.0
6584.778938475366,153270.0
6584.958679572331,152345.0
6585.138420669296,154125.0
6585.31816176626,152616.0
6585.497902863225,153357.0
6585.67764396019,154075.0
6585.857385057156,154732.0
6586.03712615412,154280.0
6586.216867251085,153484.0
6586.39660834805,152400.0
6586.576349445015,150303.0
6586.75609054198,150805.0
6586.935831638944,153385.0
6587.115572735909,153625.0
6587.295313832875,154523.0
6587.47505492984,156386.0
6587.654796026804,155562.0
6587.834537123769,153689.0
6588.014278220734,152905.0
6588.194019317699,154045.0
6588.373760414664,154975.0
6588.553501511629,153452.0
6588.733242608594,153733.0
6588.912983705559,154508.0
6589.092724802524,153224.0
6589.272465899488,154809.0
6589.452206996453,155331.0
6589.631948093418,154804.0
6589.811689190383,157601.0
6589.9914302873485,158547.0
6590.171171384313,158150.0
6590.350912481278,155317.0
6590.530653578243,157250.0
6590.710394675208,158054.0
6590.8901357721725,157038.0
6591.069876869137,157237.0
6591.249617966103,156532.0
6591.429359063068,157068.0
6591.6091001600325,158160.0
6591.788841256997,157376.0
6591.968582353962,156369.0
6592.148323450927,156530.0
6592.328064547892,156509.0
6592.5078056448565,156472.0
6592.687546741822,156954.0
6592.867287838787,156990.0
6593.047028935752,155954.0
6593.226770032717,156710.0
6593.406511129681,157420.0
6593.586252226646,156636.0
6593.765993323611,156489.0
6593.945734420577,156513.0
6594.125475517541,156300.0
6594.305216614506,155001.0
6594.484957711471,154520.0
6594.664698808436,155102.0
6594.844439905401,155490.0
6595.024181002365,155726.0
6595.20392209933,159065.0
6595.383663196296,158744.0
6595.563404293261,156551.0
6595.743145390225,155837.0
6595.92288648719,156150.0
6596.102627584155,157131.0
6596.28236868112,157171.0
6596.462109778085,157918.0
6596.641850875049,157587.0
6596.821591972015,157686.0
6597.00133306898,156810.0
6597.181074165945,156067.0
6597.3608152629095,157179.0
6597.540556359874,158707.0
6597.720297456839,157191.0
6597.900038553804,157405.0
6598.0797796507695,157265.0
6598.259520747734,155581.0
6598.439261844699,156452.0
6598.619002941664,157514.0
6598.798744038629,155922.0
6598.9784851355935,155256.0
6599.158226232558,155214.0
6599.337967329523,156393.0
6599.517708426489,156799.0
6599.6974495234535,155284.0
6599.877190620418,155457.0
6600.056931717383,156240.0
6600.236672814348,156932.0
6600.416413911313,157795.0
6600.5961550082775,157494.0
6600.775896105243,156429.0
6600.955637202208,156303.0
6601.135378299173,156782.0
6601.315119396138,156819.0
6601.494860493102,156229.0
6601.674601590067,154981.0
6601.854342687032,154647.0
6602.034083783997,154852.0
6602.213824880962,156212.0
6602.393565977927,157681.0
6602.573307074892,156700.0
6602.753048171857,156093.0
6602.932789268822,157338.0
6603.112530365786,156599.0
6603.292271462751,154910.0
6603.472012559716,154574.0
6603.651753656682,155604.0
6603.831494753646,157355.0
6604.011235850611,157147.0
6604.190976947576,156678.0
6604.370718044541,155910.0
6604.550459141506,155687.0
6604.73020023847,156554.0
6604.909941335436,156377.0
6605.089682432401,157472.0
6605.269423529366,156323.0
6605.4491646263305,153658.0
6605.628905723295,154907.0
6605.80864682026,155850.0
6605.988387917225,155730.0
6606.16812901419,155512.0
6606.347870111155,155341.0
6606.52761120812,155220.0
6606.707352305085,154759.0
6606.88709340205,154782.0
6607.0668344990145,155919.0
6607.246575595979,154701.0
6607.426316692944,154063.0
6607.60605778991,153780.0
6607.7857988868745,153969.0
6607.965539983839,155677.0
6608.145281080804,156767.0
6608.325022177769,155756.0
6608.504763274734,152593.0
6608.6845043716985,153851.0
6608.864245468663,155021.0
6609.043986565629,154102.0
6609.223727662594,153374.0
6609.403468759559,153021.0
6609.583209856523,153537.0
6609.762950953488,152744.0
6609.942692050453,154618.0
6610.122433147418,153973.0
6610.302174244383,154014.0
6610.481915341348,153595.0
6610.661656438313,152984.0
6610.841397535278,153127.0
6611.021138632243,154042.0
6611.200879729207,154706.0
6611.380620826172,154176.0
6611.560361923137,152632.0
6611.740103020103,151804.0
6611.919844117067,151688.0
6612.099585214032,152134.0
6612.279326310997,151785.0
6612.459067407962,151122.0
6612.638808504927,151758.0
6612.818549601891,152832.0
6612.998290698856,152227.0
6613.178031795822,149559.0
6613.357772892787,149349.0
6613.5375139897515,149765.0
6613.717255086716,148149.0
6613.896996183681,147816.0
6614.076737280646,149098.0
6614.256478377611,149623.0
6614.436219474576,149364.0
6614.615960571541,149632.0
6614.795701668506,152295.0
6614.975442765471,153729.0
6615.1551838624355,150143.0
6615.3349249594,148378.0
6615.514666056365,150954.0
6615.69440715333,152849.0
6615.874148250296,151810.0
6616.05388934726,149181.0
6616.233630444225,149352.0
6616.41337154119,150740.0
6616.593112638155,150613.0
6616.7728537351195,150672.0
6616.952594832084,151350.0
6617.13233592905,151230.0
6617.312077026015,149202.0
6617.49181812298,148515.0
6617.671559219944,148035.0
6617.851300316909,148256.0
6618.031041413874,149068.0
6618.210782510839,150134.0
6618.3905236078035,149916.0
6618.570264704769,148908.0
6618.750005801734,148242.0
6618.929746898699,150353.0
6619.109487995664,150603.0
6619.289229092628,149821.0
6619.468970189593,148977.0
6619.648711286558,147518.0
6619.828452383523,149236.0
6620.008193480488,149441.0
6620.187934577453,149178.0
6620.367675674418,148453.0
6620.547416771383,147871.0
6620.727157868348,147983.0
6620.906898965312,147929.0
6621.086640062277,147019.0
6621.266381159243,145747.0
6621.446122256208,147074.0
6621.6258633531725,148625.0
6621.805604450137,146811.0
6621.985345547102,145729.0
6622.165086644067,145656.0
6622.344827741032,146313.0
6622.524568837996,147356.0
6622.704309934962,147037.0
6622.884051031927,147268.0
6623.063792128892,147424.0
6623.2435332258565,147410.0
6623.423274322821,146295.0
6623.603015419786,145624.0
6623.782756516751,147399.0
6623.962497613717,147772.0
6624.142238710681,146074.0
6624.321979807646,145150.0
6624.501720904611,145558.0
6624.681462001576,144868.0
6624.8612030985405,145913.0
6625.040944195505,146526.0
6625.22068529247,146104.0
6625.400426389436,144059.0
6625.580167486401,144022.0
6625.759908583365,144268.0
6625.93964968033,144240.0
6626.119390777295,144076.0
6626.29913187426,143423.0
6626.4788729712245,142533.0
6626.65861406819,142927.0
6626.838355165155,144963.0
6627.01809626212,145387.0
6627.197837359085,144783.0
6627.377578456049,142170.0
6627.557319553014,142360.0
6627.737060649979,142580.0
6627.916801746944,143216.0
6628.096542843909,144514.0
6628.276283940874,141877.0
6628.456025037839,141849.0
6628.635766134804,142168.0
6628.815507231769,142050.0
6628.995248328733,141822.0
6629.174989425698,142758.0
6629.354730522664,142841.0
6629.534471619629,141383.0
6629.7142127165935,141549.0
6629.893953813558,141511.0
6630.073694910523,141651.0
6630.253436007488,141584.0
6630.433177104453,140654.0
6630.612918201417,141945.0
6630.792659298383,139933.0
6630.972400395348,140277.0
6631.152141492313,140529.0
6631.3318825892775,140098.0
6631.511623686242,139391.0
6631.691364783207,140538.0
6631.871105880172,141983.0
6632.050846977138,139929.0
6632.230588074102,139958.0
6632.410329171067,139236.0
6632.590070268032,138690.0
6632.769811364997,136310.0
6632.9495524619615,136985.0
6633.129293558926,138926.0
6633.309034655891,139334.0
6633.488775752857,140462.0
6633.668516849822,141967.0
6633.848257946786,137762.0
6634.027999043751,137966.0
6634.207740140716,139166.0
6634.387481237681,138115.0
6634.5672223346455,139634.0
6634.74696343161,137510.0
6634.926704528576,135777.0
6635.106445625541,136334.0
6635.286186722506,136641.0
6635.46592781947,136785.0
6635.645668916435,137572.0
6635.8254100134,136711.0
6636.005151110365,136935.0
6636.18489220733,136080.0
6636.364633304295,134909.0
6636.54437440126,135262.0
6636.724115498225,136616.0
6636.90385659519,136145.0
6637.083597692154,136047.0
6637.263338789119,135768.0
6637.443079886084,134839.0
6637.62282098305,134141.0
6637.8025620800145,133946.0
6637.982303176979,133679.0
6638.162044273944,134088.0
6638.341785370909,134884.0
6638.521526467874,134287.0
6638.701267564838,133962.0
6638.881008661803,134830.0
6639.060749758769,135330.0
6639.240490855734,133343.0
6639.4202319526985,131831.0
6639.599973049663,133322.0
6639.779714146628,134523.0
6639.959455243593,134182.0
6640.139196340558,132241.0
6640.318937437523,132459.0
6640.498678534488,133993.0
6640.678419631453,132349.0
6640.858160728418,131020.0
6641.0379018253825,132326.0
6641.217642922347,132796.0
6641.397384019312,133339.0
6641.577125116277,133007.0
6641.756866213243,132572.0
6641.936607310207,131920.0
6642.116348407172,131408.0
6642.296089504137,131974.0
6642.475830601102,132343.0
6642.6555716980665,132146.0
6642.835312795031,130623.0
6643.015053891997,130250.0
6643.194794988962,129209.0
6643.374536085927,129731.0
6643.554277182891,131696.0
6643.734018279856,129985.0
6643.913759376821,128973.0
6644.093500473786,128816.0
6644.2732415707505,129636.0
6644.452982667716,130379.0
6644.632723764681,130713.0
6644.812464861646,129853.0
6644.992205958611,129690.0
6645.171947055575,128942.0
6645.35168815254,128290.0
6645.531429249505,129695.0
6645.711170346471,128791.0
6645.8909114434355,128254.0
6646.0706525404,129177.0
6646.250393637365,127587.0
6646.43013473433,127158.0
6646.609875831295,127160.0
6646.789616928259,126587.0
6646.969358025224,128802.0
6647.14909912219,127912.0
6647.328840219155,127854.0
6647.5085813161195,127830.0
6647.688322413084,127447.0
6647.868063510049,125488.0
6648.047804607014,125787.0
6648.227545703979,125936.0
6648.407286800944,125165.0
6648.587027897909,125534.0
6648.766768994874,125268.0
6648.946510091839,125376.0
6649.1262511888035,124964.0
6649.305992285768,124927.0
6649.485733382733,124555.0
6649.665474479698,125556.0
6649.845215576664,124430.0
6650.024956673628,123512.0
6650.204697770593,125095.0
6650.384438867558,124461.0
6650.564179964523,123970.0
6650.7439210614875,124148.0
6650.923662158452,124811.0
6651.103403255418,123361.0
6651.283144352383,123534.0
6651.462885449348,123410.0
6651.642626546312,124043.0
6651.822367643277,124243.0
6652.002108740242,122912.0
6652.181849837207,122116.0
6652.3615909341715,122115.0
6652.541332031137,123154.0
6652.721073128102,121841.0
6652.900814225067,121049.0
6653.080555322032,120915.0
6653.260296418996,121401.0
6653.440037515961,121800.0
6653.619778612926,120684.0
6653.799519709891,120312.0
6653.9792608068565,119725.0
6654.159001903821,120529.0
6654.338743000786,119725.0
6654.518484097751,120485.0
6654.698225194716,121422.0
6654.87796629168,120128.0
6655.057707388645,120129.0
6655.237448485611,119893.0
6655.417189582576,119946.0
6655.5969306795405,118376.0
6655.776671776505,116517.0
6655.95641287347,117459.0
6656.136153970435,119050.0
6656.3158950674,118249.0
6656.495636164364,116725.0
6656.67537726133,117674.0
6656.855118358295,117077.0
6657.03485945526,115864.0
6657.2146005522245,116647.0
6657.394341649189,116414.0
6657.574082746154,116636.0
6657.753823843119,116984.0
6657.933564940084,116786.0
6658.113306037049,114689.0
6658.293047134014,113828.0
6658.472788230979,114613.0
6658.652529327944,114532.0
6658.8322704249085,114718.0
6659.012011521873,115381.0
6659.191752618838,116068.0
6659.371493715804,115424.0
6659.551234812769,113869.0
6659.730975909733,113309.0
6659.910717006698,112417.0
6660.090458103663,112214.0
6660.270199200628,114762.0
6660.449940297593,114305.0
6660.629681394557,112699.0
6660.809422491523,111357.0
6660.989163588488,111842.0
6661.168904685453,112567.0
6661.348645782417,111672.0
6661.528386879382,111696.0
6661.708127976347,111710.0
6661.887869073312,112455.0
6662.0676101702775,110933.0
6662.247351267242,110448.0
6662.427092364207,111918.0
6662.606833461172,111264.0
6662.786574558137,110507.0
6662.966315655101,110903.0
6663.146056752066,110256.0
6663.325797849031,110271.0
6663.505538945997,110088.0
6663.6852800429615,110405.0
6663.865021139926,108522.0
6664.044762236891,108973.0
6664.224503333856,108751.0
6664.404244430821,108450.0
6664.583985527785,108522.0
6664.763726624751,108320.0
6664.943467721716,108355.0
6665.123208818681,106755.0
6665.3029499156455,107400.0
6665.48269101261,108552.0
6665.662432109575,107202.0
6665.84217320654,106888.0
6666.021914303505,105945.0
6666.20165540047,106108.0
6666.381396497435,107108.0
6666.5611375944,106345.0
6666.740878691365,107357.0
6666.9206197883295,107004.0
6667.100360885294,105246.0
6667.280101982259,103664.0
6667.459843079225,104191.0
6667.63958417619,104331.0
6667.819325273154,103453.0
6667.999066370119,102270.0
6668.178807467084,102904.0
6668.358548564049,103674.0
6668.538289661014,103643.0
6668.718030757978,102807.0
6668.897771854944,102775.0
6669.077512951909,103244.0
6669.257254048874,103875.0
6669.436995145838,103129.0
6669.616736242803,101845.0
6669.796477339768,100847.0
6669.976218436733,100758.0
6670.155959533698,100331.0
6670.335700630663,101705.0
6670.515441727628,100479.0
6670.695182824593,99422.7
6670.874923921558,99707.0
6671.054665018522,98511.8
6671.234406115487,97744.0
6671.414147212452,96910.8
6671.593888309418,96403.6
6671.7736294063825,96589.8
6671.953370503347,95050.8
6672.133111600312,95554.2
6672.312852697277,93603.8
6672.492593794242,93133.8
6672.672334891206,93828.6
6672.852075988171,93038.8
6673.031817085137,92050.4
6673.211558182102,91912.1
6673.3912992790665,92365.4
6673.571040376031,92114.0
6673.750781472996,91294.1
6673.930522569961,90385.0
6674.110263666926,90260.5
6674.290004763891,90337.2
6674.469745860856,89521.2
6674.649486957821,90792.8
6674.829228054786,89510.9
6675.0089691517505,89197.0
6675.188710248715,88324.6
6675.36845134568,88873.1
6675.548192442645,89499.4
6675.727933539611,87747.4
6675.907674636575,87472.5
6676.08741573354,87475.7
6676.267156830505,86084.2
6676.44689792747,87936.5
6676.626639024435,87421.3
6676.806380121399,85565.2
6676.986121218364,84700.2
6677.16586231533,85167.3
6677.345603412295,85320.0
6677.525344509259,83904.4
6677.705085606224,83605.1
6677.884826703189,83106.1
6678.064567800154,82803.4
6678.244308897119,81453.9
6678.424049994084,81519.2
6678.603791091049,80906.0
6678.783532188014,81280.7
6678.963273284979,81765.9
6679.143014381943,83001.9
6679.322755478908,82520.5
6679.502496575873,83503.6
6679.682237672838,84154.5
6679.8619787698035,83840.2
6680.041719866768,83093.5
6680.221460963733,82301.4
6680.401202060698,83261.8
6680.580943157663,84083.0
6680.760684254627,84134.8
6680.940425351592,83718.3
6681.120166448558,83320.6
6681.299907545523,82978.9
6681.4796486424875,82999.4
6681.659389739452,82597.9
6681.839130836417,82030.1
6682.018871933382,82278.2
6682.198613030347,82464.6
6682.3783541273115,82790.0
6682.558095224277,82085.6
6682.737836321242,81769.0
6682.917577418207,81996.4
6683.0973185151715,81548.0
6683.277059612136,81224.3
6683.456800709101,80362.3
6683.636541806066,80418.7
6683.816282903032,81155.9
6683.996023999996,79818.1
6684.175765096961,79551.9
6684.355506193926,80590.0
6684.535247290891,80953.4
6684.714988387856,79891.4
6684.89472948482,78891.3
6685.074470581785,79582.6
6685.254211678751,81412.2
6685.433952775716,80802.1
6685.61369387268,80393.0
6685.793434969645,78406.2
6685.97317606661,80043.7
6686.152917163575,81564.6
6686.33265826054,80744.7
6686.512399357505,79333.1
6686.69214045447,78651.2
6686.871881551435,78524.3
6687.0516226484,79218.9
6687.231363745364,80021.7
6687.411104842329,78683.8
6687.590845939294,77558.6
6687.770587036259,77798.1
6687.9503281332245,78188.9
6688.130069230189,78497.0
6688.309810327154,78687.9
6688.489551424119,77132.6
6688.669292521084,76715.1
6688.849033618048,77398.5
6689.028774715013,77076.5
6689.208515811978,76590.9
6689.388256908944,76059.6
6689.5679980059085,75192.8
6689.747739102873,76276.7
6689.927480199838,74534.2
6690.107221296803,75515.8
6690.286962393768,74866.1
6690.4667034907325,75090.4
6690.646444587698,74616.7
6690.826185684663,73386.0
6691.005926781628,73659.2
6691.1856678785925,75268.1
6691.365408975557,74157.5
6691.545150072522,73289.9
6691.724891169487,72566.3
6691.904632266452,72812.6
6692.084373363417,72181.7
6692.264114460382,73426.4
6692.443855557347,72755.3
6692.623596654312,72451.8
6692.803337751277,71928.9
6692.983078848241,71154.6
6693.162819945206,70645.8
6693.342561042172,71286.9
6693.522302139137,70663.8
6693.702043236101,70233.3
6693.881784333066,70718.1
6694.061525430031,70843.1
6694.241266526996,69753.6
6694.421007623961,69339.2
6694.600748720925,68468.0
6694.780489817891,69255.6
6694.960230914856,69964.3
6695.139972011821,68628.4
6695.319713108785,68345.7
6695.49945420575,67419.4
6695.679195302715,68423.3
6695.85893639968,68032.1
6696.038677496645,67233.6
6696.21841859361,67441.4
6696.398159690575,66760.6
6696.57790078754,66281.4
6696.757641884505,65877.7
6696.937382981469,65618.3
6697.117124078434,66291.8
6697.296865175399,65740.6
6697.476606272365,65106.1
6697.6563473693295,64662.4
6697.836088466294,64217.8
6698.015829563259,64851.8
6698.195570660224,65087.4
6698.375311757189,64073.8
6698.5550528541535,62899.3
6698.734793951118,63030.0
6698.914535048084,62837.2
6699.094276145049,62651.9
6699.2740172420135,62790.3
6699.453758338978,63367.4
6699.633499435943,61706.0
6699.813240532908,61235.5
6699.992981629873,61651.6
6700.172722726838,61288.9
6700.352463823803,61215.9
6700.532204920768,61611.4
6700.711946017733,61864.8
6700.891687114698,61292.4
6701.071428211662,60152.1
6701.251169308627,59830.3
6701.430910405592,59422.5
6701.610651502558,59095.1
6701.790392599522,58746.6
6701.970133696487,59230.5
6702.149874793452,58981.8
6702.329615890417,58267.6
6702.509356987382,57928.0
6702.689098084346,58063.3
6702.868839181312,58316.6
6703.048580278277,57062.9
6703.228321375242,56722.5
6703.408062472206,56953.1
6703.587803569171,57754.9
6703.767544666136,56872.0
6703.947285763101,56654.5
6704.127026860066,57408.6
6704.306767957031,56530.4
6704.486509053996,55695.7
6704.666250150961,55771.7
6704.845991247926,54868.7
6705.0257323448905,54408.9
6705.205473441855,53960.5
6705.38521453882,54828.0
6705.564955635786,53522.4
6705.7446967327505,54132.8
6705.924437829715,53109.1
6706.10417892668,52640.6
6706.283920023645,53292.0
6706.46366112061,52677.7
6706.6434022175745,52457.8
6706.823143314539,51604.8
6707.002884411505,52226.0
6707.18262550847,52172.4
6707.3623666054345,51606.7
6707.542107702399,51101.9
6707.721848799364,51131.1
6707.901589896329,50140.3
6708.081330993294,50059.8
6708.2610720902585,49620.6
6708.440813187224,49796.5
6708.620554284189,49388.7
6708.800295381154,48628.1
6708.980036478119,49387.9
6709.159777575083,49295.8
6709.339518672048,48559.8
6709.519259769013,48047.8
6709.699000865979,48945.1
6709.878741962943,47584.1
6710.058483059908,46908.2
6710.238224156873,46945.8
6710.417965253838,46476.3
6710.597706350803,46727.9
6710.777447447767,46779.5
6710.957188544732,45472.2
6711.136929641698,46194.1
6711.316670738663,46162.1
6711.496411835627,45702.6
6711.676152932592,45533.8
6711.855894029557,44832.7
6712.035635126522,45122.9
6712.215376223487,44973.1
6712.395117320451,44513.1
6712.574858417417,43723.1
6712.754599514382,43663.5
6712.934340611347,42932.9
6713.1140817083115,43023.9
6713.293822805276,43232.3
6713.473563902241,42959.0
6713.653304999206,42334.3
6713.8330460961715,42056.6
6714.012787193136,42684.0
6714.192528290101,42213.1
6714.372269387066,41570.6
6714.552010484031,40554.1
6714.7317515809955,40446.5
6714.91149267796,40780.8
6715.091233774925,40788.4
6715.270974871891,40012.6
6715.450715968856,39944.8
6715.63045706582,39874.9
6715.810198162785,39513.6
6715.98993925975,38981.6
6716.169680356715,39370.1
6716.3494214536795,38888.2
6716.529162550645,38001.7
6716.70890364761,38375.6
6716.888644744575,39267.3
6717.06838584154,38453.9
6717.248126938504,39073.1
6717.427868035469,37610.7
6717.607609132434,36614.7
6717.787350229399,36843.7
6717.967091326364,36384.0
6718.146832423329,35835.7
6718.326573520294,35821.2
6718.506314617259,35873.5
6718.686055714224,36535.6
6718.865796811188,36303.8
6719.045537908153,35239.1
6719.225279005119,34675.4
6719.405020102084,34479.0
6719.584761199048,34366.9
6719.764502296013,34810.5
6719.944243392978,34426.0
6720.123984489943,33800.9
6720.303725586908,33963.4
6720.483466683872,33636.4
6720.663207780838,33666.7
6720.842948877803,34109.8
6721.022689974768,33040.4
6721.2024310717325,32534.7
6721.382172168697,32640.0
6721.561913265662,32276.8
6721.741654362627,32425.2
6721.9213954595925,31674.6
6722.101136556557,32119.7
6722.280877653522,32369.1
6722.460618750487,31852.1
6722.640359847452,31089.7
6722.8201009444165,31230.3
6722.999842041381,30871.0
6723.179583138346,31108.0
6723.359324235312,30971.9
6723.539065332277,30012.1
6723.718806429241,30558.3
6723.898547526206,30780.8
6724.078288623171,29839.7
6724.258029720136,29721.5
6724.4377708171005,29680.0
6724.617511914066,28720.2
6724.797253011031,28746.0
6724.976994107996,28810.4
6725.156735204961,29465.1
6725.336476301925,29116.4
6725.51621739889,29784.7
6725.695958495855,28258.0
6725.87569959282,27667.8
6726.055440689785,27949.3
6726.23518178675,27548.4
6726.414922883715,27213.7
6726.59466398068,27396.6
6726.774405077645,27481.0
6726.954146174609,27180.0
6727.133887271574,26654.2
6727.313628368539,26528.0
6727.493369465505,26321.3
6727.673110562469,26029.4
6727.852851659434,26023.9
6728.032592756399,26021.7
6728.212333853364,25664.3
6728.392074950329,25233.3
6728.571816047293,24945.9
6728.751557144259,24834.9
6728.931298241224,25645.0
6729.111039338189,24985.8
6729.2907804351535,24257.4
6729.470521532118,24277.2
6729.650262629083,24224.8
6729.830003726048,23754.5
6730.009744823013,23995.7
6730.189485919978,23829.8
6730.369227016943,24135.0
6730.548968113908,23665.4
6730.728709210873,23215.3
6730.9084503078375,23007.5
6731.088191404802,23004.7
6731.267932501767,21980.4
6731.447673598732,22001.1
6731.627414695698,22329.8
6731.807155792662,22718.9
6731.986896889627,22812.0
6732.166637986592,21231.0
6732.346379083557,21342.8
6732.5261201805215,20442.9
