6489.4165194353,28047.3
6489.59575530303,28952.2
6489.77499117076,29733.0
6489.95422703849,29232.3
6490.13346290622,29103.3
6490.312698773951,29236.5
6490.49193464168,28811.8
6490.67117050941,28569.9
6490.850406377141,28384.6
6491.02964224487,28648.7
6491.2088781126,30484.0
6491.388113980331,30653.1
6491.56734984806,29927.5
6491.74658571579,30502.3
6491.925821583521,31179.7
6492.105057451251,31152.2
6492.28429331898,31598.2
6492.463529186711,31054.1
6492.642765054441,30323.7
6492.82200092217,30071.4
6493.001236789901,30921.6
6493.180472657631,31856.5
6493.3597085253605,32263.6
6493.538944393091,32626.3
6493.718180260821,32738.8
6493.897416128551,32264.6
6494.076651996281,32261.3
6494.255887864011,33385.0
6494.435123731741,33391.1
6494.614359599471,33609.4
6494.793595467201,34052.2
6494.9728313349315,33936.3
6495.152067202661,34341.3
6495.331303070391,35011.3
6495.5105389381215,34139.6
6495.689774805852,33418.3
6495.869010673581,33633.5
6496.0482465413115,33718.3
6496.227482409042,34109.3
6496.406718276771,35138.8
6496.585954144502,35276.4
6496.765190012232,34603.1
6496.944425879961,35091.5
6497.123661747692,35611.4
6497.302897615422,36496.0
6497.482133483152,35827.7
6497.661369350882,35714.6
6497.840605218612,35635.4
6498.019841086342,35941.2
6498.199076954072,36685.7
6498.378312821802,36381.4
6498.557548689532,36777.3
6498.736784557262,37539.5
6498.916020424992,37730.2
6499.095256292722,37868.2
6499.274492160453,37461.5
6499.453728028182,38067.6
6499.632963895912,39038.4
6499.812199763643,38531.4
6499.991435631372,38252.6
6500.170671499102,39308.8
6500.349907366833,39830.1
6500.529143234562,40105.9
6500.708379102292,40252.2
6500.887614970023,39747.8
6501.066850837753,39763.9
6501.246086705482,39160.3
6501.425322573213,38636.8
6501.604558440943,40336.8
6501.783794308672,40429.8
6501.963030176403,40359.9
6502.142266044133,40765.3
6502.3215019118625,41483.1
6502.500737779593,41307.1
6502.679973647323,41532.4
6502.859209515053,42567.5
6503.038445382783,42560.4
6503.217681250513,41768.2
6503.396917118243,41696.5
6503.576152985973,41182.1
6503.755388853703,41894.3
6503.9346247214335,42843.9
6504.113860589163,43026.7
6504.293096456893,42819.3
6504.4723323246235,43355.4
6504.651568192354,44136.6
6504.830804060083,43795.9
6505.0100399278135,43350.6
6505.189275795544,43961.8
6505.368511663273,44696.5
6505.547747531004,44023.0
6505.726983398734,44478.9
6505.906219266463,45030.3
6506.085455134194,45260.2
6506.264691001924,45635.0
6506.443926869654,45506.5
6506.623162737384,45410.8
6506.802398605114,45003.2
6506.981634472844,45865.0
6507.160870340574,46529.2
6507.340106208304,46222.8
6507.519342076034,45943.3
6507.698577943764,46171.0
6507.877813811494,46695.9
6508.057049679224,46877.9
6508.236285546955,46269.2
6508.415521414684,46263.2
6508.594757282414,47997.4
6508.773993150145,48341.9
6508.953229017874,48210.0
6509.132464885604,48677.4
6509.311700753335,48590.4
6509.490936621064,47518.7
6509.670172488794,47595.5
6509.849408356525,49726.7
6510.028644224255,51064.0
6510.207880091984,50629.2
6510.387115959715,50252.7
6510.566351827445,51639.0
6510.745587695174,51966.1
6510.924823562905,52270.8
6511.104059430635,52764.2
6511.2832952983645,52805.4
6511.462531166095,52760.5
6511.641767033825,52278.3
6511.821002901555,52572.1
6512.000238769285,54002.5
6512.179474637015,54035.6
6512.358710504745,53645.6
6512.537946372475,55579.3
6512.717182240205,56556.3
6512.8964181079355,56002.5
6513.075653975665,55958.4
6513.254889843395,55929.1
6513.4341257111255,56452.8
6513.613361578856,58080.8
6513.792597446585,58406.0
6513.9718333143155,57614.9
6514.151069182046,57024.6
6514.330305049775,56879.3
6514.509540917506,55815.2
6514.688776785236,54443.5
6514.868012652965,54868.6
6515.047248520696,56929.9
6515.226484388426,58605.1
6515.405720256156,58778.1
6515.584956123886,57979.3
6515.764191991616,58033.3
6515.943427859346,58408.3
6516.122663727076,56772.0
6516.301899594806,55431.0
6516.481135462536,54666.3
6516.660371330266,55001.2
6516.839607197996,57501.0
6517.018843065726,58784.9
6517.198078933457,60145.3
6517.377314801186,61155.3
6517.556550668916,61573.3
6517.735786536647,62369.0
6517.915022404376,62695.7
6518.094258272106,62719.7
6518.273494139837,63479.5
6518.452730007566,63534.8
6518.631965875296,63432.4
6518.811201743027,65053.2
6518.990437610757,64032.6
6519.169673478486,63790.7
6519.348909346217,63153.8
6519.528145213947,62735.8
6519.707381081676,63200.6
6519.886616949407,64259.2
6520.065852817137,64607.6
6520.2450886848665,64245.2
6520.424324552597,64651.5
6520.603560420327,64938.1
6520.782796288057,63835.3
6520.962032155787,64647.2
6521.141268023517,65997.5
6521.320503891247,65858.0
6521.499739758977,64652.2
6521.678975626707,63527.4
6521.8582114944375,63489.4
6522.037447362167,64338.1
6522.216683229897,64710.8
6522.3959190976275,64668.9
6522.575154965358,65380.3
6522.754390833087,65911.9
6522.9336267008175,66072.7
6523.112862568548,65635.7
6523.292098436277,65395.1
6523.4713343040075,66045.1
6523.650570171738,66106.9
6523.829806039467,64818.2
6524.009041907198,64838.6
6524.188277774928,66201.8
6524.367513642658,66233.2
6524.546749510388,66630.8
6524.725985378118,67088.5
6524.905221245848,68224.5
6525.084457113578,67354.0
6525.263692981308,67799.5
6525.442928849038,69484.3
6525.622164716768,69197.8
6525.801400584498,67448.2
6525.980636452228,66857.1
6526.159872319959,67949.9
6526.339108187688,69167.0
6526.518344055418,69625.9
6526.697579923149,70334.7
6526.876815790878,69260.8
6527.056051658608,70177.1
6527.235287526339,70602.3
6527.414523394068,70141.5
6527.593759261798,70326.3
6527.772995129529,70841.2
6527.952230997259,71639.8
6528.131466864988,72670.6
6528.310702732719,72450.0
6528.489938600449,71345.0
6528.669174468178,71864.8
6528.848410335909,73135.2
6529.027646203639,73432.5
6529.206882071368,72537.5
6529.386117939099,72991.1
6529.565353806829,74120.6
6529.744589674559,73502.1
6529.923825542289,73329.4
6530.103061410019,74023.2
6530.282297277749,73620.1
6530.461533145479,75382.6
6530.640769013209,74495.1
6530.820004880939,73750.9
6530.999240748669,74754.1
6531.178476616399,76236.5
6531.3577124841295,75867.8
6531.53694835186,76353.6
6531.716184219589,77497.8
6531.8954200873195,76960.6
6532.07465595505,75158.6
6532.253891822779,73441.9
6532.4331276905095,73986.2
6532.61236355824,76209.9
6532.791599425969,76755.6
6532.9708352937,77301.0
6533.15007116143,76994.1
6533.32930702916,78144.2
6533.50854289689,78783.7
6533.68777876462,78867.2
6533.86701463235,78943.8
6534.04625050008,78137.5
6534.22548636781,77654.2
6534.40472223554,77728.5
6534.58395810327,77643.7
6534.763193971,79016.9
6534.94242983873,79849.8
6535.121665706461,80959.2
6535.30090157419,81591.0
6535.48013744192,82263.5
6535.659373309651,82680.2
6535.83860917738,82082.9
6536.01784504511,81788.8
6536.197080912841,82027.4
6536.37631678057,82186.5
6536.5555526483,82961.1
6536.734788516031,83007.5
6536.914024383761,82522.3
6537.09326025149,81709.0
6537.272496119221,83319.9
6537.451731986951,83844.6
6537.63096785468,84210.1
6537.810203722411,84368.2
6537.989439590141,84578.8
6538.16867545787,85231.4
6538.347911325601,85559.9
6538.527147193331,85426.6
6538.706383061061,86012.7
6538.885618928791,88006.4
6539.064854796521,85931.4
6539.244090664251,84804.9
6539.423326531981,87065.5
6539.602562399711,87042.7
6539.781798267441,87546.8
6539.961034135171,87147.2
6540.140270002901,86686.0
6540.3195058706315,87752.4
6540.498741738362,88498.3
6540.677977606091,89112.6
6540.8572134738215,89031.9
6541.036449341552,87640.7
6541.215685209281,88949.8
6541.3949210770115,89442.8
6541.574156944742,89474.0
6541.753392812471,89833.4
6541.932628680202,89065.5
6542.111864547932,89024.1
6542.291100415662,88730.7
6542.470336283392,88841.3
6542.649572151122,90186.0
6542.828808018852,90687.0
6543.008043886582,91120.1
6543.187279754312,92683.9
6543.366515622042,92358.4
6543.545751489772,90110.0
6543.724987357502,87405.2
6543.904223225232,89158.5
6544.083459092963,91096.7
6544.262694960692,92200.4
6544.441930828422,93359.2
6544.621166696153,94527.3
6544.800402563882,94871.1
6544.979638431612,95292.0
6545.158874299343,96215.8
6545.338110167072,95828.1
6545.517346034802,95564.2
6545.696581902533,96340.8
6545.875817770263,95467.6
6546.055053637992,96303.2
6546.234289505723,98259.9
6546.413525373453,98684.6
6546.592761241182,97978.3
6546.771997108913,96920.0
6546.951232976643,97966.9
6547.130468844372,99991.4
6547.309704712103,100378.0
6547.488940579833,98785.4
6547.668176447563,98344.5
6547.847412315293,100402.0
6548.026648183023,99654.7
6548.205884050753,100016.0
6548.385119918483,99435.6
6548.564355786213,99180.7
6548.743591653943,99238.0
6548.922827521673,101727.0
6549.102063389403,103287.0
6549.2812992571335,102191.0
6549.460535124864,103496.0
6549.639770992593,106597.0
6549.8190068603235,107581.0
6549.998242728054,106963.0
6550.177478595783,107530.0
6550.3567144635135,110200.0
6550.535950331244,109732.0
6550.715186198973,108016.0
6550.894422066704,110554.0
6551.073657934434,110892.0
6551.252893802164,111221.0
6551.432129669894,113541.0
6551.611365537624,114140.0
6551.790601405354,114726.0
6551.969837273084,116057.0
6552.149073140814,116330.0
6552.328309008544,115179.0
6552.507544876274,114621.0
6552.686780744004,116640.0
6552.866016611734,119696.0
6553.045252479465,122317.0
6553.224488347194,123536.0
6553.403724214924,124822.0
6553.582960082655,125812.0
6553.762195950384,128169.0
6553.941431818114,131619.0
6554.120667685845,133558.0
6554.299903553574,135503.0
6554.479139421304,138383.0
6554.658375289035,142635.0
6554.837611156765,146415.0
6555.016847024494,148464.0
6555.196082892225,150783.0
6555.375318759955,153258.0
6555.554554627684,156874.0
6555.733790495415,161383.0
6555.913026363145,166030.0
6556.092262230874,173155.0
6556.271498098605,177286.0
6556.450733966335,184567.0
6556.629969834065,194004.0
6556.809205701795,197354.0
6556.988441569525,199625.0
6557.167677437255,207598.0
6557.346913304985,217909.0
6557.526149172715,228655.0
6557.705385040445,238845.0
6557.884620908175,250320.0
6558.063856775905,267316.0
6558.2430926436355,282291.0
6558.422328511366,299151.0
6558.601564379095,317977.0
6558.7808002468255,334723.0
6558.960036114556,358505.0
6559.139271982285,374579.0
6559.3185078500155,399770.0
6559.497743717746,421919.0
6559.676979585475,444253.0
6559.856215453206,471506.0
6560.035451320936,501825.0
6560.214687188666,531979.0
6560.393923056396,557138.0
6560.573158924126,579903.0
6560.752394791856,597208.0
6560.931630659586,599608.0
6561.110866527316,596106.0
6561.290102395046,602808.0
6561.469338262776,614472.0
6561.648574130506,604133.0
6561.827809998236,554349.0
6562.007045865967,474992.0
6562.186281733696,379905.0
6562.365517601426,300120.0
6562.544753469157,267822.0
6562.723989336886,283644.0
6562.903225204616,340544.0
6563.082461072347,425470.0
6563.261696940076,509222.0
6563.440932807806,569614.0
6563.620168675537,602461.0
6563.799404543267,611189.0
6563.978640410996,606071.0
6564.157876278727,602544.0
6564.337112146457,603874.0
6564.516348014186,607845.0
6564.695583881917,598137.0
6564.874819749647,578055.0
6565.054055617376,547886.0
6565.233291485107,518251.0
6565.412527352837,491292.0
6565.591763220567,464386.0
6565.770999088297,436478.0
6565.950234956027,410551.0
6566.129470823757,385493.0
6566.308706691487,363047.0
6566.487942559217,346647.0
6566.667178426947,329798.0
6566.846414294677,315425.0
6567.025650162407,300766.0
6567.2048860301375,279824.0
6567.384121897868,269194.0
6567.563357765597,260147.0
6567.7425936333275,245977.0
6567.921829501058,236400.0
6568.101065368787,224934.0
6568.2803012365175,216496.0
6568.459537104248,206913.0
6568.638772971977,199206.0
6568.8180088397075,192067.0
6568.997244707438,186905.0
6569.176480575168,184051.0
6569.355716442898,178422.0
6569.534952310628,173762.0
6569.714188178358,170751.0
6569.893424046088,164912.0
6570.072659913818,161405.0
6570.251895781548,160240.0
6570.431131649278,158228.0
6570.610367517008,152562.0
6570.789603384738,152062.0
6570.968839252469,149889.0
6571.148075120198,144874.0
6571.327310987928,144269.0
6571.506546855659,144114.0
6571.685782723388,140912.0
6571.865018591118,137465.0
6572.044254458849,134804.0
6572.223490326578,133959.0
6572.402726194308,133251.0
6572.581962062039,131534.0
6572.761197929769,129733.0
6572.940433797498,129213.0
6573.119669665229,130567.0
6573.298905532959,129933.0
6573.478141400688,127227.0
6573.657377268419,125462.0
6573.836613136149,124506.0
6574.015849003878,124521.0
6574.195084871609,123123.0
6574.374320739339,123600.0
6574.553556607069,122515.0
6574.732792474799,119433.0
6574.912028342529,117548.0
6575.091264210259,119153.0
6575.270500077989,119489.0
6575.449735945719,120496.0
6575.628971813449,121185.0
6575.808207681179,120098.0
6575.987443548909,119350.0
6576.166679416639,120237.0
6576.34591528437,119943.0
6576.525151152099,118113.0
6576.7043870198295,117667.0
6576.88362288756,115714.0
6577.062858755289,115960.0
6577.2420946230195,119920.0
6577.42133049075,119864.0
6577.600566358479,118812.0
6577.7798022262095,115663.0
6577.95903809394,114479.0
6578.13827396167,115274.0
6578.3175098294,116512.0
6578.49674569713,116953.0
6578.67598156486,115355.0
6578.85521743259,114489.0
6579.03445330032,114120.0
6579.21368916805,113522.0
6579.39292503578,113113.0
6579.57216090351,115746.0
6579.75139677124,118222.0
6579.930632638971,116162.0
6580.1098685067,113562.0
6580.28910437443,113697.0
6580.468340242161,113596.0
6580.64757610989,112746.0
6580.82681197762,113847.0
6581.006047845351,113971.0
6581.18528371308,113962.0
6581.36451958081,113219.0
6581.543755448541,111972.0
6581.722991316271,111652.0
6581.902227184,114770.0
6582.081463051731,113955.0
6582.260698919461,113631.0
6582.43993478719,114184.0
6582.619170654921,113536.0
6582.798406522651,114524.0
6582.97764239038,113719.0
6583.156878258111,112167.0
6583.336114125841,111699.0
6583.515349993571,110651.0
6583.694585861301,112084.0
6583.873821729031,114027.0
6584.053057596761,114318.0
6584.232293464491,116241.0
6584.411529332221,116820.0
6584.590765199951,114433.0
6584.770001067681,113411.0
6584.949236935411,114044.0
6585.128472803141,114229.0
6585.307708670872,113543.0
6585.486944538601,114217.0
6585.6661804063315,114365.0
6585.845416274062,113837.0
6586.024652141791,115096.0
6586.2038880095215,113875.0
6586.383123877252,111059.0
6586.562359744981,110037.0
6586.7415956127115,110342.0
6586.920831480442,112921.0
6587.100067348172,112586.0
6587.279303215902,112069.0
6587.458539083632,111674.0
6587.637774951362,114007.0
6587.817010819092,115755.0
6587.996246686822,113967.0
6588.175482554552,113643.0
6588.354718422282,113098.0
6588.533954290012,113322.0
6588.713190157742,113694.0
6588.892426025473,112323.0
6589.071661893202,113117.0
6589.250897760932,113426.0
6589.430133628663,114208.0
6589.609369496392,115171.0
6589.788605364122,114317.0
6589.967841231853,113810.0
6590.147077099582,112958.0
6590.326312967312,112050.0
6590.505548835043,113527.0
6590.684784702773,114226.0
6590.864020570502,113233.0
6591.043256438233,112509.0
6591.222492305963,111850.0
6591.401728173692,112181.0
6591.580964041423,111098.0
6591.760199909153,112860.0
6591.939435776882,114454.0
6592.118671644613,113524.0
6592.297907512343,114066.0
6592.477143380073,113099.0
6592.656379247803,110981.0
6592.835615115533,109879.0
6593.014850983263,111378.0
6593.194086850993,112322.0
6593.373322718723,112206.0
6593.552558586453,112484.0
6593.731794454183,112828.0
6593.911030321913,111536.0
6594.090266189643,110459.0
6594.269502057374,111595.0
6594.448737925103,112952.0
6594.6279737928335,113263.0
6594.807209660564,111322.0
6594.986445528293,111134.0
6595.1656813960235,110341.0
6595.344917263754,110036.0
6595.524153131483,111572.0
6595.7033889992135,113349.0
6595.882624866944,112775.0
6596.061860734674,111444.0
6596.241096602404,110557.0
6596.420332470134,111878.0
6596.599568337864,111793.0
6596.778804205594,111697.0
6596.958040073324,110453.0
6597.137275941054,110382.0
6597.316511808784,111488.0
6597.495747676514,111254.0
6597.674983544244,111252.0
6597.854219411975,111178.0
6598.033455279704,111717.0
6598.212691147434,112470.0
6598.391927015165,110730.0
6598.571162882894,109581.0
6598.750398750624,110198.0
6598.929634618355,111263.0
6599.108870486084,111054.0
6599.288106353814,110530.0
6599.467342221545,110756.0
6599.646578089275,110796.0
6599.825813957004,110948.0
6600.005049824735,110905.0
6600.184285692465,110571.0
6600.363521560194,111260.0
6600.542757427925,111751.0
6600.721993295655,111147.0
6600.901229163384,110669.0
6601.080465031115,110497.0
6601.259700898845,109715.0
6601.438936766575,108191.0
6601.618172634305,110334.0
6601.797408502035,111840.0
6601.976644369765,110184.0
6602.155880237495,108026.0
6602.335116105225,109087.0
6602.514351972955,110006.0
6602.693587840685,109140.0
6602.872823708415,109611.0
6603.052059576145,109218.0
6603.231295443876,110106.0
6603.410531311605,111514.0
6603.5897671793355,110906.0
6603.769003047066,109389.0
6603.948238914795,108647.0
6604.1274747825255,109157.0
6604.306710650256,109133.0
6604.485946517985,108405.0
6604.6651823857155,108472.0
6604.844418253446,107511.0
6605.023654121176,108397.0
6605.202889988906,108267.0
6605.382125856636,110623.0
6605.561361724366,109609.0
6605.740597592096,109133.0
6605.919833459826,109160.0
6606.099069327556,111358.0
6606.278305195286,111422.0
6606.457541063016,110143.0
6606.636776930746,109862.0
6606.816012798477,108923.0
6606.995248666206,108084.0
6607.174484533936,108241.0
6607.353720401667,110050.0
6607.532956269396,110196.0
6607.712192137126,110154.0
6607.891428004857,108364.0
6608.070663872586,108127.0
6608.249899740316,109535.0
6608.429135608047,108697.0
6608.608371475777,107501.0
6608.787607343506,106065.0
6608.966843211237,106880.0
6609.146079078967,108779.0
6609.325314946696,108676.0
6609.504550814427,107908.0
6609.683786682157,107122.0
6609.863022549886,106444.0
6610.042258417617,107362.0
6610.221494285347,108854.0
6610.400730153077,109468.0
6610.579966020807,106423.0
6610.759201888537,106636.0
6610.938437756267,107321.0
6611.117673623997,107004.0
6611.296909491727,106663.0
6611.476145359457,106780.0
6611.655381227187,106412.0
6611.834617094917,105998.0
6612.013852962647,105763.0
6612.193088830378,107137.0
6612.372324698107,108443.0
6612.5515605658375,106938.0
6612.730796433568,104654.0
6612.910032301297,104833.0
6613.0892681690275,106125.0
6613.268504036758,104939.0
6613.447739904487,103518.0
6613.6269757722175,104270.0
6613.806211639948,106664.0
6613.985447507678,107822.0
6614.164683375408,107517.0
6614.343919243138,106300.0
6614.523155110868,104952.0
6614.702390978598,105616.0
6614.881626846328,104896.0
6615.060862714058,105493.0
6615.240098581788,106583.0
6615.419334449518,107037.0
6615.598570317248,107418.0
6615.7778061849785,105754.0
6615.957042052708,106692.0
6616.136277920438,106493.0
6616.315513788169,105483.0
6616.494749655898,105959.0
6616.673985523628,106306.0
6616.853221391359,105613.0
6617.032457259088,104823.0
6617.211693126818,104920.0
6617.390928994549,105847.0
6617.570164862279,106220.0
6617.749400730008,106655.0
6617.928636597739,104728.0
6618.107872465469,103889.0
6618.287108333198,105351.0
6618.466344200929,104842.0
6618.645580068659,104943.0
6618.824815936388,104211.0
6619.004051804119,103862.0
6619.183287671849,104819.0
6619.362523539579,104824.0
6619.541759407309,103852.0
6619.720995275039,102861.0
6619.900231142769,104311.0
6620.079467010499,104639.0
6620.258702878229,102882.0
6620.437938745959,103793.0
6620.617174613689,104831.0
6620.796410481419,104797.0
6620.975646349149,104475.0
6621.15488221688,105050.0
6621.334118084609,103981.0
6621.5133539523395,102521.0
6621.69258982007,103905.0
6621.871825687799,103534.0
6622.0510615555295,103241.0
6622.23029742326,102131.0
6622.409533290989,102260.0
6622.5887691587195,102874.0
6622.76800502645,103647.0
6622.94724089418,102027.0
6623.1264767619095,100173.0
6623.30571262964,101584.0
6623.48494849737,102583.0
6623.6641843651,103016.0
6623.84342023283,103322.0
6624.02265610056,101885.0
6624.20189196829,101663.0
6624.38112783602,102217.0
6624.56036370375,103548.0
6624.7395995714805,101908.0
6624.91883543921,100305.0
6625.09807130694,100889.0
6625.277307174671,102644.0
6625.4565430424,101964.0
6625.63577891013,100669.0
6625.815014777861,101871.0
6625.99425064559,101438.0
6626.17348651332,101707.0
6626.352722381051,101639.0
6626.531958248781,100135.0
6626.71119411651,99981.3
6626.890429984241,99776.6
6627.069665851971,100133.0
6627.2489017197,100693.0
6627.428137587431,98409.6
6627.607373455161,98941.2
6627.78660932289,102014.0
6627.965845190621,100241.0
6628.145081058351,99353.4
6628.324316926081,100563.0
6628.503552793811,99832.6
6628.682788661541,98542.2
6628.862024529271,100270.0
6629.041260397001,100780.0
6629.220496264731,99580.1
6629.399732132461,100028.0
6629.578968000191,100387.0
6629.758203867921,98927.2
6629.937439735651,98658.8
6630.116675603382,99051.0
6630.295911471111,101053.0
6630.475147338841,100565.0
6630.654383206572,98068.7
6630.833619074301,96992.3
6631.0128549420315,98396.4
6631.192090809762,98831.3
6631.371326677491,97947.0
6631.5505625452215,96951.3
6631.729798412952,98293.4
6631.909034280682,99404.9
6632.0882701484115,99932.7
6632.267506016142,100667.0
6632.446741883872,98056.1
6632.625977751602,96504.5
6632.805213619332,96342.5
6632.984449487062,97168.5
6633.163685354792,98051.7
6633.342921222522,97311.9
6633.522157090252,98663.3
6633.7013929579825,96835.6
6633.880628825712,96116.0
6634.059864693442,97524.2
6634.239100561173,97512.7
6634.418336428902,96142.6
6634.597572296632,96781.3
6634.776808164363,94839.3
6634.956044032092,96420.9
6635.135279899822,96683.6
6635.314515767553,95439.5
6635.493751635283,96125.5
6635.672987503012,96798.6
6635.852223370743,97266.5
6636.031459238473,97316.8
6636.210695106202,96371.6
6636.389930973933,94835.8
6636.569166841663,94684.3
6636.748402709392,94722.1
6636.927638577123,95335.8
6637.106874444853,95858.9
6637.286110312583,95235.8
6637.465346180313,94814.8
6637.644582048043,94855.7
6637.823817915773,95424.9
6638.003053783503,95216.5
6638.182289651233,94716.9
6638.361525518963,93229.1
6638.540761386694,93087.9
6638.719997254423,93232.6
6638.899233122153,93639.8
6639.078468989884,93501.1
6639.257704857613,94647.6
6639.436940725343,95232.9
6639.616176593074,94604.5
6639.795412460803,94022.3
6639.9746483285335,93601.8
6640.153884196264,93080.3
6640.333120063993,93894.4
6640.5123559317235,94763.1
6640.691591799454,93161.4
6640.870827667184,92006.5
6641.0500635349135,92180.1
6641.229299402644,92605.3
6641.408535270374,92580.3
6641.587771138104,92313.7
6641.767007005834,92173.6
6641.946242873564,92603.7
6642.1254787412945,93539.5
6642.304714609024,92540.5
6642.483950476754,92523.2
6642.6631863444845,91378.3
6642.842422212214,90888.7
6643.021658079944,91626.2
6643.200893947675,92289.4
6643.380129815404,91779.3
6643.559365683134,90155.7
6643.738601550865,90947.4
6643.917837418594,91881.1
6644.097073286324,92559.4
6644.276309154055,90673.9
6644.455545021785,90254.2
6644.634780889514,90866.5
6644.814016757245,90943.2
6644.993252624975,89654.7
6645.172488492704,91090.1
6645.351724360435,91457.9
6645.530960228165,90828.9
6645.710196095895,88954.5
6645.889431963625,88840.1
6646.068667831355,88040.0
6646.247903699085,89199.6
6646.427139566815,90559.5
6646.606375434545,90825.7
6646.785611302275,90237.1
6646.964847170005,90098.2
6647.144083037735,89840.8
6647.323318905465,88093.2
6647.502554773195,88587.6
6647.681790640925,90000.6
6647.861026508655,90487.7
6648.040262376386,88946.8
6648.219498244115,88414.3
6648.398734111845,89653.0
6648.577969979576,89254.0
6648.757205847305,86519.6
6648.9364417150355,87431.6
6649.115677582766,88635.2
6649.294913450496,88139.1
6649.4741493182255,87287.0
6649.653385185956,87145.2
6649.832621053686,87753.8
6650.0118569214155,87848.2
6650.191092789146,86683.8
6650.370328656876,86494.0
6650.549564524606,87953.2
6650.728800392336,87170.0
6650.908036260066,85278.7
6651.087272127796,85260.9
6651.266507995526,86439.6
6651.445743863256,86323.7
6651.6249797309865,85986.4
6651.804215598716,85805.0
6651.983451466446,85456.2
6652.162687334177,85885.1
6652.341923201906,85806.2
6652.521159069636,85691.2
6652.700394937367,85328.9
6652.879630805097,84839.9
6653.058866672826,85148.2
6653.238102540557,84880.5
6653.417338408287,84023.6
6653.596574276016,83943.9
6653.775810143747,83266.9
6653.955046011477,83592.9
6654.134281879206,84270.6
6654.313517746937,83036.0
6654.492753614667,82845.7
6654.671989482396,83933.7
6654.851225350127,83300.2
6655.030461217857,84295.2
6655.209697085587,83745.0
6655.388932953317,82592.8
6655.568168821047,83902.6
6655.747404688777,83433.6
6655.926640556507,82137.9
6656.105876424237,81533.2
6656.285112291967,83658.8
6656.464348159698,83776.0
6656.643584027427,82483.3
6656.822819895157,81955.6
6657.002055762888,80689.9
6657.181291630617,80670.1
6657.360527498347,81827.4
6657.539763366078,81171.0
6657.718999233807,81108.7
6657.8982351015375,80175.6
6658.077470969268,80469.0
6658.256706836997,81180.0
6658.4359427047275,81309.5
6658.615178572458,80014.8
6658.794414440188,80922.8
6658.9736503079175,81868.3
6659.152886175648,79111.4
6659.332122043378,80526.1
6659.511357911108,81264.3
6659.690593778838,81418.1
6659.869829646568,79280.1
6660.0490655142985,78725.6
6660.228301382028,78383.7
6660.407537249758,77390.6
6660.5867731174885,77778.5
6660.766008985218,78602.7
6660.945244852948,79191.2
6661.124480720679,79345.6
6661.303716588408,79392.7
6661.482952456138,79317.1
6661.662188323869,77051.0
6661.841424191598,77354.9
6662.020660059328,77445.3
6662.199895927059,77003.2
6662.379131794789,77331.4
6662.558367662518,76376.1
6662.737603530249,76295.5
6662.916839397979,76346.5
6663.096075265708,77671.6
6663.275311133439,77771.2
6663.454547001169,77374.5
6663.633782868899,75633.7
6663.813018736629,75413.0
6663.992254604359,76511.9
6664.171490472089,76185.2
6664.350726339819,76350.1
6664.529962207549,75790.3
6664.709198075279,73819.9
6664.888433943009,72666.9
6665.067669810739,75243.2
6665.246905678469,75109.7
6665.426141546199,75201.4
6665.605377413929,75238.2
6665.784613281659,74775.2
6665.96384914939,75200.5
6666.143085017119,73877.7
6666.322320884849,72259.2
6666.50155675258,73790.2
6666.680792620309,74433.9
6666.8600284880395,74071.2
6667.03926435577,72652.6
6667.2185002235,72493.9
6667.3977360912295,73035.0
6667.57697195896,73740.5
6667.75620782669,73265.9
6667.9354436944195,73835.5
6668.11467956215,72392.3
6668.29391542988,71624.4
6668.47315129761,71382.7
6668.65238716534,71795.1
6668.83162303307,72060.8
6669.0108589008,71818.2
6669.19009476853,70671.3
6669.36933063626,70064.3
6669.5485665039905,70064.8
6669.72780237172,71436.8
6669.90703823945,72575.7
6670.0862741071805,71071.3
6670.26550997491,70675.3
6670.44474584264,71236.2
6670.623981710371,71276.6
6670.803217578101,69591.2
6670.98245344583,68502.3
6671.161689313561,69709.6
6671.340925181291,69462.6
6671.52016104902,68580.1
6671.699396916751,67543.1
6671.878632784481,67502.5
6672.05786865221,68152.6
6672.237104519941,68543.9
6672.416340387671,66888.4
6672.5955762554,67346.4
6672.774812123131,66451.3
6672.954047990861,66791.4
6673.133283858591,67157.1
6673.312519726321,67044.4
6673.491755594051,66945.0
6673.670991461781,65205.3
6673.850227329511,64477.4
6674.029463197241,65114.3
6674.208699064971,64974.0
6674.387934932702,64334.7
6674.567170800431,63951.7
6674.746406668161,63314.9
6674.925642535892,64727.2
6675.104878403621,64023.1
6675.284114271351,63093.0
6675.463350139082,64145.8
6675.642586006811,63294.8
6675.8218218745415,62784.1
6676.001057742272,63255.5
6676.180293610001,63527.0
6676.3595294777315,62169.5
6676.538765345462,61265.6
6676.718001213192,61112.2
6676.8972370809215,61242.8
6677.076472948652,61597.2
6677.255708816382,62046.9
6677.4349446841115,60691.6
6677.614180551842,60470.0
6677.793416419572,60417.2
6677.9726522873025,60176.5
6678.151888155032,61419.4
6678.331124022762,61041.8
6678.5103598904925,60402.2
6678.689595758222,60006.4
6678.868831625952,59719.7
6679.0480674936825,60206.4
6679.227303361412,58933.7
6679.406539229142,59583.3
6679.585775096873,60105.8
6679.765010964602,59437.4
6679.944246832332,57909.5
6680.123482700063,59531.6
6680.302718567793,59354.6
6680.481954435522,58965.4
6680.661190303253,59057.2
6680.840426170983,58203.6
6681.019662038712,58222.9
6681.198897906443,58141.0
6681.378133774173,58229.0
6681.557369641903,58425.3
6681.736605509633,57817.2
6681.915841377363,58371.9
6682.095077245093,58393.1
6682.274313112823,59045.6
6682.453548980553,57558.7
6682.632784848283,57249.9
6682.812020716013,58445.5
6682.991256583743,57483.0
6683.170492451473,56440.2
6683.349728319203,56876.1
6683.528964186933,56539.2
6683.708200054663,56987.5
6683.887435922394,57577.4
6684.066671790123,57745.2
6684.245907657853,57740.1
6684.425143525584,57582.6
6684.604379393313,58136.7
6684.783615261043,57982.3
6684.962851128774,56639.1
6685.142086996504,56388.1
6685.3213228642335,56338.6
6685.500558731964,56031.3
6685.679794599694,56560.0
6685.8590304674235,55510.6
6686.038266335154,56874.9
6686.217502202884,56412.3
6686.3967380706135,56387.4
6686.575973938344,56281.3
6686.755209806074,55965.9
6686.934445673804,55473.0
6687.113681541534,54991.2
6687.292917409264,55597.6
6687.4721532769945,54425.7
6687.651389144724,53191.0
6687.830625012454,53694.4
6688.0098608801845,53964.9
6688.189096747914,53144.5
6688.368332615644,53490.5
6688.547568483375,54469.9
6688.726804351105,53692.5
6688.906040218834,52768.1
6689.085276086565,52790.2
6689.264511954295,52346.0
6689.443747822024,52043.6
6689.622983689755,51929.5
6689.802219557485,52279.0
6689.981455425214,51667.7
6690.160691292945,52076.5
6690.339927160675,53590.0
6690.519163028405,53284.1
6690.698398896135,52443.9
6690.877634763865,51163.0
6691.056870631595,51496.9
6691.236106499325,51614.9
6691.415342367055,51023.1
6691.594578234785,50411.6
6691.773814102515,49714.8
6691.953049970245,50715.7
6692.132285837975,51646.8
6692.311521705706,51075.4
6692.490757573435,50289.8
6692.669993441165,50091.2
6692.849229308896,50149.1
6693.028465176625,49862.2
6693.207701044355,49101.8
6693.386936912086,48355.3
6693.566172779815,48578.5
6693.745408647545,48105.3
6693.924644515276,48066.2
6694.103880383006,47183.8
6694.2831162507355,48172.8
6694.462352118466,48262.2
6694.641587986196,48075.3
6694.8208238539255,47568.8
6695.000059721656,46219.5
6695.179295589386,45998.1
6695.3585314571155,47079.0
6695.537767324846,47332.3
6695.717003192576,46897.4
6695.8962390603065,46139.9
6696.075474928036,46296.6
6696.254710795766,45314.2
6696.4339466634965,46155.4
6696.613182531226,46693.6
6696.792418398956,45977.9
6696.9716542666865,45421.3
6697.150890134416,44800.0
6697.330126002146,44797.2
6697.509361869877,45230.6
6697.688597737607,43654.4
6697.867833605336,43173.7
6698.047069473067,44394.4
6698.226305340797,43795.1
6698.405541208526,44176.6
6698.584777076257,44584.5
6698.764012943987,43147.8
6698.943248811716,42794.0
6699.122484679447,42328.2
6699.301720547177,42745.5
6699.480956414907,43087.3
6699.660192282637,42659.9
6699.839428150367,43053.8
6700.018664018097,42318.2
6700.197899885827,41595.2
6700.377135753557,41013.6
6700.556371621287,40956.0
6700.735607489017,41350.7
6700.914843356747,41598.2
6701.094079224477,41779.4
6701.273315092208,41414.1
6701.452550959937,40468.0
6701.631786827667,40658.2
6701.811022695398,40425.3
6701.990258563127,40953.3
6702.169494430857,39996.7
6702.348730298588,40313.4
6702.527966166317,39976.1
6702.707202034047,39643.3
6702.886437901778,38952.1
6703.065673769508,38453.1
6703.2449096372375,38635.4
6703.424145504968,39151.1
6703.603381372698,38791.5
6703.7826172404275,39204.4
6703.961853108158,38942.1
6704.141088975888,38143.1
6704.3203248436175,38820.0
6704.499560711348,39272.7
6704.678796579078,38357.5
6704.8580324468085,37215.9
6705.037268314538,37459.9
6705.216504182268,38091.4
6705.3957400499985,37241.1
6705.574975917728,36499.2
6705.754211785458,36698.0
6705.9334476531885,36594.9
6706.112683520918,36182.3
6706.291919388648,36196.1
6706.471155256379,36222.1
6706.650391124109,35736.2
6706.829626991838,35538.0
6707.008862859569,35289.9
6707.188098727299,35224.9
6707.367334595028,35239.7
6707.546570462759,34802.4
6707.725806330489,34025.2
6707.905042198218,34405.8
6708.084278065949,34714.4
6708.263513933679,33805.1
6708.442749801409,34360.2
6708.621985669139,33655.0
6708.801221536869,33813.4
6708.980457404599,33933.1
6709.159693272329,33871.0
6709.338929140059,33257.4
6709.518165007789,33799.4
6709.697400875519,34408.1
6709.876636743249,33799.7
6710.055872610979,32715.1
6710.23510847871,32499.3
6710.414344346439,31429.3
6710.593580214169,31794.8
6710.7728160819,32352.3
6710.952051949629,31772.5
6711.131287817359,30657.5
6711.31052368509,31000.9
6711.489759552819,30660.3
6711.668995420549,31194.2
6711.84823128828,30803.6
6712.02746715601,30449.7
6712.2067030237395,30461.9
6712.38593889147,30852.4
6712.5651747592,30515.6
6712.7444106269295,30028.3
6712.92364649466,30594.3
6713.10288236239,30431.6
6713.2821182301195,30738.4
6713.46135409785,29624.0
6713.64058996558,29395.4
6713.8198258333105,29658.3
6713.99906170104,28996.8
6714.17829756877,29109.2
6714.3575334365005,28326.5
6714.53676930423,28322.8
6714.71600517196,28492.9
6714.8952410396905,28991.2
6715.07447690742,28890.0
6715.25371277515,29194.5
6715.432948642881,28104.1
6715.612184510611,27763.8
6715.79142037834,27963.4
6715.970656246071,27954.9
6716.149892113801,26594.6
6716.32912798153,26718.5
6716.508363849261,27308.1
6716.687599716991,26675.7
6716.86683558472,26216.1
6717.046071452451,26323.2
6717.225307320181,27319.6
6717.404543187911,26419.1
6717.583779055641,26159.9
6717.763014923371,26111.4
6717.942250791101,25475.2
6718.121486658831,25875.0
6718.300722526561,25348.0
6718.479958394291,25125.9
6718.659194262021,25512.5
6718.838430129751,25421.5
6719.017665997481,25350.4
6719.196901865212,24990.1
6719.376137732941,24307.6
6719.555373600671,24464.3
6719.734609468402,24819.4
6719.913845336131,24991.3
6720.093081203861,24445.4
6720.272317071592,23937.7
6720.451552939321,23981.9
6720.630788807051,23188.9
6720.810024674782,23643.2
6720.989260542512,23104.4
6721.1684964102415,23208.9
6721.347732277972,22679.0
6721.526968145702,22749.1
6721.7062040134315,22625.1
6721.885439881162,22190.2
6722.064675748892,21950.3
6722.2439116166215,22383.2
6722.423147484352,21846.6
6722.602383352082,22061.5
6722.7816192198125,21989.2
6722.960855087542,21532.4
6723.140090955272,21501.7
6723.3193268230025,21321.2
6723.498562690732,20846.0
6723.677798558462,20421.1
6723.8570344261925,19981.1
6724.036270293922,20797.1
6724.215506161652,20040.4
6724.3947420293825,20611.1
6724.573977897113,20608.6
6724.753213764842,20237.1
6724.932449632573,20168.8
6725.111685500303,20328.4
6725.290921368032,19719.3
6725.470157235763,19443.6
6725.649393103493,19451.3
6725.828628971222,19715.4
6726.007864838953,19685.9
6726.187100706683,19725.2
6726.366336574413,19118.9
6726.545572442143,19013.4
6726.724808309873,18609.1
6726.904044177603,18483.9
6727.083280045333,18365.3
6727.262515913063,18381.3
6727.441751780793,18360.6
6727.620987648523,18738.0
6727.800223516253,18457.2
6727.979459383983,17632.7
6728.158695251714,17655.9
6728.337931119443,18048.2
6728.517166987173,17759.2
6728.696402854904,53734.3
6728.875638722633,21760.2
6729.054874590363,16681.4
6729.234110458094,17128.6
6729.413346325823,16542.8
6729.592582193553,16485.2
6729.771818061284,16127.4
6729.951053929014,15988.2
6730.130289796743,16604.5
6730.309525664474,15992.3
6730.488761532204,15690.1
6730.6679973999335,15792.5
6730.847233267664,15974.7
6731.026469135394,15430.7
6731.2057050031235,14653.0
6731.384940870854,14825.8
6731.564176738584,15532.6
6731.743412606314,15189.0
6731.922648474044,15289.4
6732.101884341774,15102.9
6732.2811202095045,14809.3
6732.460356077234,14930.4
6732.639591944964,15416.5
6732.8188278126945,14625.2
6732.998063680424,14506.8
6733.177299548154,14214.2
6733.3565354158845,14480.6
6733.535771283615,14356.6
6733.715007151344,14008.2
6733.894243019075,13330.2
6734.073478886805,13577.1
6734.252714754534,13262.7
6734.431950622265,13130.3
6734.611186489995,13767.8
6734.790422357724,13402.8
6734.969658225455,13164.9
6735.148894093185,13282.8
6735.328129960915,12629.7
6735.507365828645,12070.4
