6486.3363639257,157662.0
6486.516088332726,159052.0
6486.695812739753,156264.0
6486.875537146779,154585.0
6487.055261553805,158265.0
6487.234985960831,162630.0
6487.414710367857,162681.0
6487.594434774884,162041.0
6487.774159181909,164914.0
6487.953883588936,165294.0
6488.133607995962,167583.0
6488.313332402989,171530.0
6488.493056810014,171969.0
6488.67278121704,171595.0
6488.852505624067,173033.0
6489.032230031093,172716.0
6489.211954438119,171848.0
6489.391678845145,174413.0
6489.571403252171,176136.0
6489.751127659198,180216.0
6489.930852066223,180945.0
6490.11057647325,180339.0
6490.290300880276,181733.0
6490.470025287302,180106.0
6490.649749694328,173172.0
6490.829474101354,167296.0
6491.009198508381,171426.0
6491.188922915407,181627.0
6491.3686473224325,185051.0
6491.548371729459,186913.0
6491.728096136485,190398.0
6491.907820543512,190566.0
6492.087544950537,189897.0
6492.267269357564,192495.0
6492.44699376459,193748.0
6492.626718171616,188864.0
6492.806442578642,183723.0
6492.986166985668,181302.0
6493.165891392695,183334.0
6493.345615799721,190529.0
6493.5253402067465,198108.0
6493.705064613773,200654.0
6493.884789020799,200870.0
6494.064513427826,201494.0
6494.244237834851,198244.0
6494.423962241877,199082.0
6494.603686648904,202045.0
6494.78341105593,203227.0
6494.963135462956,204873.0
6495.142859869982,207687.0
6495.322584277008,209300.0
6495.502308684035,206993.0
6495.6820330910605,200304.0
6495.861757498087,195492.0
6496.041481905113,199629.0
6496.22120631214,207645.0
6496.400930719165,213505.0
6496.580655126191,217942.0
6496.760379533218,220743.0
6496.940103940244,220710.0
6497.11982834727,219878.0
6497.299552754296,217161.0
6497.479277161322,218113.0
6497.659001568349,221106.0
6497.8387259753745,220931.0
6498.018450382401,221370.0
6498.198174789427,224411.0
6498.377899196453,224638.0
6498.557623603479,226245.0
6498.737348010505,227694.0
6498.917072417532,230144.0
6499.096796824558,233655.0
6499.2765212315835,234813.0
6499.45624563861,235470.0
6499.635970045636,237973.0
6499.815694452663,239749.0
6499.9954188596885,240090.0
6500.175143266715,238617.0
6500.354867673741,240743.0
6500.534592080767,244363.0
6500.714316487793,244720.0
6500.894040894819,244592.0
6501.073765301846,246229.0
6501.253489708872,248889.0
6501.4332141158975,249491.0
6501.612938522924,245500.0
6501.79266292995,248052.0
6501.972387336977,253725.0
6502.1521117440025,255698.0
6502.331836151028,253910.0
6502.511560558055,252380.0
6502.691284965081,253802.0
6502.871009372107,257312.0
6503.050733779133,259537.0
6503.230458186159,258688.0
6503.410182593186,259377.0
6503.5899070002115,260633.0
6503.769631407238,261669.0
6503.949355814264,263012.0
6504.129080221291,263870.0
6504.3088046283165,263008.0
6504.488529035342,262355.0
6504.668253442369,265601.0
6504.847977849395,271209.0
6505.027702256421,272466.0
6505.207426663447,276392.0
6505.387151070473,277511.0
6505.5668754775,275451.0
6505.7465998845255,276891.0
6505.926324291552,279955.0
6506.106048698578,279883.0
6506.285773105604,280734.0
6506.4654975126305,283196.0
6506.645221919656,282556.0
6506.824946326683,285153.0
6507.004670733709,285093.0
6507.184395140735,287033.0
6507.364119547761,289399.0
6507.543843954787,288430.0
6507.723568361814,286681.0
6507.9032927688395,286810.0
6508.083017175866,288195.0
6508.262741582892,287856.0
6508.442465989918,284284.0
6508.6221903969445,286601.0
6508.80191480397,289528.0
6508.981639210997,295553.0
6509.161363618023,299326.0
6509.3410880250485,301167.0
6509.520812432075,305345.0
6509.700536839101,303057.0
6509.880261246128,304792.0
6510.0599856531535,309206.0
6510.239710060179,307966.0
6510.419434467206,306363.0
6510.599158874232,311207.0
6510.7788832812585,314437.0
6510.958607688284,312780.0
6511.138332095311,314241.0
6511.318056502337,317758.0
6511.4977809093625,316533.0
6511.677505316389,316976.0
6511.857229723415,316765.0
6512.036954130442,312135.0
6512.2166785374675,311525.0
6512.396402944493,315922.0
6512.57612735152,323846.0
6512.755851758546,330657.0
6512.9355761655725,328705.0
6513.115300572598,325941.0
6513.295024979624,332845.0
6513.474749386651,338064.0
6513.6544737936765,339805.0
6513.834198200703,338048.0
6514.013922607729,338495.0
6514.193647014755,336231.0
6514.3733714217815,324158.0
6514.553095828807,314556.0
6514.732820235834,317077.0
6514.91254464286,321650.0
6515.092269049886,334514.0
6515.271993456912,342947.0
6515.451717863938,341494.0
6515.631442270965,335511.0
6515.8111666779905,335152.0
6515.990891085017,340668.0
6516.170615492043,338996.0
6516.350339899069,322060.0
6516.5300643060955,306149.0
6516.709788713121,312726.0
6516.889513120148,328737.0
6517.069237527174,345403.0
6517.2489619341995,354029.0
6517.428686341226,358329.0
6517.608410748252,358648.0
6517.788135155279,360000.0
6517.9678595623045,364035.0
6518.14758396933,364367.0
6518.327308376357,365648.0
6518.507032783383,372803.0
6518.6867571904095,375621.0
6518.866481597435,369194.0
6519.046206004462,366320.0
6519.225930411488,362059.0
6519.4056548185135,357497.0
6519.58537922554,361693.0
6519.765103632566,374316.0
6519.944828039593,385707.0
6520.1245524466185,387848.0
6520.304276853644,384932.0
6520.484001260671,383363.0
6520.663725667697,388143.0
6520.8434500747235,393905.0
6521.023174481749,393742.0
6521.202898888775,395637.0
6521.382623295802,396583.0
6521.5623477028275,394022.0
6521.742072109854,395788.0
6521.92179651688,396790.0
6522.101520923907,392931.0
6522.2812453309325,391020.0
6522.460969737958,394963.0
6522.640694144985,397926.0
6522.820418552011,402441.0
6523.0001429590375,402684.0
6523.179867366063,398469.0
6523.359591773089,396739.0
6523.539316180116,393940.0
6523.7190405871415,387688.0
6523.898764994168,388547.0
6524.078489401194,396767.0
6524.25821380822,409144.0
6524.4379382152465,416126.0
6524.617662622272,414254.0
6524.797387029299,417168.0
6524.977111436325,419743.0
6525.156835843351,417213.0
6525.336560250377,417667.0
6525.516284657403,420334.0
6525.69600906443,421001.0
6525.8757334714555,422882.0
6526.055457878482,426576.0
6526.235182285508,427570.0
6526.414906692534,429042.0
6526.5946310995605,427040.0
6526.774355506586,427310.0
6526.954079913613,431101.0
6527.133804320639,433764.0
6527.313528727665,433673.0
6527.493253134691,432615.0
6527.672977541717,435864.0
6527.852701948744,438295.0
6528.0324263557695,440089.0
6528.212150762795,439780.0
6528.391875169822,441264.0
6528.571599576848,439838.0
6528.7513239838745,440077.0
6528.9310483909,445196.0
6529.110772797926,447305.0
6529.290497204953,447083.0
6529.470221611979,452798.0
6529.649946019005,457309.0
6529.829670426031,452195.0
6530.009394833058,449494.0
6530.1891192400835,453660.0
6530.368843647109,451895.0
6530.548568054136,454584.0
6530.728292461162,459846.0
6530.9080168681885,460545.0
6531.087741275214,458787.0
6531.26746568224,459981.0
6531.447190089267,466436.0
6531.626914496293,467658.0
6531.806638903319,467035.0
6531.986363310345,462318.0
6532.166087717371,449388.0
6532.3458121243975,446701.0
6532.525536531423,453709.0
6532.70526093845,467750.0
6532.884985345476,479559.0
6533.064709752502,476136.0
6533.244434159528,470261.0
6533.424158566554,475544.0
6533.603882973581,476774.0
6533.783607380607,473205.0
6533.963331787633,467171.0
6534.143056194659,468310.0
6534.322780601685,469504.0
6534.5025050087115,469842.0
6534.682229415737,476139.0
6534.861953822764,481493.0
6535.04167822979,480780.0
6535.221402636816,483706.0
6535.401127043842,487008.0
6535.580851450868,484142.0
6535.760575857895,491954.0
6535.940300264921,492873.0
6536.120024671946,489407.0
6536.299749078973,486570.0
6536.479473485999,487109.0
6536.6591978930255,484173.0
6536.838922300051,483287.0
6537.018646707077,490919.0
6537.198371114104,495234.0
6537.37809552113,493494.0
6537.557819928156,497171.0
6537.737544335182,499745.0
6537.917268742209,501254.0
6538.096993149235,508558.0
6538.27671755626,507781.0
6538.456441963287,508548.0
6538.636166370313,509567.0
6538.8158907773395,507625.0
6538.995615184365,502853.0
6539.175339591391,505981.0
6539.355063998418,512018.0
6539.534788405444,510619.0
6539.71451281247,514710.0
6539.894237219496,516405.0
6540.073961626522,509809.0
6540.253686033549,505747.0
6540.433410440574,505448.0
6540.613134847601,506296.0
6540.792859254627,517013.0
6540.972583661653,519050.0
6541.152308068679,517288.0
6541.332032475705,519287.0
6541.511756882732,522925.0
6541.691481289758,521253.0
6541.871205696784,506558.0
6542.05093010381,502805.0
6542.230654510836,504172.0
6542.4103789178625,507068.0
6542.590103324888,513361.0
6542.769827731915,516464.0
6542.949552138941,517230.0
6543.129276545967,519823.0
6543.309000952993,522978.0
6543.488725360019,513916.0
6543.668449767046,491695.0
6543.848174174072,476830.0
6544.027898581097,484681.0
6544.207622988124,507879.0
6544.38734739515,523074.0
6544.5670718021765,525629.0
6544.746796209202,527362.0
6544.926520616229,524464.0
6545.106245023255,525275.0
6545.285969430281,528499.0
6545.465693837307,527096.0
6545.645418244333,526658.0
6545.82514265136,528665.0
6546.004867058386,529486.0
6546.184591465411,532301.0
6546.364315872438,533447.0
6546.544040279464,528934.0
6546.7237646864905,532065.0
6546.903489093516,532932.0
6547.083213500542,531661.0
6547.262937907569,532381.0
6547.442662314595,526136.0
6547.622386721621,520282.0
6547.802111128647,521333.0
6547.981835535673,523880.0
6548.1615599427,525786.0
6548.341284349725,519970.0
6548.521008756752,507948.0
6548.700733163778,506128.0
6548.8804575708045,514045.0
6549.06018197783,532405.0
6549.239906384856,538652.0
6549.419630791883,533256.0
6549.599355198909,534270.0
6549.779079605935,535139.0
6549.958804012961,542129.0
6550.138528419987,546063.0
6550.318252827014,539808.0
6550.497977234039,533094.0
6550.677701641066,535702.0
6550.857426048092,540542.0
6551.037150455118,539002.0
6551.216874862144,538242.0
6551.39659926917,536723.0
6551.576323676197,535262.0
6551.756048083223,535351.0
6551.935772490248,530274.0
6552.115496897275,532813.0
6552.295221304301,522389.0
6552.474945711328,503327.0
6552.654670118353,493396.0
6552.83439452538,501596.0
6553.014118932406,523178.0
6553.193843339432,536431.0
6553.373567746458,532693.0
6553.553292153484,524553.0
6553.733016560511,519705.0
6553.912740967537,522476.0
6554.092465374562,521441.0
6554.272189781589,521256.0
6554.451914188615,524720.0
6554.631638595642,525912.0
6554.811363002667,529644.0
6554.991087409693,528341.0
6555.17081181672,525917.0
6555.350536223746,524571.0
6555.530260630772,526463.0
6555.709985037798,528288.0
6555.889709444824,528705.0
6556.069433851851,532448.0
6556.249158258876,535201.0
6556.428882665903,538533.0
6556.608607072929,539959.0
6556.788331479956,542006.0
6556.968055886981,529250.0
6557.147780294007,523234.0
6557.327504701034,532600.0
6557.50722910806,548884.0
6557.686953515086,555820.0
6557.866677922112,560976.0
6558.046402329138,571944.0
6558.226126736165,584899.0
6558.40585114319,597598.0
6558.585575550217,613410.0
6558.765299957243,632770.0
6558.945024364269,653005.0
6559.124748771295,675455.0
6559.304473178321,692703.0
6559.484197585348,726482.0
6559.663921992374,763021.0
6559.8436463994,796772.0
6560.023370806426,822850.0
6560.203095213452,858691.0
6560.382819620479,893132.0
6560.562544027504,920598.0
6560.742268434531,955690.0
6560.921992841557,997894.0
6561.101717248583,1.03841e+06
6561.281441655609,1.07451e+06
6561.461166062635,1.10423e+06
6561.640890469662,1.12783e+06
6561.820614876688,1.14341e+06
6562.000339283713,1.14556e+06
6562.18006369074,1.13959e+06
6562.359788097766,1.11699e+06
6562.539512504793,1.09562e+06
6562.719236911818,1.05819e+06
6562.898961318844,1.03117e+06
6563.078685725871,1.02029e+06
6563.258410132897,1.01181e+06
6563.438134539923,1.00095e+06
6563.617858946949,1.00047e+06
6563.797583353976,1.01821e+06
6563.977307761002,1.03616e+06
6564.157032168027,1.05473e+06
6564.336756575054,1.09254e+06
6564.51648098208,1.134e+06
6564.696205389107,1.15151e+06
6564.875929796132,1.14794e+06
6565.055654203158,1.14169e+06
6565.235378610185,1.11912e+06
6565.415103017211,1.08409e+06
6565.594827424237,1.06152e+06
6565.774551831263,1.02706e+06
6565.954276238289,992779.0
6566.134000645316,955889.0
6566.313725052341,911615.0
6566.493449459368,870088.0
6566.673173866394,837084.0
6566.85289827342,809177.0
6567.032622680446,778362.0
6567.212347087472,753065.0
6567.392071494499,728510.0
6567.571795901525,695233.0
6567.751520308551,679371.0
6567.931244715577,662077.0
6568.110969122603,642026.0
6568.29069352963,629508.0
6568.470417936655,609967.0
6568.650142343682,604517.0
6568.829866750708,594065.0
6569.009591157734,588088.0
6569.18931556476,585422.0
6569.369039971786,578708.0
6569.548764378813,573389.0
6569.728488785839,572532.0
6569.908213192864,575951.0
6570.087937599891,575523.0
6570.267662006917,569644.0
6570.447386413944,567666.0
6570.627110820969,569453.0
6570.806835227995,572813.0
6570.986559635022,575166.0
6571.166284042048,575584.0
6571.346008449074,578379.0
6571.5257328561,575161.0
6571.705457263127,566511.0
6571.885181670153,558769.0
6572.064906077178,555918.0
6572.244630484205,560154.0
6572.424354891231,574447.0
6572.604079298258,583139.0
6572.783803705283,586294.0
6572.963528112309,592776.0
6573.143252519336,598350.0
6573.322976926362,593348.0
6573.502701333388,591557.0
6573.682425740414,595053.0
6573.86215014744,596459.0
6574.041874554467,603077.0
6574.221598961492,607232.0
6574.401323368519,603170.0
6574.581047775545,579114.0
6574.760772182572,562785.0
6574.940496589597,569205.0
6575.120220996623,587771.0
6575.29994540365,608309.0
6575.479669810676,616248.0
6575.659394217702,620040.0
6575.839118624728,612873.0
6576.018843031754,612582.0
6576.198567438781,624665.0
6576.378291845806,632617.0
6576.558016252833,629923.0
6576.737740659859,624704.0
6576.917465066885,624038.0
6577.097189473911,623727.0
6577.276913880937,626020.0
6577.456638287964,633434.0
6577.63636269499,635318.0
6577.816087102015,634660.0
6577.995811509042,638957.0
6578.175535916068,641953.0
6578.355260323095,639327.0
6578.53498473012,638042.0
6578.714709137146,637722.0
6578.894433544173,639947.0
6579.074157951199,638264.0
6579.253882358225,642652.0
6579.433606765251,645366.0
6579.613331172278,641313.0
6579.793055579304,641370.0
6579.972779986329,652109.0
6580.152504393356,659349.0
6580.332228800382,657287.0
6580.511953207409,647980.0
6580.691677614434,635892.0
6580.87140202146,636894.0
6581.051126428487,647951.0
6581.230850835513,654334.0
6581.410575242539,655892.0
6581.590299649565,658908.0
6581.770024056591,661495.0
6581.949748463618,658175.0
6582.129472870643,665206.0
6582.30919727767,667508.0
6582.488921684696,663176.0
6582.668646091723,665796.0
6582.848370498748,663473.0
6583.028094905774,656841.0
6583.207819312801,655779.0
6583.387543719827,662758.0
6583.567268126853,668716.0
6583.746992533879,667970.0
6583.926716940905,665558.0
6584.106441347932,667866.0
6584.286165754957,670471.0
6584.465890161984,674527.0
6584.64561456901,682446.0
6584.825338976036,679228.0
6585.005063383062,671641.0
6585.184787790088,671456.0
6585.364512197115,672418.0
6585.544236604141,672028.0
6585.7239610111665,673294.0
6585.903685418193,673650.0
6586.083409825219,670901.0
6586.263134232246,667099.0
6586.442858639271,659063.0
6586.622583046298,654606.0
6586.802307453324,654876.0
6586.98203186035,667929.0
6587.161756267376,678610.0
6587.341480674402,687213.0
6587.521205081429,684413.0
6587.700929488455,676632.0
6587.8806538954805,672773.0
6588.060378302507,681570.0
6588.240102709533,686816.0
6588.41982711656,679222.0
6588.599551523585,680288.0
6588.779275930611,686501.0
6588.959000337638,684844.0
6589.138724744664,683279.0
6589.31844915169,678575.0
6589.498173558716,677881.0
6589.677897965742,686053.0
6589.857622372769,693878.0
6590.0373467797945,693145.0
6590.217071186821,693675.0
6590.396795593847,696284.0
6590.576520000874,695753.0
6590.756244407899,692258.0
6590.935968814925,680288.0
6591.115693221952,678342.0
6591.295417628978,686834.0
6591.475142036004,694119.0
6591.65486644303,696007.0
6591.834590850056,693100.0
6592.014315257083,688639.0
6592.1940396641085,692444.0
6592.373764071135,693265.0
6592.553488478161,693703.0
6592.733212885187,689393.0
6592.912937292213,685874.0
6593.092661699239,685277.0
6593.272386106266,690889.0
6593.452110513292,691946.0
6593.6318349203175,695311.0
6593.811559327344,698260.0
6593.99128373437,690443.0
6594.171008141397,684882.0
6594.3507325484225,680347.0
6594.530456955449,687561.0
6594.710181362475,697285.0
6594.889905769501,694534.0
6595.069630176527,694975.0
6595.249354583553,693328.0
6595.42907899058,689497.0
6595.608803397606,690286.0
6595.7885278046315,692921.0
6595.968252211658,697007.0
6596.147976618684,697118.0
6596.327701025711,689892.0
6596.507425432736,686524.0
6596.687149839762,690892.0
6596.866874246789,691790.0
6597.046598653815,691396.0
6597.226323060841,693017.0
6597.406047467867,695002.0
6597.585771874894,692430.0
6597.76549628192,696136.0
6597.9452206889455,692965.0
6598.124945095972,695615.0
6598.304669502998,694699.0
6598.484393910025,691979.0
6598.66411831705,691798.0
6598.843842724076,686461.0
6599.023567131103,680308.0
6599.203291538129,676455.0
6599.383015945155,672892.0
6599.562740352181,677066.0
6599.742464759207,685589.0
6599.922189166234,687271.0
6600.1019135732595,691078.0
6600.281637980286,697531.0
6600.461362387312,694734.0
6600.641086794338,691357.0
6600.820811201364,695176.0
6601.00053560839,688694.0
6601.180260015417,692285.0
6601.359984422443,701132.0
6601.539708829469,692407.0
6601.719433236495,688644.0
6601.899157643521,681786.0
6602.078882050548,676596.0
6602.2586064575735,685807.0
6602.4383308646,696640.0
6602.618055271626,695669.0
6602.797779678652,685761.0
6602.977504085678,688084.0
6603.157228492704,696354.0
6603.336952899731,693542.0
6603.516677306757,688637.0
6603.6964017137825,694559.0
6603.876126120809,695539.0
6604.055850527835,688466.0
6604.235574934862,698183.0
6604.4152993418875,699981.0
6604.595023748913,688468.0
6604.77474815594,691244.0
6604.954472562966,693634.0
6605.134196969992,693180.0
6605.313921377018,689388.0
6605.493645784045,686932.0
6605.673370191071,683026.0
6605.8530945980965,688607.0
6606.032819005123,696613.0
6606.212543412149,699225.0
6606.392267819176,700579.0
6606.5719922262015,694147.0
6606.751716633227,684940.0
6606.931441040254,684380.0
6607.11116544728,686598.0
6607.290889854306,686522.0
6607.470614261332,683567.0
6607.650338668358,687090.0
6607.830063075385,681600.0
6608.0097874824105,686337.0
6608.189511889437,689852.0
6608.369236296463,693465.0
6608.548960703489,694106.0
6608.7286851105155,686754.0
6608.908409517541,683797.0
6609.088133924568,683614.0
6609.267858331594,680058.0
6609.44758273862,686425.0
6609.627307145646,678497.0
6609.807031552672,680966.0
6609.986755959699,678869.0
6610.1664803667245,682884.0
6610.346204773751,689243.0
6610.525929180777,686558.0
6610.705653587803,690056.0
6610.8853779948295,680583.0
6611.065102401855,677544.0
6611.244826808882,679319.0
6611.424551215908,679648.0
6611.6042756229335,674751.0
6611.78400002996,675054.0
6611.963724436986,678944.0
6612.143448844013,678577.0
6612.3231732510385,672707.0
6612.502897658065,671246.0
6612.682622065091,675190.0
6612.862346472117,680060.0
6613.0420708791435,679262.0
6613.221795286169,674811.0
6613.401519693196,675201.0
6613.581244100222,677038.0
6613.7609685072475,672100.0
6613.940692914274,671674.0
6614.1204173213,668857.0
6614.300141728327,667340.0
6614.4798661353525,671803.0
6614.659590542378,672707.0
6614.839314949405,674859.0
6615.019039356431,672735.0
6615.1987637634575,666477.0
6615.378488170483,664261.0
6615.558212577509,672856.0
6615.737936984536,669937.0
6615.9176613915615,665716.0
6616.097385798588,673032.0
6616.277110205614,672396.0
6616.45683461264,668025.0
6616.6365590196665,671649.0
6616.816283426692,668782.0
6616.996007833719,663413.0
6617.175732240745,661349.0
6617.3554566477715,665410.0
6617.535181054797,670871.0
6617.714905461823,673575.0
6617.89462986885,667423.0
6618.0743542758755,664449.0
6618.254078682902,667562.0
6618.433803089928,666011.0
6618.613527496954,664104.0
6618.7932519039805,661086.0
6618.972976311006,662905.0
6619.152700718033,665769.0
6619.332425125059,663460.0
6619.512149532085,658747.0
6619.691873939111,657078.0
6619.871598346137,661639.0
6620.051322753164,659831.0
6620.2310471601895,656411.0
6620.410771567216,660962.0
6620.590495974242,661736.0
6620.770220381268,657015.0
6620.9499447882945,657458.0
6621.12966919532,662628.0
6621.309393602347,660172.0
6621.489118009373,657730.0
6621.668842416399,657693.0
6621.848566823425,652804.0
6622.028291230451,653806.0
6622.208015637478,657015.0
6622.3877400445035,656643.0
6622.567464451529,653598.0
6622.747188858556,648832.0
6622.926913265582,648040.0
6623.1066376726085,652984.0
6623.286362079634,654170.0
6623.46608648666,652169.0
6623.645810893687,654359.0
6623.8255353007125,657632.0
6624.005259707739,652475.0
6624.184984114765,645508.0
6624.364708521792,642774.0
6624.5444329288175,644403.0
6624.724157335843,647799.0
6624.90388174287,643069.0
6625.083606149896,643712.0
6625.2633305569225,645449.0
6625.443054963948,645235.0
6625.622779370974,645636.0
6625.802503778001,644211.0
6625.9822281850265,638357.0
6626.161952592053,642655.0
6626.341676999079,639943.0
6626.521401406105,640147.0
6626.7011258131315,642286.0
6626.880850220157,637073.0
6627.060574627184,635537.0
6627.24029903421,640560.0
6627.4200234412365,641208.0
6627.599747848262,635624.0
6627.779472255288,629701.0
6627.959196662315,632012.0
6628.1389210693405,636302.0
6628.318645476367,634111.0
6628.498369883393,635333.0
6628.678094290419,634050.0
6628.8578186974455,634867.0
6629.037543104471,632009.0
6629.217267511498,625928.0
6629.396991918524,629250.0
6629.57671632555,633801.0
6629.756440732576,634847.0
6629.936165139602,634686.0
6630.115889546629,632068.0
6630.2956139536545,630972.0
6630.47533836068,635186.0
6630.655062767707,630198.0
6630.834787174733,638135.0
6631.0145115817595,632022.0
6631.194235988785,621919.0
6631.373960395811,620786.0
6631.553684802838,622663.0
6631.733409209864,630004.0
6631.91313361689,629413.0
6632.092858023916,621784.0
6632.272582430943,618834.0
6632.4523068379685,621162.0
6632.632031244994,622517.0
6632.811755652021,617113.0
6632.991480059047,622201.0
6633.1712044660735,623562.0
6633.350928873099,623564.0
6633.530653280125,621860.0
6633.710377687152,612747.0
6633.890102094178,615119.0
6634.069826501204,618209.0
6634.24955090823,621645.0
6634.429275315256,616619.0
6634.6089997222825,610614.0
6634.788724129308,609799.0
6634.968448536335,609538.0
6635.148172943361,612799.0
6635.3278973503875,615155.0
6635.507621757413,608320.0
6635.687346164439,609426.0
6635.867070571466,612526.0
6636.046794978492,606624.0
6636.226519385518,605590.0
6636.406243792544,604076.0
6636.58596819957,605960.0
6636.7656926065965,609834.0
6636.945417013622,605822.0
6637.125141420649,604711.0
6637.304865827675,603698.0
6637.484590234701,602400.0
6637.664314641727,603864.0
6637.844039048753,605077.0
6638.02376345578,598039.0
6638.203487862806,600377.0
6638.383212269831,604814.0
6638.562936676858,598613.0
6638.742661083884,597698.0
6638.9223854909105,605356.0
6639.102109897936,600141.0
6639.281834304963,597649.0
6639.461558711989,595660.0
6639.641283119015,597933.0
6639.821007526041,598327.0
6640.000731933067,596351.0
6640.180456340094,599148.0
6640.36018074712,595467.0
6640.539905154145,588473.0
6640.719629561172,589912.0
6640.899353968198,586917.0
6641.0790783752245,588687.0
6641.25880278225,588633.0
6641.438527189276,591361.0
6641.618251596303,589250.0
6641.797976003329,587891.0
6641.977700410355,588351.0
6642.157424817381,585640.0
6642.337149224408,580427.0
6642.516873631434,581797.0
6642.696598038459,586351.0
6642.876322445486,577663.0
6643.056046852512,579486.0
6643.2357712595385,585221.0
6643.415495666564,578591.0
6643.59522007359,580784.0
6643.774944480617,581715.0
6643.954668887643,578843.0
6644.134393294669,578011.0
6644.314117701695,577296.0
6644.493842108721,574477.0
6644.673566515748,572462.0
6644.853290922773,571311.0
6645.0330153298,575569.0
6645.212739736826,581641.0
6645.392464143852,577619.0
6645.572188550878,570918.0
6645.751912957904,569176.0
6645.931637364931,569449.0
6646.111361771957,568482.0
6646.291086178982,571956.0
6646.470810586009,569643.0
6646.650534993035,568594.0
6646.830259400062,566417.0
6647.009983807087,571798.0
6647.189708214114,569884.0
6647.36943262114,565497.0
6647.549157028166,570465.0
6647.728881435192,563529.0
6647.908605842218,556380.0
6648.088330249245,555530.0
6648.268054656271,560208.0
6648.447779063296,561290.0
6648.627503470323,556102.0
6648.807227877349,553577.0
6648.986952284376,554134.0
6649.166676691401,557329.0
6649.346401098427,560115.0
6649.526125505454,556147.0
6649.70584991248,557316.0
6649.885574319506,552494.0
6650.065298726532,548694.0
6650.245023133559,550718.0
6650.424747540585,550185.0
6650.60447194761,549441.0
6650.784196354637,549917.0
6650.963920761663,554335.0
6651.1436451686895,549278.0
6651.323369575715,544815.0
6651.503093982741,544766.0
6651.682818389768,544009.0
6651.862542796794,542805.0
6652.04226720382,543610.0
6652.221991610846,541691.0
6652.401716017872,541482.0
6652.581440424899,542575.0
6652.761164831924,538043.0
6652.940889238951,536959.0
6653.120613645977,533721.0
6653.300338053003,538108.0
6653.480062460029,539049.0
6653.659786867055,533257.0
6653.839511274082,534368.0
6654.019235681108,536318.0
6654.198960088134,535814.0
6654.37868449516,535240.0
6654.558408902186,533827.0
6654.738133309213,531172.0
6654.917857716238,529256.0
6655.097582123265,529163.0
6655.277306530291,527338.0
6655.457030937317,527620.0
6655.636755344343,523586.0
6655.816479751369,515692.0
6655.996204158396,519123.0
6656.175928565422,522029.0
6656.355652972447,524129.0
6656.535377379474,526462.0
6656.7151017865,525747.0
6656.894826193527,521644.0
6657.074550600552,517296.0
6657.254275007578,513774.0
6657.433999414605,513735.0
6657.613723821631,519247.0
6657.793448228657,517241.0
6657.973172635683,511575.0
6658.15289704271,510370.0
6658.332621449736,510805.0
6658.512345856761,507926.0
6658.692070263788,509089.0
6658.871794670814,511373.0
6659.051519077841,512347.0
6659.231243484866,512378.0
6659.410967891892,509828.0
6659.590692298919,505801.0
6659.770416705945,506153.0
6659.950141112971,506232.0
6660.129865519997,504677.0
6660.309589927023,504714.0
6660.48931433405,498521.0
6660.669038741075,495956.0
6660.848763148102,492902.0
6661.028487555128,497166.0
6661.208211962154,498067.0
6661.38793636918,497728.0
6661.567660776206,492587.0
6661.747385183233,491152.0
6661.927109590259,493705.0
6662.106833997285,491848.0
6662.286558404311,489843.0
6662.466282811337,490751.0
6662.646007218364,488064.0
6662.825731625389,481578.0
6663.005456032416,488521.0
6663.185180439442,489567.0
6663.364904846468,484728.0
6663.544629253494,482836.0
6663.72435366052,478086.0
6663.904078067547,484539.0
6664.083802474573,484273.0
6664.263526881598,479257.0
6664.443251288625,479665.0
6664.622975695651,479496.0
6664.802700102678,476812.0
6664.982424509703,474120.0
6665.16214891673,471781.0
6665.341873323756,470365.0
6665.521597730782,467105.0
6665.701322137808,469399.0
6665.881046544834,466906.0
6666.060770951861,467298.0
6666.240495358887,471723.0
6666.420219765912,471428.0
6666.599944172939,468272.0
6666.779668579965,463288.0
6666.959392986992,463623.0
6667.139117394017,465813.0
6667.318841801043,464180.0
6667.49856620807,464938.0
6667.678290615096,462897.0
6667.858015022122,458728.0
6668.037739429148,452736.0
6668.217463836174,454609.0
6668.397188243201,460026.0
6668.576912650226,459899.0
6668.756637057253,454693.0
6668.936361464279,449810.0
6669.116085871305,449523.0
6669.295810278331,447939.0
6669.475534685357,447872.0
6669.655259092384,449355.0
6669.83498349941,452045.0
6670.014707906436,448727.0
6670.194432313462,445011.0
6670.374156720488,444008.0
6670.553881127515,444283.0
6670.73360553454,444514.0
6670.913329941567,444427.0
6671.093054348593,441269.0
6671.272778755619,438292.0
6671.452503162645,437388.0
6671.632227569671,440361.0
6671.811951976698,440748.0
6671.991676383724,438685.0
6672.171400790749,435845.0
6672.351125197776,435724.0
6672.530849604802,437020.0
6672.710574011829,434059.0
6672.890298418854,430165.0
6673.070022825881,428011.0
6673.249747232907,430076.0
6673.429471639933,431399.0
6673.609196046959,428051.0
6673.788920453985,425822.0
6673.968644861012,425758.0
6674.148369268038,423892.0
6674.328093675063,420412.0
6674.50781808209,420759.0
6674.687542489116,423340.0
6674.867266896143,425283.0
6675.046991303168,422780.0
6675.226715710194,417590.0
6675.406440117221,417619.0
6675.586164524247,413597.0
6675.765888931273,409261.0
6675.945613338299,410757.0
6676.125337745325,410108.0
6676.305062152352,411504.0
6676.484786559377,409998.0
6676.664510966404,410562.0
6676.84423537343,410777.0
6677.023959780457,408781.0
6677.203684187482,406997.0
6677.383408594508,403313.0
6677.563133001535,399551.0
6677.742857408561,394480.0
6677.922581815587,396815.0
6678.102306222613,404725.0
6678.282030629639,399396.0
6678.461755036666,397876.0
6678.641479443691,394957.0
6678.821203850718,390194.0
6679.000928257744,392742.0
6679.18065266477,392841.0
6679.360377071796,387248.0
6679.540101478822,391720.0
6679.719825885849,389804.0
6679.899550292875,388972.0
6680.079274699901,385116.0
6680.258999106927,385643.0
6680.438723513953,387135.0
6680.61844792098,384564.0
6680.798172328005,382706.0
6680.977896735032,382809.0
6681.157621142058,379323.0
6681.337345549084,379071.0
6681.51706995611,380472.0
6681.696794363136,375211.0
6681.876518770163,374002.0
6682.056243177189,373677.0
6682.235967584214,373197.0
6682.415691991241,372698.0
6682.595416398267,376303.0
6682.775140805294,375505.0
6682.954865212319,372209.0
6683.134589619345,372448.0
6683.314314026372,373084.0
6683.494038433398,367992.0
6683.673762840424,370202.0
6683.85348724745,369613.0
6684.033211654476,370297.0
6684.212936061503,364439.0
6684.392660468528,366270.0
6684.572384875555,364845.0
6684.752109282581,363683.0
6684.931833689608,363701.0
6685.111558096633,360457.0
6685.291282503659,360721.0
6685.471006910686,359272.0
6685.650731317712,357540.0
6685.830455724738,356533.0
6686.010180131764,353973.0
6686.18990453879,354501.0
6686.369628945817,354162.0
6686.549353352842,351021.0
6686.729077759869,350982.0
6686.908802166895,352970.0
6687.088526573921,350912.0
6687.268250980947,347407.0
6687.447975387973,347321.0
6687.627699795,347496.0
6687.807424202026,343093.0
6687.987148609052,340529.0
6688.166873016078,340445.0
6688.346597423104,340285.0
6688.526321830131,338216.0
6688.706046237156,335917.0
6688.885770644183,335800.0
6689.065495051209,336900.0
6689.245219458235,335954.0
6689.424943865261,334863.0
6689.604668272287,333087.0
6689.784392679314,332951.0
6689.96411708634,334413.0
6690.1438414933655,332992.0
6690.323565900392,333054.0
6690.503290307418,333008.0
6690.683014714445,329835.0
6690.86273912147,325830.0
6691.042463528496,326741.0
6691.222187935523,324608.0
6691.401912342549,323362.0
6691.581636749575,324503.0
6691.761361156601,322177.0
6691.941085563628,318838.0
6692.120809970654,318319.0
6692.3005343776795,319591.0
6692.480258784706,314015.0
6692.659983191732,315200.0
6692.839707598759,313967.0
6693.019432005784,313807.0
6693.19915641281,313216.0
6693.378880819837,314240.0
6693.558605226863,311783.0
6693.738329633889,310657.0
6693.918054040915,309214.0
6694.097778447941,308416.0
6694.277502854968,305681.0
6694.4572272619935,303386.0
6694.63695166902,300953.0
6694.816676076046,299622.0
6694.996400483072,299679.0
6695.176124890098,299373.0
6695.355849297124,298294.0
6695.535573704151,298326.0
6695.715298111177,296889.0
6695.895022518203,298831.0
6696.074746925229,297770.0
6696.254471332255,289578.0
6696.434195739282,289695.0
6696.6139201463075,291971.0
6696.793644553334,292015.0
6696.97336896036,292150.0
6697.153093367386,289452.0
6697.332817774412,284958.0
6697.512542181438,286428.0
6697.692266588465,285345.0
6697.871990995491,281857.0
6698.0517154025165,280678.0
6698.231439809543,278038.0
6698.411164216569,279404.0
6698.590888623596,282577.0
6698.7706130306215,280420.0
6698.950337437647,278294.0
6699.130061844674,274133.0
6699.3097862517,270866.0
6699.489510658726,271573.0
6699.669235065752,271697.0
6699.848959472779,269871.0
6700.028683879805,268837.0
6700.2084082868305,269227.0
6700.388132693857,266984.0
6700.567857100883,265523.0
6700.74758150791,268186.0
6700.9273059149355,264975.0
6701.107030321961,262079.0
6701.286754728988,262352.0
6701.466479136014,260126.0
6701.64620354304,255681.0
6701.825927950066,256415.0
6702.005652357092,259478.0
6702.185376764119,258524.0
6702.3651011711445,258443.0
6702.544825578171,253999.0
6702.724549985197,250511.0
6702.904274392224,253652.0
6703.0839987992495,249216.0
6703.263723206275,248309.0
6703.443447613302,247506.0
6703.623172020328,250643.0
6703.802896427354,246321.0
6703.98262083438,245532.0
6704.162345241406,246039.0
6704.342069648433,244730.0
6704.5217940554585,242807.0
6704.701518462485,240117.0
6704.881242869511,241348.0
6705.060967276537,238521.0
6705.240691683563,235439.0
6705.420416090589,238347.0
6705.600140497616,239921.0
6705.779864904642,237086.0
6705.9595893116675,232544.0
6706.139313718694,232422.0
6706.31903812572,233874.0
6706.498762532747,233348.0
6706.6784869397725,230304.0
6706.858211346798,229303.0
6707.037935753825,229726.0
6707.217660160851,229991.0
6707.397384567877,225853.0
6707.577108974903,221142.0
6707.75683338193,221420.0
6707.936557788956,224987.0
6708.1162821959815,223157.0
6708.296006603008,220021.0
6708.475731010034,218524.0
6708.655455417061,217865.0
6708.8351798240865,217912.0
6709.014904231112,215407.0
6709.194628638139,214875.0
6709.374353045165,212736.0
6709.554077452191,212969.0
6709.733801859217,213468.0
6709.913526266243,209836.0
6710.09325067327,209759.0
6710.2729750802955,207770.0
6710.452699487322,203108.0
6710.632423894348,202068.0
6710.812148301375,205162.0
6710.9918727084005,204661.0
6711.171597115426,201935.0
6711.351321522453,202493.0
6711.531045929479,203652.0
6711.710770336505,199000.0
6711.890494743531,195623.0
6712.070219150557,196866.0
6712.249943557584,196657.0
6712.4296679646095,196133.0
6712.609392371636,193654.0
6712.789116778662,193564.0
6712.968841185688,191245.0
6713.1485655927145,189734.0
6713.32828999974,191381.0
6713.508014406767,188148.0
6713.687738813793,188351.0
6713.8674632208185,184901.0
6714.047187627845,186251.0
6714.226912034871,185447.0
6714.406636441898,182811.0
6714.5863608489235,181250.0
6714.76608525595,179242.0
6714.945809662976,178254.0
6715.125534070002,177870.0
6715.3052584770285,181405.0
6715.484982884054,180612.0
6715.664707291081,178566.0
6715.844431698107,176368.0
6716.0241561051325,174110.0
6716.203880512159,171725.0
6716.383604919185,171519.0
6716.563329326212,170832.0
6716.7430537332375,167963.0
6716.922778140263,169582.0
6717.10250254729,169889.0
6717.282226954316,168687.0
6717.4619513613425,167194.0
6717.641675768368,165806.0
6717.821400175395,161786.0
6718.001124582421,163356.0
6718.1808489894465,163099.0
6718.360573396473,159547.0
6718.540297803499,159441.0
6718.720022210526,160778.0
6718.8997466175515,158628.0
6719.079471024577,158544.0
6719.259195431604,157595.0
6719.43891983863,154462.0
6719.6186442456565,155003.0
6719.798368652682,154727.0
6719.978093059708,156316.0
6720.157817466735,153548.0
6720.3375418737605,149143.0
6720.517266280787,149844.0
6720.696990687813,148704.0
6720.876715094839,148074.0
6721.0564395018655,147500.0
6721.236163908891,145341.0
6721.415888315918,146138.0
6721.595612722944,145438.0
6721.77533712997,145794.0
6721.955061536996,144685.0
6722.134785944022,143546.0
6722.314510351049,142914.0
6722.4942347580745,140889.0
6722.673959165101,139856.0
6722.853683572127,138258.0
6723.033407979153,137099.0
6723.2131323861795,137595.0
6723.392856793205,135357.0
6723.572581200232,133299.0
6723.752305607258,135182.0
6723.932030014284,134274.0
6724.11175442131,132214.0
6724.291478828336,131795.0
6724.471203235363,131364.0
6724.6509276423885,128779.0
6724.830652049414,128882.0
6725.010376456441,128331.0
6725.190100863467,128092.0
6725.3698252704935,126714.0
6725.549549677519,124924.0
6725.729274084546,124044.0
6725.908998491572,123909.0
6726.088722898598,124565.0
6726.268447305624,123284.0
6726.44817171265,121284.0
6726.627896119677,121082.0
6726.8076205267025,120404.0
6726.987344933728,120713.0
6727.167069340755,119818.0
6727.346793747781,116589.0
6727.5265181548075,116309.0
6727.706242561833,116226.0
6727.885966968859,115000.0
6728.065691375886,114977.0
6728.245415782912,114139.0
6728.425140189938,113391.0
6728.604864596964,111892.0
6728.78458900399,110379.0
6728.9643134110165,110785.0
6729.144037818042,109498.0
6729.323762225069,108910.0
6729.503486632095,110289.0
6729.6832110391215,106754.0
6729.862935446147,105423.0
6730.042659853173,105971.0
6730.2223842602,105707.0
6730.402108667226,104071.0
6730.581833074252,102924.0
6730.761557481278,103756.0
6730.941281888304,104073.0
6731.1210062953305,101838.0
6731.300730702356,99770.9
6731.480455109383,98670.4
6731.660179516409,98691.9
6731.839903923435,97402.5
6732.019628330461,96876.7
6732.199352737487,96978.5
6732.379077144514,94671.5
6732.55880155154,94378.5
6732.738525958566,93890.5
6732.918250365592,93286.8
6733.097974772618,83738.3
