6485.8849851495,45831.9
6486.065065012057,44628.6
6486.245144874614,44882.9
6486.425224737171,44699.2
6486.605304599729,44512.4
6486.785384462286,44789.8
6486.965464324842,45038.7
6487.1455441873995,45531.2
6487.325624049957,46234.7
6487.505703912514,46835.5
6487.685783775071,47204.9
6487.8658636376285,46661.7
6488.045943500186,47284.9
6488.226023362743,47286.5
6488.4061032253,47373.9
6488.5861830878575,49217.7
6488.766262950415,50035.6
6488.946342812972,49002.1
6489.126422675528,49503.4
6489.306502538086,49238.8
6489.486582400643,50832.1
6489.6666622632,51368.8
6489.846742125757,50678.2
6490.026821988315,50951.0
6490.206901850872,51703.5
6490.386981713429,51609.4
6490.567061575986,51453.0
6490.747141438544,51994.6
6490.927221301101,51725.7
6491.107301163657,53058.2
6491.2873810262145,55010.2
6491.467460888772,55297.1
6491.647540751329,54470.7
6491.827620613886,54331.3
6492.0077004764435,54748.6
6492.187780339001,55009.5
6492.367860201558,55825.4
6492.547940064115,55907.6
6492.7280199266725,54677.0
6492.90809978923,54510.8
6493.088179651786,54831.4
6493.268259514343,55200.5
6493.448339376901,56821.2
6493.628419239458,58123.5
6493.808499102015,57730.7
6493.988578964572,59235.1
6494.16865882713,60662.5
6494.348738689687,59178.0
6494.528818552244,58959.9
6494.708898414801,59758.0
6494.888978277359,59547.1
6495.069058139916,59211.8
6495.249138002472,59786.7
6495.429217865029,60030.7
6495.609297727587,58990.5
6495.789377590144,58597.2
6495.969457452701,58934.1
6496.149537315258,59669.5
6496.329617177816,60825.3
6496.509697040373,61766.2
6496.68977690293,62745.9
6496.869856765487,63310.2
6497.049936628045,63314.5
6497.230016490601,64148.3
6497.410096353158,63493.5
6497.5901762157155,63071.6
6497.770256078273,63899.4
6497.95033594083,64202.3
6498.130415803387,63842.4
6498.3104956659445,63771.6
6498.490575528502,64367.2
6498.670655391059,65482.2
6498.850735253616,66344.6
6499.0308151161735,66272.0
6499.210894978731,66699.0
6499.390974841287,67089.1
6499.571054703844,66100.3
6499.751134566402,65918.7
6499.931214428959,67040.5
6500.111294291516,66865.4
6500.291374154073,66378.8
6500.471454016631,67082.0
6500.651533879188,66971.5
6500.831613741745,68582.7
6501.011693604302,68854.5
6501.19177346686,69996.3
6501.371853329416,68919.6
6501.551933191973,68249.8
6501.73201305453,69265.3
6501.912092917088,70498.7
6502.092172779645,71512.4
6502.272252642202,71214.9
6502.452332504759,70069.8
6502.632412367317,70646.5
6502.812492229874,71950.3
6502.992572092431,72008.1
6503.172651954988,72253.5
6503.352731817546,72704.9
6503.532811680102,73109.2
6503.712891542659,73868.6
6503.8929714052165,74081.6
6504.073051267774,74023.9
6504.253131130331,75313.5
6504.433210992888,75227.1
6504.6132908554455,76312.5
6504.793370718003,76795.4
6504.97345058056,76892.1
6505.153530443117,76096.1
6505.3336103056745,76259.2
6505.513690168231,77021.2
6505.693770030788,77442.8
6505.873849893345,79142.4
6506.053929755903,78552.0
6506.23400961846,78805.5
6506.414089481017,79996.9
6506.594169343574,80651.0
6506.774249206132,80572.3
6506.954329068689,80088.0
6507.134408931246,79911.3
6507.314488793803,79954.9
6507.49456865636,80494.9
6507.674648518917,81924.4
6507.854728381474,81945.8
6508.034808244031,82377.9
6508.214888106589,83315.0
6508.394967969146,82991.2
6508.575047831703,83099.9
6508.75512769426,85134.0
6508.935207556818,86426.5
6509.115287419375,85396.0
6509.295367281932,84004.9
6509.475447144489,84142.8
6509.655527007046,86085.1
6509.835606869603,87633.1
6510.01568673216,87325.1
6510.1957665947175,86745.5
6510.375846457275,88090.6
6510.555926319832,89541.4
6510.736006182389,89086.2
6510.9160860449465,89160.9
6511.096165907504,91072.2
6511.276245770061,91421.9
6511.456325632618,90267.4
6511.636405495175,91076.1
6511.816485357732,90275.9
6511.996565220289,92213.3
6512.176645082846,93374.9
6512.356724945404,93517.9
6512.536804807961,94176.8
6512.716884670518,95787.6
6512.896964533075,97872.2
6513.077044395633,98955.2
6513.25712425819,98432.0
6513.437204120747,97265.5
6513.617283983304,97769.7
6513.797363845861,99060.6
6513.977443708418,99322.9
6514.157523570975,99564.6
6514.337603433532,100723.0
6514.51768329609,100406.0
6514.697763158647,99169.6
6514.877843021204,99893.5
6515.057922883761,101430.0
6515.238002746319,101773.0
6515.418082608876,101492.0
6515.598162471433,102438.0
6515.7782423339895,102673.0
6515.958322196547,100346.0
6516.138402059104,100008.0
6516.318481921661,100649.0
6516.4985617842185,97373.4
6516.678641646776,95513.3
6516.858721509333,99939.2
6517.03880137189,103702.0
6517.2188812344475,104884.0
6517.398961097005,106643.0
6517.579040959562,107306.0
6517.759120822118,107298.0
6517.939200684676,108312.0
6518.119280547233,109354.0
6518.29936040979,110065.0
6518.479440272347,111591.0
6518.659520134905,112012.0
6518.839599997462,111624.0
6519.019679860019,112468.0
6519.199759722576,111083.0
6519.379839585134,111016.0
6519.559919447691,110867.0
6519.739999310248,110996.0
6519.920079172804,114063.0
6520.100159035362,116104.0
6520.280238897919,115438.0
6520.460318760476,113995.0
6520.640398623033,113663.0
6520.820478485591,114454.0
6521.000558348148,114776.0
6521.180638210705,114476.0
6521.360718073262,114141.0
6521.54079793582,114583.0
6521.720877798377,113245.0
6521.900957660933,113765.0
6522.0810375234905,113806.0
6522.261117386048,114199.0
6522.441197248605,115263.0
6522.621277111162,117008.0
6522.8013569737195,118067.0
6522.981436836277,117059.0
6523.161516698834,115479.0
6523.341596561391,111390.0
6523.5216764239485,113273.0
6523.701756286506,113926.0
6523.881836149063,113586.0
6524.061916011619,114987.0
6524.241995874177,118995.0
6524.422075736734,120949.0
6524.602155599291,120336.0
6524.782235461848,119629.0
6524.962315324406,118673.0
6525.142395186963,118945.0
6525.32247504952,120358.0
6525.502554912077,120151.0
6525.682634774635,119099.0
6525.862714637192,120506.0
6526.042794499748,122800.0
6526.222874362305,122682.0
6526.402954224863,120463.0
6526.58303408742,121101.0
6526.763113949977,121700.0
6526.943193812534,123045.0
6527.123273675092,127624.0
6527.303353537649,126110.0
6527.483433400206,124163.0
6527.663513262763,125177.0
6527.843593125321,126041.0
6528.023672987877,125110.0
6528.203752850434,125602.0
6528.3838327129915,126616.0
6528.563912575549,127560.0
6528.743992438106,127232.0
6528.924072300663,128493.0
6529.1041521632205,130667.0
6529.284232025778,128024.0
6529.464311888335,126249.0
6529.644391750892,129107.0
6529.8244716134495,129780.0
6530.004551476007,130588.0
6530.184631338563,132084.0
6530.36471120112,131164.0
6530.544791063678,132233.0
6530.724870926235,133594.0
6530.904950788792,133887.0
6531.085030651349,134369.0
6531.265110513907,133908.0
6531.445190376464,134144.0
6531.625270239021,135829.0
6531.805350101578,134841.0
6531.985429964136,134972.0
6532.165509826692,132003.0
6532.345589689249,131741.0
6532.5256695518065,133196.0
6532.705749414364,134647.0
6532.885829276921,136039.0
6533.065909139478,139450.0
6533.2459890020355,140220.0
6533.426068864593,139681.0
6533.60614872715,140737.0
6533.786228589707,138928.0
6533.9663084522645,138606.0
6534.146388314822,137131.0
6534.326468177378,139677.0
6534.506548039935,142789.0
6534.686627902493,141404.0
6534.86670776505,142533.0
6535.046787627607,142892.0
6535.226867490164,142055.0
6535.4069473527215,142953.0
6535.587027215279,143462.0
6535.767107077836,142808.0
6535.947186940393,143382.0
6536.1272668029505,145573.0
6536.307346665507,146927.0
6536.487426528064,144589.0
6536.667506390621,146282.0
6536.847586253179,146994.0
6537.027666115736,148739.0
6537.207745978293,150443.0
6537.38782584085,152956.0
6537.567905703408,151227.0
6537.747985565965,149797.0
6537.928065428522,151516.0
6538.108145291079,152899.0
6538.288225153636,153604.0
6538.468305016193,153287.0
6538.64838487875,155030.0
6538.8284647413075,153519.0
6539.008544603865,153161.0
6539.188624466422,155995.0
6539.368704328979,158459.0
6539.5487841915365,155416.0
6539.728864054094,152313.0
6539.908943916651,156580.0
6540.089023779208,159723.0
6540.2691036417655,157699.0
6540.449183504322,156391.0
6540.629263366879,157213.0
6540.809343229436,159292.0
6540.989423091994,161582.0
6541.169502954551,162356.0
6541.349582817108,160064.0
6541.529662679665,159799.0
6541.709742542223,161100.0
6541.88982240478,162264.0
6542.069902267337,162745.0
6542.249982129894,162261.0
6542.430061992451,162870.0
6542.610141855008,164346.0
6542.790221717565,165762.0
6542.970301580122,166125.0
6543.15038144268,164474.0
6543.330461305237,163654.0
6543.510541167794,163790.0
6543.690621030351,161212.0
6543.870700892909,159033.0
6544.050780755466,160592.0
6544.230860618023,164737.0
6544.41094048058,166649.0
6544.591020343137,167622.0
6544.771100205694,170079.0
6544.951180068251,169759.0
6545.1312599308085,168300.0
6545.311339793366,170402.0
6545.491419655923,171821.0
6545.67149951848,170224.0
6545.8515793810375,171160.0
6546.031659243595,173217.0
6546.211739106152,172879.0
6546.391818968709,173619.0
6546.571898831266,175632.0
6546.751978693823,180574.0
6546.93205855638,178785.0
6547.112138418937,175365.0
6547.292218281495,175890.0
6547.472298144052,175275.0
6547.652378006609,175656.0
6547.832457869166,179459.0
6548.012537731724,181562.0
6548.192617594281,181139.0
6548.372697456838,179919.0
6548.552777319395,178047.0
6548.732857181952,178864.0
6548.912937044509,181597.0
6549.093016907066,185396.0
6549.273096769623,185122.0
6549.453176632181,184756.0
6549.633256494738,189673.0
6549.813336357295,193062.0
6549.993416219852,194745.0
6550.17349608241,193694.0
6550.353575944967,192386.0
6550.533655807524,193912.0
6550.7137356700805,196582.0
6550.893815532638,199415.0
6551.073895395195,199913.0
6551.253975257752,199886.0
6551.4340551203095,203585.0
6551.614134982867,202786.0
6551.794214845424,203919.0
6551.974294707981,207603.0
6552.1543745705385,208786.0
6552.334454433096,206161.0
6552.514534295653,203197.0
6552.694614158209,202146.0
6552.874694020767,206228.0
6553.054773883324,213590.0
6553.234853745881,217847.0
6553.414933608438,218257.0
6553.595013470996,220005.0
6553.775093333553,223282.0
6553.95517319611,225698.0
6554.135253058667,231522.0
6554.315332921225,236629.0
6554.495412783782,236614.0
6554.675492646339,238781.0
6554.855572508895,243706.0
6555.035652371453,252153.0
6555.21573223401,255649.0
6555.395812096567,260228.0
6555.575891959124,263895.0
6555.755971821682,269695.0
6555.936051684239,277855.0
6556.116131546796,284682.0
6556.296211409353,290357.0
6556.476291271911,297462.0
6556.656371134468,306650.0
6556.836450997024,316200.0
6557.0165308595815,325894.0
6557.196610722139,332354.0
6557.376690584696,343462.0
6557.556770447253,366679.0
6557.7368503098105,382610.0
6557.916930172368,392869.0
6558.097010034925,405098.0
6558.277089897482,425238.0
6558.4571697600395,450863.0
6558.637249622597,477634.0
6558.817329485153,497292.0
6558.99740934771,515407.0
6559.177489210268,546082.0
6559.357569072825,585361.0
6559.537648935382,621306.0
6559.717728797939,654488.0
6559.897808660497,691302.0
6560.077888523054,736998.0
6560.257968385611,783396.0
6560.438048248168,820120.0
6560.618128110726,876725.0
6560.798207973283,931116.0
6560.978287835839,995012.0
6561.158367698396,1.04065e+06
6561.338447560954,1.07836e+06
6561.518527423511,1.11727e+06
6561.698607286068,1.13204e+06
6561.878687148625,1.13364e+06
6562.058767011183,1.1376e+06
6562.23884687374,1.1297e+06
6562.418926736297,1.09425e+06
6562.599006598854,1.00779e+06
6562.779086461412,864047.0
6562.959166323968,702259.0
6563.139246186525,561544.0
6563.3193260490825,487536.0
6563.49940591164,519467.0
6563.679485774197,630238.0
6563.859565636754,780690.0
6564.0396454993115,941081.0
6564.219725361869,1.05092e+06
6564.399805224426,1.12194e+06
6564.579885086983,1.15639e+06
6564.7599649495405,1.17256e+06
6564.940044812098,1.17508e+06
6565.120124674654,1.16901e+06
6565.300204537211,1.15317e+06
6565.480284399769,1.11045e+06
6565.660364262326,1.05877e+06
6565.840444124883,1.01112e+06
6566.02052398744,958423.0
6566.200603849998,911052.0
6566.380683712555,863601.0
6566.560763575112,810289.0
6566.740843437669,762619.0
6566.920923300227,722243.0
6567.101003162783,686698.0
6567.28108302534,648030.0
6567.461162887897,612324.0
6567.641242750455,578933.0
6567.821322613012,550885.0
6568.001402475569,522448.0
6568.181482338126,497281.0
6568.361562200684,476208.0
6568.541642063241,452766.0
6568.721721925798,433237.0
6568.901801788355,415458.0
6569.081881650913,395045.0
6569.261961513469,378858.0
6569.442041376026,369742.0
6569.6221212385835,364467.0
6569.802201101141,356078.0
6569.982280963698,341443.0
6570.162360826255,330653.0
6570.3424406888125,325271.0
6570.52252055137,317983.0
6570.702600413927,311055.0
6570.882680276484,303721.0
6571.0627601390415,292772.0
6571.242840001598,288587.0
6571.422919864155,284538.0
6571.602999726712,281308.0
6571.78307958927,274717.0
6571.963159451827,269739.0
6572.143239314384,265327.0
6572.323319176941,260379.0
6572.503399039499,260881.0
6572.683478902056,259382.0
6572.863558764613,257050.0
6573.04363862717,254081.0
6573.223718489727,248039.0
6573.403798352284,246484.0
6573.583878214841,244126.0
6573.7639580773985,242648.0
6573.944037939956,240707.0
6574.124117802513,237401.0
6574.30419766507,237454.0
6574.4842775276275,236613.0
6574.664357390185,226836.0
6574.844437252742,225730.0
6575.024517115299,224781.0
6575.204596977856,226939.0
6575.384676840413,229511.0
6575.56475670297,226951.0
6575.744836565527,227435.0
6575.9249164280845,224972.0
6576.104996290642,225615.0
6576.285076153199,226936.0
6576.465156015756,222443.0
6576.6452358783135,220149.0
6576.825315740871,221088.0
6577.005395603428,221647.0
6577.185475465985,221406.0
6577.365555328542,220147.0
6577.545635191099,219693.0
6577.725715053656,218475.0
6577.905794916213,217901.0
6578.085874778771,218004.0
6578.265954641328,216080.0
6578.446034503885,216683.0
6578.626114366442,220252.0
6578.806194229,217944.0
6578.986274091557,211354.0
6579.166353954114,211433.0
6579.346433816671,213867.0
6579.526513679228,214633.0
6579.706593541785,213901.0
6579.886673404342,212435.0
6580.0667532668995,213413.0
6580.246833129457,211796.0
6580.426912992014,209370.0
6580.606992854571,207796.0
6580.7870727171285,208814.0
6580.967152579686,211337.0
6581.147232442243,211799.0
6581.3273123048,211294.0
6581.507392167357,211320.0
6581.687472029914,212470.0
6581.867551892471,211880.0
6582.047631755028,208600.0
6582.227711617586,207694.0
6582.407791480143,206315.0
6582.5878713427,205931.0
6582.767951205257,207828.0
6582.948031067815,210231.0
6583.128110930372,211842.0
6583.308190792929,212077.0
6583.488270655485,212121.0
6583.668350518043,212523.0
6583.8484303806,208661.0
6584.028510243157,210721.0
6584.208590105714,213150.0
6584.388669968272,211281.0
6584.568749830829,208859.0
6584.748829693386,211417.0
6584.928909555943,211427.0
6585.108989418501,210615.0
6585.289069281058,212232.0
6585.469149143615,212026.0
6585.6492290061715,212138.0
6585.829308868729,212824.0
6586.009388731286,213855.0
6586.189468593843,215927.0
6586.3695484564005,213325.0
6586.549628318958,209913.0
6586.729708181515,210709.0
6586.909788044072,211246.0
6587.0898679066295,210350.0
6587.269947769187,209558.0
6587.450027631744,210411.0
6587.6301074943,208297.0
6587.810187356858,212807.0
6587.990267219415,210033.0
6588.170347081972,208825.0
6588.350426944529,210420.0
6588.530506807087,214416.0
6588.710586669644,214242.0
6588.890666532201,208295.0
6589.070746394758,209771.0
6589.250826257316,214181.0
6589.430906119873,213091.0
6589.61098598243,212185.0
6589.791065844986,211828.0
6589.971145707544,206871.0
6590.151225570101,207499.0
6590.331305432658,211112.0
6590.511385295215,209779.0
6590.691465157773,211141.0
6590.87154502033,210351.0
6591.051624882887,208789.0
6591.231704745444,212500.0
6591.411784608002,212766.0
6591.591864470559,208752.0
6591.771944333115,206766.0
6591.9520241956725,207217.0
6592.13210405823,210202.0
6592.312183920787,212050.0
6592.492263783344,209930.0
6592.6723436459015,207940.0
6592.852423508459,208461.0
6593.032503371016,210482.0
6593.212583233573,209345.0
6593.3926630961305,206839.0
6593.572742958688,208286.0
6593.752822821245,208481.0
6593.932902683801,207992.0
6594.112982546359,208558.0
6594.293062408916,206714.0
6594.473142271473,205742.0
6594.65322213403,207407.0
6594.833301996588,207151.0
6595.013381859145,205987.0
6595.193461721702,207565.0
6595.373541584259,207495.0
6595.553621446817,210325.0
6595.733701309374,209815.0
6595.91378117193,205653.0
6596.093861034487,203311.0
6596.273940897045,207477.0
6596.454020759602,209122.0
6596.634100622159,206474.0
6596.814180484716,206052.0
6596.994260347274,205232.0
6597.174340209831,206724.0
6597.354420072388,208404.0
6597.534499934945,209202.0
6597.714579797503,207200.0
6597.894659660059,204217.0
6598.074739522616,203773.0
6598.2548193851735,205674.0
6598.434899247731,208526.0
6598.614979110288,207941.0
6598.795058972845,206480.0
6598.9751388354025,207558.0
6599.15521869796,206881.0
6599.335298560517,206301.0
6599.515378423074,204879.0
6599.6954582856315,201908.0
6599.875538148189,202793.0
6600.055618010745,203726.0
6600.235697873302,204410.0
6600.41577773586,204087.0
6600.595857598417,202346.0
6600.775937460974,203381.0
6600.956017323531,203765.0
6601.136097186089,203193.0
6601.316177048646,204063.0
6601.496256911203,204442.0
6601.67633677376,205751.0
6601.856416636318,205344.0
6602.036496498874,202053.0
6602.216576361431,201137.0
6602.396656223988,201164.0
6602.576736086546,201815.0
6602.756815949103,204173.0
6602.93689581166,204929.0
6603.116975674217,204784.0
6603.297055536775,204188.0
6603.477135399332,202389.0
6603.657215261889,202332.0
6603.837295124446,202512.0
6604.017374987003,204587.0
6604.19745484956,200634.0
6604.377534712117,199692.0
6604.5576145746745,202088.0
6604.737694437232,199893.0
6604.917774299789,203364.0
6605.097854162346,204643.0
6605.2779340249035,201073.0
6605.458013887461,200109.0
6605.638093750018,199686.0
6605.818173612575,200239.0
6605.9982534751325,197860.0
6606.178333337689,201050.0
6606.358413200246,202788.0
6606.538493062803,202923.0
6606.718572925361,201164.0
6606.898652787918,199563.0
6607.078732650475,201418.0
6607.258812513032,201829.0
6607.43889237559,200991.0
6607.618972238147,202358.0
6607.799052100704,202715.0
6607.979131963261,203116.0
6608.159211825818,204005.0
6608.339291688375,202039.0
6608.519371550932,200276.0
6608.699451413489,201539.0
6608.879531276047,201202.0
6609.059611138604,198609.0
6609.239691001161,199565.0
6609.419770863718,199539.0
6609.599850726276,199563.0
6609.779930588833,201525.0
6609.96001045139,201203.0
6610.140090313947,201702.0
6610.320170176504,203527.0
6610.500250039061,201514.0
6610.680329901618,199934.0
6610.8604097641755,201242.0
6611.040489626733,197412.0
6611.22056948929,196681.0
6611.400649351847,198458.0
6611.5807292144045,196876.0
6611.760809076962,197577.0
6611.940888939519,199015.0
6612.120968802076,199431.0
6612.301048664633,197711.0
6612.48112852719,196274.0
6612.661208389747,198478.0
6612.841288252304,200943.0
6613.021368114862,202155.0
6613.201447977419,200934.0
6613.381527839976,197357.0
6613.561607702533,196217.0
6613.741687565091,197078.0
6613.921767427648,194912.0
6614.101847290205,195010.0
6614.281927152762,196836.0
6614.462007015319,195551.0
6614.642086877876,193756.0
6614.822166740433,194619.0
6615.00224660299,197195.0
6615.182326465548,198136.0
6615.362406328105,196143.0
6615.542486190662,196168.0
6615.722566053219,197036.0
6615.902645915777,196935.0
6616.082725778334,195036.0
6616.262805640891,193216.0
6616.4428855034475,197059.0
6616.622965366005,197787.0
6616.803045228562,194988.0
6616.983125091119,197665.0
6617.1632049536765,197516.0
6617.343284816234,195158.0
6617.523364678791,193331.0
6617.703444541348,195161.0
6617.8835244039055,195037.0
6618.063604266463,194910.0
6618.24368412902,192865.0
6618.423763991577,193603.0
6618.603843854134,192683.0
6618.783923716691,192728.0
6618.964003579248,193748.0
6619.144083441805,195749.0
6619.324163304363,193346.0
6619.50424316692,190963.0
6619.684323029477,192616.0
6619.864402892034,196896.0
6620.044482754592,193943.0
6620.224562617149,190717.0
6620.404642479706,190886.0
6620.5847223422625,190702.0
6620.76480220482,192158.0
6620.944882067377,193222.0
6621.124961929934,194460.0
6621.3050417924915,190972.0
6621.485121655049,190439.0
6621.665201517606,191496.0
6621.845281380163,190183.0
6622.0253612427205,192830.0
6622.205441105278,195348.0
6622.385520967835,191497.0
6622.565600830391,189855.0
6622.745680692949,188364.0
6622.925760555506,188961.0
6623.105840418063,192467.0
6623.28592028062,189616.0
6623.466000143178,189602.0
6623.646080005735,189906.0
6623.826159868292,189937.0
6624.006239730849,190398.0
6624.186319593407,189850.0
6624.366399455964,189135.0
6624.54647931852,186944.0
6624.726559181077,185638.0
6624.906639043635,186385.0
6625.086718906192,187213.0
6625.266798768749,190048.0
6625.446878631306,188673.0
6625.626958493864,186224.0
6625.807038356421,185452.0
6625.987118218978,185381.0
6626.167198081535,186163.0
6626.347277944093,184318.0
6626.52735780665,185323.0
6626.707437669206,189042.0
6626.8875175317635,187936.0
6627.067597394321,184766.0
6627.247677256878,183757.0
6627.427757119435,182625.0
6627.6078369819925,181520.0
6627.78791684455,181885.0
6627.967996707107,182654.0
6628.148076569664,185015.0
6628.3281564322215,185310.0
6628.508236294779,182805.0
6628.688316157335,184243.0
6628.868396019892,183803.0
6629.04847588245,181400.0
6629.228555745007,181638.0
6629.408635607564,186477.0
6629.588715470121,187955.0
6629.768795332679,186273.0
6629.948875195236,182068.0
6630.128955057793,180722.0
6630.30903492035,183983.0
6630.489114782908,185084.0
6630.669194645465,183012.0
6630.849274508021,181798.0
6631.029354370578,181307.0
6631.209434233136,183136.0
6631.389514095693,182852.0
6631.56959395825,180909.0
6631.749673820807,183050.0
6631.929753683365,181000.0
6632.109833545922,180554.0
6632.289913408479,182680.0
6632.469993271036,182467.0
6632.650073133594,182646.0
6632.83015299615,181737.0
6633.010232858707,179838.0
6633.1903127212645,179660.0
6633.370392583822,180243.0
6633.550472446379,180668.0
6633.730552308936,179936.0
6633.9106321714935,180329.0
6634.090712034051,180836.0
6634.270791896608,178183.0
6634.450871759165,177658.0
6634.6309516217225,178260.0
6634.81103148428,178816.0
6634.991111346836,180810.0
6635.171191209393,179532.0
6635.351271071951,178155.0
6635.531350934508,176861.0
6635.711430797065,177171.0
6635.891510659622,178284.0
6636.07159052218,178897.0
6636.251670384737,177961.0
6636.431750247294,177584.0
6636.611830109851,178490.0
6636.791909972409,176276.0
6636.971989834965,175908.0
6637.152069697522,175217.0
6637.332149560079,173516.0
6637.512229422637,173918.0
6637.692309285194,175728.0
6637.872389147751,176380.0
6638.052469010308,174761.0
6638.232548872866,173130.0
6638.412628735423,175084.0
6638.59270859798,175797.0
6638.772788460537,173350.0
6638.952868323095,172608.0
6639.132948185651,173981.0
6639.313028048208,175456.0
6639.4931079107655,174306.0
6639.673187773323,172187.0
6639.85326763588,171131.0
6640.033347498437,173381.0
6640.2134273609945,173221.0
6640.393507223552,171016.0
6640.573587086109,172753.0
6640.753666948666,173032.0
6640.9337468112235,170599.0
6641.11382667378,168941.0
6641.293906536337,170193.0
6641.473986398894,171815.0
6641.654066261452,170032.0
6641.834146124009,169127.0
6642.014225986566,169817.0
6642.194305849123,170086.0
6642.374385711681,168777.0
6642.554465574238,169424.0
6642.734545436795,168809.0
6642.914625299352,168545.0
6643.09470516191,168339.0
6643.274785024466,167618.0
6643.454864887023,167130.0
6643.63494474958,168541.0
6643.815024612138,168597.0
6643.995104474695,166923.0
6644.175184337252,166360.0
6644.355264199809,165605.0
6644.535344062367,167308.0
6644.715423924924,167645.0
6644.895503787481,167912.0
6645.075583650038,165483.0
6645.255663512595,164106.0
6645.435743375152,164607.0
6645.615823237709,164548.0
6645.7959031002665,164971.0
6645.975982962824,165945.0
6646.156062825381,165937.0
6646.336142687938,163625.0
6646.5162225504955,163407.0
6646.696302413053,161701.0
6646.87638227561,162958.0
6647.056462138167,163811.0
6647.236542000724,164197.0
6647.416621863281,164702.0
6647.596701725838,164915.0
6647.776781588395,162840.0
6647.956861450953,162252.0
6648.13694131351,162395.0
6648.317021176067,162349.0
6648.497101038624,160587.0
6648.677180901182,159856.0
6648.857260763739,159722.0
6649.037340626296,159885.0
6649.217420488852,162424.0
6649.39750035141,161224.0
6649.577580213967,161226.0
6649.757660076524,159698.0
6649.937739939081,158706.0
6650.117819801639,159829.0
6650.297899664196,161279.0
6650.477979526753,160872.0
6650.65805938931,159098.0
6650.838139251868,158242.0
6651.018219114425,158589.0
6651.198298976982,157905.0
6651.3783788395385,155040.0
6651.558458702096,155564.0
6651.738538564653,158082.0
6651.91861842721,157675.0
6652.0986982897675,158127.0
6652.278778152325,156808.0
6652.458858014882,155790.0
6652.638937877439,155629.0
6652.8190177399965,158105.0
6652.999097602554,158312.0
6653.179177465111,156551.0
6653.359257327667,156389.0
6653.539337190225,156516.0
6653.719417052782,155191.0
6653.899496915339,153608.0
6654.079576777896,155461.0
6654.259656640454,155689.0
6654.439736503011,153297.0
6654.619816365568,152399.0
6654.799896228125,154842.0
6654.979976090683,153512.0
6655.16005595324,153898.0
6655.340135815797,153171.0
6655.520215678353,154850.0
6655.700295540911,154527.0
6655.880375403468,153134.0
6656.060455266025,151460.0
6656.240535128582,153000.0
6656.42061499114,152512.0
6656.600694853697,151562.0
6656.780774716254,150970.0
6656.960854578811,151511.0
6657.140934441369,150890.0
6657.321014303926,152254.0
6657.501094166482,148073.0
6657.6811740290395,147209.0
6657.861253891597,148115.0
6658.041333754154,150624.0
6658.221413616711,151157.0
6658.4014934792685,148406.0
6658.581573341826,149336.0
6658.761653204383,149945.0
6658.94173306694,146428.0
6659.1218129294975,146635.0
6659.301892792055,146250.0
6659.481972654612,146033.0
6659.662052517168,147198.0
6659.842132379726,147417.0
6660.022212242283,147735.0
6660.20229210484,145335.0
6660.382371967397,145437.0
6660.562451829955,143972.0
6660.742531692512,143807.0
6660.922611555069,142570.0
6661.102691417626,143311.0
6661.282771280184,142936.0
6661.462851142741,140917.0
6661.642931005297,140554.0
6661.8230108678545,141914.0
6662.003090730412,141744.0
6662.183170592969,142719.0
6662.363250455526,143535.0
6662.5433303180835,140938.0
6662.723410180641,141774.0
6662.903490043198,140982.0
6663.083569905755,139824.0
6663.2636497683125,139759.0
6663.44372963087,140695.0
6663.623809493427,141082.0
6663.803889355983,142454.0
6663.983969218541,140309.0
6664.164049081098,137535.0
6664.344128943655,136002.0
6664.524208806212,136907.0
6664.70428866877,136420.0
6664.884368531327,136211.0
6665.064448393884,136640.0
6665.244528256441,137914.0
6665.424608118999,136673.0
6665.604687981556,137962.0
6665.784767844112,137670.0
6665.964847706669,135599.0
6666.144927569227,134795.0
6666.325007431784,135732.0
6666.505087294341,136199.0
6666.685167156898,134358.0
6666.865247019456,136068.0
6667.045326882013,138116.0
6667.22540674457,136171.0
6667.405486607127,132711.0
6667.585566469685,132930.0
6667.765646332241,133566.0
6667.945726194798,132684.0
6668.1258060573555,133638.0
6668.305885919913,133548.0
6668.48596578247,133703.0
6668.666045645027,134094.0
6668.8461255075845,132242.0
6669.026205370142,131580.0
6669.206285232699,132210.0
6669.386365095256,134585.0
6669.5664449578135,134567.0
6669.74652482037,129322.0
6669.926604682927,128369.0
6670.106684545484,130840.0
6670.286764408042,130528.0
6670.466844270599,130979.0
6670.646924133156,130945.0
6670.827003995713,129263.0
6671.007083858271,127837.0
6671.187163720828,126896.0
6671.367243583385,127454.0
6671.547323445942,127711.0
6671.7274033085,127312.0
6671.907483171056,126299.0
6672.087563033613,128730.0
6672.26764289617,127141.0
6672.447722758728,125719.0
6672.627802621285,126421.0
6672.807882483842,126490.0
6672.987962346399,124061.0
6673.168042208957,120344.0
6673.348122071514,121063.0
6673.528201934071,122038.0
6673.708281796628,122631.0
6673.888361659185,120874.0
6674.068441521742,121289.0
6674.248521384299,122278.0
6674.4286012468565,121752.0
6674.608681109414,119241.0
6674.788760971971,118517.0
6674.968840834528,119224.0
6675.1489206970855,118732.0
6675.329000559643,118643.0
6675.5090804222,118669.0
6675.689160284757,117954.0
6675.8692401473145,116647.0
6676.049320009871,116695.0
6676.229399872428,116479.0
6676.409479734985,113152.0
6676.589559597543,114395.0
6676.7696394601,115851.0
6676.949719322657,113532.0
6677.129799185214,113887.0
6677.309879047772,113284.0
6677.489958910329,112568.0
6677.670038772886,113384.0
6677.850118635443,110951.0
6678.030198498,110612.0
6678.210278360557,109970.0
6678.390358223114,110624.0
6678.570438085671,110555.0
6678.750517948229,110711.0
6678.930597810786,109667.0
6679.110677673343,111340.0
6679.2907575359,110232.0
6679.470837398458,109039.0
6679.650917261015,109867.0
6679.830997123572,109749.0
6680.011076986129,108850.0
6680.191156848686,107883.0
6680.371236711243,109686.0
6680.5513165738,106989.0
6680.7313964363575,107721.0
6680.911476298915,105806.0
6681.091556161472,106316.0
6681.271636024029,105926.0
6681.4517158865865,107648.0
6681.631795749144,108314.0
6681.811875611701,105631.0
6681.991955474258,106229.0
6682.172035336815,107200.0
6682.352115199372,107401.0
6682.532195061929,108600.0
6682.712274924486,108224.0
6682.892354787044,105055.0
6683.072434649601,104249.0
6683.252514512158,105896.0
6683.432594374715,105965.0
6683.612674237273,104569.0
6683.79275409983,105892.0
6683.972833962387,107666.0
6684.152913824944,105349.0
6684.332993687501,103005.0
6684.513073550058,102735.0
6684.693153412615,102315.0
6684.873233275172,101264.0
6685.05331313773,102968.0
6685.233393000287,104014.0
6685.413472862844,103165.0
6685.593552725401,103631.0
6685.773632587959,103778.0
6685.953712450516,103471.0
6686.133792313073,103362.0
6686.3138721756295,101998.0
6686.493952038187,101766.0
6686.674031900744,100725.0
6686.854111763301,100341.0
6687.0341916258585,101158.0
6687.214271488416,100247.0
6687.394351350973,99541.6
6687.57443121353,98900.2
6687.7545110760875,98533.1
6687.934590938645,99998.6
6688.114670801202,99355.9
6688.294750663759,99285.3
6688.474830526316,98999.4
6688.654910388873,97539.2
6688.83499025143,96740.2
6689.015070113987,98486.2
6689.195149976545,98301.9
6689.375229839102,95929.8
6689.555309701659,96124.6
6689.735389564216,96100.4
6689.915469426774,95049.0
6690.095549289331,95621.0
6690.275629151888,95319.1
6690.455709014444,94773.9
6690.635788877002,97234.5
6690.815868739559,95793.2
6690.995948602116,93951.7
6691.176028464673,94004.9
6691.356108327231,92702.7
6691.536188189788,92504.7
6691.716268052345,93407.4
6691.896347914902,93202.3
6692.07642777746,92451.2
6692.256507640017,93135.9
6692.436587502573,92562.7
6692.6166673651305,91928.9
6692.796747227688,91532.2
6692.976827090245,91742.0
6693.156906952802,90811.6
6693.3369868153595,90677.9
6693.517066677917,90172.0
6693.697146540474,88696.6
6693.877226403031,89441.9
6694.0573062655885,89332.3
6694.237386128146,90007.8
6694.417465990702,87679.7
6694.597545853259,87968.6
6694.777625715817,88035.9
6694.957705578374,87240.9
6695.137785440931,87929.1
6695.317865303488,87316.4
6695.497945166046,86486.3
6695.678025028603,86498.8
6695.85810489116,85969.6
6696.038184753717,85907.4
6696.218264616275,84786.4
6696.398344478832,85267.0
6696.578424341388,85153.1
6696.758504203945,84616.1
6696.938584066503,83519.4
6697.11866392906,82738.4
6697.298743791617,83190.8
6697.478823654174,81944.4
6697.658903516732,80731.2
6697.838983379289,79732.3
6698.019063241846,81931.7
6698.199143104403,82175.6
6698.379222966961,80335.3
6698.559302829517,80689.4
6698.739382692074,80896.4
6698.9194625546315,80659.2
6699.099542417189,79440.8
6699.279622279746,77968.8
6699.459702142303,79143.5
6699.6397820048605,79817.3
6699.819861867418,78329.8
6699.999941729975,77716.9
6700.180021592532,76685.6
6700.3601014550895,76510.0
6700.540181317647,75560.9
6700.720261180203,74729.8
6700.90034104276,75862.4
6701.080420905318,76053.7
6701.260500767875,75259.5
6701.440580630432,74231.2
6701.620660492989,74478.7
6701.800740355547,75415.3
6701.980820218104,74418.8
6702.160900080661,73622.2
6702.340979943218,72711.0
6702.521059805776,71884.3
6702.701139668332,72627.7
6702.881219530889,73195.1
6703.0612993934465,71892.1
6703.241379256004,70358.9
6703.421459118561,70191.7
6703.601538981118,68676.1
6703.7816188436755,69746.3
6703.961698706233,69829.4
6704.14177856879,69268.8
6704.321858431347,69678.6
6704.5019382939045,69811.5
6704.682018156462,68040.6
6704.862098019018,68517.3
6705.042177881575,69955.2
6705.222257744133,68804.1
6705.40233760669,68895.5
6705.582417469247,66838.7
6705.762497331804,67718.8
6705.942577194362,65104.7
6706.122657056919,65424.7
6706.302736919476,65976.0
6706.482816782033,66127.5
6706.662896644591,66020.4
6706.842976507147,64775.8
6707.023056369704,64053.0
6707.203136232261,63406.2
6707.383216094819,65454.7
6707.563295957376,65497.3
6707.743375819933,63312.5
6707.92345568249,63114.9
6708.103535545048,63979.7
6708.283615407605,63102.9
6708.463695270162,60951.5
6708.643775132719,62596.7
6708.823854995277,63440.7
6709.003934857833,61708.2
6709.18401472039,62745.5
6709.3640945829475,61323.7
6709.544174445505,60996.5
6709.724254308062,61824.8
6709.904334170619,60132.4
6710.0844140331765,60152.3
6710.264493895734,60596.4
6710.444573758291,59966.8
6710.624653620848,57814.4
6710.8047334834055,58421.3
6710.984813345962,58443.3
6711.164893208519,57815.4
6711.344973071076,58056.1
6711.525052933634,58328.5
6711.705132796191,55439.1
6711.885212658748,55931.8
6712.065292521305,55570.2
6712.245372383863,56278.5
6712.42545224642,56869.6
6712.605532108977,55629.2
6712.785611971534,55629.2
6712.965691834091,55431.7
6713.145771696648,54488.1
6713.325851559205,53512.9
6713.505931421762,54072.5
6713.68601128432,54349.1
6713.866091146877,54455.6
6714.046171009434,54228.6
6714.226250871991,53620.1
6714.406330734549,53554.5
6714.586410597106,53636.3
6714.766490459663,53040.0
6714.9465703222195,51773.8
6715.126650184777,51550.6
6715.306730047334,51264.4
6715.486809909891,51524.5
6715.6668897724485,51205.8
6715.846969635006,50625.9
6716.027049497563,49440.1
6716.20712936012,50368.2
6716.3872092226775,49454.6
6716.567289085235,49023.8
6716.747368947792,49429.2
6716.927448810349,48397.1
6717.107528672906,47995.1
6717.287608535463,49054.6
6717.46768839802,47261.3
6717.647768260577,47661.3
6717.827848123135,46264.7
6718.007927985692,46321.1
6718.188007848249,46680.9
6718.368087710806,46190.2
6718.548167573364,46166.3
6718.728247435921,45838.0
6718.908327298478,45412.4
6719.088407161034,45714.9
6719.268487023592,45528.1
6719.448566886149,44571.2
6719.628646748706,43478.7
6719.808726611263,43979.4
6719.988806473821,42496.7
6720.168886336378,42229.9
6720.348966198935,43131.8
6720.529046061492,43172.7
6720.70912592405,42792.2
6720.889205786607,43045.6
6721.069285649164,42508.8
6721.2493655117205,41443.8
6721.429445374278,41592.3
6721.609525236835,41190.8
6721.789605099392,41013.0
6721.9696849619495,40690.6
6722.149764824507,40460.5
6722.329844687064,39911.8
6722.509924549621,38859.2
6722.6900044121785,40108.5
6722.870084274736,40463.4
6723.050164137293,39627.3
6723.230243999849,39757.7
6723.410323862407,39610.5
6723.590403724964,38957.7
6723.770483587521,38284.6
6723.950563450078,37452.8
6724.130643312636,37008.2
6724.310723175193,37526.1
6724.49080303775,37065.9
6724.670882900307,36512.9
6724.850962762865,36910.8
6725.031042625422,36087.7
6725.211122487979,35927.2
6725.391202350535,37045.2
6725.571282213093,36554.1
6725.75136207565,35726.9
6725.931441938207,35786.8
6726.111521800764,34963.8
6726.291601663322,35471.1
6726.471681525879,34756.8
6726.651761388436,34757.3
6726.831841250993,34869.3
6727.011921113551,35394.2
6727.192000976108,34638.8
6727.372080838664,34008.8
6727.5521607012215,33282.7
6727.732240563779,32930.6
6727.912320426336,32718.4
6728.092400288893,32499.6
6728.2724801514505,32134.2
6728.452560014008,33092.0
6728.632639876565,32490.5
6728.812719739122,32448.0
6728.9927996016795,31617.3
6729.172879464237,31175.2
6729.352959326794,30614.8
6729.53303918935,31095.7
6729.713119051908,30556.2
6729.893198914465,31218.5
6730.073278777022,30995.0
6730.253358639579,30543.1
6730.433438502137,31412.3
6730.613518364694,30310.1
6730.793598227251,28851.2
6730.973678089808,29329.2
6731.153757952366,29358.3
6731.333837814923,29477.9
6731.513917677479,29249.8
6731.693997540036,28242.9
6731.874077402594,28409.2
6732.054157265151,28233.9
6732.234237127708,28736.1
6732.414316990265,26920.4
6732.594396852823,27553.9
6732.77447671538,27334.3
6732.954556577937,27631.9
6733.134636440494,25072.8
