7607.0071958658,1489.31
7607.218144910002,1545.76
7607.429093954204,1361.04
7607.640042998406,1023.56
7607.850992042608,1131.78
7608.06194108681,1716.59
7608.272890131012,2329.68
7608.483839175214,2560.83
7608.694788219416,2038.73
7608.905737263618,1098.69
7609.11668630782,984.937
7609.327635352022,1112.79
7609.538584396224,1586.17
7609.749533440426,1790.54
7609.960482484628,1335.55
7610.17143152883,1178.01
7610.382380573032,1718.56
7610.593329617234,2421.62
7610.804278661436,3724.87
7611.015227705638,3980.63
7611.22617674984,3676.94
7611.437125794042,3304.43
7611.648074838244,2293.07
7611.859023882446,1518.88
7612.069972926648,1768.22
7612.28092197085,2234.88
7612.491871015052,2465.61
7612.702820059254,2011.84
7612.913769103456,2076.0
7613.124718147658,2544.01
7613.33566719186,3696.88
7613.546616236062,5468.22
7613.757565280264,6574.06
7613.968514324466,6166.11
7614.179463368668,5268.65
7614.39041241287,4709.26
7614.601361457072,3485.73
7614.812310501274,3014.1
7615.023259545476,3089.48
7615.234208589678,3739.47
7615.44515763388,4468.67
7615.656106678082,4466.32
7615.867055722284,4192.08
7616.078004766486,4740.47
7616.288953810688,6161.25
7616.49990285489,7967.22
7616.710851899092,8994.77
7616.921800943294,8667.07
7617.132749987496,9383.38
7617.343699031698,9851.74
7617.5546480759,9835.88
7617.765597120102,10181.4
7617.976546164304,9874.95
7618.187495208506,10057.3
7618.398444252708,9602.02
7618.60939329691,9600.19
7618.820342341112,10172.4
7619.031291385314,10675.7
7619.242240429516,10668.9
7619.453189473718,10234.7
7619.66413851792,9422.66
7619.875087562122,8426.8
7620.086036606324,7460.67
7620.296985650526,5530.56
7620.507934694728,4491.52
7620.71888373893,3751.7
7620.929832783132,3945.59
7621.140781827334,5224.01
7621.351730871536,6829.56
7621.562679915738,8024.93
7621.77362895994,8527.04
7621.984578004142,8521.12
7622.195527048344,7512.43
7622.406476092546,6749.38
7622.617425136748,5502.73
7622.82837418095,3838.24
7623.039323225152,2885.99
7623.250272269354,3095.98
7623.461221313556,3595.22
7623.672170357758,3392.88
7623.88311940196,2722.12
7624.094068446162,2392.64
7624.305017490364,2582.11
7624.515966534566,3668.73
7624.726915578768,5511.25
7624.93786462297,7372.63
7625.148813667172,8339.44
7625.359762711374,8309.8
7625.570711755576,8287.1
7625.781660799778,8188.95
7625.99260984398,6603.52
7626.203558888182,5611.1
7626.414507932384,3301.84
7626.625456976586,2308.65
7626.836406020788,2543.3
7627.04735506499,2211.82
7627.258304109192,2065.91
7627.469253153394,2468.57
7627.680202197596,2324.88
7627.891151241798,2648.01
7628.102100286,3163.07
7628.313049330202,3922.25
7628.523998374404,6098.52
7628.734947418606,8088.56
7628.945896462808,8939.69
7629.15684550701,9398.76
7629.367794551212,9296.72
7629.578743595414,8360.61
7629.789692639616,7462.35
7630.000641683818,5944.32
7630.21159072802,4427.75
7630.422539772222,3241.1
7630.633488816424,2612.78
7630.844437860626,2422.55
7631.055386904828,2526.54
7631.26633594903,2650.93
7631.477284993232,2394.01
7631.688234037434,2097.17
7631.899183081636,2620.26
7632.110132125838,3888.52
7632.32108117004,5112.58
7632.532030214242,7034.29
7632.742979258444,8692.83
7632.953928302646,9387.46
7633.164877346848,9548.77
7633.37582639105,9881.58
7633.586775435252,10551.0
7633.797724479454,10115.5
7634.008673523656,8184.07
7634.219622567858,6165.69
7634.43057161206,4769.74
7634.641520656262,3280.01
7634.852469700464,2175.77
7635.063418744666,2277.14
7635.274367788868,2784.41
7635.48531683307,2756.45
7635.696265877272,2548.86
7635.907214921474,2315.75
7636.118163965676,2807.7
7636.329113009878,4617.04
7636.54006205408,7070.47
7636.751011098282,8760.33
7636.961960142484,9809.05
7637.172909186686,10296.1
7637.383858230888,10717.5
7637.59480727509,11698.6
7637.805756319292,11703.9
7638.016705363494,11327.5
7638.227654407696,10481.9
7638.438603451898,9002.07
7638.6495524961,7476.28
7638.860501540302,5470.61
7639.071450584504,3833.63
7639.282399628706,3255.39
7639.493348672908,3299.83
7639.70429771711,3574.1
7639.915246761312,3189.56
7640.126195805514,3222.79
7640.337144849716,3040.06
7640.548093893918,4019.23
7640.75904293812,5370.11
7640.969991982322,7193.6
7641.180941026524,9599.96
7641.391890070726,11616.9
7641.602839114928,12669.9
7641.81378815913,12483.2
7642.024737203332,11520.3
7642.235686247534,11906.5
7642.446635291736,12459.3
7642.657584335938,12810.2
7642.86853338014,11765.6
7643.079482424342,10168.3
7643.290431468544,8661.56
7643.501380512746,6760.19
7643.712329556948,4926.62
7643.92327860115,4156.1
7644.134227645352,4323.45
7644.345176689554,3817.54
7644.556125733756,3792.61
7644.7670747779575,4563.95
7644.97802382216,4938.03
7645.188972866362,5967.32
7645.399921910564,7194.02
7645.610870954766,8768.62
7645.821819998968,11743.0
7646.0327690431695,13784.4
7646.243718087372,14150.2
7646.454667131574,14183.8
7646.6656161757755,13989.5
7646.876565219978,14676.4
7647.08751426418,14644.0
7647.2984633083815,14393.1
7647.509412352584,14503.3
7647.720361396786,13753.4
7647.9313104409875,12097.0
7648.14225948519,10313.2
7648.353208529392,8073.39
7648.564157573594,6401.7
7648.775106617796,5465.39
7648.986055661998,5238.34
7649.1970047062,5899.32
7649.407953750402,5879.19
7649.618902794604,6061.17
7649.829851838806,7291.03
7650.040800883008,8321.24
7650.25174992721,9715.0
7650.462698971412,12440.0
7650.673648015614,14157.6
7650.884597059816,14589.2
7651.095546104018,15479.8
7651.30649514822,16041.1
7651.517444192422,16009.7
7651.728393236624,15749.7
7651.939342280826,15926.3
7652.150291325028,16373.6
7652.36124036923,16522.3
7652.572189413432,16239.2
7652.783138457634,14690.9
7652.994087501836,13163.1
7653.205036546038,11853.2
7653.41598559024,10194.4
7653.626934634442,9048.75
7653.837883678644,8410.44
7654.048832722846,7748.9
7654.259781767048,7404.57
7654.47073081125,7781.62
7654.681679855452,8497.28
7654.892628899654,9092.21
7655.103577943856,10022.9
7655.314526988058,12382.4
7655.52547603226,14489.8
7655.736425076462,15947.8
7655.947374120664,16601.8
7656.158323164866,17481.9
7656.369272209068,17633.0
7656.58022125327,17160.6
7656.791170297472,17623.8
7657.002119341674,18279.6
7657.213068385876,18511.1
7657.424017430078,18168.3
7657.63496647428,17870.0
7657.845915518482,17380.1
7658.056864562684,17111.5
7658.267813606886,15935.0
7658.478762651088,14101.7
7658.68971169529,12802.7
7658.900660739492,12179.0
7659.111609783694,11391.6
7659.322558827896,10356.1
7659.533507872098,10184.6
7659.7444569163,10255.8
7659.955405960502,10309.2
7660.166355004704,10747.9
7660.377304048906,11796.5
7660.588253093108,13831.3
7660.79920213731,16058.4
7661.010151181512,17462.5
7661.221100225714,18119.4
7661.432049269916,18382.6
7661.642998314118,18297.4
7661.85394735832,18234.5
7662.064896402522,18571.1
7662.275845446724,18668.7
7662.486794490926,18914.2
7662.697743535128,18793.1
7662.90869257933,18450.7
7663.119641623532,18199.4
7663.330590667734,18430.6
7663.541539711936,17785.3
7663.752488756138,16090.5
7663.96343780034,15165.5
7664.174386844542,14470.8
7664.385335888744,13840.0
7664.596284932946,13695.8
7664.807233977148,12232.3
7665.01818302135,11596.1
7665.229132065552,12376.7
7665.440081109754,13198.5
7665.651030153956,13282.4
7665.861979198158,13944.9
7666.07292824236,15241.1
7666.283877286562,16428.5
7666.494826330764,18238.4
7666.705775374966,19643.6
7666.916724419168,19601.8
7667.12767346337,19484.9
7667.338622507572,19598.5
7667.549571551774,20329.9
7667.760520595976,20455.1
7667.971469640178,20466.4
7668.18241868438,20177.9
7668.393367728582,19725.1
7668.604316772784,19962.2
7668.815265816986,20264.2
7669.026214861188,19823.6
7669.23716390539,19583.2
7669.448112949592,19927.7
7669.659061993794,18216.7
7669.870011037996,16675.2
7670.080960082198,16116.0
7670.2919091264,15643.5
7670.502858170602,15355.5
7670.713807214804,14978.6
7670.924756259006,14198.9
7671.135705303208,14462.7
7671.34665434741,15831.2
7671.557603391612,16654.0
7671.768552435814,17548.6
7671.979501480016,18073.0
7672.190450524218,19253.9
7672.40139956842,20022.9
7672.612348612622,20428.0
7672.823297656824,20674.4
7673.034246701026,21103.1
7673.245195745228,20997.2
7673.45614478943,20824.4
7673.667093833632,20958.2
7673.878042877834,20746.1
7674.088991922036,20722.7
7674.299940966238,21080.7
7674.51089001044,20979.9
7674.721839054642,21161.4
7674.932788098844,21894.4
7675.143737143046,21618.9
7675.354686187248,20882.6
7675.56563523145,19655.3
7675.776584275652,19110.3
7675.987533319854,18831.9
7676.198482364056,17639.1
7676.409431408258,16921.3
7676.62038045246,16630.7
7676.831329496662,16179.7
7677.042278540864,17569.0
7677.253227585066,17847.7
7677.464176629268,18305.6
7677.67512567347,18835.8
7677.886074717672,19408.0
7678.097023761874,20076.9
7678.307972806076,20638.3
7678.518921850278,20965.1
7678.72987089448,20990.8
7678.940819938682,21122.4
7679.151768982884,21435.7
7679.362718027086,21402.3
7679.573667071288,21270.8
7679.78461611549,21339.6
7679.995565159692,21310.1
7680.206514203894,21614.5
7680.417463248096,21445.4
7680.628412292298,21482.4
7680.8393613365,21493.3
7681.050310380702,22749.9
7681.261259424904,22941.6
7681.472208469106,22036.9
7681.683157513308,20900.9
7681.89410655751,20037.7
7682.105055601712,19641.5
7682.316004645914,19247.6
7682.526953690116,19671.4
7682.737902734318,19686.9
7682.94885177852,19511.8
7683.159800822722,19236.5
7683.370749866924,19196.7
7683.581698911126,19681.0
7683.792647955328,20297.0
7684.00359699953,20273.4
7684.214546043732,20599.2
7684.425495087934,21194.6
7684.636444132136,21597.6
7684.847393176338,22059.3
7685.05834222054,22244.9
7685.269291264742,21853.8
7685.480240308944,21655.7
7685.691189353146,22125.7
7685.902138397348,22216.1
7686.11308744155,22412.6
7686.324036485752,22113.4
7686.534985529954,22474.6
7686.745934574156,22266.8
7686.956883618358,22173.1
7687.16783266256,22873.3
7687.378781706762,23234.9
7687.589730750964,22402.7
7687.800679795166,21442.6
7688.011628839368,21080.2
7688.22257788357,20983.3
7688.433526927772,21088.8
7688.644475971974,20651.0
7688.855425016176,20302.9
7689.066374060378,20454.3
7689.27732310458,20776.7
7689.488272148782,20752.4
7689.699221192984,21051.6
7689.910170237186,20887.9
7690.121119281388,20922.6
7690.33206832559,21351.7
7690.543017369792,21789.1
7690.753966413994,21968.3
7690.964915458196,22545.0
7691.175864502398,23300.4
7691.3868135466,23087.4
7691.597762590802,22600.2
7691.808711635004,22179.7
7692.019660679206,22331.6
7692.230609723408,22244.1
7692.44155876761,22487.2
7692.652507811812,23065.9
7692.863456856014,23401.8
7693.074405900216,23713.3
7693.285354944418,23102.5
7693.49630398862,23326.2
7693.707253032822,23155.6
7693.918202077024,22873.6
7694.129151121226,23278.0
7694.340100165428,22986.2
7694.55104920963,22761.6
7694.761998253832,22627.4
7694.972947298034,21761.5
7695.183896342236,22165.5
7695.394845386438,22815.8
7695.60579443064,22590.0
7695.816743474842,22244.5
7696.027692519044,22736.6
7696.238641563246,21909.5
7696.449590607448,22561.8
7696.66053965165,22816.2
7696.871488695852,22464.9
7697.082437740054,22458.3
7697.293386784256,22284.2
7697.504335828458,22462.5
7697.71528487266,23383.5
7697.926233916862,24214.5
7698.137182961064,24032.9
7698.348132005266,22580.3
7698.559081049468,21446.1
7698.77003009367,21522.1
7698.980979137872,22176.0
7699.191928182074,22940.8
7699.402877226276,23167.0
7699.613826270478,23396.0
7699.82477531468,23150.8
7700.035724358882,23442.8
7700.246673403084,23293.7
7700.457622447286,23149.1
7700.668571491488,22402.6
7700.87952053569,23191.3
7701.090469579892,23949.3
7701.301418624094,23255.3
7701.512367668296,23265.0
7701.723316712498,23076.7
7701.9342657567,23271.6
7702.145214800902,23133.8
7702.356163845104,23364.0
7702.567112889306,23359.3
7702.778061933508,22556.4
7702.98901097771,22504.9
7703.199960021912,22977.3
7703.410909066114,23148.0
7703.621858110316,23132.6
7703.832807154518,23406.4
7704.04375619872,23594.9
7704.254705242922,23102.2
7704.465654287124,23506.6
7704.676603331326,23780.2
7704.887552375528,23806.1
7705.09850141973,23780.6
7705.309450463932,23837.8
7705.520399508134,24376.2
7705.731348552336,23765.1
7705.942297596538,24282.8
7706.15324664074,24567.6
7706.364195684942,24086.0
7706.575144729144,24545.9
7706.786093773346,24312.0
7706.997042817548,24954.4
7707.20799186175,25294.4
7707.418940905952,24364.6
7707.629889950154,24413.3
7707.840838994356,24161.0
7708.051788038558,24817.0
7708.26273708276,25657.1
7708.473686126962,25157.4
7708.684635171164,24794.9
7708.895584215366,24906.2
7709.106533259568,24563.0
7709.31748230377,24368.7
7709.528431347972,24942.8
7709.739380392174,25538.2
7709.950329436376,24960.2
7710.161278480578,24318.9
7710.37222752478,25088.1
7710.583176568982,24360.3
7710.794125613184,24256.6
7711.005074657386,24243.0
7711.216023701588,24190.9
7711.42697274579,24552.2
7711.637921789992,25366.3
7711.848870834194,24952.3
7712.059819878396,25448.5
7712.270768922598,25614.2
7712.4817179668,25357.3
7712.692667011002,25110.3
7712.903616055204,24941.5
7713.114565099406,25546.3
7713.325514143608,25713.9
7713.53646318781,25248.7
7713.747412232012,24659.4
7713.958361276214,24135.8
7714.169310320416,24621.5
7714.380259364618,24947.0
7714.59120840882,24728.4
7714.802157453022,24533.3
7715.013106497224,24564.2
7715.224055541426,24603.4
7715.435004585628,23722.7
7715.64595362983,23107.5
7715.856902674032,24076.7
7716.067851718234,24072.5
7716.278800762436,24015.9
7716.489749806638,24344.3
7716.70069885084,24212.1
7716.911647895042,24234.7
7717.122596939244,24198.4
7717.333545983446,24230.1
7717.544495027648,24595.2
7717.75544407185,24241.1
7717.966393116052,23858.9
7718.177342160254,23595.5
7718.3882912044555,23183.9
7718.599240248658,23041.4
7718.81018929286,23169.6
7719.021138337062,22975.5
7719.232087381264,22951.4
7719.443036425466,23807.0
7719.6539854696675,23421.8
7719.86493451387,23280.9
7720.075883558072,23557.9
7720.286832602274,23037.0
7720.497781646476,23102.8
7720.708730690678,22747.1
7720.9196797348795,22725.0
7721.130628779082,23175.1
7721.341577823284,22994.4
7721.5525268674855,23792.9
7721.763475911688,22879.4
7721.97442495589,23592.6
7722.1853740000915,23831.5
7722.396323044294,23876.3
7722.607272088496,23376.2
7722.8182211326975,23385.7
7723.0291701769,22910.7
7723.240119221102,22751.6
7723.451068265304,23196.7
7723.662017309506,23141.0
7723.872966353708,23086.3
7724.08391539791,22933.6
7724.294864442112,22659.1
7724.505813486314,22980.3
7724.716762530516,23152.8
7724.927711574718,23008.2
7725.13866061892,22875.2
7725.349609663122,22891.3
7725.560558707324,23561.6
7725.771507751526,22755.1
7725.982456795728,22484.9
7726.19340583993,22958.6
7726.404354884132,23155.7
7726.615303928334,22573.0
7726.826252972536,23363.1
7727.037202016738,23140.9
7727.24815106094,23524.6
7727.459100105142,22650.9
7727.670049149344,23174.0
7727.880998193546,24160.4
7728.091947237748,23695.8
7728.30289628195,23625.4
7728.513845326152,23232.6
7728.724794370354,22538.2
7728.935743414556,22799.6
7729.146692458758,23029.9
7729.35764150296,23031.8
7729.568590547162,22971.6
7729.779539591364,23349.8
7729.990488635566,23084.1
7730.201437679768,23632.1
7730.41238672397,22936.6
7730.623335768172,22515.3
7730.834284812374,23398.3
7731.045233856576,23450.7
7731.256182900778,23550.4
7731.46713194498,23299.3
7731.678080989182,22899.5
7731.889030033384,22786.7
7732.099979077586,22782.8
7732.310928121788,22748.6
7732.52187716599,22976.0
7732.732826210192,23018.1
7732.943775254394,23186.3
7733.154724298596,23728.8
7733.365673342798,23768.8
7733.576622387,23608.3
7733.787571431202,23110.8
7733.998520475404,22585.5
7734.209469519606,23479.1
7734.420418563808,22757.2
7734.63136760801,22965.3
7734.842316652212,23131.8
7735.053265696414,22428.5
7735.264214740616,22809.8
7735.475163784818,22490.0
7735.68611282902,22514.6
7735.897061873222,22853.8
7736.108010917424,23072.7
7736.318959961626,24139.3
7736.529909005828,22881.6
7736.74085805003,22766.5
7736.951807094232,22909.6
7737.162756138434,22966.1
7737.373705182636,23068.7
7737.584654226838,23019.5
7737.79560327104,22904.6
7738.006552315242,22933.8
7738.217501359444,22851.0
7738.428450403646,23106.3
7738.639399447848,22947.9
7738.85034849205,22543.9
7739.061297536252,23042.5
7739.272246580454,23263.3
7739.483195624656,22317.2
7739.694144668858,22147.6
7739.90509371306,22521.9
7740.116042757262,22170.0
7740.326991801464,21798.7
7740.537940845666,22032.4
7740.748889889868,22259.9
7740.95983893407,23279.1
7741.170787978272,23750.1
7741.381737022474,22560.6
7741.592686066676,22523.6
7741.803635110878,22660.0
7742.01458415508,22262.9
7742.225533199282,22019.6
7742.436482243484,22093.2
7742.647431287686,22064.0
7742.858380331888,22310.1
7743.06932937609,22576.6
7743.280278420292,21735.5
7743.491227464494,22299.1
7743.702176508696,22192.6
7743.913125552898,21541.2
7744.1240745971,22358.3
7744.335023641302,22620.3
7744.545972685504,21648.2
7744.756921729706,22343.6
7744.967870773908,22811.0
7745.17881981811,22909.6
7745.389768862312,22354.9
7745.600717906514,21598.8
7745.811666950716,21614.3
7746.022615994918,21459.2
7746.23356503912,21956.8
7746.444514083322,21664.9
7746.655463127524,22061.5
7746.866412171726,21732.4
7747.077361215928,21749.7
7747.28831026013,21684.2
7747.499259304332,21942.5
7747.710208348534,21967.2
7747.921157392736,21628.5
7748.132106436938,21426.9
7748.34305548114,22103.9
7748.554004525342,22187.6
7748.764953569544,21903.6
7748.975902613746,22319.6
7749.186851657948,22768.4
7749.39780070215,22068.6
7749.608749746352,21866.5
7749.819698790554,21614.0
7750.030647834756,21842.6
7750.241596878958,21374.6
7750.45254592316,22066.3
7750.663494967362,22515.0
7750.874444011564,22024.4
7751.085393055766,21600.1
7751.296342099968,21658.9
7751.50729114417,21823.9
7751.718240188372,22170.8
7751.929189232574,22237.8
7752.140138276776,22071.2
7752.351087320978,22129.9
7752.56203636518,21879.3
7752.772985409382,21492.9
7752.983934453584,21918.1
7753.194883497786,21775.4
7753.405832541988,22298.4
7753.61678158619,21343.8
7753.827730630392,21309.0
7754.038679674594,21631.9
7754.249628718796,21994.2
7754.460577762998,21672.0
7754.6715268072,21405.6
7754.882475851402,21522.8
7755.093424895604,22052.1
7755.304373939806,21889.7
7755.515322984008,21608.6
7755.72627202821,21498.9
7755.937221072412,21405.4
7756.148170116614,21548.1
7756.359119160816,21271.4
7756.570068205018,21744.9
7756.78101724922,21682.4
7756.991966293422,21382.3
7757.202915337624,21207.4
7757.413864381826,21479.2
7757.624813426028,21419.3
7757.83576247023,21464.7
7758.046711514432,21307.9
7758.257660558634,22045.8
7758.468609602836,21222.7
7758.679558647038,20451.1
7758.89050769124,20773.8
7759.101456735442,20856.1
7759.312405779644,21242.6
7759.523354823846,21344.1
7759.734303868048,21191.1
7759.94525291225,20571.1
7760.156201956452,20409.6
7760.367151000654,20701.1
7760.578100044856,20632.2
7760.789049089058,20107.0
7760.99999813326,20906.9
7761.210947177462,20501.8
7761.421896221664,20682.1
7761.632845265866,20971.5
7761.843794310068,21382.9
7762.05474335427,21125.8
7762.265692398472,21298.8
7762.476641442674,20343.0
7762.687590486876,21036.5
7762.898539531078,20623.5
7763.10948857528,20341.5
7763.320437619482,20785.8
7763.531386663684,20704.3
7763.742335707886,19649.0
7763.953284752088,19773.0
7764.16423379629,20787.4
7764.375182840492,20925.5
7764.586131884694,20465.7
7764.797080928896,20565.6
7765.008029973098,20682.1
7765.2189790173,21066.1
7765.429928061502,20447.2
7765.640877105704,19866.6
7765.851826149906,19807.2
7766.062775194108,20404.6
7766.27372423831,21578.2
7766.484673282512,20950.0
7766.695622326714,20733.1
7766.906571370916,20790.5
7767.117520415118,21697.2
7767.32846945932,21200.8
7767.539418503522,20689.7
7767.750367547724,21223.2
7767.961316591926,21233.8
7768.172265636128,20684.3
7768.38321468033,20479.2
7768.594163724532,20728.0
7768.805112768734,20914.3
7769.016061812936,20878.8
7769.227010857138,20366.6
7769.43795990134,20530.5
7769.648908945542,20698.1
7769.859857989744,20662.3
7770.070807033946,20058.4
7770.281756078148,20208.0
7770.49270512235,20476.3
7770.703654166552,20594.1
7770.914603210754,20793.7
7771.125552254956,20361.7
7771.336501299158,19911.0
7771.54745034336,19788.1
7771.758399387562,19247.2
7771.969348431764,19039.8
7772.180297475966,20061.6
7772.391246520168,20590.4
7772.60219556437,20599.3
7772.813144608572,20298.6
7773.024093652774,20213.5
7773.235042696976,20311.4
7773.445991741178,20582.6
7773.65694078538,19910.0
7773.867889829582,20034.4
7774.078838873784,19733.8
7774.289787917986,20743.2
7774.500736962188,19924.7
7774.71168600639,20044.8
7774.922635050592,19804.7
7775.133584094794,19424.3
7775.344533138996,19413.5
7775.555482183198,19609.4
7775.7664312274,20376.9
7775.977380271602,20638.9
7776.188329315804,20327.5
7776.399278360006,20592.5
7776.610227404208,20179.2
7776.82117644841,19518.2
7777.032125492612,20079.9
7777.243074536814,20818.7
7777.454023581016,20181.9
7777.664972625218,19743.2
7777.87592166942,19891.1
7778.086870713622,19639.1
7778.297819757824,19800.1
7778.508768802026,20367.6
7778.719717846228,20006.8
7778.93066689043,19131.7
7779.141615934632,18595.8
7779.352564978834,19256.4
7779.563514023036,19604.1
7779.774463067238,19570.2
7779.98541211144,19576.3
7780.196361155642,19714.5
7780.407310199844,19126.4
7780.618259244046,19005.8
7780.829208288248,18606.6
7781.04015733245,19182.0
7781.251106376652,19948.1
7781.462055420854,18831.3
7781.673004465056,19048.7
7781.883953509258,18681.8
7782.09490255346,19534.9
7782.305851597662,19449.0
7782.516800641864,19105.1
7782.727749686066,19418.0
7782.938698730268,18820.4
7783.14964777447,18510.6
7783.360596818672,18885.4
7783.571545862874,19004.1
7783.782494907076,18235.3
7783.993443951278,18465.8
7784.20439299548,18963.4
7784.415342039682,18437.7
7784.626291083884,17766.5
7784.837240128086,18421.5
7785.048189172288,18219.4
7785.25913821649,17656.0
7785.470087260692,18072.2
7785.681036304894,18342.1
7785.891985349096,18697.6
7786.102934393298,18596.5
7786.3138834375,18856.3
7786.524832481702,18350.5
7786.735781525904,18329.6
7786.946730570106,17658.0
7787.157679614308,17853.0
7787.36862865851,18119.2
7787.579577702712,18133.9
7787.790526746914,18061.7
7788.001475791116,18009.0
7788.212424835318,18228.7
7788.42337387952,17822.7
7788.634322923722,17768.9
7788.845271967924,17592.4
7789.056221012126,17520.4
7789.267170056328,17734.1
7789.47811910053,17926.3
7789.689068144732,17989.8
7789.900017188934,17465.1
7790.110966233136,17010.0
7790.321915277338,17189.1
7790.53286432154,17555.4
7790.743813365742,17900.8
7790.954762409944,17510.9
7791.165711454146,17180.4
7791.376660498348,17001.0
7791.58760954255,17791.3
7791.798558586752,17391.8
7792.0095076309535,17360.5
7792.220456675156,17402.8
7792.431405719358,17435.8
7792.64235476356,18220.7
7792.853303807762,17650.5
7793.064252851964,17049.3
7793.2752018961655,16563.3
7793.486150940368,17627.4
7793.69709998457,18092.1
7793.908049028772,17465.8
7794.118998072974,17691.3
7794.329947117176,16800.8
7794.5408961613775,17255.4
7794.75184520558,16838.2
7794.962794249782,17756.4
7795.173743293984,17085.3
7795.384692338186,16593.4
7795.595641382388,17381.5
7795.8065904265895,16953.1
7796.017539470792,17526.2
7796.228488514994,17430.3
7796.439437559196,16704.4
7796.650386603398,17013.4
7796.8613356476,16886.3
7797.0722846918015,17196.1
7797.283233736004,17257.5
7797.494182780206,17024.5
7797.705131824408,16943.2
7797.91608086861,16858.1
7798.127029912812,17035.9
7798.337978957014,16591.8
7798.548928001216,16540.0
7798.759877045418,16642.0
7798.97082608962,16699.2
7799.181775133822,15924.6
7799.392724178024,16017.2
7799.603673222226,16068.9
7799.814622266428,16391.4
7800.02557131063,16427.5
7800.236520354832,16474.3
7800.447469399034,16188.6
7800.658418443236,15934.6
7800.869367487438,16719.2
7801.08031653164,16792.4
7801.291265575842,16669.5
7801.502214620044,15596.2
7801.713163664246,15472.1
7801.924112708448,15588.5
7802.13506175265,16048.0
7802.346010796852,16161.0
7802.556959841054,15695.2
7802.767908885256,15693.3
7802.978857929458,16013.2
7803.18980697366,16824.0
7803.400756017862,15916.7
7803.611705062064,15783.0
7803.822654106266,15463.2
7804.033603150468,15704.6
7804.24455219467,15279.7
7804.455501238872,15377.7
7804.666450283074,15916.4
7804.877399327276,15514.3
7805.088348371478,14772.3
7805.29929741568,15070.1
7805.510246459882,14865.9
7805.721195504084,15723.5
7805.932144548286,15508.2
7806.143093592488,15127.0
7806.35404263669,15720.7
7806.564991680892,15166.5
7806.775940725094,15547.1
7806.986889769296,15332.8
7807.197838813498,15181.1
7807.4087878577,15401.9
7807.619736901902,15486.0
7807.830685946104,15391.1
7808.041634990306,15368.5
7808.252584034508,15307.6
7808.46353307871,15029.6
7808.674482122912,15318.2
7808.885431167114,14764.9
7809.096380211316,15581.4
7809.307329255518,15026.5
7809.51827829972,14755.7
7809.729227343922,15213.0
7809.940176388124,15328.7
7810.151125432326,14350.3
7810.362074476528,14478.7
7810.57302352073,14709.1
7810.783972564932,15127.2
7810.994921609134,15064.5
7811.205870653336,14722.0
7811.416819697538,14533.0
7811.62776874174,14887.3
7811.838717785942,15319.4
7812.049666830144,14373.1
7812.260615874346,14670.1
7812.471564918548,14984.6
7812.68251396275,14923.7
7812.893463006952,14509.5
7813.104412051154,13984.6
7813.315361095356,14847.4
7813.526310139558,15059.9
7813.73725918376,14371.6
7813.948208227962,14302.3
7814.159157272164,13627.9
7814.370106316366,13549.6
7814.581055360568,14691.7
7814.79200440477,14665.2
7815.002953448972,14706.0
7815.213902493174,13782.9
7815.424851537376,13937.4
7815.635800581578,14499.6
7815.84674962578,13418.1
7816.057698669982,13292.4
7816.268647714184,14001.5
7816.479596758386,14216.8
7816.690545802588,14719.2
7816.90149484679,13784.6
7817.112443890992,13398.6
7817.323392935194,14023.7
7817.534341979396,13446.2
7817.745291023598,13624.2
7817.9562400678,13598.2
7818.167189112002,13528.2
7818.378138156204,13743.2
7818.589087200406,13620.1
7818.800036244608,13730.6
7819.01098528881,13723.1
7819.221934333012,13882.5
7819.432883377214,13135.7
7819.643832421416,13389.3
7819.854781465618,13331.2
7820.06573050982,12972.3
7820.276679554022,12854.1
7820.487628598224,13052.1
7820.698577642426,12554.7
7820.909526686628,12951.6
7821.12047573083,13099.0
7821.331424775032,13142.4
7821.542373819234,12782.9
7821.753322863436,12952.8
7821.964271907638,13179.7
7822.17522095184,12759.4
7822.386169996042,12074.3
7822.597119040244,12210.3
7822.808068084446,12947.5
7823.019017128648,14255.7
7823.22996617285,13304.8
7823.440915217052,13273.1
7823.651864261254,12490.8
7823.862813305456,12994.8
7824.073762349658,12098.0
7824.28471139386,12227.8
7824.495660438062,12934.6
7824.706609482264,12971.9
7824.917558526466,13447.9
7825.128507570668,12971.0
7825.33945661487,13266.1
7825.550405659072,13309.2
7825.761354703274,12556.7
7825.972303747476,13056.6
7826.183252791678,12926.8
7826.39420183588,12212.9
7826.605150880082,12010.1
7826.816099924284,12231.9
7827.027048968486,12520.5
7827.237998012688,12635.2
7827.44894705689,13145.1
7827.659896101092,12428.1
7827.870845145294,11932.7
7828.081794189496,12133.8
7828.292743233698,12008.1
7828.5036922779,11926.4
7828.714641322102,11527.6
7828.925590366304,11582.3
7829.136539410506,11589.2
7829.347488454708,11311.8
7829.55843749891,11857.1
7829.769386543112,12203.7
7829.980335587314,12018.6
7830.191284631516,12106.5
7830.402233675718,11414.6
7830.61318271992,11946.7
7830.824131764122,12060.3
7831.035080808324,12123.8
7831.246029852526,11546.4
7831.456978896728,12065.8
7831.66792794093,11850.2
7831.878876985132,11481.3
7832.089826029334,11519.9
7832.300775073536,11818.8
7832.511724117738,11997.6
7832.72267316194,11590.4
7832.933622206142,11656.0
7833.144571250344,11146.9
7833.355520294546,11449.4
7833.566469338748,11710.5
7833.77741838295,11322.7
7833.988367427152,11756.2
7834.199316471354,10826.0
7834.410265515556,11026.9
7834.621214559758,11063.4
7834.83216360396,11334.2
7835.043112648162,10437.8
7835.254061692364,10447.9
7835.465010736566,10334.4
7835.675959780768,10223.2
7835.88690882497,10754.4
7836.097857869172,10994.1
7836.308806913374,10628.8
7836.519755957576,10339.0
7836.730705001778,10596.9
7836.94165404598,10318.4
7837.152603090182,10169.2
7837.363552134384,10576.3
7837.574501178586,10987.4
7837.785450222788,10802.9
7837.99639926699,10750.6
7838.207348311192,10994.0
7838.418297355394,10376.7
7838.629246399596,10045.7
7838.840195443798,11256.4
7839.051144488,10505.2
7839.262093532202,10422.8
7839.473042576404,10704.9
7839.683991620606,10862.3
7839.894940664808,10221.7
7840.10588970901,9749.05
7840.316838753212,10107.3
7840.527787797414,10219.9
7840.738736841616,9817.76
7840.949685885818,9747.09
7841.16063493002,9869.6
7841.371583974222,9764.2
7841.582533018424,9847.52
7841.793482062626,9813.88
7842.004431106828,10463.4
7842.21538015103,10562.4
7842.426329195232,9863.43
7842.637278239434,9708.55
7842.848227283636,10027.7
7843.059176327838,9730.41
7843.27012537204,9479.6
7843.481074416242,9928.66
7843.692023460444,10115.7
7843.902972504646,9831.6
7844.113921548848,10016.4
7844.32487059305,10015.6
7844.535819637252,9842.49
7844.746768681454,9807.52
7844.957717725656,9897.56
7845.168666769858,9493.36
7845.37961581406,9132.75
7845.590564858262,9076.93
7845.801513902464,8801.63
7846.012462946666,9161.34
7846.223411990868,9531.17
7846.43436103507,8915.17
7846.645310079272,8919.75
7846.856259123474,9011.29
7847.067208167676,9139.71
7847.278157211878,8817.25
7847.48910625608,9105.13
7847.700055300282,9123.53
7847.911004344484,8592.18
7848.121953388686,9029.98
7848.332902432888,9230.25
7848.54385147709,9209.23
7848.754800521292,9538.09
7848.965749565494,9529.97
7849.176698609696,9105.69
7849.387647653898,9191.23
7849.5985966981,9550.4
7849.809545742302,8325.31
7850.020494786504,8167.77
7850.231443830706,8551.84
7850.442392874908,8344.43
7850.65334191911,8296.19
7850.864290963312,8766.18
7851.075240007514,8330.91
7851.286189051716,8006.99
7851.497138095918,8224.88
7851.70808714012,8271.33
7851.919036184322,7926.52
7852.129985228524,8567.77
7852.340934272726,8955.36
7852.551883316928,8271.79
7852.76283236113,8350.84
7852.973781405332,9136.57
7853.184730449534,8543.24
7853.395679493736,8277.1
7853.606628537938,7965.06
7853.81757758214,8106.16
7854.028526626342,7660.47
7854.239475670544,7647.72
7854.450424714746,7883.03
7854.661373758948,7283.4
7854.87232280315,7531.04
7855.083271847352,7164.89
7855.294220891554,7719.1
7855.505169935756,7793.76
7855.716118979958,8025.54
7855.92706802416,7893.27
7856.138017068362,8233.37
7856.348966112564,7664.62
7856.559915156766,8089.06
7856.770864200968,7650.51
7856.98181324517,7688.54
7857.192762289372,7427.27
7857.403711333574,7083.49
7857.614660377776,7455.69
7857.825609421978,8256.36
7858.03655846618,7452.95
7858.247507510382,6989.63
7858.458456554584,7315.19
7858.669405598786,8109.15
7858.880354642988,8151.48
7859.09130368719,7633.19
7859.302252731392,7302.78
7859.513201775594,7393.99
7859.724150819796,7219.89
7859.935099863998,6839.74
7860.1460489082,7623.63
7860.356997952402,7820.08
7860.567946996604,7129.35
7860.778896040806,7032.68
7860.989845085008,7713.23
7861.20079412921,7140.94
7861.411743173412,6438.98
7861.622692217614,6270.8
7861.833641261816,6801.58
7862.044590306018,6310.83
7862.25553935022,6282.03
7862.466488394422,7243.39
7862.677437438624,6917.95
7862.888386482826,6607.77
7863.0993355270275,7246.61
7863.31028457123,6892.62
7863.521233615432,7239.24
7863.732182659634,7316.46
7863.943131703836,6832.75
7864.154080748038,6942.87
7864.3650297922395,6957.03
7864.575978836442,6547.94
7864.786927880644,6419.67
7864.997876924846,6211.88
7865.208825969048,6454.44
7865.41977501325,6913.16
7865.6307240574515,6543.6
7865.841673101654,6716.18
7866.052622145856,6805.02
7866.263571190058,7129.12
7866.47452023426,6309.91
7866.685469278462,6660.49
7866.8964183226635,6098.02
7867.107367366866,6848.22
7867.318316411068,6401.97
7867.52926545527,6163.3
7867.740214499472,6738.93
7867.951163543674,6330.47
7868.1621125878755,6027.44
7868.373061632078,6421.6
7868.58401067628,6021.6
7868.794959720482,6027.4
7869.005908764684,6342.27
7869.216857808886,5792.52
7869.4278068530875,6402.24
7869.63875589729,5616.5
7869.849704941492,6246.4
7870.060653985694,6112.15
7870.271603029896,5977.61
7870.482552074098,5453.76
7870.6935011182995,5435.43
7870.904450162502,5734.76
7871.115399206704,6310.5
7871.326348250906,6376.17
7871.537297295108,6271.83
7871.74824633931,5962.66
7871.9591953835115,5912.17
7872.170144427714,5613.83
7872.381093471916,6329.89
7872.592042516118,6073.13
7872.80299156032,5502.35
7873.013940604522,4780.58
7873.224889648724,5063.95
7873.435838692926,5081.4
7873.646787737128,6110.64
7873.8577367813305,5888.49
7874.068685825532,5422.66
7874.279634869734,4884.69
7874.490583913936,5345.84
7874.701532958138,5720.58
7874.91248200234,5936.9
7875.1234310465425,5809.33
7875.334380090744,5065.69
7875.545329134946,4569.13
7875.756278179148,5037.65
7875.96722722335,5031.13
7876.178176267552,4785.56
7876.3891253117545,4769.24
7876.600074355956,4795.62
7876.811023400158,5296.64
7877.02197244436,4938.04
7877.232921488562,4867.33
7877.443870532764,4989.89
7877.654819576966,4744.66
7877.865768621168,5058.08
7878.07671766537,4577.02
7878.287666709572,4653.53
7878.498615753774,4237.52
7878.709564797976,4684.0
7878.920513842178,4810.5
7879.13146288638,4829.18
7879.342411930582,4907.5
7879.553360974784,3942.08
7879.764310018986,4218.04
7879.975259063188,4819.08
7880.18620810739,4683.18
7880.397157151592,4594.1
7880.608106195794,4192.02
7880.819055239996,4023.83
7881.030004284198,3828.5
7881.2409533284,4297.37
7881.451902372602,4277.69
7881.662851416804,4028.95
7881.873800461006,4149.42
7882.084749505208,4285.87
7882.29569854941,4447.19
7882.506647593612,4173.9
7882.717596637814,3559.9
7882.928545682016,4542.76
7883.139494726218,3982.74
7883.35044377042,4431.11
7883.561392814622,3829.18
7883.772341858824,3332.29
7883.983290903026,3886.7
7884.194239947228,4203.04
7884.40518899143,3949.45
7884.616138035632,3904.11
7884.827087079834,4288.94
7885.038036124036,4151.94
7885.248985168238,3616.86
7885.45993421244,3591.19
7885.670883256642,3567.89
7885.881832300844,3469.24
7886.092781345046,4096.26
7886.303730389248,3604.72
7886.51467943345,3678.92
7886.725628477652,4046.38
7886.936577521854,3657.41
7887.147526566056,3617.8
7887.358475610258,3932.93
7887.56942465446,3884.05
7887.780373698662,4018.42
7887.991322742864,3286.38
7888.202271787066,3365.49
7888.413220831268,3643.91
7888.62416987547,3685.33
7888.835118919672,3679.82
7889.046067963874,3360.66
7889.257017008076,3602.84
7889.467966052278,3743.46
7889.67891509648,3152.71
7889.889864140682,2972.56
7890.100813184884,3223.82
7890.311762229086,3673.11
7890.522711273288,3738.26
7890.73366031749,3914.59
7890.944609361692,3605.5
7891.155558405894,3227.96
7891.366507450096,3244.45
7891.577456494298,3368.49
7891.7884055385,3134.07
7891.999354582702,3766.07
7892.210303626904,3243.56
7892.421252671106,3062.89
7892.632201715308,2918.55
7892.84315075951,3275.18
7893.054099803712,3137.62
7893.265048847914,2794.11
7893.475997892116,2617.02
7893.686946936318,2605.79
7893.89789598052,2736.67
7894.108845024722,3091.72
7894.319794068924,2752.04
7894.530743113126,3166.97
7894.741692157328,3149.13
7894.95264120153,2892.62
7895.163590245732,3303.35
7895.374539289934,3326.37
7895.585488334136,3145.35
7895.796437378338,2436.65
7896.00738642254,2779.27
7896.218335466742,2437.09
7896.429284510944,2432.22
7896.640233555146,2773.12
