6488.2276435904,57130.6
6488.406961520878,58134.6
6488.586279451357,57799.6
6488.7655973818355,57245.5
6488.944915312314,57226.1
6489.124233242793,57433.1
6489.303551173271,58416.7
6489.48286910375,59780.6
6489.662187034229,60389.1
6489.841504964707,62870.5
6490.020822895185,62610.6
6490.200140825664,61559.9
6490.379458756142,61517.5
6490.558776686621,59696.0
6490.7380946171,57350.0
6490.917412547578,58267.9
6491.096730478057,60182.9
6491.276048408536,63647.8
6491.455366339014,66127.2
6491.634684269493,65597.4
6491.814002199972,65466.5
6491.99332013045,66349.2
6492.172638060929,67065.7
6492.3519559914075,67494.6
6492.531273921886,65827.2
6492.710591852365,63742.3
6492.8899097828435,63377.8
6493.069227713322,63565.8
6493.248545643801,65274.9
6493.427863574279,67933.0
6493.607181504757,69665.6
6493.786499435236,69672.1
6493.965817365714,69003.1
6494.145135296193,70148.8
6494.324453226672,68643.8
6494.50377115715,68898.1
6494.683089087629,70730.3
6494.862407018108,71290.4
6495.041724948586,71342.2
6495.221042879065,72219.6
6495.400360809544,72139.4
6495.579678740022,69840.5
6495.758996670501,67132.3
6495.9383146009795,67525.6
6496.117632531458,69119.0
6496.296950461937,72587.4
6496.4762683924155,74715.9
6496.655586322894,74024.5
6496.834904253373,74860.7
6497.014222183851,75249.7
6497.193540114329,74190.9
6497.372858044808,73483.1
6497.552175975286,73105.6
6497.731493905765,74571.1
6497.910811836244,76184.3
6498.090129766722,76300.6
6498.269447697201,75964.8
6498.44876562768,75986.2
6498.628083558158,77631.4
6498.807401488637,77022.1
6498.986719419116,78882.3
6499.166037349594,79293.3
6499.345355280073,78135.8
6499.524673210552,78966.2
6499.70399114103,79720.6
6499.883309071509,79267.8
6500.0626270019875,81409.1
6500.241944932466,81387.7
6500.421262862945,82117.9
6500.6005807934225,82319.8
6500.779898723901,81323.0
6500.95921665438,81667.8
6501.1385345848585,82637.2
6501.317852515337,82464.2
6501.497170445816,83350.3
6501.676488376294,84797.0
6501.855806306773,84635.6
6502.035124237252,84231.5
6502.21444216773,84393.2
6502.393760098209,84903.0
6502.573078028688,84383.1
6502.752395959166,84645.6
6502.931713889645,86741.4
6503.111031820124,87094.2
6503.290349750602,88753.7
6503.469667681081,87879.5
6503.6489856115595,88537.9
6503.828303542038,89247.8
6504.007621472517,89029.0
6504.1869394029945,88812.3
6504.366257333473,89346.3
6504.545575263952,91108.7
6504.7248931944305,92073.6
6504.904211124909,92090.2
6505.083529055388,92323.2
6505.262846985866,93039.0
6505.442164916345,93091.3
6505.621482846824,93926.5
6505.800800777302,95006.3
6505.980118707781,94659.8
6506.15943663826,94579.9
6506.338754568738,94917.5
6506.518072499217,95033.0
6506.697390429696,96006.1
6506.876708360174,97491.9
6507.056026290653,97423.9
6507.2353442211315,96935.2
6507.41466215161,97279.3
6507.593980082089,97997.9
6507.773298012567,98683.2
6507.952615943045,98277.1
6508.131933873524,99574.4
6508.3112518040025,100087.0
6508.490569734481,98240.0
6508.66988766496,96929.6
6508.849205595438,98795.0
6509.028523525917,101164.0
6509.207841456396,102369.0
6509.387159386874,104334.0
6509.566477317353,104915.0
6509.745795247832,104259.0
6509.92511317831,103783.0
6510.104431108789,104705.0
6510.283749039268,105932.0
6510.463066969746,106910.0
6510.642384900225,107262.0
6510.8217028307035,106780.0
6511.001020761182,106714.0
6511.18033869166,108026.0
6511.359656622139,109937.0
6511.538974552617,110828.0
6511.718292483096,111115.0
6511.8976104135745,108870.0
6512.076928344053,107772.0
6512.256246274532,108804.0
6512.43556420501,110285.0
6512.614882135489,113270.0
6512.794200065968,115554.0
6512.973517996446,116161.0
6513.152835926925,117101.0
6513.332153857404,117844.0
6513.511471787882,118635.0
6513.690789718361,117793.0
6513.87010764884,117471.0
6514.049425579318,118408.0
6514.228743509797,117965.0
6514.408061440276,115968.0
6514.587379370754,111659.0
6514.766697301232,110757.0
6514.946015231711,113551.0
6515.125333162189,117909.0
6515.304651092668,120805.0
6515.4839690231465,121315.0
6515.663286953625,120140.0
6515.842604884104,118285.0
6516.0219228145825,117695.0
6516.201240745061,116990.0
6516.38055867554,110787.0
6516.559876606018,107032.0
6516.739194536497,107890.0
6516.918512466976,115547.0
6517.097830397454,121374.0
6517.277148327933,124431.0
6517.456466258412,127134.0
6517.63578418889,127855.0
6517.815102119369,129239.0
6517.994420049848,129719.0
6518.173737980325,130884.0
6518.353055910804,132688.0
6518.532373841283,133496.0
6518.711691771761,134212.0
6518.89100970224,134340.0
6519.0703276327185,132893.0
6519.249645563197,130903.0
6519.428963493676,129587.0
6519.6082814241545,129788.0
6519.787599354633,132450.0
6519.966917285112,136296.0
6520.14623521559,138269.0
6520.325553146069,137338.0
6520.504871076548,136189.0
6520.684189007026,136446.0
6520.863506937505,137063.0
6521.042824867984,138393.0
6521.222142798462,139502.0
6521.401460728941,137687.0
6521.58077865942,137305.0
6521.760096589897,137099.0
6521.939414520376,135888.0
6522.118732450855,135470.0
6522.298050381333,137337.0
6522.477368311812,138910.0
6522.656686242291,138879.0
6522.836004172769,137695.0
6523.015322103248,136518.0
6523.1946400337265,137465.0
6523.373957964205,137349.0
6523.553275894684,134459.0
6523.732593825162,134199.0
6523.911911755641,135625.0
6524.09122968612,137667.0
6524.270547616598,139014.0
6524.449865547077,140925.0
6524.629183477556,143749.0
6524.808501408034,145038.0
6524.987819338513,144454.0
6525.167137268992,143114.0
6525.346455199469,145617.0
6525.525773129948,146456.0
6525.705091060427,145653.0
6525.884408990905,146266.0
6526.063726921384,146228.0
6526.243044851863,145666.0
6526.422362782341,146438.0
6526.60168071282,147948.0
6526.7809986432985,149345.0
6526.960316573777,149839.0
6527.139634504256,150331.0
6527.3189524347345,151074.0
6527.498270365213,152951.0
6527.677588295692,152244.0
6527.85690622617,153160.0
6528.036224156649,154848.0
6528.215542087128,153182.0
6528.394860017606,152845.0
6528.574177948085,155504.0
6528.753495878563,155322.0
6528.932813809041,156400.0
6529.11213173952,157423.0
6529.291449669999,157591.0
6529.470767600477,157988.0
6529.650085530956,158415.0
6529.829403461435,157523.0
6530.008721391913,159507.0
6530.188039322392,161048.0
6530.3673572528705,157898.0
6530.546675183349,156499.0
6530.725993113828,157484.0
6530.9053110443065,161518.0
6531.084628974785,162913.0
6531.263946905264,162430.0
6531.443264835742,165404.0
6531.622582766221,164808.0
6531.8019006967,162558.0
6531.981218627178,160655.0
6532.160536557657,158185.0
6532.339854488135,156503.0
6532.519172418613,156171.0
6532.698490349092,159991.0
6532.877808279571,163870.0
6533.057126210049,166967.0
6533.236444140528,169861.0
6533.415762071007,170219.0
6533.595080001485,168033.0
6533.774397931964,164094.0
6533.953715862443,162733.0
6534.133033792921,164438.0
6534.3123517234,166821.0
6534.4916696538785,170269.0
6534.670987584357,171325.0
6534.850305514836,171197.0
6535.029623445314,172442.0
6535.208941375793,172872.0
6535.388259306272,174119.0
6535.56757723675,176586.0
6535.746895167229,176701.0
6535.926213097707,175327.0
6536.105531028185,175227.0
6536.284848958664,176242.0
6536.464166889143,176704.0
6536.643484819621,174861.0
6536.8228027501,173278.0
6537.002120680579,175493.0
6537.181438611057,179974.0
6537.360756541536,180699.0
6537.540074472015,180294.0
6537.719392402493,181528.0
6537.898710332972,183336.0
6538.0780282634505,182695.0
6538.257346193929,182691.0
6538.436664124408,185514.0
6538.615982054886,185857.0
6538.795299985365,186015.0
6538.974617915844,186200.0
6539.153935846322,185411.0
6539.3332537768,187455.0
6539.512571707279,187549.0
6539.691889637757,187266.0
6539.871207568236,188836.0
6540.050525498715,189656.0
6540.229843429193,188318.0
6540.409161359672,187609.0
6540.588479290151,189800.0
6540.767797220629,192549.0
6540.947115151108,192476.0
6541.126433081587,189967.0
6541.305751012065,190530.0
6541.485068942544,193077.0
6541.6643868730225,193769.0
6541.843704803501,192611.0
6542.02302273398,191438.0
6542.2023406644585,190250.0
6542.381658594937,189473.0
6542.560976525416,192226.0
6542.740294455894,197098.0
6542.919612386372,197513.0
6543.098930316851,195865.0
6543.278248247329,196598.0
6543.457566177808,196758.0
6543.636884108287,190652.0
6543.816202038765,184927.0
6543.995519969244,183993.0
6544.174837899723,190163.0
6544.354155830201,199303.0
6544.53347376068,203730.0
6544.712791691159,203868.0
6544.892109621637,203843.0
6545.071427552116,204661.0
6545.2507454825945,207270.0
6545.430063413073,206942.0
6545.609381343552,205654.0
6545.7886992740305,205746.0
6545.968017204509,208703.0
6546.147335134988,209747.0
6546.326653065466,210461.0
6546.505970995944,213823.0
6546.685288926423,215641.0
6546.864606856901,215289.0
6547.04392478738,215212.0
6547.223242717859,215066.0
6547.402560648337,213735.0
6547.581878578816,209713.0
6547.761196509295,209759.0
6547.940514439773,211661.0
6548.119832370252,217690.0
6548.299150300731,214175.0
6548.478468231209,209471.0
6548.657786161688,209264.0
6548.837104092167,213625.0
6549.016422022645,220268.0
6549.195739953124,224720.0
6549.3750578836025,225560.0
6549.554375814081,227791.0
6549.73369374456,232500.0
6549.9130116750375,231800.0
6550.092329605516,234175.0
6550.271647535995,235661.0
6550.4509654664735,235125.0
6550.630283396952,239652.0
6550.809601327431,242326.0
6550.988919257909,241907.0
6551.168237188388,242466.0
6551.347555118867,243835.0
6551.526873049345,245441.0
6551.706190979824,246286.0
6551.885508910303,248409.0
6552.064826840781,252526.0
6552.24414477126,247769.0
6552.423462701739,240247.0
6552.602780632217,239250.0
6552.782098562696,245649.0
6552.9614164931745,257363.0
6553.140734423653,265675.0
6553.320052354132,271113.0
6553.4993702846095,271282.0
6553.678688215088,271545.0
6553.858006145567,275159.0
6554.0373240760455,283068.0
6554.216642006524,291499.0
6554.395959937003,296616.0
6554.575277867481,302676.0
6554.75459579796,304499.0
6554.933913728439,310246.0
6555.113231658917,317095.0
6555.292549589396,323742.0
6555.471867519875,331551.0
6555.651185450353,340621.0
6555.830503380832,348142.0
6556.009821311311,356066.0
6556.189139241789,368142.0
6556.368457172268,383740.0
6556.5477751027465,396780.0
6556.727093033225,402955.0
6556.906410963704,406694.0
6557.085728894182,416468.0
6557.26504682466,434398.0
6557.444364755139,458063.0
6557.6236826856175,489277.0
6557.803000616096,510811.0
6557.982318546575,531135.0
6558.161636477053,554120.0
6558.340954407532,584294.0
6558.520272338011,620600.0
6558.699590268489,665194.0
6558.878908198968,701978.0
6559.058226129447,737084.0
6559.237544059925,784675.0
6559.416861990404,830860.0
6559.596179920883,878198.0
6559.775497851361,938916.0
6559.95481578184,1.00042e+06
6560.1341337123185,1.05724e+06
6560.313451642797,1.10175e+06
6560.492769573275,1.15844e+06
6560.672087503754,1.23678e+06
6560.851405434232,1.28374e+06
6561.030723364711,1.32606e+06
6561.2100412951895,1.3589e+06
6561.389359225668,1.38746e+06
6561.568677156147,1.39806e+06
6561.747995086625,1.38495e+06
6561.927313017104,1.35609e+06
6562.106630947583,1.28104e+06
6562.285948878061,1.12624e+06
6562.46526680854,917461.0
6562.644584739019,723741.0
6562.823902669497,613697.0
6563.003220599976,612278.0
6563.182538530455,718381.0
6563.361856460933,894428.0
6563.541174391412,1.08202e+06
6563.720492321891,1.23153e+06
6563.899810252369,1.29332e+06
6564.079128182847,1.3097e+06
6564.258446113326,1.3273e+06
6564.437764043804,1.35865e+06
6564.617081974283,1.38051e+06
6564.7963999047615,1.37374e+06
6564.97571783524,1.34767e+06
6565.155035765719,1.30745e+06
6565.3343536961975,1.25068e+06
6565.513671626676,1.17812e+06
6565.692989557155,1.11172e+06
6565.872307487633,1.06032e+06
6566.051625418112,997848.0
6566.230943348591,941255.0
6566.410261279069,891049.0
6566.589579209548,843012.0
6566.768897140027,791560.0
6566.948215070505,747778.0
6567.127533000984,710131.0
6567.306850931463,673046.0
6567.48616886194,639450.0
6567.665486792419,605133.0
6567.844804722898,576990.0
6568.024122653376,554913.0
6568.203440583855,529476.0
6568.382758514334,507752.0
6568.562076444812,481874.0
6568.741394375291,465737.0
6568.9207123057695,448734.0
6569.100030236248,434443.0
6569.279348166727,426859.0
6569.458666097205,414494.0
6569.637984027684,402910.0
6569.817301958163,397733.0
6569.996619888641,386961.0
6570.17593781912,375747.0
6570.355255749599,367820.0
6570.534573680077,359774.0
6570.713891610556,351719.0
6570.893209541035,344560.0
6571.072527471512,338040.0
6571.251845401991,332773.0
6571.43116333247,330832.0
6571.610481262948,327579.0
6571.789799193427,314338.0
6571.969117123906,301941.0
6572.148435054384,296495.0
6572.327752984863,296498.0
6572.5070709153415,298847.0
6572.68638884582,301370.0
6572.865706776299,297328.0
6573.045024706777,296867.0
6573.224342637256,293320.0
6573.403660567735,287296.0
6573.582978498213,284521.0
6573.762296428692,283251.0
6573.941614359171,283051.0
6574.120932289649,281897.0
6574.300250220128,279859.0
6574.479568150607,272053.0
6574.658886081084,260279.0
6574.838204011563,256174.0
6575.017521942042,256280.0
6575.19683987252,264207.0
6575.376157802999,268057.0
6575.555475733478,270882.0
6575.734793663956,269851.0
6575.914111594435,269700.0
6576.0934295249135,268874.0
6576.272747455392,264776.0
6576.452065385871,266157.0
6576.6313833163495,265490.0
6576.810701246828,265307.0
6576.990019177307,264121.0
6577.169337107785,263107.0
6577.348655038264,263430.0
6577.527972968743,262303.0
6577.707290899221,261082.0
6577.8866088297,260961.0
6578.065926760179,261320.0
6578.245244690656,260453.0
6578.424562621135,258012.0
6578.603880551614,257361.0
6578.783198482092,255791.0
6578.962516412571,255859.0
6579.14183434305,256345.0
6579.321152273528,253829.0
6579.500470204007,254453.0
6579.6797881344855,253209.0
6579.859106064964,252856.0
6580.038423995443,254717.0
6580.2177419259215,253457.0
6580.3970598564,252424.0
6580.576377786879,250551.0
6580.755695717357,249838.0
6580.935013647836,249895.0
6581.114331578315,250312.0
6581.293649508793,251735.0
6581.472967439272,250189.0
6581.65228536975,252620.0
6581.831603300228,255932.0
6582.010921230707,251872.0
6582.190239161186,249361.0
6582.369557091664,250076.0
6582.548875022143,254501.0
6582.728192952622,254475.0
6582.9075108831,255210.0
6583.086828813579,251794.0
6583.266146744058,251713.0
6583.445464674536,251694.0
6583.624782605015,251645.0
6583.8041005354935,253330.0
6583.983418465972,253872.0
6584.162736396451,257160.0
6584.342054326929,256678.0
6584.521372257408,254653.0
6584.700690187887,255268.0
6584.880008118365,256687.0
6585.059326048844,256226.0
6585.238643979322,254554.0
6585.4179619098,253328.0
6585.597279840279,253343.0
6585.776597770758,255450.0
6585.955915701236,256135.0
6586.135233631715,251694.0
6586.314551562194,246961.0
6586.493869492672,244937.0
6586.673187423151,245619.0
6586.85250535363,249914.0
6587.031823284108,252827.0
6587.211141214587,254069.0
6587.3904591450655,252766.0
6587.569777075544,253713.0
6587.749095006023,256140.0
6587.928412936501,254371.0
6588.10773086698,252777.0
6588.287048797459,254219.0
6588.466366727937,254009.0
6588.645684658415,254235.0
6588.825002588894,255005.0
6589.004320519372,255489.0
6589.183638449851,253558.0
6589.36295638033,255046.0
6589.542274310808,253831.0
6589.721592241287,254699.0
6589.900910171766,255619.0
6590.080228102244,255005.0
6590.259546032723,254499.0
6590.438863963202,254279.0
6590.61818189368,254733.0
6590.797499824159,252487.0
6590.9768177546375,250226.0
6591.156135685116,250732.0
6591.335453615595,250724.0
6591.5147715460735,251951.0
6591.694089476552,254071.0
6591.873407407031,253193.0
6592.052725337509,249752.0
6592.232043267987,249278.0
6592.411361198466,249119.0
6592.590679128944,248572.0
6592.769997059423,249893.0
6592.949314989902,247223.0
6593.12863292038,246716.0
6593.307950850859,247727.0
6593.487268781338,249339.0
6593.666586711816,251176.0
6593.845904642295,250104.0
6594.025222572774,248977.0
6594.204540503252,247027.0
6594.383858433731,248187.0
6594.5631763642095,246600.0
6594.742494294688,248192.0
6594.921812225167,249786.0
6595.1011301556455,250773.0
6595.280448086124,249848.0
6595.459766016603,248222.0
6595.639083947081,248728.0
6595.818401877559,251755.0
6595.997719808038,250781.0
6596.177037738516,248749.0
6596.356355668995,249379.0
6596.535673599474,247466.0
6596.714991529952,248191.0
6596.894309460431,251031.0
6597.07362739091,250470.0
6597.252945321388,248394.0
6597.432263251867,247972.0
6597.611581182346,248494.0
6597.790899112824,247665.0
6597.970217043303,249346.0
6598.149534973782,249219.0
6598.32885290426,248413.0
6598.508170834739,249290.0
6598.6874887652175,246476.0
6598.866806695696,246934.0
6599.046124626175,243566.0
6599.2254425566525,242227.0
6599.404760487131,243376.0
6599.58407841761,244534.0
6599.7633963480885,248338.0
6599.942714278567,247777.0
6600.122032209046,247177.0
6600.301350139524,247631.0
6600.480668070003,246823.0
6600.659986000482,244989.0
6600.83930393096,246781.0
6601.018621861439,248359.0
6601.197939791918,247840.0
6601.377257722396,247152.0
6601.556575652875,245878.0
6601.735893583354,242306.0
6601.915211513832,243611.0
6602.094529444311,246164.0
6602.2738473747895,244556.0
6602.453165305268,243819.0
6602.632483235747,246128.0
6602.8118011662245,247291.0
6602.991119096703,246143.0
6603.170437027182,244882.0
6603.3497549576605,244586.0
6603.529072888139,246116.0
6603.708390818618,246167.0
6603.887708749096,244951.0
6604.067026679575,247550.0
6604.246344610054,247846.0
6604.425662540532,244428.0
6604.604980471011,244716.0
6604.78429840149,244801.0
6604.963616331968,244017.0
6605.142934262447,244565.0
6605.322252192926,243876.0
6605.501570123404,244823.0
6605.680888053883,244135.0
6605.8602059843615,242729.0
6606.03952391484,242910.0
6606.218841845319,241732.0
6606.398159775797,242227.0
6606.577477706275,242397.0
6606.756795636754,244765.0
6606.9361135672325,242847.0
6607.115431497711,243324.0
6607.29474942819,242987.0
6607.474067358668,243017.0
6607.653385289147,244090.0
6607.832703219626,242771.0
6608.012021150104,241497.0
6608.191339080583,243496.0
6608.370657011062,245341.0
6608.54997494154,242940.0
6608.729292872019,242254.0
6608.908610802498,242598.0
6609.087928732976,243114.0
6609.267246663455,242250.0
6609.4465645939335,242793.0
6609.625882524412,242277.0
6609.80520045489,239857.0
6609.984518385369,241129.0
6610.163836315847,241306.0
6610.343154246326,240342.0
6610.5224721768045,240973.0
6610.701790107283,241632.0
6610.881108037762,239219.0
6611.06042596824,238345.0
6611.239743898719,239836.0
6611.419061829198,239946.0
6611.598379759676,239533.0
6611.777697690155,240571.0
6611.957015620634,240577.0
6612.136333551112,238964.0
6612.315651481591,237355.0
6612.49496941207,235762.0
6612.674287342548,237106.0
6612.853605273027,238112.0
6613.032923203506,237583.0
6613.212241133984,239324.0
6613.391559064462,238608.0
6613.570876994941,236067.0
6613.750194925419,234369.0
6613.929512855898,235049.0
6614.1088307863765,232972.0
6614.288148716855,233487.0
6614.467466647334,236953.0
6614.6467845778125,236905.0
6614.826102508291,238135.0
6615.00542043877,240283.0
6615.184738369248,238907.0
6615.364056299727,236672.0
6615.543374230206,237235.0
6615.722692160684,237560.0
6615.902010091163,237237.0
6616.081328021642,238250.0
6616.26064595212,238372.0
6616.439963882599,237575.0
6616.619281813078,237620.0
6616.798599743555,238624.0
6616.977917674034,237711.0
6617.157235604513,235491.0
6617.336553534991,236583.0
6617.51587146547,236919.0
6617.695189395949,235829.0
6617.874507326427,236523.0
6618.053825256906,236647.0
6618.2331431873845,237777.0
6618.412461117863,236605.0
6618.591779048342,233909.0
6618.77109697882,235250.0
6618.950414909299,234455.0
6619.129732839778,235164.0
6619.309050770256,235269.0
6619.488368700735,231809.0
6619.667686631214,231449.0
6619.847004561692,232981.0
6620.026322492171,232120.0
6620.20564042265,231409.0
6620.384958353127,231044.0
6620.564276283606,231334.0
6620.743594214085,232748.0
6620.922912144563,231386.0
6621.102230075042,231240.0
6621.281548005521,230935.0
6621.460865935999,231779.0
6621.640183866478,231548.0
6621.8195017969565,230131.0
6621.998819727435,229563.0
6622.178137657914,229736.0
6622.357455588392,230630.0
6622.536773518871,229112.0
6622.71609144935,228565.0
6622.895409379828,229634.0
6623.074727310307,230751.0
6623.254045240786,230208.0
6623.433363171264,229129.0
6623.612681101743,229252.0
6623.791999032222,231095.0
6623.971316962699,232044.0
6624.150634893178,230537.0
6624.329952823657,227056.0
6624.509270754135,227820.0
6624.688588684614,230502.0
6624.867906615093,230477.0
6625.047224545571,229695.0
6625.22654247605,229543.0
6625.4058604065285,228568.0
6625.585178337007,226471.0
6625.764496267486,225714.0
6625.9438141979645,226013.0
6626.123132128443,225394.0
6626.302450058922,224147.0
6626.4817679894,224866.0
6626.661085919879,227216.0
6626.840403850358,228040.0
6627.019721780836,225677.0
6627.199039711315,223254.0
6627.378357641794,225434.0
6627.557675572271,226235.0
6627.73699350275,224391.0
6627.916311433229,224878.0
6628.095629363707,223996.0
6628.274947294186,224224.0
6628.454265224665,223414.0
6628.633583155143,224695.0
6628.812901085622,227032.0
6628.9922190161005,225485.0
6629.171536946579,224375.0
6629.350854877058,224810.0
6629.5301728075365,222778.0
6629.709490738015,221961.0
6629.888808668494,222443.0
6630.068126598972,223573.0
6630.247444529451,222263.0
6630.42676245993,223569.0
6630.606080390408,223040.0
6630.785398320887,220104.0
6630.964716251365,221345.0
6631.144034181843,223317.0
6631.323352112322,223574.0
6631.502670042801,221248.0
6631.681987973279,223979.0
6631.861305903758,222656.0
6632.040623834237,222008.0
6632.219941764715,219660.0
6632.399259695194,218568.0
6632.578577625673,221295.0
6632.757895556151,221146.0
6632.93721348663,219247.0
6633.1165314171085,218904.0
6633.295849347587,218181.0
6633.475167278066,217692.0
6633.654485208544,216683.0
6633.833803139023,216741.0
6634.013121069502,217156.0
6634.19243899998,218387.0
6634.371756930459,216695.0
6634.551074860937,214806.0
6634.730392791415,215241.0
6634.909710721894,215748.0
6635.089028652373,216006.0
6635.268346582851,216425.0
6635.44766451333,215780.0
6635.626982443809,213299.0
6635.806300374287,213504.0
6635.985618304766,212173.0
6636.164936235245,214647.0
6636.344254165723,210999.0
6636.523572096202,213927.0
6636.7028900266805,212904.0
6636.882207957159,213248.0
6637.061525887638,211728.0
6637.240843818116,211971.0
6637.420161748595,214100.0
6637.599479679074,210412.0
6637.778797609552,211339.0
6637.95811554003,212570.0
6638.137433470509,212334.0
6638.316751400987,210809.0
6638.496069331466,210438.0
6638.675387261945,210266.0
6638.854705192423,210911.0
6639.034023122902,211757.0
6639.213341053381,210781.0
6639.392658983859,209601.0
6639.571976914338,207643.0
6639.751294844817,208265.0
6639.930612775295,207303.0
6640.109930705774,209767.0
6640.2892486362525,210986.0
6640.468566566731,207486.0
6640.64788449721,204872.0
6640.8272024276885,205624.0
6641.006520358167,207812.0
6641.185838288646,206544.0
6641.365156219124,207386.0
6641.544474149602,207121.0
6641.723792080081,205643.0
6641.903110010559,205331.0
6642.082427941038,206358.0
6642.261745871517,206195.0
6642.441063801995,204385.0
6642.620381732474,204895.0
6642.799699662953,204628.0
6642.979017593431,205223.0
6643.15833552391,204944.0
6643.337653454389,206017.0
6643.516971384867,205961.0
6643.696289315346,204313.0
6643.8756072458245,200416.0
6644.054925176303,202840.0
6644.234243106782,204688.0
6644.4135610372605,203721.0
6644.592878967739,202537.0
6644.772196898218,204102.0
6644.9515148286955,203485.0
6645.130832759174,201701.0
6645.310150689653,201023.0
6645.489468620131,201195.0
6645.66878655061,202722.0
6645.848104481089,201506.0
6646.027422411567,200648.0
6646.206740342046,201060.0
6646.386058272525,201694.0
6646.565376203003,202530.0
6646.744694133482,202312.0
6646.924012063961,203341.0
6647.103329994439,202205.0
6647.282647924918,201186.0
6647.461965855397,198721.0
6647.641283785875,198049.0
6647.820601716354,200394.0
6647.9999196468325,201449.0
6648.179237577311,200564.0
6648.35855550779,200088.0
6648.537873438268,199007.0
6648.717191368746,195705.0
6648.896509299225,194325.0
6649.0758272297035,194521.0
6649.255145160182,196766.0
6649.434463090661,196320.0
6649.613781021139,194462.0
6649.793098951618,194905.0
6649.972416882097,196040.0
6650.151734812575,193710.0
6650.331052743054,194274.0
6650.510370673533,194432.0
6650.689688604011,192859.0
6650.86900653449,194239.0
6651.048324464969,195460.0
6651.227642395447,193709.0
6651.406960325926,193548.0
6651.5862782564045,194341.0
6651.765596186883,191761.0
6651.944914117362,189940.0
6652.1242320478395,191619.0
6652.303549978318,191404.0
6652.482867908797,191805.0
6652.6621858392755,191566.0
6652.841503769754,190839.0
6653.020821700233,190576.0
6653.200139630711,189104.0
6653.37945756119,188318.0
6653.558775491669,187561.0
6653.738093422147,189503.0
6653.917411352626,189201.0
6654.096729283105,188867.0
6654.276047213583,189308.0
6654.455365144062,188380.0
6654.634683074541,186318.0
6654.814001005019,186492.0
6654.993318935498,185904.0
6655.1726368659765,186476.0
6655.351954796455,186199.0
6655.531272726934,186581.0
6655.710590657412,187145.0
6655.88990858789,184167.0
6656.069226518369,182998.0
6656.2485444488475,184179.0
6656.427862379326,184316.0
6656.607180309805,185332.0
6656.786498240283,185456.0
6656.965816170762,182695.0
6657.145134101241,179601.0
6657.324452031719,181200.0
6657.503769962198,183923.0
6657.683087892677,183096.0
6657.862405823155,180946.0
6658.041723753634,179358.0
6658.221041684113,178877.0
6658.400359614591,180647.0
6658.57967754507,181344.0
6658.7589954755485,180756.0
6658.938313406027,180128.0
6659.117631336505,178893.0
6659.296949266984,178949.0
6659.476267197462,179510.0
6659.655585127941,179465.0
6659.8349030584195,179131.0
6660.014220988898,177508.0
6660.193538919377,177058.0
6660.372856849855,178561.0
6660.552174780334,177285.0
6660.731492710813,177085.0
6660.910810641291,174351.0
6661.09012857177,174917.0
6661.269446502249,176566.0
6661.448764432727,175507.0
6661.628082363206,173350.0
6661.807400293685,172545.0
6661.986718224163,174660.0
6662.166036154642,173841.0
6662.345354085121,174073.0
6662.524672015599,174928.0
6662.703989946077,171804.0
6662.883307876556,170390.0
6663.062625807034,170947.0
6663.241943737513,172492.0
6663.4212616679915,172079.0
6663.60057959847,171275.0
6663.779897528949,170037.0
6663.9592154594275,170491.0
6664.138533389906,170418.0
6664.317851320385,170936.0
6664.497169250863,170031.0
6664.676487181342,166284.0
6664.855805111821,165829.0
6665.035123042299,167738.0
6665.214440972778,167255.0
6665.393758903257,165788.0
6665.573076833735,166976.0
6665.752394764214,165527.0
6665.931712694693,165394.0
6666.11103062517,165960.0
6666.290348555649,166827.0
6666.469666486128,165216.0
6666.648984416606,164725.0
6666.828302347085,166371.0
6667.007620277564,164881.0
6667.186938208042,164089.0
6667.366256138521,163420.0
6667.5455740689995,163356.0
6667.724891999478,162746.0
6667.904209929957,162183.0
6668.083527860435,163563.0
6668.262845790914,162483.0
6668.442163721393,161732.0
6668.621481651871,160602.0
6668.80079958235,160496.0
6668.980117512829,160114.0
6669.159435443307,159752.0
6669.338753373786,161004.0
6669.518071304265,160336.0
6669.697389234743,158884.0
6669.876707165221,159539.0
6670.0560250957,159743.0
6670.235343026178,158272.0
6670.414660956657,157820.0
6670.593978887136,158375.0
6670.773296817614,159096.0
6670.952614748093,155925.0
6671.1319326785715,156476.0
6671.31125060905,154943.0
6671.490568539529,154229.0
6671.669886470007,154770.0
6671.849204400486,155111.0
6672.028522330965,153406.0
6672.207840261443,152197.0
6672.387158191922,152409.0
6672.566476122401,151040.0
6672.745794052879,151270.0
6672.925111983358,151914.0
6673.104429913837,150243.0
6673.283747844314,149555.0
6673.463065774793,148503.0
6673.642383705272,149006.0
6673.82170163575,146347.0
6674.001019566229,148470.0
6674.180337496708,149205.0
6674.359655427186,146725.0
6674.538973357665,145495.0
6674.7182912881435,144390.0
6674.897609218622,143931.0
6675.076927149101,143296.0
6675.2562450795795,142263.0
6675.435563010058,142030.0
6675.614880940537,142766.0
6675.794198871015,142855.0
6675.973516801494,143079.0
6676.152834731973,141618.0
6676.332152662451,141361.0
6676.51147059293,139758.0
6676.690788523409,140646.0
6676.870106453886,137994.0
6677.049424384365,139054.0
6677.228742314844,140345.0
6677.408060245322,138160.0
6677.587378175801,136037.0
6677.76669610628,135628.0
6677.946014036758,135235.0
6678.125331967237,136130.0
6678.3046498977155,135747.0
6678.483967828194,135345.0
6678.663285758673,134918.0
6678.8426036891515,135783.0
6679.02192161963,136888.0
6679.201239550109,135420.0
6679.380557480587,134712.0
6679.559875411066,133853.0
6679.739193341545,134843.0
6679.918511272023,134421.0
6680.097829202502,133774.0
6680.27714713298,130850.0
6680.456465063458,133101.0
6680.635782993937,133840.0
6680.815100924416,130849.0
6680.994418854894,129779.0
6681.173736785373,131876.0
6681.353054715852,131759.0
6681.53237264633,132807.0
6681.711690576809,130993.0
6681.891008507288,129468.0
6682.070326437766,129594.0
6682.249644368245,129463.0
6682.4289622987235,129354.0
6682.608280229202,129626.0
6682.787598159681,129848.0
6682.966916090159,128003.0
6683.146234020638,128906.0
6683.325551951117,127198.0
6683.504869881595,128898.0
6683.684187812074,129202.0
6683.863505742552,127848.0
6684.04282367303,128395.0
6684.222141603509,128200.0
6684.401459533988,128040.0
6684.580777464466,127816.0
6684.760095394945,128052.0
6684.939413325424,128611.0
6685.118731255902,126694.0
6685.298049186381,126268.0
6685.47736711686,127316.0
6685.656685047338,128011.0
6685.836002977817,128477.0
6686.0153209082955,126623.0
6686.194638838774,126564.0
6686.373956769253,126394.0
6686.553274699731,124899.0
6686.73259263021,125104.0
6686.911910560689,124238.0
6687.091228491167,123350.0
6687.270546421645,123617.0
6687.449864352124,124285.0
6687.629182282602,123599.0
6687.808500213081,122575.0
6687.98781814356,123472.0
6688.167136074038,121430.0
6688.346454004517,120853.0
6688.525771934996,121373.0
6688.705089865474,119886.0
6688.884407795953,120763.0
6689.063725726432,121458.0
6689.24304365691,121472.0
6689.422361587389,119612.0
6689.6016795178675,119170.0
6689.780997448346,117349.0
6689.960315378825,117456.0
6690.1396333093035,117537.0
6690.318951239782,117451.0
6690.498269170261,118143.0
6690.677587100739,117195.0
6690.856905031217,116567.0
6691.036222961696,116260.0
6691.215540892174,116087.0
6691.394858822653,116212.0
6691.574176753132,114851.0
6691.75349468361,113576.0
6691.932812614089,113054.0
6692.112130544568,113472.0
6692.291448475046,113956.0
6692.470766405525,112111.0
6692.650084336004,112151.0
6692.829402266482,111300.0
6693.008720196961,111461.0
6693.1880381274395,110360.0
6693.367356057918,111163.0
6693.546673988397,110434.0
6693.7259919188755,108757.0
6693.905309849354,108692.0
6694.084627779833,109858.0
6694.2639457103105,108069.0
6694.443263640789,108590.0
6694.622581571268,106050.0
6694.801899501746,107259.0
6694.981217432225,108060.0
6695.160535362704,106270.0
6695.339853293182,107524.0
6695.519171223661,106713.0
6695.69848915414,105542.0
6695.877807084618,104065.0
6696.057125015097,104358.0
6696.236442945576,105399.0
6696.415760876054,104260.0
6696.595078806533,103196.0
6696.774396737012,101794.0
6696.95371466749,101708.0
6697.133032597969,103831.0
6697.3123505284475,102287.0
6697.491668458926,101962.0
6697.670986389405,101107.0
6697.850304319883,100908.0
6698.029622250361,100097.0
6698.20894018084,98856.2
6698.3882581113185,99032.8
6698.567576041797,97830.7
6698.746893972276,98200.2
6698.926211902754,98464.8
6699.105529833233,97175.5
6699.284847763712,97791.5
6699.46416569419,97115.0
6699.643483624669,95642.3
6699.822801555148,95719.8
6700.002119485626,93639.7
6700.181437416105,94585.6
6700.360755346584,95174.1
6700.540073277062,94325.9
6700.719391207541,94101.8
6700.8987091380195,93833.5
6701.078027068498,93446.3
6701.257344998977,91895.0
6701.4366629294545,91434.8
6701.615980859933,91638.0
6701.795298790412,90609.5
6701.9746167208905,90877.6
6702.153934651369,90339.4
6702.333252581848,90165.8
6702.512570512326,90891.4
6702.691888442805,89089.3
6702.871206373284,87384.8
6703.050524303762,87155.0
6703.229842234241,88750.5
6703.40916016472,88189.6
6703.588478095198,87443.8
6703.767796025677,88706.8
6703.947113956156,86089.1
6704.126431886634,85554.2
6704.305749817113,85379.6
6704.4850677475915,84871.8
6704.66438567807,84739.5
6704.843703608549,84734.7
6705.023021539027,85530.1
6705.202339469505,84255.2
6705.381657399984,83240.8
6705.5609753304625,83386.8
6705.740293260941,82297.2
6705.91961119142,82972.8
6706.098929121898,83456.2
6706.278247052377,82219.9
6706.457564982856,81372.7
6706.636882913334,81780.5
6706.816200843813,80203.5
6706.995518774292,79545.5
6707.17483670477,80232.8
6707.354154635249,80469.2
6707.533472565728,78670.5
6707.712790496206,77672.5
6707.892108426685,77792.4
6708.071426357164,77051.4
6708.250744287642,77976.6
6708.43006221812,75934.6
6708.609380148599,76011.8
6708.788698079077,76327.3
6708.968016009556,75521.9
6709.1473339400345,75642.5
6709.326651870513,74756.4
6709.505969800992,75551.6
6709.68528773147,75715.3
6709.864605661949,74148.9
6710.043923592428,73838.8
6710.223241522906,73480.3
6710.402559453385,73318.8
6710.581877383864,73038.7
6710.761195314342,72182.5
6710.940513244821,72594.4
6711.1198311753,71313.4
6711.299149105778,71673.7
6711.478467036257,70113.5
6711.657784966736,71079.4
6711.837102897214,71151.0
6712.016420827692,69256.5
6712.195738758171,69104.4
6712.375056688649,68396.6
6712.554374619128,67404.6
6712.7336925496065,69060.0
6712.913010480085,67900.6
6713.092328410564,66847.9
6713.2716463410425,66999.8
6713.450964271521,66334.9
6713.630282202,67151.6
6713.809600132478,66311.3
6713.988918062957,64593.2
6714.168235993436,64820.0
6714.347553923914,64789.9
6714.526871854393,65251.2
6714.706189784872,65549.1
6714.88550771535,64452.4
6715.064825645829,63065.2
6715.244143576308,63883.6
6715.423461506785,63844.8
6715.602779437264,62440.8
6715.782097367743,62135.4
6715.961415298221,60853.9
6716.1407332287,59641.6
6716.320051159179,60018.3
6716.499369089657,60767.9
6716.678687020136,60773.0
6716.8580049506145,60348.4
6717.037322881093,59863.1
6717.216640811572,59382.2
6717.39595874205,58665.7
6717.575276672529,57909.3
6717.754594603008,58622.4
6717.933912533486,58755.6
6718.113230463965,57852.1
6718.292548394444,57011.5
6718.471866324922,56852.3
6718.651184255401,57059.0
6718.83050218588,56154.6
6719.009820116358,55846.8
6719.189138046836,55377.1
6719.368455977315,54631.4
6719.547773907793,54064.5
6719.727091838272,52438.6
6719.906409768751,53206.3
6720.085727699229,54677.0
6720.265045629708,53141.4
6720.4443635601865,53441.2
6720.623681490665,53369.1
6720.802999421144,52684.5
6720.982317351622,51846.0
6721.161635282101,51833.3
6721.34095321258,50832.6
6721.520271143058,52320.9
6721.699589073537,50509.6
6721.878907004016,49354.4
6722.058224934494,51295.9
6722.237542864973,51103.3
6722.416860795452,50074.1
6722.596178725929,49635.3
6722.775496656408,48901.0
6722.954814586887,49740.4
6723.134132517365,49814.3
6723.313450447844,49074.4
6723.492768378323,48320.5
6723.672086308801,46733.4
6723.85140423928,46940.3
6724.0307221697585,46628.5
6724.210040100237,46500.6
6724.389358030716,45956.0
6724.5686759611945,46828.8
6724.747993891673,47008.4
6724.927311822152,45341.8
6725.10662975263,45612.9
6725.285947683109,45475.1
6725.465265613588,44392.2
6725.644583544066,44142.7
6725.823901474545,45692.7
6726.003219405024,43732.1
6726.182537335501,43486.2
6726.36185526598,44286.2
6726.541173196459,42967.0
6726.720491126937,42754.8
6726.899809057416,42589.5
6727.079126987895,42358.6
6727.258444918373,42147.5
6727.437762848852,41636.3
6727.6170807793305,41544.7
6727.796398709809,41461.2
6727.975716640288,40038.6
6728.1550345707665,40133.9
6728.334352501245,40003.0
6728.513670431724,40185.3
6728.692988362202,40957.2
6728.872306292681,40133.1
6729.05162422316,39646.7
6729.230942153638,38905.7
6729.410260084117,37783.0
6729.589578014595,38459.2
6729.768895945073,38160.7
6729.948213875552,37409.3
6730.127531806031,37347.2
6730.306849736509,37548.4
6730.486167666988,36633.5
6730.665485597467,37090.1
6730.844803527945,35501.0
6731.024121458424,35252.6
6731.203439388903,34647.8
6731.382757319381,34772.8
6731.56207524986,35918.6
6731.7413931803385,34614.3
6731.920711110817,34127.4
6732.100029041296,33745.4
6732.279346971774,33093.6
6732.458664902253,33418.1
6732.637982832732,33650.2
6732.81730076321,32425.1
6732.996618693689,32419.4
6733.175936624167,32299.9
6733.355254554645,32505.0
6733.534572485124,32649.3
6733.713890415603,32088.8
6733.893208346081,30784.2
6734.07252627656,31407.8
6734.251844207039,31600.6
6734.431162137517,28593.5
