6487.7666132007,13286.7
6487.94622510178,13421.6
6488.125837002862,12962.9
6488.305448903942,13204.8
6488.485060805023,13607.4
6488.664672706103,13332.7
6488.844284607185,12933.9
6489.023896508265,12930.4
6489.203508409346,13296.2
6489.383120310427,13844.5
6489.562732211508,13764.2
6489.742344112588,13955.3
6489.92195601367,13992.0
6490.10156791475,13835.9
6490.281179815831,13905.8
6490.460791716911,13418.4
6490.640403617993,12909.8
6490.820015519073,12555.2
6490.999627420154,12843.1
6491.179239321235,12825.5
6491.358851222316,12804.9
6491.5384631233965,13468.3
6491.718075024477,14242.5
6491.897686925558,14682.5
6492.077298826639,14979.7
6492.2569107277195,15056.3
6492.436522628801,14806.8
6492.6161345298815,14866.7
6492.795746430962,14653.4
6492.975358332043,14307.0
6493.154970233124,14588.3
6493.3345821342045,14864.8
6493.514194035285,15812.3
6493.6938059363665,15848.4
6493.873417837447,15753.2
6494.053029738528,15653.7
6494.232641639609,15667.5
6494.41225354069,15777.2
6494.59186544177,15735.4
6494.771477342851,15983.2
6494.951089243932,16251.8
6495.130701145013,16564.1
6495.310313046093,16723.1
6495.489924947175,16004.6
6495.669536848255,15411.8
6495.849148749336,15417.4
6496.028760650416,15510.8
6496.208372551498,16213.6
6496.387984452578,16561.0
6496.567596353659,16715.9
6496.74720825474,16831.2
6496.926820155821,16872.5
6497.106432056901,17161.5
6497.286043957982,17343.4
6497.465655859063,17047.6
6497.645267760144,17022.6
6497.824879661224,17359.2
6498.004491562306,18102.6
6498.184103463386,18013.6
6498.363715364467,18008.9
6498.543327265548,18187.3
6498.722939166629,17862.8
6498.902551067709,17788.1
6499.08216296879,18401.5
6499.261774869871,18323.4
6499.441386770952,18434.5
6499.620998672032,18387.9
6499.800610573114,18322.6
6499.980222474194,18473.6
6500.159834375275,18765.2
6500.339446276355,19070.9
6500.519058177437,19222.8
6500.698670078517,19004.6
6500.878281979598,18536.0
6501.057893880679,18703.1
6501.23750578176,18995.3
6501.41711768284,19177.2
6501.596729583922,19462.4
6501.776341485002,19638.2
6501.955953386083,19446.6
6502.135565287163,19581.3
6502.315177188245,20402.8
6502.494789089325,19769.7
6502.674400990406,19774.1
6502.854012891487,20123.2
6503.033624792568,20066.8
6503.2132366936485,19934.5
6503.392848594729,19936.8
6503.57246049581,20073.2
6503.752072396891,20402.7
6503.9316842979715,20751.8
6504.111296199053,20438.4
6504.2909081001335,20499.6
6504.470520001214,20769.3
6504.650131902295,20652.1
6504.829743803376,20808.8
6505.0093557044565,21370.4
6505.188967605537,21439.7
6505.3685795066185,21744.7
6505.548191407699,21677.0
6505.72780330878,21092.8
6505.907415209861,21858.5
6506.087027110942,22408.0
6506.266639012022,22059.5
6506.446250913103,22064.5
6506.625862814184,22227.9
6506.805474715265,22391.4
6506.985086616345,22516.2
6507.164698517427,22438.5
6507.344310418507,22328.0
6507.523922319588,22483.8
6507.703534220668,22834.0
6507.88314612175,23169.5
6508.06275802283,23211.7
6508.242369923911,22952.2
6508.421981824992,22906.1
6508.601593726073,22873.7
6508.781205627153,23007.7
6508.960817528234,22970.3
6509.140429429315,23237.9
6509.320041330396,23458.7
6509.499653231476,23577.6
6509.679265132558,23832.3
6509.858877033638,23891.6
6510.038488934719,24328.9
6510.2181008358,24699.8
6510.397712736881,24587.3
6510.577324637961,24164.6
6510.756936539042,24500.8
6510.936548440123,24842.2
6511.116160341204,24668.3
6511.295772242284,24809.7
6511.475384143366,25018.4
6511.654996044446,24759.2
6511.834607945527,24741.5
6512.014219846607,24665.7
6512.193831747689,24769.8
6512.373443648769,24467.6
6512.55305554985,25250.3
6512.732667450931,26055.1
6512.912279352012,25470.4
6513.091891253092,25931.3
6513.271503154174,26843.1
6513.451115055254,26356.5
6513.630726956335,26012.1
6513.810338857415,25968.7
6513.989950758497,25563.5
6514.169562659577,25685.0
6514.349174560658,25432.6
6514.528786461739,24341.4
6514.70839836282,23690.4
6514.8880102639005,22991.1
6515.067622164981,23324.4
6515.247234066062,22965.2
6515.426845967143,21565.9
6515.6064578682235,20098.9
6515.786069769305,19102.1
6515.9656816703855,19846.3
6516.145293571466,21970.3
6516.324905472547,22991.6
6516.504517373628,23145.9
6516.6841292747085,24317.8
6516.863741175789,24933.7
6517.0433530768705,26336.7
6517.222964977951,27078.8
6517.402576879032,27698.4
6517.582188780113,28443.5
6517.761800681194,28372.7
6517.941412582274,28242.9
6518.121024483355,28916.7
6518.300636384436,29236.2
6518.480248285517,29601.9
6518.659860186597,29713.1
6518.839472087679,29634.9
6519.019083988759,29805.7
6519.19869588984,29338.4
6519.37830779092,29007.0
6519.557919692002,29416.9
6519.737531593082,29558.0
6519.917143494163,29750.7
6520.096755395244,30221.2
6520.276367296325,29906.7
6520.455979197405,30321.3
6520.635591098486,30430.4
6520.815202999567,30084.3
6520.994814900648,30750.2
6521.174426801728,31227.1
6521.35403870281,30293.3
6521.53365060389,29991.6
6521.713262504971,30865.9
6521.892874406052,30823.7
6522.072486307133,30607.2
6522.252098208213,30153.6
6522.431710109294,31309.0
6522.611322010375,32011.1
6522.790933911456,31852.5
6522.970545812536,31427.7
6523.150157713618,30818.3
6523.329769614698,30498.1
6523.509381515779,30227.9
6523.688993416859,30320.0
6523.868605317941,30482.4
6524.048217219021,30611.9
6524.227829120102,32005.8
6524.407441021183,32418.2
6524.587052922264,32192.1
6524.766664823344,32409.4
6524.946276724426,32633.7
6525.125888625506,33006.4
6525.305500526587,33280.7
6525.485112427667,32855.8
6525.664724328749,32464.8
6525.844336229829,33112.0
6526.02394813091,33470.1
6526.203560031991,33582.5
6526.383171933072,33292.5
6526.5627838341525,33249.2
6526.742395735233,33365.1
6526.922007636314,33553.5
6527.101619537395,34363.5
6527.2812314384755,33716.9
6527.460843339557,33480.9
6527.6404552406375,33702.8
6527.820067141718,34291.8
6527.999679042799,34352.5
6528.17929094388,34988.5
6528.3589028449605,35133.3
6528.538514746041,34523.3
6528.7181266471225,35013.6
6528.897738548203,35625.6
6529.077350449284,35127.6
6529.256962350365,35146.5
6529.436574251446,35351.8
6529.616186152526,35155.4
6529.795798053607,35155.9
6529.975409954688,35801.9
6530.155021855769,35516.8
6530.334633756849,35009.2
6530.514245657931,35383.5
6530.693857559011,35642.1
6530.873469460092,35820.6
6531.053081361172,36193.3
6531.232693262254,36522.3
6531.412305163334,37236.7
6531.591917064415,36973.4
6531.771528965496,37028.1
6531.951140866577,36263.2
6532.130752767657,35677.2
6532.310364668738,35602.8
6532.489976569819,35361.9
6532.6695884709,36130.4
6532.84920037198,37179.8
6533.028812273062,37206.2
6533.208424174142,37883.2
6533.388036075223,38190.3
6533.567647976304,37880.3
6533.747259877385,37472.3
6533.926871778465,37012.4
6534.106483679546,37295.7
6534.286095580627,37592.3
6534.465707481708,37846.3
6534.645319382788,38611.8
6534.82493128387,38259.3
6535.00454318495,37461.1
6535.184155086031,37394.2
6535.363766987111,38365.3
6535.543378888193,39077.9
6535.722990789273,38847.7
6535.902602690354,38822.6
6536.082214591435,39568.1
6536.261826492516,38981.5
6536.441438393596,37878.2
6536.621050294678,38952.3
6536.800662195758,40308.3
6536.980274096839,40075.4
6537.159885997919,39243.0
6537.339497899001,39630.3
6537.519109800081,39649.4
6537.698721701162,39568.6
6537.878333602243,39546.6
6538.057945503324,40378.6
6538.2375574044045,40948.8
6538.417169305485,40680.2
6538.596781206566,40344.1
6538.776393107647,39909.6
6538.9560050087275,40145.5
6539.135616909809,40864.5
6539.3152288108895,40718.1
6539.49484071197,40589.5
6539.674452613051,40393.6
6539.854064514132,40725.6
6540.0336764152125,40892.2
6540.213288316293,40543.1
6540.3929002173745,40665.5
6540.572512118455,41097.8
6540.752124019536,41397.3
6540.931735920617,41653.5
6541.111347821698,41487.6
6541.290959722778,42137.5
6541.470571623859,42490.3
6541.65018352494,41909.7
6541.829795426021,40851.3
6542.009407327101,41101.8
6542.189019228183,40978.6
6542.368631129263,40830.0
6542.548243030344,41659.2
6542.727854931424,42294.7
6542.907466832506,42313.1
6543.087078733586,42244.9
6543.266690634667,42181.3
6543.446302535748,42232.4
6543.625914436829,41309.2
6543.805526337909,39712.0
6543.98513823899,39876.5
6544.164750140071,40947.3
6544.344362041152,42081.2
6544.523973942232,42761.9
6544.703585843314,43171.2
6544.883197744394,43101.1
6545.062809645475,42802.1
6545.242421546556,43147.5
6545.422033447637,43215.3
6545.601645348717,42886.8
6545.781257249798,43066.5
6545.960869150879,43012.3
6546.14048105196,42973.3
6546.32009295304,43420.7
6546.499704854122,44070.8
6546.679316755202,44286.1
6546.858928656283,44200.9
6547.038540557363,44234.6
6547.218152458445,44150.4
6547.397764359525,43560.1
6547.577376260606,42730.1
6547.756988161687,42105.3
6547.936600062768,42423.9
6548.116211963848,44232.7
6548.29582386493,43656.6
6548.47543576601,42048.2
6548.655047667091,42687.5
6548.834659568171,42582.8
6549.014271469253,43476.5
6549.193883370333,44236.8
6549.373495271414,44837.4
6549.553107172495,45795.5
6549.732719073576,45423.0
6549.9123309746565,44965.3
6550.091942875737,44691.5
6550.271554776818,44971.7
6550.451166677899,45405.9
6550.6307785789795,45906.9
6550.810390480061,45841.9
6550.9900023811415,46004.0
6551.169614282222,45616.1
6551.349226183303,45957.8
6551.528838084384,46454.5
6551.7084499854645,46385.9
6551.888061886545,46531.0
6552.0676737876265,46566.5
6552.247285688707,46114.7
6552.426897589788,45316.8
6552.606509490869,43993.7
6552.78612139195,44290.1
6552.96573329303,46072.1
6553.145345194111,47786.5
6553.324957095192,48332.0
6553.504568996273,49159.7
6553.684180897353,48738.4
6553.863792798435,48356.6
6554.043404699515,48938.7
6554.223016600596,49867.9
6554.402628501676,50743.1
6554.582240402758,51200.0
6554.761852303838,51728.9
6554.941464204919,52227.5
6555.121076106,52503.2
6555.300688007081,54100.0
6555.480299908161,54689.1
6555.659911809242,55459.5
6555.839523710323,57014.1
6556.019135611404,58268.2
6556.198747512484,59358.9
6556.378359413566,59717.5
6556.557971314646,61476.0
6556.737583215727,62649.7
6556.917195116808,63281.8
6557.096807017889,64622.2
6557.276418918969,65984.3
6557.45603082005,69636.1
6557.635642721131,72411.5
6557.815254622212,74868.7
6557.994866523292,77176.8
6558.174478424374,81864.6
6558.354090325454,85932.9
6558.533702226535,87883.9
6558.713314127615,93753.3
6558.892926028697,99750.7
6559.072537929777,104114.0
6559.252149830858,109474.0
6559.431761731939,115143.0
6559.61137363302,121051.0
6559.7909855341,128265.0
6559.970597435182,133762.0
6560.150209336262,134899.0
6560.329821237343,134301.0
6560.509433138423,133533.0
6560.689045039505,128226.0
6560.868656940585,122262.0
6561.048268841666,113621.0
6561.227880742747,103597.0
6561.407492643828,93100.5
6561.5871045449085,82215.5
6561.766716445989,68384.6
6561.94632834707,53803.5
6562.125940248151,40056.8
6562.3055521492315,29066.9
6562.485164050313,22983.5
6562.6647759513935,20986.9
6562.844387852474,23446.9
6563.023999753555,28556.8
6563.203611654636,34488.5
6563.3832235557165,42561.7
6563.562835456797,53600.3
6563.7424473578785,65177.5
6563.922059258959,75004.5
6564.10167116004,83855.9
6564.281283061121,96061.0
6564.460894962202,108992.0
6564.640506863282,118832.0
6564.820118764363,125770.0
6564.999730665444,131016.0
6565.179342566525,133697.0
6565.358954467605,133785.0
6565.538566368687,131783.0
6565.718178269767,128151.0
6565.897790170848,124513.0
6566.077402071928,118450.0
6566.25701397301,111056.0
6566.43662587409,105041.0
6566.616237775171,97909.8
6566.795849676252,92580.9
6566.975461577333,89087.5
6567.155073478413,86395.0
6567.334685379494,83264.8
6567.514297280575,79275.6
6567.693909181656,75793.5
6567.873521082736,73240.7
6568.053132983818,71230.0
6568.232744884898,69083.6
6568.412356785979,66764.2
6568.59196868706,64136.7
6568.771580588141,61727.5
6568.951192489221,61280.6
6569.130804390302,60518.9
6569.310416291383,59991.9
6569.490028192464,59575.4
6569.669640093544,58650.4
6569.849251994626,57397.5
6570.028863895706,57306.6
6570.208475796787,56549.8
6570.388087697867,55375.1
6570.567699598949,54805.0
6570.747311500029,54696.9
6570.92692340111,54901.2
6571.106535302191,55457.6
6571.286147203272,54800.9
6571.465759104352,53528.6
6571.645371005434,53162.5
6571.824982906514,52189.9
6572.004594807595,50806.0
6572.184206708675,50657.5
6572.363818609757,51363.4
6572.543430510837,52338.2
6572.723042411918,52203.8
6572.902654312999,53234.0
6573.08226621408,52413.1
6573.2618781151605,52603.5
6573.441490016241,51735.9
6573.621101917322,50278.7
6573.800713818403,51474.1
6573.9803257194835,51846.0
6574.159937620565,51372.8
6574.3395495216455,51333.6
6574.519161422726,50856.0
6574.698773323807,49737.0
6574.878385224888,48781.7
6575.0579971259685,48948.4
6575.237609027049,50518.1
6575.4172209281305,52188.2
6575.596832829211,52386.6
6575.776444730292,52329.1
6575.956056631373,52184.0
6576.135668532454,51632.2
6576.315280433534,51585.4
6576.494892334615,52636.4
6576.674504235696,52698.4
6576.854116136777,51995.8
6577.033728037857,52802.5
6577.213339938939,52726.7
6577.392951840019,52477.5
6577.5725637411,52875.9
6577.75217564218,53254.1
6577.931787543262,53112.9
6578.111399444342,52632.1
6578.291011345423,52760.1
6578.470623246504,53143.9
6578.650235147585,53195.9
6578.829847048665,52184.5
6579.009458949746,51443.9
6579.189070850827,52775.6
6579.368682751908,53047.1
6579.548294652988,53656.0
6579.72790655407,53195.6
6579.90751845515,53256.1
6580.087130356231,53962.3
6580.266742257312,52918.8
6580.446354158393,51752.7
6580.625966059473,51938.4
6580.805577960554,52178.4
6580.985189861635,53061.6
6581.164801762716,53713.8
6581.344413663796,53487.6
6581.524025564878,53084.9
6581.703637465958,53457.7
6581.883249367039,53619.9
6582.062861268119,53243.9
6582.242473169201,53476.3
6582.422085070281,53458.0
6582.601696971362,53412.3
6582.781308872443,54337.2
6582.960920773524,54559.9
6583.140532674604,53257.7
6583.320144575686,52270.2
6583.499756476766,53150.8
6583.679368377847,53428.7
6583.858980278927,54291.7
6584.038592180009,53834.2
6584.218204081089,54715.6
6584.39781598217,53562.0
6584.577427883251,53936.5
6584.757039784332,54713.8
6584.9366516854125,53797.4
6585.116263586493,54007.0
6585.295875487574,53767.1
6585.475487388655,52469.6
6585.6550992897355,53102.0
6585.834711190817,54152.8
6586.0143230918975,54425.7
6586.193934992978,53864.5
6586.373546894059,53433.7
6586.55315879514,53284.1
6586.7327706962205,53557.0
6586.912382597301,54218.3
6587.0919944983825,54289.5
6587.271606399463,53806.0
6587.451218300544,53663.1
6587.630830201625,54824.2
6587.810442102706,55398.4
6587.990054003786,54934.5
6588.169665904867,54749.9
6588.349277805948,54954.6
6588.528889707029,53866.8
6588.708501608109,54809.6
6588.888113509191,54979.1
6589.067725410271,54253.5
6589.247337311352,54281.0
6589.426949212432,53542.0
6589.606561113514,54444.6
6589.786173014594,55031.3
6589.965784915675,53858.9
6590.145396816756,54589.6
6590.325008717837,55211.4
6590.504620618917,55553.9
6590.684232519998,55300.2
6590.863844421079,55201.5
6591.04345632216,55179.0
6591.22306822324,54489.1
6591.402680124322,54103.0
6591.582292025402,54244.7
6591.761903926483,54694.0
6591.941515827564,54496.4
6592.121127728645,54383.4
6592.300739629725,54970.6
6592.480351530806,54579.8
6592.659963431887,54156.3
6592.839575332968,53612.4
6593.019187234048,53715.5
6593.19879913513,53964.7
6593.37841103621,53760.3
6593.558022937291,54054.2
6593.737634838371,54364.0
6593.917246739453,54482.9
6594.096858640533,54337.9
6594.276470541614,53896.7
6594.456082442695,53980.3
6594.635694343776,54027.6
6594.815306244856,53324.9
6594.994918145938,54001.9
6595.174530047018,54101.1
6595.354141948099,54484.4
6595.533753849179,54100.4
6595.713365750261,54453.3
6595.892977651341,54528.6
6596.072589552422,54813.3
6596.252201453503,54449.0
6596.431813354584,53939.1
6596.6114252556645,53925.4
6596.791037156745,54336.5
6596.970649057826,53542.3
6597.150260958907,53372.9
6597.3298728599875,54427.0
6597.509484761069,55018.2
6597.6890966621495,54144.5
6597.86870856323,53896.7
6598.048320464311,54413.5
6598.227932365392,53906.9
6598.4075442664725,54602.7
6598.587156167553,54992.0
6598.7667680686345,54483.9
6598.946379969715,54002.9
6599.125991870796,53999.7
6599.305603771877,53287.7
6599.485215672958,54256.5
6599.664827574038,55081.1
6599.844439475119,54430.8
6600.0240513762,54120.4
6600.203663277281,54548.4
6600.383275178361,53795.3
6600.562887079443,54029.1
6600.742498980523,53989.9
6600.922110881604,54018.3
6601.101722782684,54514.3
6601.281334683766,54344.0
6601.460946584846,53829.0
6601.640558485927,55068.6
6601.820170387008,54220.6
6601.999782288089,53720.6
6602.179394189169,53571.4
6602.35900609025,53426.7
6602.538617991331,52983.8
6602.718229892412,54185.4
6602.897841793492,54471.7
6603.077453694574,54438.7
6603.257065595654,53671.7
6603.436677496735,52835.9
6603.616289397816,52512.4
6603.795901298897,51646.4
6603.975513199977,51177.2
6604.155125101058,51445.7
6604.334737002139,51366.7
6604.51434890322,51721.4
6604.6939608043,51416.2
6604.873572705382,51845.6
6605.053184606462,52339.7
6605.232796507543,51943.4
6605.412408408623,51800.6
6605.592020309705,51812.3
6605.771632210785,51615.8
6605.951244111866,51489.5
6606.130856012947,52336.1
6606.310467914028,52997.8
6606.490079815108,52856.2
6606.66969171619,52904.4
6606.84930361727,53209.9
6607.028915518351,52859.8
6607.208527419431,52868.6
6607.388139320513,53610.2
6607.567751221593,53476.9
6607.747363122674,53522.1
6607.926975023755,53194.8
6608.106586924836,53815.9
6608.2861988259165,54546.0
6608.465810726997,53308.6
6608.645422628078,53140.5
6608.825034529159,52954.1
6609.0046464302395,53651.5
6609.184258331321,53092.5
6609.3638702324015,53155.0
6609.543482133482,53968.3
6609.723094034563,54160.5
6609.902705935644,53565.9
6610.0823178367245,53334.6
6610.261929737805,53780.3
6610.4415416388865,53027.5
6610.621153539967,52793.2
6610.800765441048,53069.1
6610.980377342129,53553.8
6611.15998924321,53744.1
6611.33960114429,52654.1
6611.519213045371,51960.1
6611.698824946452,52246.7
6611.878436847533,52808.5
6612.058048748613,52898.4
6612.237660649695,51933.3
6612.417272550775,52341.8
6612.596884451856,51672.8
6612.776496352936,51608.7
6612.956108254018,51731.8
6613.135720155098,51699.9
6613.315332056179,52272.2
6613.49494395726,52363.1
6613.674555858341,52912.6
6613.854167759421,52917.3
6614.033779660502,52250.9
6614.213391561583,52719.0
6614.393003462664,53078.8
6614.572615363744,52510.0
6614.752227264826,52830.6
6614.931839165906,52697.6
6615.111451066987,53314.4
6615.291062968068,53005.8
6615.470674869149,53072.0
6615.650286770229,52356.1
6615.82989867131,52489.2
6616.009510572391,51934.4
6616.189122473472,52127.8
6616.368734374552,51970.2
6616.548346275634,51602.6
6616.727958176714,51701.4
6616.907570077795,52215.2
6617.087181978875,52833.4
6617.266793879957,52298.7
6617.446405781037,51844.5
6617.626017682118,51311.2
6617.805629583199,51339.9
6617.98524148428,51740.4
6618.16485338536,51911.9
6618.344465286442,51782.5
6618.524077187522,51380.5
6618.703689088603,52036.3
6618.883300989683,51788.6
6619.062912890765,51606.0
6619.242524791845,51296.9
6619.422136692926,51624.3
6619.601748594007,51686.6
6619.781360495088,51779.0
6619.9609723961685,51274.1
6620.140584297249,51861.8
6620.32019619833,51597.2
6620.499808099411,50922.1
6620.6794200004915,50580.4
6620.859031901573,50881.5
6621.0386438026535,51817.8
6621.218255703734,51512.6
6621.397867604815,50517.1
6621.577479505896,50462.0
6621.7570914069765,51379.6
6621.936703308057,50323.3
6622.1163152091385,50054.0
6622.295927110219,50561.0
6622.4755390113,51047.4
6622.65515091238,51344.4
6622.834762813462,51014.5
6623.014374714542,50441.4
6623.193986615623,50612.4
6623.373598516704,50736.7
6623.553210417785,49921.9
6623.732822318865,50668.3
6623.912434219947,50810.6
6624.092046121027,51083.2
6624.271658022108,49627.2
6624.451269923188,49458.7
6624.63088182427,50518.2
6624.81049372535,50896.6
6624.990105626431,50585.8
6625.169717527512,50382.0
6625.349329428593,50144.6
6625.528941329673,50229.5
6625.708553230754,48765.4
6625.888165131835,48538.5
6626.067777032916,48711.2
6626.247388933996,48823.7
6626.427000835078,47816.2
6626.606612736158,46203.2
6626.786224637239,46111.6
6626.96583653832,46096.6
6627.145448439401,46115.0
6627.325060340481,46868.6
6627.504672241562,47703.4
6627.684284142643,49402.1
6627.863896043724,49767.7
6628.043507944804,50227.1
6628.223119845886,49941.8
6628.402731746966,49308.1
6628.582343648047,50054.7
6628.761955549127,50148.1
6628.941567450209,49391.7
6629.121179351289,48624.4
6629.30079125237,48813.6
6629.480403153451,49294.5
6629.660015054532,49646.0
6629.839626955612,50190.6
6630.019238856694,50023.3
6630.198850757774,49422.1
6630.378462658855,48882.0
6630.558074559935,48593.9
6630.737686461017,49252.7
6630.917298362097,49078.6
6631.096910263178,48825.3
6631.276522164259,48553.9
6631.45613406534,48783.7
6631.6357459664205,48894.9
6631.815357867501,49081.6
6631.994969768582,48817.1
6632.174581669663,48147.4
6632.3541935707435,48320.8
6632.533805471825,48215.4
6632.7134173729055,47820.4
6632.893029273986,48405.8
6633.072641175067,48719.6
6633.252253076148,49043.8
6633.4318649772285,48064.1
6633.611476878309,47755.4
6633.7910887793905,47999.0
6633.970700680471,48903.7
6634.150312581552,47974.3
6634.329924482632,47666.1
6634.509536383714,48569.4
6634.689148284794,48446.2
6634.868760185875,48063.5
6635.048372086956,47820.6
6635.227983988037,47423.3
6635.407595889117,47305.2
6635.587207790199,47515.4
6635.766819691279,47095.7
6635.94643159236,46932.1
6636.12604349344,46998.9
6636.305655394522,47415.2
6636.485267295602,47437.0
6636.664879196683,46901.5
6636.844491097764,47366.2
6637.024102998845,47218.8
6637.203714899925,47392.6
6637.383326801006,47213.9
6637.562938702087,47088.1
6637.742550603168,47139.1
6637.922162504248,47268.3
6638.10177440533,46641.9
6638.28138630641,47549.8
6638.460998207491,47344.6
6638.640610108572,46366.4
6638.820222009653,46064.7
6638.999833910733,48244.6
6639.179445811814,47351.9
6639.359057712895,46228.1
6639.538669613976,46594.7
6639.718281515056,46634.5
6639.897893416138,46747.0
6640.077505317218,46756.8
6640.257117218299,45254.0
6640.436729119379,46550.6
6640.616341020461,46628.9
6640.795952921541,45464.0
6640.975564822622,46580.8
6641.155176723703,46596.3
6641.334788624784,45499.5
6641.514400525864,44942.0
6641.694012426946,45568.3
6641.873624328026,45234.9
6642.053236229107,45232.7
6642.232848130187,45667.3
6642.412460031269,44933.0
6642.592071932349,44905.6
6642.77168383343,45023.2
6642.951295734511,45570.1
6643.130907635592,45805.4
6643.3105195366725,45565.4
6643.490131437753,45103.8
6643.669743338834,44448.9
6643.849355239915,44676.1
6644.0289671409955,45356.5
6644.208579042077,44887.4
6644.3881909431575,44578.1
6644.567802844238,44507.0
6644.747414745319,45396.3
6644.9270266464,44373.8
6645.1066385474805,44985.7
6645.286250448561,45075.0
6645.4658623496425,44795.1
6645.645474250723,44451.5
6645.825086151804,44690.3
6646.004698052884,44257.1
6646.184309953966,44218.9
6646.363921855046,44104.0
6646.543533756127,43940.0
6646.723145657208,44122.7
6646.902757558289,44282.7
6647.082369459369,43746.3
6647.261981360451,44030.9
6647.441593261531,43961.4
6647.621205162612,43134.0
6647.800817063692,44573.1
6647.980428964774,44437.1
6648.160040865854,43074.6
6648.339652766935,42945.6
6648.519264668016,43252.4
6648.698876569097,43934.4
6648.878488470177,43904.5
6649.058100371258,43874.6
6649.237712272339,42671.0
6649.41732417342,42331.1
6649.5969360745,43058.0
6649.776547975582,43256.9
6649.956159876662,42961.1
6650.135771777743,43455.5
6650.315383678824,42859.7
6650.494995579905,42164.5
6650.674607480985,42679.7
6650.854219382066,43011.5
6651.033831283147,42822.9
6651.213443184228,42615.7
6651.393055085308,41768.1
6651.57266698639,42450.8
6651.75227888747,42460.6
6651.931890788551,42656.7
6652.111502689631,42759.4
6652.291114590713,42189.7
6652.470726491793,41141.1
6652.650338392874,41513.5
6652.829950293955,41772.1
6653.009562195036,41931.5
6653.189174096116,41969.0
6653.368785997198,41586.4
6653.548397898278,41568.4
6653.728009799359,41325.5
6653.907621700439,42131.7
6654.087233601521,41614.3
6654.266845502601,41431.2
6654.446457403682,41005.4
6654.626069304763,40441.0
6654.805681205844,40751.2
6654.9852931069245,41692.3
6655.164905008005,41362.1
6655.344516909086,41158.1
6655.524128810167,40776.4
6655.7037407112475,42136.8
6655.883352612329,40532.6
6656.0629645134095,40582.3
6656.24257641449,40847.1
6656.422188315571,40199.2
6656.601800216652,40620.6
6656.7814121177325,41087.9
6656.961024018813,40325.5
6657.1406359198945,40544.5
6657.320247820975,40945.9
6657.499859722056,40782.8
6657.679471623136,40034.2
6657.859083524218,39794.8
6658.038695425298,40246.3
6658.218307326379,39850.9
6658.39791922746,39198.2
6658.577531128541,39849.8
6658.757143029621,39630.5
6658.936754930703,39895.4
6659.116366831783,39745.8
6659.295978732864,39323.1
6659.475590633944,39076.7
6659.655202535026,39696.2
6659.834814436106,38955.0
6660.014426337187,39405.0
6660.194038238268,39538.3
6660.373650139349,39019.3
6660.553262040429,38455.2
6660.73287394151,38133.8
6660.912485842591,38087.1
6661.092097743672,38979.2
6661.271709644752,38696.1
6661.451321545834,38253.8
6661.630933446914,39346.3
6661.810545347995,38861.9
6661.990157249076,38723.8
6662.169769150157,38593.1
6662.349381051237,38354.4
6662.528992952318,38105.5
6662.708604853399,38357.3
6662.88821675448,37896.0
6663.06782865556,38367.3
6663.247440556642,38110.6
6663.427052457722,37254.2
6663.606664358803,37608.6
6663.786276259883,37545.8
6663.965888160965,37397.3
6664.145500062045,37306.4
6664.325111963126,37740.6
6664.504723864207,37638.2
6664.684335765288,37600.8
6664.863947666368,36590.2
6665.04355956745,36492.2
6665.22317146853,37136.8
6665.402783369611,37116.2
6665.582395270691,37199.8
6665.762007171773,36791.5
6665.941619072853,36476.5
6666.121230973934,36534.3
6666.300842875015,36349.9
6666.480454776096,36733.4
6666.6600666771765,35756.1
6666.839678578257,35946.0
6667.019290479338,36804.3
6667.198902380419,36774.3
6667.3785142814995,35669.7
6667.558126182581,36024.6
6667.7377380836615,35741.4
6667.917349984742,35944.4
6668.096961885823,35727.8
6668.276573786904,35964.6
6668.4561856879845,35580.0
6668.635797589065,35605.9
6668.8154094901465,35647.0
6668.995021391227,34766.8
6669.174633292308,35087.4
6669.354245193388,35061.0
6669.53385709447,34908.4
6669.71346899555,34275.4
6669.893080896631,34637.6
6670.072692797712,35176.1
6670.252304698793,34168.2
6670.431916599873,34478.6
6670.611528500955,35235.9
6670.791140402035,34675.7
6670.970752303116,34152.4
6671.150364204196,34089.9
6671.329976105278,34555.8
6671.509588006358,33763.0
6671.689199907439,33293.9
6671.86881180852,34035.1
6672.048423709601,34425.4
6672.228035610681,33326.5
6672.407647511762,33364.8
6672.587259412843,33387.9
6672.766871313924,33064.0
6672.946483215004,32783.5
6673.126095116086,32093.5
6673.305707017166,32475.3
6673.485318918247,32751.1
6673.664930819328,32457.0
6673.844542720409,33057.5
6674.024154621489,32915.6
6674.20376652257,33111.3
6674.383378423651,33353.2
6674.562990324732,33059.4
6674.742602225812,31841.3
6674.922214126894,31831.7
6675.101826027974,31908.0
6675.281437929055,31766.5
6675.461049830135,31641.0
6675.640661731217,32006.1
6675.820273632297,31451.8
6675.999885533378,31479.1
6676.179497434459,31130.2
6676.35910933554,30103.9
6676.53872123662,29813.6
6676.718333137702,29626.9
6676.897945038782,29302.2
6677.077556939863,29095.1
6677.257168840943,28779.3
6677.436780742025,29077.6
6677.616392643105,30157.8
6677.796004544186,30208.9
6677.975616445267,29690.8
6678.155228346348,30019.7
6678.3348402474285,29633.5
6678.514452148509,29796.0
6678.69406404959,29514.1
6678.873675950671,29711.4
6679.0532878517515,29956.1
6679.232899752833,29985.9
6679.4125116539135,30106.7
6679.592123554994,29296.9
6679.771735456075,29397.0
6679.951347357156,29409.2
6680.1309592582365,29721.8
6680.310571159317,29688.3
6680.4901830603985,28988.8
6680.669794961479,29649.7
6680.84940686256,30310.5
6681.02901876364,29883.5
6681.208630664722,29796.7
6681.388242565802,30203.8
6681.567854466883,29612.8
6681.747466367964,29540.0
6681.927078269045,29096.9
6682.106690170125,28912.4
6682.286302071207,29033.1
6682.465913972287,29328.7
6682.645525873368,29030.7
6682.825137774448,28817.3
6683.00474967553,29262.3
6683.18436157661,28818.7
6683.363973477691,28905.2
6683.543585378772,29674.6
6683.723197279853,28894.3
6683.902809180933,28477.1
6684.082421082014,27962.2
6684.262032983095,28476.8
6684.441644884176,29020.1
6684.621256785256,28382.9
6684.800868686338,28890.1
6684.980480587418,27678.6
6685.160092488499,27400.8
6685.33970438958,27860.2
6685.519316290661,27935.4
6685.698928191741,27680.0
6685.878540092822,27834.9
6686.058151993903,27306.1
6686.237763894984,27492.8
6686.417375796064,27658.8
6686.596987697146,27486.0
6686.776599598226,27844.4
6686.956211499307,26969.9
6687.135823400387,26759.8
6687.315435301469,27209.4
6687.495047202549,27430.7
6687.67465910363,27136.6
6687.854271004711,27126.6
6688.033882905792,26981.1
6688.213494806872,26300.5
6688.393106707954,25967.3
6688.572718609034,25874.6
6688.752330510115,26651.3
6688.931942411195,26740.1
6689.111554312277,26171.9
6689.291166213357,25978.0
6689.470778114438,25299.8
6689.650390015519,25632.3
6689.8300019166,26071.7
6690.0096138176805,25925.3
6690.189225718761,25815.6
6690.368837619842,25010.1
6690.548449520923,25385.7
6690.7280614220035,25832.2
6690.907673323085,25857.7
6691.0872852241655,25470.0
6691.266897125246,25423.6
6691.446509026327,25267.9
6691.626120927408,24288.1
6691.8057328284885,24370.7
6691.985344729569,24534.3
6692.1649566306505,24722.7
6692.344568531731,24295.3
6692.524180432812,24053.5
6692.703792333892,24441.1
6692.883404234974,24124.3
6693.063016136054,24405.1
6693.242628037135,24253.5
6693.422239938216,24351.3
6693.601851839297,24916.6
6693.781463740377,24962.0
6693.961075641459,24375.1
6694.140687542539,23994.1
6694.32029944362,23418.1
6694.4999113447,23808.4
6694.679523245782,23054.1
6694.859135146862,23048.0
6695.038747047943,23049.9
6695.218358949024,23198.9
6695.397970850105,23469.4
6695.577582751185,23251.8
6695.757194652266,23196.2
6695.936806553347,23585.6
6696.116418454428,22928.4
6696.296030355508,23167.6
6696.47564225659,22814.9
6696.65525415767,23133.9
6696.834866058751,22923.1
6697.014477959832,22288.4
6697.194089860913,22299.2
6697.373701761993,22001.9
6697.553313663074,21869.1
6697.732925564155,22596.3
6697.912537465236,22081.9
6698.092149366316,21885.9
6698.271761267398,21896.7
6698.451373168478,22103.7
6698.630985069559,21250.9
6698.810596970639,21334.5
6698.990208871721,21057.4
6699.169820772801,21533.9
6699.349432673882,21311.5
6699.529044574963,21119.6
6699.708656476044,21083.6
6699.888268377124,20962.1
6700.067880278206,20404.7
6700.247492179286,20467.9
6700.427104080367,20474.6
6700.606715981447,20396.0
6700.786327882529,21088.2
6700.965939783609,21015.0
6701.14555168469,20822.2
6701.325163585771,20436.4
6701.504775486852,20738.8
6701.6843873879325,20581.5
6701.863999289013,20279.2
6702.043611190094,20475.7
6702.223223091175,19781.6
6702.4028349922555,20234.8
6702.582446893337,20918.9
6702.7620587944175,20083.1
6702.941670695498,19249.2
6703.121282596579,18947.3
6703.30089449766,19212.8
6703.4805063987405,18939.7
6703.660118299821,19286.5
6703.8397302009025,19511.1
6704.019342101983,19168.4
6704.198954003064,19049.2
6704.378565904144,19072.5
6704.558177805226,19100.1
6704.737789706306,18719.5
6704.917401607387,18870.6
6705.097013508468,17955.4
6705.276625409549,18324.5
6705.456237310629,18931.1
6705.635849211711,18528.7
6705.815461112791,17723.3
6705.995073013872,18160.2
6706.174684914952,18410.9
6706.354296816034,17795.8
6706.533908717114,17714.0
6706.713520618195,17772.9
6706.893132519276,17675.7
6707.072744420357,17633.9
6707.252356321437,17435.5
6707.431968222518,17461.1
6707.611580123599,17225.4
6707.79119202468,16640.3
6707.97080392576,16866.5
6708.150415826842,17460.4
6708.330027727922,17304.7
6708.509639629003,17300.1
6708.689251530084,17039.4
6708.868863431165,16510.6
6709.048475332245,16457.6
6709.228087233326,16280.2
6709.407699134407,16740.9
6709.587311035488,16363.7
6709.766922936568,16320.7
6709.94653483765,16367.7
6710.12614673873,17004.4
6710.305758639811,16352.2
6710.485370540891,15880.2
6710.664982441973,16512.9
6710.844594343053,16491.4
6711.024206244134,16072.5
6711.203818145215,15576.5
6711.383430046296,15685.2
6711.563041947376,15489.5
6711.742653848458,15186.0
6711.922265749538,15559.4
6712.101877650619,15552.2
6712.281489551699,15096.2
6712.461101452781,15220.3
6712.640713353861,15080.1
6712.820325254942,15041.6
6712.999937156023,14625.8
6713.179549057104,14824.5
6713.3591609581845,14867.7
6713.538772859265,14838.5
6713.718384760346,14690.9
6713.897996661427,14464.0
6714.0776085625075,14314.4
6714.257220463589,14371.5
6714.4368323646695,14247.6
6714.61644426575,14285.3
6714.796056166831,14073.3
6714.975668067912,13831.4
6715.1552799689925,14013.6
6715.334891870073,13969.9
6715.5145037711545,13647.9
6715.694115672235,13402.6
6715.873727573316,13197.7
6716.053339474396,13154.0
6716.232951375478,13445.1
6716.412563276558,13177.9
6716.592175177639,13270.7
6716.77178707872,13413.0
6716.951398979801,13054.1
6717.131010880881,12836.1
6717.310622781963,12515.6
6717.490234683043,12294.1
6717.669846584124,12109.4
6717.849458485204,12307.3
6718.029070386286,12309.3
6718.208682287366,12535.6
6718.388294188447,12894.9
6718.567906089528,12738.0
6718.747517990609,12303.8
6718.927129891689,12194.0
6719.10674179277,12401.5
6719.286353693851,12367.9
6719.465965594932,11964.2
6719.645577496012,12103.6
6719.825189397094,12365.8
6720.004801298174,12085.9
6720.184413199255,11966.6
6720.364025100336,12341.2
6720.543637001417,11726.2
6720.723248902497,11756.6
6720.902860803578,11987.9
6721.082472704659,11626.6
6721.26208460574,11383.0
6721.44169650682,11638.9
6721.621308407902,11736.8
6721.800920308982,11395.6
6721.980532210063,11581.3
6722.160144111143,11508.6
6722.339756012225,11515.6
6722.519367913305,11159.2
6722.698979814386,10929.9
6722.878591715467,11145.1
6723.058203616548,11004.0
6723.237815517628,10700.4
6723.41742741871,10267.6
6723.59703931979,10344.3
6723.776651220871,10715.7
6723.956263121951,10646.9
6724.135875023033,10880.4
6724.315486924113,10422.2
6724.495098825194,10559.1
6724.674710726275,10319.5
6724.854322627356,10113.5
6725.0339345284365,10103.0
6725.213546429517,9918.47
6725.393158330598,10051.0
6725.572770231679,9994.06
6725.7523821327595,9820.28
6725.931994033841,9560.45
6726.1116059349215,9771.54
6726.291217836002,9568.37
6726.470829737083,9446.8
6726.650441638164,9605.59
6726.830053539245,9578.53
6727.009665440325,9628.3
6727.1892773414065,9251.53
6727.368889242487,9200.07
6727.548501143568,9136.46
6727.728113044648,9155.52
6727.90772494573,9031.4
6728.08733684681,9307.94
6728.266948747891,9175.0
6728.446560648972,8890.18
6728.626172550053,9046.98
6728.805784451133,9051.2
6728.985396352215,8883.24
6729.165008253295,8595.66
6729.344620154376,8805.19
6729.524232055456,8874.25
6729.703843956538,8468.7
6729.883455857618,8086.73
6730.063067758699,8318.92
6730.24267965978,8001.53
6730.422291560861,8088.98
6730.601903461941,8159.63
6730.781515363022,7831.65
6730.961127264103,8083.72
6731.140739165184,8262.45
6731.320351066264,8210.53
6731.499962967346,7967.83
6731.679574868426,7995.77
6731.859186769507,7951.31
6732.038798670588,7854.35
6732.218410571669,7884.27
6732.398022472749,7447.88
6732.57763437383,7551.74
6732.757246274911,7547.24
6732.936858175992,7751.01
6733.116470077072,7665.51
6733.296081978154,7252.21
6733.475693879234,7167.85
6733.655305780315,7190.37
6733.834917681395,7191.79
6734.014529582477,7221.74
6734.194141483557,7157.8
6734.373753384638,6440.24
