7606.2774482367,7947.47
7606.488233442651,10309.5
7606.699018648602,11460.0
7606.909803854553,9171.89
7607.120589060503,6415.8
7607.331374266454,7447.83
7607.542159472406,12306.6
7607.7529446783565,16611.6
7607.963729884307,16605.9
7608.174515090258,13258.8
7608.385300296209,8636.08
7608.596085502159,5074.94
7608.80687070811,6466.04
7609.017655914061,11342.1
7609.228441120012,12787.8
7609.439226325962,10688.3
7609.650011531913,9481.76
7609.860796737864,9367.61
7610.0715819438155,14511.4
7610.282367149766,23399.8
7610.493152355717,28781.8
7610.703937561668,27580.8
7610.9147227676185,22484.5
7611.125507973569,15961.1
7611.33629317952,11795.2
7611.547078385471,10879.2
7611.7578635914215,14283.1
7611.968648797372,17921.4
7612.179434003323,16884.9
7612.390219209274,13292.2
7612.601004415225,12904.6
7612.811789621176,21147.0
7613.022574827127,30702.6
7613.233360033078,38198.1
7613.444145239028,41314.6
7613.654930444979,40483.2
7613.86571565093,36649.8
7614.076500856881,28052.2
7614.287286062831,20008.4
7614.498071268782,16742.7
7614.708856474733,20557.9
7614.919641680684,27894.3
7615.130426886635,30484.9
7615.341212092586,26665.2
7615.551997298537,25378.3
7615.762782504487,32921.8
7615.973567710438,43695.1
7616.184352916389,53367.7
7616.39513812234,59359.1
7616.60592332829,61447.8
7616.816708534241,62390.0
7617.027493740192,63555.2
7617.238278946143,63511.3
7617.449064152094,63842.9
7617.659849358045,66651.5
7617.870634563996,64888.9
7618.0814197699465,64444.5
7618.292204975897,65713.8
7618.502990181848,65254.2
7618.713775387799,64108.0
7618.924560593749,62881.5
7619.1353457997,60847.6
7619.346131005651,60865.8
7619.556916211602,58436.6
7619.767701417552,54147.4
7619.978486623504,43759.9
7620.189271829455,30350.4
7620.400057035406,22387.3
7620.610842241356,22262.3
7620.821627447307,32396.0
7621.032412653258,44754.4
7621.2431978592085,54583.3
7621.453983065159,57469.1
7621.66476827111,57669.6
7621.875553477061,57604.0
7622.0863386830115,52163.1
7622.297123888962,39680.1
7622.507909094914,26410.0
7622.718694300865,18759.9
7622.929479506815,17768.7
7623.140264712766,23294.0
7623.351049918717,28238.5
7623.561835124668,25648.0
7623.772620330618,18994.7
7623.983405536569,15670.9
7624.19419074252,17816.2
7624.404975948471,28668.2
7624.615761154421,41156.4
7624.826546360373,51595.3
7625.037331566324,57353.4
7625.248116772274,59155.1
7625.458901978225,59426.2
7625.669687184176,57109.3
7625.880472390127,49019.6
7626.091257596077,35814.9
7626.302042802028,24640.8
7626.512828007979,16006.8
7626.72361321393,14291.9
7626.93439841988,17982.8
7627.145183625831,21106.9
7627.355968831783,20162.0
7627.5667540377335,15591.7
7627.777539243684,13081.2
7627.988324449635,17258.7
7628.199109655586,29674.0
7628.4098948615365,43872.6
7628.620680067487,51788.6
7628.831465273438,56271.8
7629.042250479389,61339.7
7629.2530356853395,63545.3
7629.46382089129,61399.7
7629.674606097241,56398.6
7629.885391303193,49649.2
7630.096176509143,37237.3
7630.306961715094,25515.2
7630.517746921045,18356.6
7630.728532126996,14783.1
7630.939317332946,16966.7
7631.150102538897,22652.7
7631.360887744848,21031.1
7631.5716729507985,15073.3
7631.782458156749,13005.3
7631.9932433627,19570.7
7632.204028568652,30545.6
7632.414813774602,43375.2
7632.625598980553,55288.6
7632.836384186504,63008.7
7633.047169392455,67151.3
7633.257954598405,68023.9
7633.468739804356,68327.5
7633.679525010307,63834.6
7633.890310216258,58831.2
7634.101095422208,52441.6
7634.311880628159,41783.9
7634.52266583411,28865.3
7634.7334510400615,18761.1
7634.944236246012,15842.3
7635.155021451963,19439.7
7635.365806657914,22023.4
7635.576591863864,19614.1
7635.787377069815,15953.9
7635.998162275766,16376.6
7636.208947481717,23340.8
7636.419732687667,35418.7
7636.630517893618,48424.7
7636.841303099569,59666.7
7637.05208830552,69419.4
7637.262873511471,74939.9
7637.473658717422,76105.5
7637.684443923373,76059.4
7637.8952291293235,73078.3
7638.106014335274,70871.5
7638.316799541225,68728.2
7638.527584747176,61295.1
7638.7383699531265,49236.7
7638.949155159077,34413.2
7639.159940365028,23951.4
7639.370725570979,20087.5
7639.58151077693,23233.7
7639.792295982881,26332.8
7640.003081188832,24121.9
7640.213866394783,20840.0
7640.424651600733,22189.9
7640.635436806684,29990.8
7640.846222012635,44323.9
7641.057007218586,59305.1
7641.267792424536,69929.0
7641.478577630487,77509.9
7641.689362836438,81973.6
7641.9001480423885,83272.5
7642.11093324834,83763.8
7642.321718454291,84813.8
7642.532503660242,84468.3
7642.743288866192,82638.7
7642.954074072143,80144.0
7643.164859278094,70632.4
7643.375644484045,57644.2
7643.586429689995,41974.8
7643.797214895946,30350.0
7644.008000101897,27852.4
7644.218785307848,29852.0
7644.429570513798,31937.3
7644.64035571975,31724.4
7644.851140925701,27852.2
7645.0619261316515,29747.0
7645.272711337602,39284.3
7645.483496543553,55596.2
7645.694281749504,67151.2
7645.9050669554545,77475.5
7646.115852161405,85705.5
7646.326637367356,89881.9
7646.537422573307,93961.9
7646.748207779257,95770.9
7646.958992985208,93670.5
7647.16977819116,95549.9
7647.380563397111,96597.9
7647.591348603061,95077.6
7647.802133809012,90843.6
7648.012919014963,81618.2
7648.2237042209135,69119.6
7648.434489426864,54945.9
7648.645274632815,41525.1
7648.856059838766,36362.8
7649.0668450447165,40131.6
7649.277630250667,42873.6
7649.488415456619,43681.5
7649.69920066257,40487.7
7649.90998586852,39295.1
7650.120771074471,47619.7
7650.331556280422,63519.2
7650.542341486373,78847.5
7650.753126692323,89958.3
7650.963911898274,97017.4
7651.174697104225,100136.0
7651.385482310176,102661.0
7651.596267516126,104698.0
7651.807052722077,105237.0
7652.017837928029,106949.0
7652.228623133979,106195.0
7652.43940833993,105216.0
7652.650193545881,105121.0
7652.860978751832,101804.0
7653.071763957782,94397.6
7653.282549163733,83549.5
7653.493334369684,69044.0
7653.704119575635,57781.5
7653.914904781585,52737.3
7654.125689987536,54032.1
7654.336475193488,56761.6
7654.5472603994385,56350.2
7654.758045605389,53520.5
7654.96883081134,53283.9
7655.179616017291,61313.7
7655.3904012232415,75533.8
7655.601186429192,89721.6
7655.811971635143,103089.0
7656.022756841094,109378.0
7656.2335420470445,113543.0
7656.444327252995,114203.0
7656.655112458946,113589.0
7656.865897664898,113814.0
7657.076682870848,115722.0
7657.287468076799,117574.0
7657.49825328275,117636.0
7657.709038488701,116597.0
7657.919823694651,115731.0
7658.130608900602,114975.0
7658.341394106553,109257.0
7658.5521793125035,98888.1
7658.762964518454,84385.2
7658.973749724405,72683.2
7659.184534930356,66424.7
7659.395320136307,67625.3
7659.606105342258,73165.7
7659.816890548209,74625.0
7660.02767575416,70647.3
7660.23846096011,68714.3
7660.449246166061,74542.7
7660.660031372012,87296.3
7660.870816577963,101109.0
7661.081601783913,113333.0
7661.292386989864,119836.0
7661.503172195815,122010.0
7661.713957401766,124223.0
7661.924742607717,124422.0
7662.135527813668,123676.0
7662.346313019619,125787.0
7662.5570982255695,126965.0
7662.76788343152,125432.0
7662.978668637471,125606.0
7663.189453843422,125231.0
7663.400239049372,123814.0
7663.611024255323,123474.0
7663.821809461274,119932.0
7664.032594667225,111875.0
7664.243379873176,100303.0
7664.454165079127,89323.8
7664.664950285078,83703.4
7664.8757354910285,82932.0
7665.086520696979,84322.1
7665.29730590293,85121.5
7665.508091108881,82292.7
7665.7188763148315,81226.8
7665.929661520782,85677.5
7666.140446726733,97286.5
7666.351231932684,109817.0
7666.5620171386345,118636.0
7666.772802344586,123280.0
7666.983587550537,124787.0
7667.194372756488,126949.0
7667.405157962438,130623.0
7667.615943168389,131057.0
7667.82672837434,129277.0
7668.037513580291,130849.0
7668.248298786241,132347.0
7668.459083992192,131469.0
7668.669869198143,131001.0
7668.880654404094,129941.0
7669.091439610044,127873.0
7669.302224815996,127399.0
7669.513010021947,126238.0
7669.723795227897,121784.0
7669.934580433848,114750.0
7670.145365639799,106212.0
7670.35615084575,100280.0
7670.5669360517,99441.8
7670.777721257651,100252.0
7670.988506463602,102273.0
7671.199291669553,100187.0
7671.410076875503,99981.7
7671.620862081455,102514.0
7671.831647287406,107809.0
7672.0424324933565,115880.0
7672.253217699307,124105.0
7672.464002905258,128165.0
7672.674788111209,128958.0
7672.8855733171595,131989.0
7673.09635852311,134851.0
7673.307143729061,133294.0
7673.517928935012,132574.0
7673.728714140962,130985.0
7673.939499346913,130787.0
7674.150284552865,132049.0
7674.361069758816,135048.0
7674.571854964766,135047.0
7674.782640170717,133238.0
7674.993425376668,133882.0
7675.2042105826185,134517.0
7675.414995788569,132902.0
7675.62578099452,130890.0
7675.836566200471,126571.0
7676.0473514064215,119067.0
7676.258136612372,113529.0
7676.468921818323,112312.0
7676.679707024275,113312.0
7676.890492230225,114063.0
7677.101277436176,112836.0
7677.312062642127,110965.0
7677.522847848078,112168.0
7677.733633054028,115820.0
7677.944418259979,121031.0
7678.15520346593,128911.0
7678.365988671881,134328.0
7678.576773877831,135050.0
7678.787559083782,137297.0
7678.998344289734,137023.0
7679.2091294956845,138924.0
7679.419914701635,139094.0
7679.630699907586,139803.0
7679.841485113537,138272.0
7680.052270319487,135985.0
7680.263055525438,135552.0
7680.473840731389,137747.0
7680.68462593734,138503.0
7680.89541114329,139449.0
7681.106196349241,140630.0
7681.316981555192,138713.0
7681.5277667611435,137460.0
7681.738551967094,136661.0
7681.949337173045,135719.0
7682.160122378996,129350.0
7682.3709075849465,125730.0
7682.581692790897,124355.0
7682.792477996848,124622.0
7683.003263202799,124961.0
7683.2140484087495,123490.0
7683.4248336147,123196.0
7683.635618820651,125184.0
7683.846404026602,128409.0
7684.057189232553,131322.0
7684.267974438504,134769.0
7684.478759644455,139545.0
7684.689544850406,140981.0
7684.900330056356,140092.0
7685.111115262307,141963.0
7685.321900468258,140985.0
7685.532685674209,142196.0
7685.743470880159,142224.0
7685.95425608611,141047.0
7686.165041292061,142349.0
7686.3758264980115,141876.0
7686.586611703963,141808.0
7686.797396909914,143504.0
7687.008182115865,141330.0
7687.218967321815,138884.0
7687.429752527766,142696.0
7687.640537733717,145666.0
7687.851322939668,144875.0
7688.062108145618,146307.0
7688.272893351569,142741.0
7688.48367855752,137740.0
7688.694463763471,136952.0
7688.905248969422,136001.0
7689.116034175373,134189.0
7689.326819381324,133575.0
7689.5376045872745,135733.0
7689.748389793225,136289.0
7689.959174999176,136360.0
7690.169960205127,135974.0
7690.380745411077,134967.0
7690.591530617028,136081.0
7690.802315822979,139909.0
7691.01310102893,143366.0
7691.22388623488,144606.0
7691.434671440832,145998.0
7691.645456646783,145322.0
7691.856241852734,145640.0
7692.067027058684,144509.0
7692.277812264635,145896.0
7692.488597470586,148075.0
7692.6993826765365,147173.0
7692.910167882487,144570.0
7693.120953088438,144262.0
7693.331738294389,146660.0
7693.5425235003395,147481.0
7693.75330870629,148733.0
7693.964093912242,148803.0
7694.174879118193,147190.0
7694.385664324143,148866.0
7694.596449530094,148558.0
7694.807234736045,146177.0
7695.018019941996,146687.0
7695.228805147946,143415.0
7695.439590353897,139795.0
7695.650375559848,140194.0
7695.861160765799,141056.0
7696.071945971749,138463.0
7696.282731177701,141260.0
7696.493516383652,141300.0
7696.704301589602,140540.0
7696.915086795553,141157.0
7697.125872001504,143532.0
7697.336657207455,145466.0
7697.547442413405,146891.0
7697.758227619356,148011.0
7697.969012825307,146792.0
7698.179798031258,145917.0
7698.390583237208,146745.0
7698.601368443159,147666.0
7698.812153649111,147470.0
7699.0229388550615,145156.0
7699.233724061012,145400.0
7699.444509266963,144196.0
7699.655294472914,144801.0
7699.8660796788645,145440.0
7700.076864884815,146689.0
7700.287650090766,144503.0
7700.498435296717,146457.0
7700.709220502667,149048.0
7700.920005708618,148319.0
7701.130790914569,146920.0
7701.341576120521,147003.0
7701.552361326471,146571.0
7701.763146532422,145765.0
7701.973931738373,145768.0
7702.184716944324,145269.0
7702.395502150274,145582.0
7702.606287356225,145868.0
7702.817072562176,146964.0
7703.0278577681265,146043.0
7703.238642974077,145412.0
7703.449428180028,145266.0
7703.66021338598,147502.0
7703.87099859193,146760.0
7704.081783797881,146472.0
7704.292569003832,147508.0
7704.503354209783,147192.0
7704.714139415733,148330.0
7704.924924621684,148971.0
7705.135709827635,148736.0
7705.346495033586,148945.0
7705.557280239536,149237.0
7705.768065445487,148758.0
7705.978850651438,150104.0
7706.1896358573895,151720.0
7706.40042106334,151002.0
7706.611206269291,153704.0
7706.821991475242,154796.0
7707.032776681192,153245.0
7707.243561887143,152867.0
7707.454347093094,151853.0
7707.665132299045,154216.0
7707.875917504995,154170.0
7708.086702710946,156230.0
7708.297487916897,158836.0
7708.508273122848,159607.0
7708.719058328799,160018.0
7708.92984353475,157288.0
7709.140628740701,156931.0
7709.3514139466515,156274.0
7709.562199152602,157130.0
7709.772984358553,160790.0
7709.983769564504,162575.0
7710.1945547704545,160676.0
7710.405339976405,160396.0
7710.616125182356,161899.0
7710.826910388307,158925.0
7711.0376955942575,155548.0
7711.248480800209,154683.0
7711.45926600616,153952.0
7711.670051212111,155742.0
7711.880836418061,155786.0
7712.091621624012,157058.0
7712.302406829963,156933.0
7712.513192035914,156472.0
7712.723977241864,157877.0
7712.934762447815,157896.0
7713.145547653766,158825.0
7713.3563328597165,160006.0
7713.567118065668,160293.0
7713.777903271619,160687.0
7713.98868847757,161453.0
7714.19947368352,159387.0
7714.410258889471,157840.0
7714.621044095422,158612.0
7714.831829301373,159227.0
7715.042614507323,157065.0
7715.253399713274,157572.0
7715.464184919225,161468.0
7715.674970125176,160145.0
7715.885755331126,157260.0
7716.096540537078,156957.0
7716.307325743029,156257.0
7716.5181109489795,156262.0
7716.72889615493,154770.0
7716.939681360881,153208.0
7717.150466566832,153162.0
7717.361251772782,153323.0
7717.572036978733,151587.0
7717.782822184684,151739.0
7717.993607390635,152540.0
7718.204392596585,150841.0
7718.415177802536,149846.0
7718.625963008488,151343.0
7718.836748214439,152109.0
7719.047533420389,150489.0
7719.25831862634,149488.0
7719.469103832291,149329.0
7719.6798890382415,148679.0
7719.890674244192,149395.0
7720.101459450143,148888.0
7720.312244656094,150416.0
7720.5230298620445,151786.0
7720.733815067995,149503.0
7720.944600273947,148293.0
7721.155385479898,148147.0
7721.366170685848,147263.0
7721.576955891799,146429.0
7721.78774109775,146503.0
7721.998526303701,148601.0
7722.209311509651,151878.0
7722.420096715602,151513.0
7722.630881921553,146413.0
7722.841667127504,145689.0
7723.052452333454,146041.0
7723.263237539405,148264.0
7723.474022745357,149004.0
7723.684807951307,147588.0
7723.895593157258,146884.0
7724.106378363209,147578.0
7724.31716356916,147120.0
7724.52794877511,148836.0
7724.738733981061,149640.0
7724.949519187012,146889.0
7725.160304392963,147029.0
7725.371089598913,147510.0
7725.581874804864,146464.0
7725.792660010815,146175.0
7726.0034452167665,145536.0
7726.214230422717,146483.0
7726.425015628668,149445.0
7726.635800834619,148470.0
7726.8465860405695,147247.0
7727.05737124652,147056.0
7727.268156452471,148522.0
7727.478941658422,150536.0
7727.6897268643725,149295.0
7727.900512070323,148355.0
7728.111297276274,149511.0
7728.322082482226,149972.0
7728.532867688176,147875.0
7728.743652894127,146026.0
7728.954438100078,146706.0
7729.165223306029,149098.0
7729.376008511979,149498.0
7729.58679371793,147110.0
7729.797578923881,148107.0
7730.0083641298315,148267.0
7730.219149335782,148366.0
7730.429934541733,145691.0
7730.640719747684,148675.0
7730.851504953635,146418.0
7731.062290159586,144257.0
7731.273075365537,146235.0
7731.483860571488,146322.0
7731.694645777438,146634.0
7731.905430983389,146275.0
7732.11621618934,149027.0
7732.327001395291,148493.0
7732.537786601241,148722.0
7732.748571807192,147336.0
7732.959357013143,144064.0
7733.170142219094,144773.0
7733.380927425045,146480.0
7733.591712630996,146382.0
7733.802497836947,148216.0
7734.0132830428975,150143.0
7734.224068248848,149672.0
7734.434853454799,147681.0
7734.64563866075,147520.0
7734.8564238667,146565.0
7735.067209072651,146774.0
7735.277994278602,146024.0
7735.488779484553,145211.0
7735.699564690503,145658.0
7735.910349896455,143308.0
7736.121135102406,143939.0
7736.3319203083565,146152.0
7736.542705514307,144223.0
7736.753490720258,145528.0
7736.964275926209,147719.0
7737.1750611321595,144267.0
7737.38584633811,143267.0
7737.596631544061,145473.0
7737.807416750012,144974.0
7738.0182019559625,144809.0
7738.228987161914,145348.0
7738.439772367865,142495.0
7738.650557573816,143654.0
7738.861342779766,145391.0
7739.072127985717,145823.0
7739.282913191668,142006.0
7739.493698397619,143666.0
7739.704483603569,145166.0
7739.91526880952,141999.0
7740.126054015471,141795.0
7740.3368392214215,141567.0
7740.547624427372,139152.0
7740.758409633324,139751.0
7740.969194839275,142608.0
7741.179980045225,143785.0
7741.390765251176,141664.0
7741.601550457127,141716.0
7741.812335663078,141160.0
7742.023120869028,141876.0
7742.233906074979,143165.0
7742.44469128093,144054.0
7742.655476486881,144015.0
7742.866261692831,143528.0
7743.077046898783,142935.0
7743.287832104734,142948.0
7743.4986173106845,143579.0
7743.709402516635,142896.0
7743.920187722586,141815.0
7744.130972928537,138268.0
7744.3417581344875,137531.0
7744.552543340438,139083.0
7744.763328546389,140022.0
7744.97411375234,138296.0
7745.18489895829,139318.0
7745.395684164241,140524.0
7745.606469370193,138643.0
7745.817254576144,138857.0
7746.028039782094,137568.0
7746.238824988045,138714.0
7746.449610193996,140094.0
7746.6603953999465,140240.0
7746.871180605897,139390.0
7747.081965811848,139070.0
7747.292751017799,140526.0
7747.5035362237495,142305.0
7747.7143214297,141754.0
7747.925106635651,140884.0
7748.135891841603,140236.0
7748.346677047553,139617.0
7748.557462253504,138733.0
7748.768247459455,139203.0
7748.979032665406,137510.0
7749.189817871356,136480.0
7749.400603077307,137225.0
7749.611388283258,135977.0
7749.822173489209,137665.0
7750.032958695159,140393.0
7750.24374390111,141725.0
7750.454529107061,138028.0
7750.6653143130125,136148.0
7750.876099518963,138123.0
7751.086884724914,138262.0
7751.297669930865,138037.0
7751.508455136815,136176.0
7751.719240342766,136559.0
7751.930025548717,137236.0
7752.140810754668,136320.0
7752.351595960618,137902.0
7752.562381166569,139451.0
7752.77316637252,137618.0
7752.9839515784715,135322.0
7753.194736784422,135105.0
7753.405521990373,136195.0
7753.616307196324,137901.0
7753.8270924022745,137225.0
7754.037877608225,136268.0
7754.248662814176,137842.0
7754.459448020127,138040.0
7754.6702332260775,136114.0
7754.881018432028,135824.0
7755.091803637979,137257.0
7755.30258884393,135682.0
7755.513374049881,133206.0
7755.724159255832,133184.0
7755.934944461783,135025.0
7756.145729667734,135168.0
7756.356514873684,135204.0
7756.567300079635,135099.0
7756.778085285586,132545.0
7756.9888704915365,133898.0
7757.199655697487,134661.0
7757.410440903438,132321.0
7757.621226109389,134369.0
7757.8320113153395,133857.0
7758.042796521291,134962.0
7758.253581727242,133346.0
7758.464366933193,131851.0
7758.675152139143,134212.0
7758.885937345094,133268.0
7759.096722551045,132693.0
7759.307507756996,134857.0
7759.518292962946,134438.0
7759.729078168897,133502.0
7759.939863374848,133741.0
7760.150648580799,131209.0
7760.361433786749,131124.0
7760.572218992701,132480.0
7760.783004198652,133442.0
7760.9937894046025,133917.0
7761.204574610553,133073.0
7761.415359816504,131106.0
7761.626145022455,132359.0
7761.836930228405,133677.0
7762.047715434356,131161.0
7762.258500640307,130943.0
7762.469285846258,132448.0
7762.680071052208,130332.0
7762.89085625816,130332.0
7763.101641464111,131894.0
7763.3124266700615,132138.0
7763.523211876012,131852.0
7763.733997081963,131505.0
7763.944782287914,131875.0
7764.1555674938645,132134.0
7764.366352699815,130525.0
7764.577137905766,128062.0
7764.787923111717,128175.0
7764.9987083176675,127305.0
7765.209493523618,126838.0
7765.42027872957,128501.0
7765.631063935521,130286.0
7765.841849141471,133213.0
7766.052634347422,133155.0
7766.263419553373,127907.0
7766.474204759324,127502.0
7766.684989965274,129142.0
7766.895775171225,127233.0
7767.106560377176,127900.0
7767.317345583127,128763.0
7767.528130789077,129144.0
7767.738915995029,132216.0
7767.94970120098,132257.0
7768.16048640693,131168.0
7768.371271612881,127988.0
7768.582056818832,127633.0
7768.792842024783,131118.0
7769.003627230733,132486.0
7769.214412436684,134708.0
7769.425197642635,132583.0
7769.635982848586,132581.0
7769.846768054536,131831.0
7770.057553260487,130655.0
7770.268338466439,130910.0
7770.4791236723895,131812.0
7770.68990887834,131139.0
7770.900694084291,130408.0
7771.111479290242,129816.0
7771.3222644961925,130325.0
7771.533049702143,127256.0
7771.743834908094,126057.0
7771.954620114045,126804.0
7772.165405319995,127255.0
7772.376190525946,124960.0
7772.586975731897,124107.0
7772.797760937849,123439.0
7773.008546143799,126937.0
7773.21933134975,127978.0
7773.430116555701,125270.0
7773.640901761652,123862.0
7773.851686967602,125130.0
7774.062472173553,126454.0
7774.273257379504,125141.0
7774.4840425854545,124611.0
7774.694827791405,123215.0
7774.905612997356,122471.0
7775.116398203307,122465.0
7775.327183409258,123908.0
7775.537968615209,125418.0
7775.74875382116,125825.0
7775.959539027111,126610.0
7776.170324233061,124082.0
7776.381109439012,122929.0
7776.591894644963,125072.0
7776.802679850914,125860.0
7777.013465056864,126980.0
7777.224250262815,127008.0
7777.435035468766,125493.0
7777.6458206747175,126510.0
7777.856605880668,127635.0
7778.067391086619,125425.0
7778.27817629257,125354.0
7778.48896149852,126078.0
7778.699746704471,125372.0
7778.910531910422,124393.0
7779.121317116373,123535.0
7779.332102322323,124604.0
7779.542887528274,125676.0
7779.753672734225,122502.0
7779.964457940176,123155.0
7780.175243146127,124504.0
7780.386028352078,121512.0
7780.596813558029,122651.0
7780.8075987639795,123584.0
7781.01838396993,120128.0
7781.229169175881,118965.0
7781.439954381832,116598.0
7781.6507395877825,119712.0
7781.861524793733,118492.0
7782.072309999684,117758.0
7782.283095205635,117972.0
7782.493880411586,116165.0
7782.704665617537,118525.0
7782.915450823488,118696.0
7783.126236029439,116003.0
7783.337021235389,116287.0
7783.54780644134,116872.0
7783.758591647291,118335.0
7783.969376853242,116071.0
7784.180162059192,115565.0
7784.390947265143,115161.0
7784.601732471094,116802.0
7784.8125176770445,113002.0
7785.023302882995,114191.0
7785.234088088947,115469.0
7785.444873294898,114808.0
7785.655658500848,115225.0
7785.866443706799,114157.0
7786.07722891275,116152.0
7786.288014118701,116246.0
7786.498799324651,115787.0
7786.709584530602,114377.0
7786.920369736553,114423.0
7787.131154942504,115034.0
7787.341940148454,113953.0
7787.552725354406,113105.0
7787.763510560357,114004.0
7787.9742957663075,113914.0
7788.185080972258,114341.0
7788.395866178209,113743.0
7788.60665138416,113418.0
7788.81743659011,113130.0
7789.028221796061,110557.0
7789.239007002012,112439.0
7789.449792207963,110920.0
7789.660577413913,110909.0
7789.871362619864,111760.0
7790.082147825816,110067.0
7790.292933031767,109069.0
7790.503718237717,112083.0
7790.714503443668,112118.0
7790.925288649619,108571.0
7791.1360738555695,107265.0
7791.34685906152,110748.0
7791.557644267471,110989.0
7791.768429473422,109075.0
7791.9792146793725,109988.0
7792.189999885323,108722.0
7792.400785091275,109331.0
7792.611570297226,108606.0
7792.822355503176,109438.0
7793.033140709127,110066.0
7793.243925915078,109555.0
7793.454711121029,108868.0
7793.665496326979,107733.0
7793.87628153293,108309.0
7794.087066738881,106547.0
7794.297851944832,104403.0
7794.508637150782,106619.0
7794.719422356733,105288.0
7794.930207562685,106197.0
7795.140992768635,107464.0
7795.351777974586,106242.0
7795.562563180537,106116.0
7795.773348386488,105000.0
7795.984133592438,106771.0
7796.194918798389,107518.0
7796.40570400434,107884.0
7796.616489210291,105928.0
7796.827274416241,105706.0
7797.038059622192,107215.0
7797.248844828143,106285.0
7797.4596300340945,106722.0
7797.670415240045,105541.0
7797.881200445996,105263.0
7798.091985651947,105750.0
7798.3027708578975,103586.0
7798.513556063848,100251.0
7798.724341269799,102291.0
7798.93512647575,102880.0
7799.1459116817,103600.0
7799.356696887651,104317.0
7799.567482093602,104463.0
7799.778267299553,103989.0
7799.989052505504,101806.0
7800.199837711455,102164.0
7800.410622917406,101267.0
7800.621408123357,103665.0
7800.832193329307,104098.0
7801.042978535258,104353.0
7801.253763741209,100064.0
7801.4645489471595,100538.0
7801.67533415311,101373.0
7801.886119359061,101055.0
7802.096904565012,100287.0
7802.307689770963,98913.1
7802.518474976914,99951.6
7802.729260182865,100974.0
7802.940045388816,100317.0
7803.150830594766,100020.0
7803.361615800717,99720.7
7803.572401006668,98724.1
7803.783186212619,98800.1
7803.993971418569,98420.2
7804.20475662452,98073.5
7804.415541830471,99285.8
7804.626327036422,99628.0
7804.837112242373,99837.4
7805.047897448324,99363.3
7805.258682654275,97647.7
7805.469467860225,97237.3
7805.680253066176,98071.8
7805.891038272127,99097.1
7806.101823478078,99505.9
7806.312608684028,97851.6
7806.523393889979,96880.7
7806.73417909593,96147.6
7806.944964301881,96069.0
7807.155749507832,96813.5
7807.366534713783,95306.5
7807.577319919734,93645.8
7807.7881051256845,93457.7
7807.998890331635,94224.2
7808.209675537586,95791.2
7808.420460743537,95224.5
7808.6312459494875,94606.5
7808.842031155438,95177.9
7809.052816361389,95126.1
7809.26360156734,96450.0
7809.4743867732905,93456.0
7809.685171979242,94216.7
7809.895957185193,95184.2
7810.106742391144,95546.7
7810.317527597094,92348.6
7810.528312803045,91508.8
7810.739098008996,92694.9
7810.949883214947,90958.9
7811.160668420897,90175.6
7811.371453626848,91959.4
7811.582238832799,91747.2
7811.7930240387495,91582.7
7812.0038092447,92541.5
7812.214594450652,90733.4
7812.425379656603,90009.5
7812.636164862553,90602.7
7812.846950068504,90555.1
7813.057735274455,88331.0
7813.268520480406,88225.8
7813.479305686356,89599.6
7813.690090892307,90441.8
7813.900876098258,89148.2
7814.111661304209,90832.9
7814.322446510159,90849.1
7814.53323171611,89885.0
7814.744016922062,90311.2
7814.9548021280125,89647.1
7815.165587333963,88105.9
7815.376372539914,87310.9
7815.587157745865,90652.2
7815.7979429518155,90383.9
7816.008728157766,85016.9
7816.219513363717,84554.3
7816.430298569668,86330.6
7816.641083775618,88814.9
7816.851868981569,91307.2
7817.062654187521,87900.1
7817.273439393472,85910.6
7817.484224599422,85521.2
7817.695009805373,85547.6
7817.905795011324,85656.4
7818.1165802172745,83196.1
7818.327365423225,84979.4
7818.538150629176,87127.1
7818.748935835127,84261.1
7818.9597210410775,83374.2
7819.170506247028,84752.6
7819.381291452979,86842.4
7819.592076658931,85293.0
7819.802861864881,83477.2
7820.013647070832,84198.7
7820.224432276783,83224.9
7820.435217482734,83458.1
7820.646002688684,82779.6
7820.856787894635,84297.4
7821.067573100586,83761.7
7821.278358306537,84334.3
7821.489143512487,83681.3
7821.699928718438,81699.0
7821.910713924389,80663.8
7822.12149913034,83542.5
7822.332284336291,83887.9
7822.543069542242,83135.0
7822.753854748193,81439.0
7822.964639954143,80437.0
7823.175425160094,81366.9
7823.386210366045,83332.8
7823.596995571996,82780.0
7823.807780777946,81043.0
7824.018565983897,79979.7
7824.229351189848,79557.5
7824.440136395799,79508.7
7824.65092160175,80870.1
7824.861706807701,79966.7
7825.072492013652,81458.7
7825.2832772196025,79638.7
7825.494062425553,79047.0
7825.704847631504,79097.4
7825.915632837455,78935.6
7826.1264180434055,79093.9
7826.337203249356,78451.6
7826.547988455307,77857.9
7826.758773661258,78143.2
7826.969558867209,78025.9
7827.18034407316,77052.2
7827.391129279111,75968.2
7827.601914485062,78048.1
7827.812699691012,77537.2
7828.023484896963,78548.5
7828.234270102914,78334.2
7828.4450553088645,76983.7
7828.655840514815,77013.2
7828.866625720766,76282.8
7829.077410926717,74132.5
7829.2881961326675,75503.2
7829.498981338619,76308.1
7829.70976654457,74501.3
7829.920551750521,75136.5
7830.131336956471,74626.9
7830.342122162422,74567.5
7830.552907368373,75446.5
7830.763692574324,75348.3
7830.974477780274,74615.4
7831.185262986225,75347.3
7831.396048192176,75654.9
7831.606833398127,73362.6
7831.817618604078,73896.5
7832.028403810029,74525.4
7832.23918901598,73127.9
7832.4499742219305,71413.1
7832.660759427881,71917.1
7832.871544633832,72334.2
7833.082329839783,71642.8
7833.293115045733,71353.4
7833.503900251684,71237.4
7833.714685457635,73746.0
7833.925470663586,72267.0
7834.136255869536,70773.8
7834.347041075488,72189.4
7834.557826281439,71669.7
7834.7686114873895,71121.1
7834.97939669334,72863.2
7835.190181899291,70383.2
7835.400967105242,68708.8
7835.6117523111925,71002.5
7835.822537517143,70417.1
7836.033322723094,69453.6
7836.244107929045,69906.2
7836.4548931349955,68306.5
7836.665678340946,69360.2
7836.876463546898,69176.8
7837.087248752849,67927.0
7837.298033958799,69348.6
7837.50881916475,68671.8
7837.719604370701,68631.0
7837.930389576652,69677.7
7838.141174782602,67217.3
7838.351959988553,67004.9
7838.562745194504,65324.3
7838.773530400455,68214.3
7838.984315606405,67459.8
7839.195100812356,66353.9
7839.405886018308,66561.4
7839.616671224258,67047.8
7839.827456430209,67039.4
7840.03824163616,67388.3
7840.249026842111,66651.9
7840.459812048061,66340.3
7840.670597254012,65565.7
7840.881382459963,64915.2
7841.092167665914,65102.2
7841.302952871864,65726.5
7841.513738077815,64195.9
7841.724523283767,63845.2
7841.9353084897175,63679.8
7842.146093695668,64745.5
7842.356878901619,63122.5
7842.56766410757,62631.7
7842.7784493135205,64322.3
7842.989234519471,63316.3
7843.200019725422,62092.2
7843.410804931373,63269.1
7843.621590137323,62346.5
7843.832375343274,61298.6
7844.043160549225,62400.2
7844.253945755177,62820.5
7844.464730961127,61477.5
7844.675516167078,61090.9
7844.886301373029,62381.8
7845.0970865789795,61331.7
7845.30787178493,61747.8
7845.518656990881,62561.6
7845.729442196832,60829.0
7845.9402274027825,62085.7
7846.151012608733,61302.7
7846.361797814684,61159.8
7846.572583020635,59679.4
7846.783368226586,59517.7
7846.994153432537,59831.1
7847.204938638488,59709.9
7847.415723844439,60084.6
7847.626509050389,60183.4
7847.83729425634,58546.4
7848.048079462291,57940.7
7848.258864668242,58085.8
7848.469649874192,57734.1
7848.680435080143,59139.3
7848.891220286094,58460.5
7849.102005492045,57243.8
7849.312790697996,56495.6
7849.523575903947,55150.6
7849.734361109898,57132.2
7849.945146315848,59303.4
7850.155931521799,57146.4
7850.36671672775,55436.9
7850.577501933701,56191.5
7850.788287139651,55899.8
7850.999072345602,55031.6
7851.209857551553,54798.7
7851.420642757504,54698.2
7851.631427963455,54554.8
7851.842213169406,53146.7
7852.052998375357,53374.6
7852.2637835813075,54767.6
7852.474568787258,53893.9
7852.685353993209,54846.5
7852.89613919916,53672.2
7853.1069244051105,52200.7
7853.317709611061,53125.2
7853.528494817012,54121.7
7853.739280022963,52689.9
7853.950065228913,53193.6
7854.160850434865,53908.4
7854.371635640816,52587.1
7854.582420846767,51576.1
7854.793206052717,51595.2
7855.003991258668,52060.2
7855.214776464619,52773.4
7855.42556167057,51896.2
7855.63634687652,51627.0
7855.847132082471,53001.8
7856.057917288422,52336.7
7856.2687024943725,52007.1
7856.479487700324,49852.9
7856.690272906275,47483.5
7856.901058112226,49949.7
7857.111843318176,50262.4
7857.322628524127,50576.0
7857.533413730078,50465.9
7857.744198936029,48846.4
7857.954984141979,49757.2
7858.16576934793,49505.8
7858.376554553881,50053.5
7858.587339759832,48596.5
7858.798124965782,47601.4
7859.008910171734,48949.4
7859.219695377685,48896.4
7859.4304805836355,49145.7
7859.641265789586,48309.3
7859.852050995537,48404.2
7860.062836201488,50381.4
7860.273621407438,48716.3
7860.484406613389,46944.3
7860.69519181934,47546.2
7860.905977025291,46381.5
7861.116762231241,45441.9
7861.327547437192,46061.6
7861.538332643144,45911.5
7861.749117849095,45386.1
7861.959903055045,44796.9
7862.170688260996,45774.5
7862.381473466947,45160.7
7862.5922586728975,45047.4
7862.803043878848,43406.8
7863.013829084799,43700.1
7863.22461429075,44342.5
7863.4353994967005,45113.8
7863.646184702651,44570.0
7863.856969908602,44432.9
7864.067755114554,45736.4
7864.278540320504,45362.9
7864.489325526455,43756.8
7864.700110732406,45382.7
7864.910895938357,43884.2
7865.121681144307,42730.2
7865.332466350258,42831.6
7865.543251556209,42832.1
7865.75403676216,44356.7
7865.96482196811,42772.6
7866.175607174061,41622.6
7866.386392380013,42663.5
7866.597177585963,40896.5
7866.807962791914,41150.0
7867.018747997865,42752.6
7867.229533203816,43161.7
7867.440318409766,43577.3
7867.651103615717,42968.0
7867.861888821668,42348.6
7868.072674027619,41959.2
7868.283459233569,42223.4
7868.49424443952,42126.3
7868.705029645471,40772.9
7868.9158148514225,42796.0
7869.126600057373,41631.0
7869.337385263324,41689.2
7869.548170469275,40549.9
7869.7589556752255,39704.2
7869.969740881176,39856.3
7870.180526087127,39648.5
7870.391311293078,38813.1
7870.602096499028,38557.9
7870.812881704979,39270.7
7871.02366691093,37695.3
7871.234452116882,40275.0
7871.445237322832,39681.2
7871.656022528783,38308.8
7871.866807734734,37334.6
7872.077592940685,38380.8
7872.288378146635,38700.7
7872.499163352586,37708.8
7872.709948558537,37831.2
7872.9207337644875,38236.5
7873.131518970438,36533.7
7873.342304176389,36169.6
7873.55308938234,37183.0
7873.7638745882905,35663.9
7873.974659794242,36429.3
7874.185445000193,36439.9
7874.396230206144,35677.9
7874.607015412094,35885.0
7874.817800618045,36744.4
7875.028585823996,37107.0
7875.239371029947,36371.6
7875.450156235897,35349.5
7875.660941441848,34092.6
7875.871726647799,34059.2
7876.08251185375,33109.3
7876.293297059701,32030.5
7876.504082265652,33412.3
7876.714867471603,31764.0
7876.925652677553,31319.7
7877.136437883504,32318.3
7877.347223089455,32530.2
7877.558008295406,33955.6
7877.768793501356,31297.0
7877.979578707307,32826.5
7878.190363913258,32444.0
7878.401149119209,31777.6
7878.611934325159,31824.8
7878.822719531111,30945.1
7879.033504737062,31966.2
7879.2442899430125,32309.5
7879.455075148963,31839.5
7879.665860354914,31131.5
7879.876645560865,31189.2
7880.0874307668155,30349.4
7880.298215972766,30447.2
7880.509001178717,30236.4
7880.719786384668,29138.9
7880.9305715906185,27547.9
7881.14135679657,28412.9
7881.352142002521,27041.1
7881.562927208472,28230.8
7881.773712414422,29424.4
7881.984497620373,29457.3
7882.195282826324,28148.0
7882.406068032275,28528.2
7882.616853238225,30156.3
7882.827638444176,28990.7
7883.038423650127,27600.7
7883.2492088560775,28545.0
7883.459994062028,30544.3
7883.67077926798,29471.3
7883.881564473931,26779.4
7884.092349679881,26500.4
7884.303134885832,27229.6
7884.513920091783,26592.1
7884.724705297734,26935.8
7884.935490503684,26689.4
7885.146275709635,27114.5
7885.357060915586,26874.7
7885.567846121537,26137.5
7885.778631327487,28215.4
7885.989416533439,28287.1
7886.20020173939,26471.0
7886.4109869453405,25840.3
7886.621772151291,25818.2
7886.832557357242,26391.9
7887.043342563193,24717.3
7887.254127769143,25591.9
7887.464912975094,24704.4
7887.675698181045,24402.5
7887.886483386996,22494.4
7888.097268592946,21698.5
7888.308053798897,24177.5
7888.518839004848,25081.6
7888.7296242108,24897.4
7888.94040941675,24998.6
7889.151194622701,24878.6
7889.361979828652,22451.8
7889.5727650346025,23296.7
7889.783550240553,23444.2
7889.994335446504,23639.6
7890.205120652455,23263.9
7890.4159058584055,21010.1
7890.626691064356,25058.9
7890.837476270307,22790.2
7891.048261476259,22627.2
7891.259046682209,21938.8
7891.46983188816,22502.9
7891.680617094111,21862.9
7891.891402300062,24121.9
7892.102187506012,23248.9
7892.312972711963,20905.5
7892.523757917914,19959.1
7892.734543123865,20121.9
7892.945328329815,21630.5
7893.156113535766,21454.3
7893.366898741717,20650.5
7893.577683947668,20710.6
7893.788469153619,19464.6
7893.99925435957,20472.5
7894.210039565521,20673.2
7894.420824771471,19603.7
7894.631609977422,19096.7
7894.842395183373,18531.3
7895.053180389324,20221.6
7895.263965595274,21087.7
7895.474750801225,18957.1
7895.685536007176,17318.5
