7605.611714671,1619.52
7605.822613313757,1477.57
7606.033511956513,2120.69
7606.24441059927,2467.25
7606.4553092420265,1457.51
7606.666207884783,866.337
7606.877106527539,1584.66
7607.088005170295,2460.67
7607.298903813052,2890.94
7607.509802455808,1873.38
7607.720701098565,1982.77
7607.931599741321,2206.28
7608.142498384078,2724.07
7608.3533970268345,3406.4
7608.564295669591,3938.88
7608.775194312348,3931.44
7608.986092955104,2935.82
7609.196991597861,2087.0
7609.407890240616,1975.42
7609.618788883373,2925.33
7609.829687526129,3072.72
7610.040586168886,2968.91
7610.2514848116425,3441.21
7610.462383454399,3687.71
7610.673282097156,4077.76
7610.884180739912,5607.16
7611.095079382669,6305.57
7611.305978025425,6151.44
7611.516876668182,5148.26
7611.727775310938,3291.88
7611.938673953694,2297.59
7612.1495725964505,2829.37
7612.360471239207,3599.94
7612.571369881964,3579.92
7612.78226852472,3178.1
7612.993167167477,3626.3
7613.204065810233,4466.13
7613.41496445299,5893.53
7613.625863095746,7321.41
7613.836761738503,8489.97
7614.047660381259,9544.94
7614.258559024016,9350.65
7614.469457666772,7319.32
7614.680356309528,5631.15
7614.891254952285,4879.67
7615.102153595041,4808.01
7615.313052237798,5797.28
7615.523950880554,6354.82
7615.734849523311,6693.68
7615.9457481660675,7305.27
7616.156646808824,7880.88
7616.367545451581,9078.18
7616.578444094337,11212.4
7616.789342737094,13469.3
7617.000241379849,13816.1
7617.211140022606,14251.8
7617.422038665362,14647.5
7617.632937308119,15131.5
7617.8438359508755,15413.9
7618.054734593632,15317.2
7618.265633236389,15911.9
7618.476531879145,16032.5
7618.687430521902,15689.3
7618.898329164658,16030.5
7619.109227807415,15994.0
7619.320126450171,15387.2
7619.531025092927,14847.9
7619.7419237356835,14598.9
7619.95282237844,14039.7
7620.163721021197,12496.8
7620.374619663953,10187.2
7620.58551830671,7778.22
7620.796416949466,7207.21
7621.007315592223,6969.69
7621.218214234979,8530.63
7621.429112877736,10639.1
7621.640011520492,12592.5
7621.850910163248,14241.1
7622.061808806005,13919.8
7622.272707448761,13128.9
7622.483606091518,11921.9
7622.694504734274,9603.41
7622.905403377031,6953.53
7623.116302019787,5457.34
7623.327200662544,5178.39
7623.5380993053,5653.03
7623.748997948057,6084.63
7623.9598965908135,5678.31
7624.17079523357,5017.78
7624.381693876326,4623.38
7624.592592519082,4811.4
7624.803491161839,7549.51
7625.014389804595,10312.3
7625.225288447352,11706.7
7625.436187090108,12986.8
7625.647085732865,13618.0
7625.8579843756215,13158.3
7626.068883018378,12707.7
7626.279781661135,10631.1
7626.490680303891,7892.03
7626.701578946648,5420.19
7626.912477589403,4289.24
7627.12337623216,4047.65
7627.334274874916,4647.27
7627.545173517673,4907.1
7627.7560721604295,4428.52
7627.966970803186,4296.1
7628.177869445943,4322.81
7628.388768088699,6074.68
7628.599666731456,8207.66
7628.810565374212,11220.8
7629.021464016969,13680.6
7629.232362659725,14488.8
7629.443261302481,14841.4
7629.654159945238,15058.8
7629.865058587994,13827.7
7630.075957230751,11803.6
7630.286855873507,10399.9
7630.497754516264,7734.62
7630.70865315902,5553.91
7630.919551801777,4534.82
7631.130450444533,4187.71
7631.34134908729,4500.28
7631.5522477300465,4607.61
7631.763146372803,4047.54
7631.974045015559,3827.57
7632.184943658315,4742.37
7632.395842301072,7046.39
7632.606740943828,9534.83
7632.817639586585,12045.8
7633.028538229341,14505.8
7633.239436872098,16014.0
7633.4503355148545,16745.8
7633.661234157611,16452.7
7633.872132800368,15672.5
7634.083031443124,15007.2
7634.29393008588,12934.6
7634.504828728636,10489.2
7634.715727371393,8139.8
7634.926626014149,6561.87
7635.137524656906,4764.74
7635.3484232996625,4008.46
7635.559321942419,4213.88
7635.770220585176,4627.2
7635.981119227932,4343.23
7636.192017870689,4312.32
7636.402916513445,6875.5
7636.613815156202,8943.4
7636.824713798957,11945.4
7637.035612441714,14178.0
7637.2465110844705,16367.0
7637.457409727227,17365.7
7637.668308369984,18518.2
7637.87920701274,18594.8
7638.090105655497,17703.1
7638.301004298253,17584.9
7638.51190294101,15742.1
7638.722801583766,14073.8
7638.933700226523,11101.4
7639.144598869279,8602.22
7639.355497512035,7175.75
7639.566396154792,6184.39
7639.777294797548,5724.93
7639.988193440305,5446.47
7640.199092083061,5117.55
7640.409990725818,5342.57
7640.620889368574,6386.3
7640.831788011331,8168.55
7641.042686654087,10641.3
7641.253585296844,14274.5
7641.4644839396005,16980.5
7641.675382582357,18902.4
7641.886281225113,20486.4
7642.097179867869,21387.7
7642.308078510626,20874.3
7642.518977153382,20021.5
7642.729875796139,20279.4
7642.9407744388955,19943.7
7643.151673081652,18266.4
7643.362571724409,15986.4
7643.573470367165,13125.9
7643.784369009922,10306.0
7643.995267652678,8256.15
7644.206166295435,7628.96
7644.41706493819,7136.97
7644.627963580947,7001.94
7644.8388622237035,7427.67
7645.04976086646,7267.68
7645.260659509217,8739.29
7645.471558151973,10730.5
7645.68245679473,13755.1
7645.893355437486,16445.8
7646.104254080243,19149.7
7646.315152722999,21385.8
7646.526051365756,22515.3
7646.736950008512,22706.9
7646.947848651268,22673.5
7647.158747294025,23229.5
7647.369645936781,23767.0
7647.580544579538,22626.8
7647.791443222294,20916.8
7648.002341865051,20248.5
7648.213240507807,18796.6
7648.424139150564,15778.9
7648.63503779332,12250.0
7648.845936436077,10699.3
7649.0568350788335,10398.5
7649.267733721589,9555.57
7649.478632364346,9302.17
7649.689531007102,9953.95
7649.900429649859,10307.6
7650.111328292615,11434.6
7650.322226935372,13745.0
7650.533125578128,16221.1
7650.744024220885,19919.1
7650.9549228636415,22113.0
7651.165821506398,23774.8
7651.376720149155,25744.9
7651.587618791911,25766.8
7651.798517434667,24352.2
7652.009416077423,24265.6
7652.22031472018,25218.8
7652.431213362936,25212.2
7652.642112005693,25229.1
7652.8530106484495,25297.3
7653.063909291206,23906.4
7653.274807933963,21323.0
7653.485706576719,18396.5
7653.696605219476,15301.1
7653.907503862232,13236.9
7654.118402504989,14813.0
7654.329301147744,15856.9
7654.540199790501,11971.5
7654.7510984332575,12820.0
7654.961997076014,13841.5
7655.172895718771,15703.1
7655.383794361527,17421.2
7655.594693004284,20328.0
7655.80559164704,23019.5
7656.016490289797,25123.3
7656.227388932553,26367.1
7656.43828757531,26760.1
7656.6491862180665,27072.1
7656.860084860822,27136.6
7657.070983503579,27919.2
7657.281882146335,28406.5
7657.492780789092,26929.3
7657.703679431848,28340.4
7657.914578074605,28471.2
7658.125476717361,27114.1
7658.336375360118,26147.9
7658.5472740028745,24478.6
7658.758172645631,21370.7
7658.969071288388,19144.1
7659.179969931144,18149.9
7659.3908685739,16447.8
7659.601767216656,15744.1
7659.812665859413,15982.2
7660.023564502169,16492.0
7660.234463144926,17941.9
7660.4453617876825,18624.5
7660.656260430439,20696.9
7660.867159073196,23034.6
7661.078057715952,25331.7
7661.288956358709,27172.5
7661.499855001465,28189.8
7661.710753644222,28909.2
7661.921652286977,28738.3
7662.132550929734,28653.4
7662.3434495724905,29499.8
7662.554348215247,30082.3
7662.765246858004,29868.0
7662.97614550076,30211.4
7663.187044143517,29775.3
7663.397942786273,30091.8
7663.60884142903,30024.9
7663.819740071786,28723.2
7664.030638714543,26934.8
7664.2415373572985,24372.6
7664.452436000055,21783.8
7664.663334642812,20742.6
7664.874233285568,20328.6
7665.085131928325,19267.0
7665.296030571081,19018.7
7665.506929213838,20112.1
7665.717827856594,21646.9
7665.928726499351,21927.2
7666.139625142107,23459.4
7666.350523784864,25839.8
7666.5614224276205,28077.0
7666.772321070376,29860.2
7666.983219713133,30203.2
7667.194118355889,30106.2
7667.405016998646,30819.1
7667.615915641402,31402.0
7667.826814284159,30932.8
7668.037712926915,31477.5
7668.248611569672,32198.8
7668.4595102124285,31405.6
7668.670408855185,30557.7
7668.881307497942,31221.4
7669.092206140698,31320.9
7669.303104783454,30725.9
7669.51400342621,30540.3
7669.724902068967,29560.2
7669.9358007117235,27590.2
7670.14669935448,26182.0
7670.357597997237,25486.7
7670.568496639993,24740.6
7670.77939528275,24384.4
7670.990293925506,23559.1
7671.201192568263,24086.1
7671.412091211019,24915.3
7671.622989853776,26462.4
7671.8338884965315,26639.8
7672.044787139288,27872.2
7672.255685782045,30494.1
7672.466584424801,31996.0
7672.677483067558,32506.0
7672.888381710314,32011.3
7673.099280353071,31828.4
7673.310178995827,31913.4
7673.521077638584,32702.0
7673.73197628134,33459.4
7673.942874924097,32822.6
7674.1537735668535,32240.5
7674.364672209609,32849.7
7674.575570852366,32129.7
7674.786469495122,32982.8
7674.997368137879,33840.7
7675.208266780635,33442.1
7675.419165423392,33101.0
7675.630064066148,31405.6
7675.840962708905,29993.8
7676.0518613516615,29884.9
7676.262759994418,28953.4
7676.473658637175,28330.7
7676.68455727993,27523.1
7676.895455922687,27606.4
7677.106354565443,27523.7
7677.3172532082,28113.4
7677.528151850956,28933.8
7677.739050493713,29185.5
7677.9499491364695,30031.3
7678.160847779226,31598.5
7678.371746421983,32314.6
7678.582645064739,32819.5
7678.793543707496,33685.2
7679.004442350252,33491.1
7679.215340993008,33501.2
7679.426239635764,33721.1
7679.637138278521,34235.2
7679.8480369212775,33748.2
7680.058935564034,34156.7
7680.269834206791,34464.3
7680.480732849547,33724.1
7680.691631492304,33924.3
7680.90253013506,34256.5
7681.113428777817,34215.2
7681.324327420573,34579.8
7681.53522606333,34878.1
7681.7461247060855,33907.8
7681.957023348842,32276.0
7682.167921991599,31814.5
7682.378820634355,32011.3
7682.589719277112,31880.5
7682.800617919868,30104.0
7683.011516562625,30322.8
7683.222415205381,30495.8
7683.433313848138,30227.0
7683.6442124908945,31045.0
7683.855111133651,30724.3
7684.066009776408,31975.3
7684.276908419163,33421.9
7684.48780706192,34122.9
7684.698705704676,35015.6
7684.909604347433,34578.0
7685.120502990189,33781.5
7685.331401632946,33803.5
7685.5423002757025,33938.1
7685.753198918459,34713.5
7685.964097561216,34184.0
7686.174996203972,35163.8
7686.385894846729,34529.7
7686.596793489485,34964.7
7686.807692132241,34624.3
7687.018590774997,34715.7
7687.229489417754,35286.6
7687.4403880605105,35315.5
7687.651286703267,35510.5
7687.862185346024,35389.7
7688.07308398878,34488.7
7688.283982631537,34376.2
7688.494881274293,34426.8
7688.70577991705,33418.8
7688.916678559806,33032.0
7689.127577202563,32812.3
7689.3384758453185,32545.7
7689.549374488075,32279.6
7689.760273130832,32474.0
7689.971171773588,32485.1
7690.182070416345,33686.7
7690.392969059101,33696.2
7690.603867701858,34652.4
7690.814766344614,34811.9
7691.025664987371,34504.7
7691.236563630127,34102.0
7691.447462272884,34821.0
7691.6583609156405,35394.1
7691.869259558396,34950.0
7692.080158201153,35004.0
7692.291056843909,35396.1
7692.501955486666,36501.0
7692.712854129422,35990.5
7692.923752772179,35146.8
7693.134651414935,36175.3
7693.345550057692,36807.6
7693.5564487004485,35509.4
7693.767347343205,35778.7
7693.978245985962,35657.3
7694.189144628717,35979.9
7694.400043271474,35841.2
7694.61094191423,34961.1
7694.821840556987,34475.6
7695.032739199743,34768.4
7695.2436378425,35462.6
7695.4545364852565,35700.7
7695.665435128013,35386.3
7695.87633377077,35125.7
7696.087232413526,34582.1
7696.298131056283,33817.1
7696.509029699039,33827.6
7696.719928341795,34228.0
7696.9308269845515,34970.3
7697.141725627308,35512.8
7697.352624270065,35194.8
7697.563522912821,35621.7
7697.774421555578,36297.9
7697.985320198334,35558.2
7698.196218841091,35330.3
7698.407117483847,36480.1
7698.618016126604,36148.7
7698.82891476936,35218.7
7699.039813412117,35474.1
7699.250712054873,36150.0
7699.461610697629,37042.7
7699.672509340386,37369.0
7699.883407983142,36577.5
7700.094306625899,36818.6
7700.305205268655,37213.3
7700.516103911412,36447.9
7700.727002554168,37433.1
7700.937901196925,37316.1
7701.1487998396815,36634.0
7701.359698482438,36076.0
7701.570597125195,35843.6
7701.78149576795,36272.0
7701.992394410707,35783.3
7702.203293053463,35286.3
7702.41419169622,36368.9
7702.625090338976,36941.1
7702.835988981733,36511.7
7703.0468876244895,36631.9
7703.257786267246,36620.8
7703.468684910003,37198.3
7703.679583552759,37412.1
7703.890482195516,37395.1
7704.101380838272,37196.1
7704.312279481028,35702.3
7704.523178123784,35941.0
7704.734076766541,36503.0
7704.9449754092975,36298.7
7705.155874052054,36728.4
7705.366772694811,36561.2
7705.577671337567,35838.7
7705.788569980324,35268.2
7705.99946862308,37166.5
7706.210367265837,37250.6
7706.421265908593,35834.4
7706.632164551349,36123.4
7706.8430631941055,36096.7
7707.053961836862,36596.2
7707.264860479619,36646.2
7707.475759122375,36448.7
7707.686657765132,36150.2
7707.897556407888,36921.3
7708.108455050645,37344.4
7708.319353693401,36595.3
7708.530252336158,36546.1
7708.741150978914,36870.0
7708.952049621671,36626.6
7709.162948264427,36233.0
7709.373846907183,36003.6
7709.58474554994,36033.3
7709.795644192696,36692.1
7710.006542835453,36812.4
7710.217441478209,36079.5
7710.428340120966,35676.3
7710.6392387637225,36048.2
7710.850137406479,36962.2
7711.061036049236,37048.1
7711.271934691992,36781.8
7711.482833334749,36684.2
7711.693731977504,36733.8
7711.904630620261,37635.8
7712.115529263017,36885.4
7712.326427905774,36285.2
7712.5373265485305,36742.8
7712.748225191287,36529.3
7712.959123834044,36297.9
7713.1700224768,36628.6
7713.380921119557,36268.2
7713.591819762313,36408.3
7713.80271840507,36904.7
7714.013617047826,36579.2
7714.224515690582,36667.4
7714.4354143333385,37628.1
7714.646312976095,38445.5
7714.857211618852,37643.1
7715.068110261608,38225.0
7715.279008904365,37226.5
7715.489907547121,37358.8
7715.700806189878,37932.0
7715.911704832634,37130.6
7716.122603475391,35658.0
7716.333502118147,36350.3
7716.544400760904,35945.8
7716.75529940366,36861.2
7716.966198046416,36757.6
7717.177096689173,36524.7
7717.387995331929,35875.3
7717.598893974686,37610.2
7717.809792617442,36645.6
7718.020691260199,36397.4
7718.231589902955,37042.2
7718.442488545712,36313.4
7718.6533871884685,37065.8
7718.864285831225,37093.1
7719.075184473981,36608.0
7719.286083116737,36822.9
7719.496981759494,36619.4
7719.70788040225,36720.1
7719.918779045007,36495.2
7720.129677687763,36217.5
7720.34057633052,36660.5
7720.5514749732765,36890.0
7720.762373616033,36051.5
7720.97327225879,35515.0
7721.184170901546,36465.2
7721.395069544303,36653.3
7721.605968187058,37185.3
7721.816866829815,35881.9
7722.027765472571,35949.1
7722.238664115328,36450.0
7722.4495627580845,36323.9
7722.660461400841,36783.2
7722.871360043598,37094.9
7723.082258686354,36937.4
7723.293157329111,36104.5
7723.504055971867,36370.3
7723.714954614624,36264.5
7723.92585325738,36440.1
7724.136751900136,36676.8
7724.347650542893,35833.5
7724.558549185649,36082.0
7724.769447828406,35571.4
7724.980346471162,36364.0
7725.191245113919,36985.5
7725.402143756675,36970.1
7725.613042399432,36855.5
7725.823941042188,36458.5
7726.034839684945,36601.9
7726.2457383277015,36930.2
7726.456636970458,36014.1
7726.667535613214,36000.3
7726.87843425597,36690.9
7727.089332898727,36340.4
7727.300231541483,36918.5
7727.51113018424,36218.7
7727.722028826996,35766.8
7727.932927469753,36677.6
7728.1438261125095,36983.3
7728.354724755266,36970.7
7728.565623398023,36645.6
7728.776522040779,35741.8
7728.987420683536,35478.5
7729.198319326291,36446.0
7729.409217969048,35957.7
7729.620116611804,35805.4
7729.831015254561,35917.9
7730.0419138973175,35658.8
7730.252812540074,36255.6
7730.463711182831,35717.2
7730.674609825587,35475.6
7730.885508468344,35783.7
7731.0964071111,35996.9
7731.307305753857,35686.0
7731.518204396613,35843.2
7731.729103039369,35921.4
7731.9400016821255,36632.9
7732.150900324882,37240.4
7732.361798967639,36604.1
7732.572697610395,36463.4
7732.783596253152,35787.3
7732.994494895908,36648.9
7733.205393538665,36917.1
7733.416292181421,35409.5
7733.627190824178,35641.9
7733.838089466934,36642.6
7734.048988109691,36567.3
7734.259886752447,36021.4
7734.470785395203,36007.4
7734.68168403796,36264.9
7734.892582680716,36084.3
7735.103481323473,35700.3
7735.314379966229,36034.0
7735.525278608986,36476.5
7735.736177251742,35783.8
7735.947075894499,35826.9
7736.1579745372555,36169.8
7736.368873180012,35303.8
7736.579771822768,36051.3
7736.790670465524,36684.2
7737.001569108281,35986.8
7737.212467751037,36359.8
7737.423366393794,35618.7
7737.6342650365505,35263.2
7737.845163679307,35570.6
7738.056062322064,35644.1
7738.26696096482,35893.3
7738.477859607577,35071.8
7738.688758250333,36195.2
7738.89965689309,36899.0
7739.110555535845,35638.1
7739.321454178602,36299.1
7739.5323528213585,35475.7
7739.743251464115,35242.1
7739.954150106872,34764.4
7740.165048749628,35566.2
7740.375947392385,35997.6
7740.586846035141,36247.0
7740.797744677898,36008.0
7741.008643320654,36423.1
7741.219541963411,34870.1
7741.430440606167,35615.9
7741.641339248923,35265.0
7741.85223789168,34887.0
7742.063136534436,34958.1
7742.274035177193,34889.7
7742.484933819949,35780.7
7742.695832462706,35406.1
7742.906731105462,34517.5
7743.117629748219,35752.4
7743.328528390975,34977.6
7743.539427033732,35090.7
7743.7503256764885,35893.4
7743.961224319245,35831.5
7744.172122962001,34945.7
7744.383021604757,34826.8
7744.593920247514,34913.0
7744.80481889027,34263.0
7745.015717533027,34831.2
7745.226616175783,34847.8
7745.43751481854,35468.6
7745.6484134612965,35295.7
7745.859312104053,34797.2
7746.07021074681,34989.3
7746.281109389566,34723.4
7746.492008032323,34875.6
7746.702906675078,33997.5
7746.913805317835,34601.5
7747.124703960591,35275.4
7747.335602603348,34713.9
7747.5465012461045,34666.3
7747.757399888861,34611.6
7747.968298531618,35462.5
7748.179197174374,34509.0
7748.390095817131,34342.0
7748.600994459887,34218.3
7748.811893102644,34783.4
7749.022791745399,34146.0
7749.233690388156,33733.2
7749.4445890309125,34112.0
7749.655487673669,34226.6
7749.866386316426,34770.0
7750.077284959182,34911.0
7750.288183601939,34546.1
7750.499082244695,34247.8
7750.709980887452,33757.5
7750.920879530208,34222.9
7751.131778172965,34657.4
7751.3426768157215,34833.9
7751.553575458477,33680.7
7751.764474101234,33452.0
7751.97537274399,33142.8
7752.186271386747,33660.8
7752.397170029503,34030.2
7752.60806867226,34220.4
7752.818967315016,34980.7
7753.029865957773,34504.9
7753.2407646005295,33451.4
7753.451663243286,34327.6
7753.662561886043,34178.5
7753.873460528799,32839.8
7754.084359171555,34060.0
7754.295257814311,33609.0
7754.506156457068,32823.8
7754.717055099824,33433.4
7754.927953742581,33843.1
7755.1388523853375,33598.9
7755.349751028094,33245.0
7755.560649670851,33482.2
7755.771548313607,33788.9
7755.982446956364,32946.1
7756.19334559912,32222.5
7756.404244241877,32605.6
7756.615142884632,33009.1
7756.826041527389,33586.6
7757.0369401701455,33598.8
7757.247838812902,33139.6
7757.458737455659,33364.7
7757.669636098415,33295.3
7757.880534741172,32787.1
7758.091433383928,33158.7
7758.302332026685,32264.8
7758.513230669441,32683.1
7758.724129312198,32901.2
7758.935027954954,32233.2
7759.14592659771,32728.1
7759.356825240467,33227.0
7759.567723883223,32825.6
7759.77862252598,33299.8
7759.989521168736,33159.5
7760.200419811493,33236.0
7760.411318454249,33388.8
7760.622217097006,32845.2
7760.833115739762,33483.3
7761.044014382519,32845.1
7761.2549130252755,32744.3
7761.465811668031,32454.5
7761.676710310788,32286.3
7761.887608953544,32769.4
7762.098507596301,32469.4
7762.309406239057,32179.9
7762.520304881814,32166.8
7762.73120352457,32539.7
7762.942102167327,32687.0
7763.1530008100835,32370.9
7763.36389945284,32224.7
7763.574798095597,32734.1
7763.785696738353,32407.5
7763.99659538111,31713.6
7764.207494023865,32536.8
7764.418392666622,32908.4
7764.6292913093785,31846.3
7764.840189952135,32390.7
7765.051088594892,33474.8
7765.261987237648,32949.5
7765.472885880405,32742.0
7765.683784523161,32343.3
7765.894683165918,32654.8
7766.105581808674,31961.4
7766.316480451431,32469.0
7766.5273790941865,32367.1
7766.738277736943,31374.2
7766.9491763797,32029.7
7767.160075022456,31791.8
7767.370973665213,32395.9
7767.581872307969,32790.3
7767.792770950726,32318.0
7768.003669593482,31628.8
7768.214568236239,31204.8
7768.425466878995,31608.3
7768.636365521752,30737.7
7768.8472641645085,30171.7
7769.058162807264,31110.1
7769.269061450021,30437.5
7769.479960092777,31277.9
7769.690858735534,31474.3
7769.90175737829,30740.2
7770.112656021047,29442.1
7770.323554663803,29641.8
7770.53445330656,29773.8
7770.7453519493165,30579.5
7770.956250592073,30639.2
7771.16714923483,29894.1
7771.378047877586,29503.7
7771.588946520342,29595.9
7771.799845163098,29646.6
7772.010743805855,28765.2
7772.221642448611,28914.5
7772.432541091368,27933.0
7772.6434397341245,28659.1
7772.854338376881,28576.2
7773.065237019638,28603.0
7773.276135662394,29227.8
7773.487034305151,28783.7
7773.697932947907,29069.2
7773.908831590664,28861.7
7774.119730233419,29092.5
7774.330628876176,29010.2
7774.5415275189325,28683.4
7774.752426161689,28461.0
7774.963324804446,28173.2
7775.174223447202,27667.3
7775.385122089959,28598.1
7775.596020732715,29198.5
7775.806919375472,29091.4
7776.017818018228,28915.4
7776.228716660985,29389.2
7776.439615303741,29617.7
7776.650513946497,28934.0
7776.861412589254,29208.4
7777.07231123201,30208.9
7777.283209874767,29811.5
7777.494108517523,29580.4
7777.70500716028,29870.1
7777.915905803036,29694.5
7778.126804445793,29880.0
7778.3377030885495,29722.6
7778.548601731306,29321.6
7778.759500374063,29470.6
7778.970399016818,29947.1
7779.181297659575,29509.0
7779.392196302331,29726.4
7779.603094945088,28924.0
7779.813993587844,29358.2
7780.024892230601,29630.5
7780.2357908733575,28790.7
7780.446689516114,29351.7
7780.657588158871,29420.7
7780.868486801627,29553.3
7781.079385444384,28834.0
7781.29028408714,28984.1
7781.501182729896,28484.2
7781.712081372652,29552.9
7781.922980015409,28970.7
7782.1338786581655,28569.7
7782.344777300922,29224.0
7782.555675943679,29350.9
7782.766574586435,29450.5
7782.977473229192,28563.8
7783.188371871948,28331.6
7783.399270514705,28883.9
7783.610169157461,28769.4
7783.821067800218,28504.7
7784.0319664429735,28903.5
7784.24286508573,29424.8
7784.453763728487,28365.3
7784.664662371243,28182.6
7784.875561014,28386.6
7785.086459656756,28931.3
7785.297358299513,29740.1
7785.508256942269,29172.8
7785.719155585026,29045.3
7785.930054227782,27994.9
7786.140952870539,28171.0
7786.3518515132955,28101.1
7786.562750156051,28546.7
7786.773648798808,28676.9
7786.984547441564,28773.5
7787.195446084321,28371.3
7787.406344727077,27786.4
7787.617243369834,28390.7
7787.82814201259,27935.3
7788.039040655347,27571.1
7788.2499392981035,27254.0
7788.46083794086,28246.0
7788.671736583617,27340.0
7788.882635226373,27372.0
7789.093533869129,27677.5
7789.304432511885,27670.4
7789.515331154642,27416.1
7789.726229797398,28008.4
7789.937128440155,27766.5
7790.1480270829115,27606.8
7790.358925725668,27403.9
7790.569824368425,27802.9
7790.780723011181,27096.9
7790.991621653938,27677.2
7791.202520296694,27734.8
7791.41341893945,26537.6
7791.6243175822065,26835.1
7791.835216224963,26957.8
7792.04611486772,26494.5
7792.257013510476,26777.6
7792.467912153233,26237.3
7792.678810795989,26761.8
7792.889709438746,25714.8
7793.100608081502,26435.3
7793.311506724259,26713.2
7793.522405367015,26821.4
7793.733304009772,26840.6
7793.944202652528,26276.4
7794.155101295284,26206.4
7794.365999938041,27362.9
7794.576898580797,27051.2
7794.787797223554,25856.2
7794.99869586631,26558.6
7795.209594509067,26959.6
7795.420493151823,26661.1
7795.63139179458,26385.3
7795.8422904373365,25518.0
7796.053189080093,26214.6
7796.26408772285,26824.7
7796.474986365605,26541.6
7796.685885008362,26006.6
7796.896783651118,26077.6
7797.107682293875,26481.1
7797.318580936631,26433.5
7797.529479579388,26584.9
7797.7403782221445,26243.3
7797.951276864901,25749.1
7798.162175507658,26631.8
7798.373074150414,25477.5
7798.583972793171,25674.9
7798.794871435927,25658.9
7799.005770078683,26563.2
7799.216668721439,25526.2
7799.427567364196,25471.2
7799.6384660069525,26098.7
7799.849364649709,25525.0
7800.060263292466,25655.8
7800.271161935222,25252.6
7800.482060577979,25187.2
7800.692959220735,25559.4
7800.903857863492,25429.9
7801.114756506248,24973.0
7801.325655149005,25141.4
7801.5365537917605,25625.6
7801.747452434517,25085.4
7801.958351077274,24667.5
7802.16924972003,24699.5
7802.380148362787,24810.8
7802.591047005543,24937.2
7802.8019456483,24989.5
7803.012844291056,25045.3
7803.223742933813,23985.8
7803.434641576569,23608.1
7803.645540219326,25043.7
7803.856438862082,25010.4
7804.067337504838,24681.3
7804.278236147595,24641.6
7804.489134790351,24661.3
7804.700033433108,24414.6
7804.910932075864,24737.3
7805.121830718621,25174.7
7805.3327293613775,24977.9
7805.543628004134,23479.1
7805.754526646891,23988.3
7805.965425289647,24612.4
7806.176323932404,24406.9
7806.38722257516,23749.5
7806.598121217916,23755.2
7806.809019860672,24282.9
7807.019918503429,23819.1
7807.2308171461855,23258.1
7807.441715788942,24392.6
7807.652614431699,23664.1
7807.863513074455,23932.0
7808.074411717212,24019.5
7808.285310359968,23580.4
7808.496209002725,22672.3
7808.707107645481,22834.9
7808.918006288237,23452.1
7809.1289049309935,23626.8
7809.33980357375,23767.7
7809.550702216507,24161.7
7809.761600859263,23934.3
7809.97249950202,23920.5
7810.183398144776,23273.8
7810.394296787533,22718.1
7810.605195430289,23158.8
7810.816094073046,22958.7
7811.026992715802,22376.2
7811.237891358559,22822.0
7811.448790001315,22653.5
7811.659688644071,23008.8
7811.870587286828,23206.0
7812.081485929584,23392.9
7812.292384572341,22510.1
7812.503283215097,22031.8
7812.714181857854,22723.6
7812.92508050061,21973.1
7813.135979143367,21594.3
7813.3468777861235,22295.1
7813.55777642888,22883.7
7813.768675071637,22349.1
7813.979573714392,21284.3
7814.190472357149,21730.2
7814.401370999905,22082.6
7814.612269642662,21215.5
7814.823168285418,21688.8
7815.034066928175,22728.6
7815.2449655709315,21929.9
7815.455864213688,21993.1
7815.666762856445,21753.2
7815.877661499201,21725.6
7816.088560141958,21345.7
7816.299458784714,21231.8
7816.51035742747,21248.5
7816.721256070226,21680.1
7816.932154712983,21630.1
7817.1430533557395,21217.2
7817.353951998496,21447.2
7817.564850641253,22262.7
7817.775749284009,21847.7
7817.986647926766,21589.1
7818.197546569522,20769.1
7818.408445212279,20655.2
7818.619343855035,21168.2
7818.830242497792,21015.9
7819.041141140548,20887.4
7819.252039783304,20977.1
7819.462938426061,21618.5
7819.673837068817,21473.5
7819.884735711574,21393.3
7820.09563435433,20663.7
7820.306532997087,20997.7
7820.517431639843,20826.4
7820.7283302826,20903.7
7820.9392289253565,21083.4
7821.150127568113,20941.0
7821.361026210869,20482.3
7821.571924853625,20185.4
7821.782823496382,20104.1
7821.993722139138,20091.0
7822.204620781895,19638.7
7822.415519424651,20201.1
7822.626418067408,21419.1
7822.8373167101645,21460.1
7823.048215352921,19616.3
7823.259113995678,20151.9
7823.470012638434,20008.3
7823.680911281191,19549.2
7823.891809923946,19352.7
7824.102708566703,19543.8
7824.313607209459,19773.1
7824.524505852216,19504.2
7824.7354044949725,19386.4
7824.946303137729,19252.3
7825.157201780486,20389.2
7825.368100423242,19820.9
7825.578999065999,20428.1
7825.789897708755,19704.7
7826.000796351512,20095.1
7826.211694994268,19026.9
7826.422593637024,19389.1
7826.6334922797805,19563.9
7826.844390922537,19571.3
7827.055289565294,19477.4
7827.26618820805,18857.2
7827.477086850807,19162.2
7827.687985493563,18580.6
7827.89888413632,18840.1
7828.109782779076,18925.6
7828.320681421833,19932.3
7828.531580064589,19223.5
7828.742478707346,19151.1
7828.953377350102,18551.4
7829.164275992858,18553.5
7829.375174635615,18673.5
7829.586073278371,18956.1
7829.796971921128,18335.5
7830.007870563884,18588.7
7830.218769206641,18909.1
7830.429667849397,18828.9
7830.640566492154,18897.0
7830.8514651349105,18353.1
7831.062363777667,18695.7
7831.273262420424,18768.6
7831.484161063179,18366.9
7831.695059705936,17702.2
7831.905958348692,17826.0
7832.116856991449,18028.9
7832.3277556342055,17827.9
7832.538654276962,18031.3
7832.749552919719,17749.9
7832.960451562475,18613.3
7833.171350205232,18355.0
7833.382248847988,17500.4
7833.593147490745,17982.4
7833.8040461335,17784.2
7834.014944776257,17261.7
7834.2258434190135,17884.4
7834.43674206177,17807.5
7834.647640704527,17923.7
7834.858539347283,17463.0
7835.06943799004,17576.4
7835.280336632796,18017.1
7835.491235275553,18394.3
7835.702133918309,18055.3
7835.913032561066,17411.9
7836.123931203822,16858.9
7836.334829846579,17323.0
7836.545728489335,17345.9
7836.756627132091,16779.4
7836.967525774848,16900.5
7837.178424417604,17037.1
7837.389323060361,16486.3
7837.600221703117,16338.1
7837.811120345874,15952.2
7838.02201898863,16251.9
7838.232917631387,16932.8
7838.4438162741435,16698.2
7838.6547149169,15886.5
7838.865613559656,15634.1
7839.076512202412,15751.6
7839.287410845169,16570.5
7839.498309487925,16459.9
7839.709208130682,15353.6
7839.920106773438,15983.6
7840.131005416195,16792.1
7840.3419040589515,15698.1
7840.552802701708,15305.4
7840.763701344465,16160.2
7840.974599987221,16289.9
7841.185498629978,15935.3
7841.396397272733,16086.4
7841.60729591549,14452.0
7841.818194558246,14757.0
7842.029093201003,14390.8
7842.2399918437595,16037.0
7842.450890486516,15578.3
7842.661789129273,14960.0
7842.872687772029,15101.0
7843.083586414786,15142.5
7843.294485057542,14793.1
7843.505383700299,15885.4
7843.716282343055,16159.2
7843.927180985811,15820.7
7844.1380796285675,15263.8
7844.348978271324,15228.0
7844.559876914081,14607.1
7844.770775556837,14465.7
7844.981674199594,14387.0
7845.19257284235,14975.7
7845.403471485107,15046.5
7845.614370127863,15284.5
7845.82526877062,14722.1
7846.0361674133765,13776.3
7846.247066056132,15085.6
7846.457964698889,14662.1
7846.668863341645,14928.4
7846.879761984402,14794.9
7847.090660627158,14531.0
7847.301559269915,14075.6
7847.512457912671,13400.5
7847.723356555428,13950.9
7847.9342551981845,14682.2
7848.145153840941,14328.7
7848.356052483698,13871.2
7848.566951126454,13745.8
7848.777849769211,14120.8
7848.988748411966,13904.8
7849.199647054723,13543.5
7849.410545697479,13255.2
7849.621444340236,12760.2
7849.8323429829925,13280.3
7850.043241625749,13110.3
7850.254140268506,12998.4
7850.465038911262,12828.6
7850.675937554019,13704.6
7850.886836196775,13351.4
7851.097734839532,12818.7
7851.308633482287,13292.8
7851.519532125044,12691.2
7851.7304307678005,13617.0
7851.941329410557,12977.8
7852.152228053314,13398.0
7852.36312669607,13528.8
7852.574025338827,12598.7
7852.784923981583,13232.2
7852.99582262434,12812.9
7853.206721267096,12731.7
7853.417619909853,13044.9
7853.628518552609,12512.7
7853.839417195365,12651.7
7854.050315838122,12972.1
7854.261214480878,12659.3
7854.472113123635,12547.7
7854.683011766391,12885.0
7854.893910409148,12308.2
7855.104809051904,12964.9
7855.315707694661,12707.1
7855.526606337417,11925.1
7855.737504980174,12210.3
7855.9484036229305,12405.5
7856.159302265687,12350.9
7856.370200908443,12452.3
7856.581099551199,11847.3
7856.791998193956,12184.6
7857.002896836712,13035.9
7857.213795479469,12890.7
7857.424694122225,12003.6
7857.635592764982,12516.6
7857.8464914077385,12481.2
7858.057390050495,11511.5
7858.268288693252,12204.4
7858.479187336008,11870.3
7858.690085978765,11912.3
7858.90098462152,11280.9
7859.111883264277,11538.0
7859.3227819070335,12182.1
7859.53368054979,12097.4
7859.744579192547,10994.4
7859.955477835303,11432.0
7860.16637647806,11204.8
7860.377275120816,11375.6
7860.588173763573,11544.2
7860.799072406329,11942.0
7861.009971049086,11850.4
7861.220869691842,11917.3
7861.431768334598,11771.2
7861.642666977355,12257.2
7861.853565620111,11067.0
7862.064464262868,10630.0
7862.275362905624,10921.7
7862.486261548381,11489.7
7862.697160191137,10472.0
7862.908058833894,10706.3
7863.11895747665,10679.5
7863.329856119407,11446.7
7863.5407547621635,11093.9
7863.751653404919,10230.4
7863.962552047676,10751.9
7864.173450690432,12162.4
7864.384349333189,10826.8
7864.595247975945,10539.3
7864.806146618702,10776.7
7865.017045261458,10128.8
7865.227943904215,10197.4
7865.4388425469715,10228.3
7865.649741189728,10649.6
7865.860639832485,10262.5
7866.071538475241,9357.18
7866.282437117998,10393.1
7866.493335760753,10107.5
7866.70423440351,9398.95
7866.915133046266,9898.95
7867.126031689023,10082.1
7867.3369303317795,10340.2
7867.547828974536,8935.45
7867.758727617293,9823.7
7867.969626260049,10281.0
7868.180524902806,9631.98
7868.391423545562,9479.86
7868.602322188319,9422.21
7868.813220831074,10087.9
7869.024119473831,10314.1
7869.2350181165875,9750.28
7869.445916759344,9024.24
7869.656815402101,9919.22
7869.867714044857,9752.73
7870.078612687614,9865.06
7870.28951133037,10071.3
7870.500409973127,9369.44
7870.711308615883,9569.85
7870.92220725864,8892.96
7871.133105901396,8855.51
7871.344004544152,8821.62
7871.554903186909,9029.42
7871.765801829665,9831.13
7871.976700472422,9574.34
7872.187599115178,9217.76
7872.398497757935,9397.16
7872.609396400691,9052.93
7872.820295043448,8745.69
7873.0311936862045,8155.88
7873.242092328961,7982.09
7873.452990971718,8733.04
7873.663889614474,8573.98
7873.87478825723,8610.97
7874.085686899986,8154.08
7874.296585542743,8276.25
7874.507484185499,8777.22
7874.718382828256,8426.59
7874.9292814710125,8459.39
7875.140180113769,8922.46
7875.351078756526,7952.19
7875.561977399282,7892.84
7875.772876042039,8388.01
7875.983774684795,8025.49
7876.194673327551,7288.57
7876.405571970307,8305.21
7876.616470613064,8721.53
7876.8273692558205,7567.34
7877.038267898577,7766.55
7877.249166541334,7911.07
7877.46006518409,7223.77
7877.670963826847,7502.19
7877.881862469603,7862.05
7878.09276111236,7700.97
7878.303659755116,7856.7
7878.514558397873,8033.07
7878.725457040629,7114.85
7878.936355683385,7260.27
7879.147254326142,6836.61
7879.358152968898,7318.06
7879.569051611655,7367.04
7879.779950254411,7383.42
7879.990848897168,7668.95
7880.201747539924,7119.65
7880.412646182681,6332.51
7880.623544825437,6900.75
7880.834443468194,7276.16
7881.0453421109505,6575.6
7881.256240753706,7315.46
7881.467139396463,7233.61
7881.678038039219,7425.15
7881.888936681976,7412.98
7882.099835324732,7630.24
7882.310733967489,6831.16
7882.521632610245,6940.48
7882.732531253002,6303.95
7882.9434298957585,7374.17
7883.154328538515,6749.4
7883.365227181272,7132.51
7883.576125824028,6712.21
7883.787024466784,6717.04
7883.99792310954,6939.27
7884.208821752297,5990.24
7884.419720395053,6157.15
7884.63061903781,6653.92
7884.8415176805665,6207.89
7885.052416323323,6584.86
7885.26331496608,6163.82
7885.474213608836,5752.46
7885.685112251593,5324.0
7885.896010894349,5946.86
7886.106909537106,6679.47
7886.3178081798615,6810.52
7886.528706822618,6107.2
7886.739605465375,5915.57
7886.950504108131,6110.82
7887.161402750888,5873.23
7887.372301393644,5728.62
7887.583200036401,5332.74
7887.794098679157,5542.63
7888.004997321914,5376.05
7888.21589596467,6152.1
7888.426794607427,5821.38
7888.637693250183,5836.75
7888.848591892939,5026.45
7889.059490535696,5981.52
7889.270389178452,5612.24
7889.481287821209,5239.12
7889.692186463965,5829.76
7889.903085106722,4505.96
7890.113983749478,5351.83
7890.324882392235,5170.21
7890.5357810349915,6269.15
7890.746679677748,6309.84
7890.957578320505,5564.33
7891.168476963261,5536.28
7891.379375606017,5275.13
7891.590274248773,5560.89
7891.80117289153,5217.03
7892.012071534286,4976.85
7892.222970177043,4906.45
7892.4338688197995,5189.51
7892.644767462556,4440.96
7892.855666105313,4143.14
7893.066564748069,5012.59
7893.277463390826,4714.51
7893.488362033582,4717.21
7893.699260676338,4714.93
7893.910159319094,5437.35
7894.121057961851,4977.41
7894.3319566046075,5468.27
7894.542855247364,4469.62
7894.753753890121,4422.47
7894.964652532877,4567.87
7895.175551175634,4328.65
