6486.2441763698,10542.6
6486.423876123103,9840.86
6486.6035758764065,9656.03
6486.783275629709,9907.08
6486.962975383012,10428.1
6487.142675136316,10595.8
6487.322374889619,10375.9
6487.502074642923,10618.1
6487.681774396226,10972.6
6487.8614741495285,10701.0
6488.041173902832,10828.8
6488.220873656135,10771.4
6488.400573409438,10737.7
6488.580273162742,10952.4
6488.759972916045,11108.4
6488.9396726693485,10902.5
6489.119372422651,10621.1
6489.299072175954,11124.2
6489.478771929258,11528.6
6489.658471682561,11743.4
6489.838171435864,12165.5
6490.017871189168,12297.1
6490.1975709424705,12073.6
6490.377270695773,11608.6
6490.556970449077,10972.5
6490.73667020238,11145.7
6490.916369955684,11410.0
6491.096069708987,11718.6
6491.27576946229,12441.9
6491.455469215593,12938.6
6491.635168968896,13266.2
6491.814868722199,13556.3
6491.994568475503,13597.4
6492.174268228806,13759.8
6492.35396798211,13621.4
6492.533667735413,12958.5
6492.713367488715,12450.0
6492.893067242019,11503.5
6493.072766995322,11274.8
6493.252466748625,12285.9
6493.432166501929,13122.1
6493.611866255232,13311.3
6493.791566008535,13704.8
6493.971265761838,14279.0
6494.150965515141,13529.7
6494.330665268445,13074.8
6494.510365021748,13002.0
6494.690064775051,13273.2
6494.869764528355,13453.6
6495.0494642816575,13119.5
6495.22916403496,13426.0
6495.408863788264,13679.1
6495.588563541567,12187.9
6495.768263294871,12048.9
6495.947963048174,12327.1
6496.127662801477,11662.1
6496.30736255478,20373.4
6496.487062308083,25177.5
6496.666762061386,13815.9
6496.84646181469,13587.4
6497.026161567993,14214.9
6497.205861321297,13772.2
6497.3855610745995,13738.2
6497.565260827902,13467.9
6497.744960581206,13667.0
6497.924660334509,14432.9
6498.104360087812,14594.7
6498.284059841116,14575.7
6498.463759594419,15103.6
6498.643459347722,15145.4
6498.823159101025,15330.8
6499.002858854328,15379.2
6499.182558607632,14900.3
6499.362258360935,14864.1
6499.541958114238,15238.4
6499.721657867542,15135.5
6499.9013576208445,15191.6
6500.081057374147,15844.1
6500.260757127451,15600.3
6500.440456880754,15603.3
6500.620156634058,15928.4
6500.799856387361,15712.3
6500.979556140664,15548.9
6501.159255893967,15794.9
6501.33895564727,15903.7
6501.518655400573,15757.1
6501.698355153877,15722.2
6501.87805490718,16382.4
6502.057754660483,16687.4
6502.2374544137865,16495.8
6502.417154167089,16558.3
6502.596853920393,15907.4
6502.776553673696,16045.9
6502.956253426999,17230.2
6503.135953180303,16947.1
6503.315652933606,16678.1
6503.4953526869085,16433.0
6503.675052440212,16555.7
6503.854752193515,16776.5
6504.034451946819,16937.2
6504.214151700122,17115.7
6504.393851453425,17073.7
6504.573551206729,17079.8
6504.753250960031,17609.7
6504.932950713334,18081.4
6505.112650466638,18249.8
6505.292350219941,18238.2
6505.472049973244,18299.3
6505.651749726548,18410.2
6505.831449479851,18539.7
6506.011149233154,18861.2
6506.190848986457,19057.5
6506.37054873976,18958.5
6506.550248493064,18941.5
6506.729948246367,18732.0
6506.90964799967,18992.8
6507.0893477529735,19562.6
6507.269047506276,19468.9
6507.44874725958,18936.6
6507.628447012883,18567.4
6507.808146766186,18660.8
6507.98784651949,18900.2
6508.167546272793,18770.0
6508.3472460260955,18514.2
6508.526945779399,18249.6
6508.706645532702,18062.2
6508.886345286006,18714.8
6509.066045039309,18825.7
6509.245744792612,19341.2
6509.4254445459155,20095.9
6509.605144299218,20193.9
6509.784844052521,20367.3
6509.964543805825,20685.1
6510.144243559128,20633.6
6510.323943312431,19664.0
6510.503643065735,19943.2
6510.6833428190375,20178.2
6510.863042572341,20749.7
6511.042742325644,20670.4
6511.222442078947,20110.6
6511.402141832251,20599.8
6511.581841585554,21069.3
6511.761541338857,20420.1
6511.94124109216,19660.9
6512.120940845463,18811.8
6512.300640598767,19101.0
6512.48034035207,20276.0
6512.660040105373,21406.5
6512.839739858677,21722.6
6513.01943961198,21384.7
6513.1991393652825,21179.4
6513.378839118586,21256.4
6513.558538871889,21379.1
6513.738238625192,21820.8
6513.917938378496,22454.3
6514.097638131799,22410.6
6514.2773378851025,21891.6
6514.457037638405,20140.0
6514.636737391708,19502.2
6514.816437145012,20097.4
6514.996136898315,20881.8
6515.175836651618,22778.2
6515.355536404922,23111.2
6515.5352361582245,23173.8
6515.714935911528,22542.3
6515.894635664831,22330.2
6516.074335418134,22333.4
6516.254035171438,21395.5
6516.433734924741,19510.3
6516.613434678044,18474.1
6516.793134431347,19358.9
6516.97283418465,21418.9
6517.152533937953,23581.1
6517.332233691257,24260.9
6517.51193344456,24721.6
6517.691633197864,24940.6
6517.871332951167,23749.0
6518.051032704469,22888.1
6518.230732457773,23277.1
6518.410432211076,23690.3
6518.590131964379,24033.7
6518.769831717683,24465.6
6518.949531470986,23722.5
6519.1292312242895,22591.8
6519.308930977592,21765.3
6519.488630730895,21601.5
6519.668330484199,23069.8
6519.848030237502,24476.5
6520.027729990805,25215.5
6520.207429744109,25273.2
6520.3871294974115,24545.4
6520.566829250714,24563.2
6520.746529004018,25566.5
6520.926228757321,25306.2
6521.105928510625,25449.5
6521.285628263928,25923.6
6521.465328017231,25597.3
6521.645027770534,25861.9
6521.824727523837,25878.5
6522.00442727714,25456.3
6522.184127030444,25518.8
6522.363826783747,26295.9
6522.543526537051,26891.4
6522.7232262903535,26221.7
6522.902926043656,26397.8
6523.08262579696,25827.8
6523.262325550263,25459.0
6523.442025303566,25178.4
6523.62172505687,24454.5
6523.801424810173,23747.0
6523.9811245634755,24177.2
6524.160824316779,25967.0
6524.340524070082,27483.6
6524.520223823386,27803.0
6524.699923576689,28170.1
6524.879623329992,28037.4
6525.059323083296,27643.3
6525.239022836598,27945.8
6525.418722589901,28543.2
6525.598422343205,27999.0
6525.778122096508,27706.8
6525.957821849812,28105.6
6526.137521603115,28298.1
6526.317221356418,28554.4
6526.496921109721,28662.1
6526.676620863024,28541.0
6526.856320616327,28549.7
6527.036020369631,28923.3
6527.215720122934,29297.9
6527.395419876238,29576.1
6527.5751196295405,28972.4
6527.754819382843,28725.2
6527.934519136147,29029.6
6528.11421888945,29397.4
6528.293918642753,30049.6
6528.473618396057,30130.4
6528.65331814936,29994.3
6528.8330179026625,30152.3
6529.012717655966,30046.3
6529.192417409269,30580.9
6529.372117162573,30515.1
6529.551816915876,30556.3
6529.731516669179,30601.7
6529.9112164224825,30326.3
6530.090916175785,30567.1
6530.270615929088,30911.7
6530.450315682392,30537.4
6530.630015435695,30371.1
6530.809715188999,30337.8
6530.989414942302,30962.0
6531.169114695605,31545.7
6531.348814448908,30863.8
6531.528514202211,31352.0
6531.708213955514,31624.7
6531.887913708818,31049.0
6532.067613462121,29955.4
6532.247313215424,28082.6
6532.4270129687275,27463.7
6532.60671272203,29496.2
6532.786412475334,31694.2
6532.966112228637,32441.1
6533.14581198194,33166.3
6533.325511735244,32280.1
6533.505211488547,32054.7
6533.6849112418495,31428.7
6533.864610995153,31074.3
6534.044310748456,31138.9
6534.22401050176,31459.2
6534.403710255063,32293.4
6534.583410008366,32483.3
6534.7631097616695,32392.4
6534.942809514972,32557.3
6535.122509268275,33082.0
6535.302209021579,33157.3
6535.481908774882,33590.5
6535.661608528185,34444.2
6535.841308281489,33859.1
6536.0210080347915,34172.1
6536.200707788095,34813.4
6536.380407541398,33855.6
6536.560107294701,32977.4
6536.739807048005,32674.2
6536.919506801308,32845.8
6537.099206554611,34085.3
6537.278906307914,34541.1
6537.458606061217,34822.1
6537.638305814521,35626.0
6537.818005567824,35506.3
6537.997705321127,36091.7
6538.177405074431,35789.5
6538.357104827734,35532.8
6538.536804581036,35762.5
6538.71650433434,35318.6
6538.896204087643,35641.4
6539.075903840947,36183.8
6539.25560359425,36213.1
6539.435303347553,35818.5
6539.6150031008565,36361.4
6539.794702854159,36430.3
6539.974402607462,36678.5
6540.154102360766,36326.4
6540.333802114069,36323.2
6540.513501867372,36406.1
6540.693201620676,36738.7
6540.8729013739785,37281.3
6541.052601127282,37365.9
6541.232300880585,37567.3
6541.412000633888,36992.6
6541.591700387192,36706.4
6541.771400140495,38031.8
6541.951099893798,37460.7
6542.130799647101,35919.8
6542.310499400404,35454.6
6542.490199153708,36186.1
6542.669898907011,37530.1
6542.849598660314,37805.3
6543.029298413618,38378.7
6543.2089981669205,39162.0
6543.388697920223,38486.4
6543.568397673527,36811.1
6543.74809742683,33035.5
6543.927797180133,32299.7
6544.107496933437,33972.4
6544.28719668674,37223.2
6544.4668964400435,39112.1
6544.646596193346,39654.1
6544.826295946649,39639.4
6545.005995699953,39684.1
6545.185695453256,40308.2
6545.365395206559,40068.4
6545.545094959863,38830.9
6545.7247947131655,38526.3
6545.904494466469,38813.9
6546.084194219772,39241.4
6546.263893973075,40373.6
6546.443593726379,41118.7
6546.623293479682,41838.6
6546.802993232985,41781.0
6546.982692986288,41553.5
6547.162392739591,41788.5
6547.342092492894,41053.1
6547.521792246198,40122.1
6547.701491999501,39886.9
6547.881191752805,40781.3
6548.0608915061075,41817.9
6548.24059125941,41120.7
6548.420291012714,39402.2
6548.599990766017,37593.0
6548.77969051932,37910.8
6548.959390272624,40252.3
6549.139090025927,42661.8
6549.31878977923,43396.1
6549.498489532533,43547.4
6549.678189285836,44330.5
6549.85788903914,44794.1
6550.037588792443,44830.4
6550.217288545746,44758.7
6550.39698829905,44784.5
6550.576688052352,44987.9
6550.756387805655,45594.5
6550.936087558959,46455.8
6551.115787312262,46063.0
6551.295487065566,45949.2
6551.475186818869,46119.9
6551.654886572172,46433.4
6551.834586325475,46634.1
6552.014286078778,46750.7
6552.193985832081,46180.1
6552.373685585385,43451.1
6552.553385338688,40929.3
6552.733085091992,40856.4
6552.9127848452945,44219.1
6553.092484598597,48246.9
6553.272184351901,49080.7
6553.451884105204,48296.4
6553.631583858507,47334.9
6553.811283611811,47081.3
6553.990983365114,48060.7
6554.1706831184165,50105.3
6554.35038287172,51024.5
6554.530082625023,52408.8
6554.709782378327,53027.3
6554.88948213163,53715.3
6555.069181884933,54092.4
6555.2488816382365,54549.6
6555.428581391539,55295.9
6555.608281144842,56681.0
6555.787980898146,58799.9
6555.967680651449,59844.1
6556.147380404753,60416.7
6556.327080158056,62172.7
6556.5067799113585,63875.5
6556.686479664662,65680.9
6556.866179417965,64720.1
6557.045879171268,64128.3
6557.225578924572,65022.1
6557.405278677875,68449.7
6557.584978431179,73366.4
6557.764678184481,77505.7
6557.944377937784,79684.1
6558.124077691088,82237.2
6558.303777444391,86872.2
6558.483477197694,92808.6
6558.663176950998,98880.8
6558.842876704301,106405.0
6559.0225764576035,116043.0
6559.202276210907,123484.0
6559.38197596421,130738.0
6559.561675717514,140653.0
6559.741375470817,151946.0
6559.92107522412,162400.0
6560.1007749774235,173452.0
6560.280474730726,185158.0
6560.460174484029,202769.0
6560.639874237333,226091.0
6560.819573990636,251433.0
6560.99927374394,276951.0
6561.178973497243,302934.0
6561.3586732505455,336541.0
6561.538373003849,375687.0
6561.718072757152,411172.0
6561.897772510455,450214.0
6562.077472263759,496850.0
6562.257172017062,544340.0
6562.436871770365,573034.0
6562.616571523668,567524.0
6562.796271276971,526206.0
6562.975971030275,470112.0
6563.155670783578,418129.0
6563.335370536881,368388.0
6563.515070290185,331804.0
6563.694770043488,306172.0
6563.87446979679,278431.0
6564.054169550094,252814.0
6564.233869303397,233575.0
6564.413569056701,225461.0
6564.593268810004,223548.0
6564.772968563307,210146.0
6564.9526683166105,189805.0
6565.132368069913,170885.0
6565.312067823216,156184.0
6565.49176757652,141672.0
6565.671467329823,131911.0
6565.851167083126,122987.0
6566.03086683643,114201.0
6566.2105665897325,106755.0
6566.390266343036,102489.0
6566.569966096339,98017.2
6566.749665849642,92048.7
6566.929365602946,88665.7
6567.109065356249,85513.7
6567.288765109552,82498.9
6567.468464862855,80362.2
6567.648164616158,77808.6
6567.827864369462,75323.5
6568.007564122765,72857.5
6568.187263876068,71601.4
6568.366963629372,69540.1
6568.5466633826745,66996.6
6568.726363135977,64848.6
6568.906062889281,63444.5
6569.085762642584,62822.0
6569.265462395888,63508.0
6569.445162149191,62606.0
6569.624861902494,60730.5
6569.804561655797,60311.2
6569.9842614091,59503.8
6570.163961162403,59338.1
6570.343660915707,59233.2
6570.52336066901,58159.0
6570.703060422313,56857.0
6570.882760175617,55496.8
6571.062459928919,55384.1
6571.242159682223,56076.2
6571.421859435526,55968.7
6571.601559188829,55408.4
6571.781258942133,52558.7
6571.960958695436,49772.4
6572.140658448739,47972.2
6572.320358202042,48803.8
6572.500057955345,51476.9
6572.679757708649,53391.6
6572.859457461952,54380.0
6573.039157215255,53437.4
6573.218856968559,52593.6
6573.3985567218615,52293.9
6573.578256475164,51923.9
6573.757956228468,51281.3
6573.937655981771,51693.9
6574.117355735074,52271.6
6574.297055488378,53063.0
6574.476755241681,51171.0
6574.656454994984,45971.8
6574.836154748287,43694.8
6575.01585450159,45137.7
6575.195554254894,48286.4
6575.375254008197,50425.6
6575.5549537615,50395.7
6575.7346535148035,51327.3
6575.914353268106,50678.3
6576.09405302141,50405.2
6576.273752774713,49755.0
6576.453452528016,50616.6
6576.63315228132,51012.7
6576.812852034623,50545.6
6576.992551787926,50226.9
6577.172251541229,49761.5
6577.351951294532,49994.5
6577.531651047835,50727.4
6577.711350801139,50704.2
6577.891050554442,50019.7
6578.070750307746,49596.6
6578.2504500610485,50034.5
6578.430149814351,50445.4
6578.609849567655,50103.5
6578.789549320958,48960.8
6578.969249074261,48756.8
6579.148948827565,50219.7
6579.328648580868,49778.9
6579.508348334171,50705.5
6579.688048087474,50430.7
6579.867747840777,50310.7
6580.047447594081,48927.4
6580.227147347384,50289.5
6580.406847100687,49915.3
6580.5865468539905,49108.6
6580.766246607293,48043.8
6580.945946360596,47714.6
6581.1256461139,48563.7
6581.305345867203,49984.3
6581.485045620507,50463.1
6581.66474537381,49721.1
6581.8444451271125,49249.1
6582.024144880416,49186.5
6582.203844633719,49192.4
6582.383544387022,48714.6
6582.563244140326,49010.2
6582.742943893629,49878.6
6582.922643646933,49482.0
6583.102343400235,48564.6
6583.282043153538,47722.5
6583.461742906842,47945.2
6583.641442660145,48299.5
6583.821142413448,48728.3
6584.000842166752,49718.8
6584.180541920055,49263.1
6584.360241673357,50030.7
6584.539941426661,49950.7
6584.719641179964,50212.3
6584.899340933268,50564.8
6585.079040686571,50288.1
6585.258740439874,50526.2
6585.4384401931775,49955.9
6585.61813994648,50059.7
6585.797839699783,49727.4
6585.977539453087,50652.1
6586.15723920639,50342.1
6586.336938959694,48622.7
6586.516638712997,47168.9
6586.6963384662995,46232.5
6586.876038219603,47735.4
6587.055737972906,49651.3
6587.235437726209,50411.9
6587.415137479513,51109.7
6587.594837232816,50512.8
6587.7745369861195,49879.1
6587.954236739422,50182.1
6588.133936492725,49285.8
6588.313636246029,48271.9
6588.493335999332,48215.2
6588.673035752635,47695.0
6588.852735505939,48709.3
6589.0324352592415,49251.9
6589.212135012544,48103.6
6589.391834765848,47686.8
6589.571534519151,48660.1
6589.751234272455,49039.8
6589.930934025758,49778.2
6590.110633779061,49184.0
6590.2903335323645,49384.4
6590.470033285667,49160.6
6590.64973303897,48298.3
6590.829432792274,48569.4
6591.009132545577,48314.4
6591.188832298881,48166.2
6591.368532052184,48076.2
6591.5482318054865,48277.5
6591.72793155879,47971.3
6591.907631312093,47804.5
6592.087331065396,48565.8
6592.2670308187,47971.5
6592.446730572003,47303.7
6592.626430325306,48223.9
6592.806130078609,48648.8
6592.985829831912,48417.8
6593.165529585216,48157.8
6593.345229338519,47936.4
6593.524929091822,48087.1
6593.704628845126,48364.3
6593.8843285984285,48534.5
6594.064028351731,48230.6
6594.243728105035,48761.3
6594.423427858338,48378.0
6594.603127611642,48838.5
6594.782827364945,47618.1
6594.962527118248,47522.7
6595.142226871551,48534.2
6595.321926624854,49501.5
6595.501626378157,49228.8
6595.681326131461,48047.2
6595.861025884764,48772.4
6596.040725638067,48634.4
6596.220425391371,48628.1
6596.400125144673,49264.7
6596.579824897977,48826.5
6596.75952465128,48189.7
6596.939224404583,48276.0
6597.118924157887,48654.3
6597.29862391119,49084.4
6597.478323664493,49547.5
6597.658023417796,48679.2
6597.837723171099,48290.8
6598.017422924403,48394.3
6598.197122677706,49533.4
6598.376822431009,49159.5
6598.556522184313,48777.9
6598.7362219376155,48527.7
6598.915921690918,48378.2
6599.095621444222,47243.5
6599.275321197525,46290.2
6599.455020950829,46835.6
6599.634720704132,47432.4
6599.814420457435,48115.5
6599.994120210738,47995.7
6600.173819964041,47819.0
6600.353519717344,48089.6
6600.533219470648,47737.1
6600.712919223951,47403.9
6600.892618977254,48351.0
6601.0723187305575,48572.6
6601.25201848386,48875.3
6601.431718237164,48212.6
6601.611417990467,48100.0
6601.79111774377,48289.0
6601.970817497074,47366.9
6602.150517250377,46654.3
6602.3302170036795,46980.7
6602.509916756983,47462.1
6602.689616510286,47231.0
6602.86931626359,47026.7
6603.049016016893,48412.9
6603.228715770196,49579.3
6603.4084155235,48122.5
6603.5881152768025,47765.5
6603.767815030105,48517.5
6603.947514783409,47590.4
6604.127214536712,48407.2
6604.306914290015,48506.6
6604.486614043319,48458.9
6604.666313796622,47731.7
6604.846013549925,47320.3
6605.025713303228,47749.0
6605.205413056531,46964.8
6605.385112809835,47092.9
6605.564812563138,46753.8
6605.744512316441,47370.2
6605.9242120697445,47574.6
6606.103911823047,47484.0
6606.283611576351,47632.2
6606.463311329654,47102.2
6606.643011082957,47491.3
6606.822710836261,48061.0
6607.002410589564,47336.2
6607.1821103428665,47352.2
6607.36181009617,47586.2
6607.541509849473,46719.0
6607.721209602776,46578.9
6607.90090935608,47108.6
6608.080609109383,47511.3
6608.2603088626865,47974.6
6608.440008615989,47803.9
6608.619708369292,47071.1
6608.799408122596,47255.1
6608.979107875899,46868.1
6609.158807629202,46847.2
6609.338507382506,47671.9
6609.518207135809,47179.7
6609.697906889112,46783.4
6609.877606642415,46582.0
6610.057306395718,46655.3
6610.237006149022,47360.1
6610.416705902325,47765.5
6610.596405655628,47182.4
6610.7761054089315,46302.5
6610.955805162234,47210.0
6611.135504915537,47902.9
6611.315204668841,47102.3
6611.494904422144,46514.8
6611.674604175448,46460.5
6611.854303928751,47213.0
6612.0340036820535,47249.1
6612.213703435357,45974.3
6612.39340318866,46288.4
6612.573102941963,45804.8
6612.752802695267,45136.7
6612.93250244857,45388.1
6613.1122022018735,45681.2
6613.291901955176,45348.2
6613.471601708479,45069.8
6613.651301461783,45120.5
6613.831001215086,45434.2
6614.010700968389,46450.8
6614.190400721693,47149.5
6614.3701004749955,46981.3
6614.549800228298,46000.6
6614.729499981602,47165.8
6614.909199734905,48050.7
6615.088899488209,47079.1
6615.268599241512,45696.9
6615.448298994815,46176.4
6615.627998748118,46213.9
6615.807698501421,46557.4
6615.987398254724,46527.2
6616.167098008028,45961.9
6616.346797761331,46566.6
6616.526497514635,46400.6
6616.706197267938,46433.9
6616.88589702124,45543.9
6617.065596774544,46055.0
6617.245296527847,46581.3
6617.42499628115,46282.2
6617.604696034454,45736.4
6617.784395787757,46046.7
6617.96409554106,45833.5
6618.143795294363,45806.7
6618.323495047666,45732.6
6618.50319480097,46252.6
6618.682894554273,45311.1
6618.862594307576,46066.3
6619.04229406088,46515.1
6619.2219938141825,46002.8
6619.401693567485,45233.1
6619.581393320789,45722.3
6619.761093074092,45461.9
6619.940792827396,46074.2
6620.120492580699,46151.3
6620.300192334002,46108.5
6620.479892087305,46236.1
6620.659591840608,45087.4
6620.839291593911,44579.6
6621.018991347215,45506.4
6621.198691100518,45809.9
6621.378390853822,45230.6
6621.5580906071245,44692.9
6621.737790360427,44438.8
6621.917490113731,44502.2
6622.097189867034,44897.5
6622.276889620337,45146.7
6622.456589373641,44764.5
6622.636289126944,44244.4
6622.815988880247,43688.1
6622.99568863355,44517.2
6623.175388386853,45366.8
6623.355088140157,44624.3
6623.53478789346,44583.6
6623.714487646763,44781.3
6623.894187400067,44070.0
6624.0738871533695,44431.6
6624.253586906672,44488.9
6624.433286659976,44320.2
6624.612986413279,45402.8
6624.792686166583,44685.4
6624.972385919886,43935.2
6625.152085673189,44208.8
6625.331785426492,44882.6
6625.511485179795,45277.9
6625.691184933098,45642.9
6625.870884686402,44780.7
6626.050584439705,43718.0
6626.230284193009,43870.0
6626.4099839463115,43807.8
6626.589683699614,44951.2
6626.769383452918,44711.6
6626.949083206221,45067.7
6627.128782959524,44095.1
6627.308482712828,43554.1
6627.488182466131,44574.0
6627.6678822194335,44027.5
6627.847581972737,43999.6
6628.02728172604,43574.5
6628.206981479344,43454.9
6628.386681232647,43640.2
6628.56638098595,43898.4
6628.746080739254,43962.9
6628.925780492556,44183.7
6629.105480245859,44220.3
6629.285179999163,43563.4
6629.464879752466,43296.6
6629.64457950577,43269.9
6629.824279259073,43957.7
6630.003979012376,44406.5
6630.183678765679,43365.5
6630.363378518982,42458.4
6630.543078272285,43132.1
6630.722778025589,43500.9
6630.902477778892,43187.5
6631.082177532195,42704.7
6631.2618772854985,43291.9
6631.441577038801,44308.0
6631.621276792105,43698.9
6631.800976545408,43107.7
6631.980676298711,43114.9
6632.160376052015,43309.5
6632.340075805318,42552.7
6632.5197755586205,42495.1
6632.699475311924,42785.7
6632.879175065227,42501.5
6633.058874818531,42101.4
6633.238574571834,42270.8
6633.418274325137,42439.5
6633.5979740784405,42762.9
6633.777673831743,42172.3
6633.957373585046,42350.5
6634.13707333835,42099.4
6634.316773091653,42359.8
6634.496472844956,43297.5
6634.67617259826,43465.7
6634.8558723515625,42336.5
6635.035572104866,42632.1
6635.215271858169,42720.4
6635.394971611472,42112.6
6635.574671364776,42184.9
6635.754371118079,42415.6
6635.934070871382,42382.8
6636.1137706246855,41965.8
6636.293470377988,42486.6
6636.473170131292,42355.7
6636.652869884595,41744.5
6636.832569637898,41999.6
6637.012269391202,42319.7
6637.191969144505,42144.1
6637.3716688978075,42278.3
6637.551368651111,42040.8
6637.731068404414,41799.5
6637.910768157717,41642.8
6638.090467911021,41134.1
6638.270167664324,41608.2
6638.4498674176275,41413.4
6638.62956717093,40401.1
6638.809266924233,41147.0
6638.988966677537,42165.0
6639.16866643084,41365.9
6639.348366184143,40947.3
6639.528065937447,41189.3
6639.7077656907495,41203.9
6639.887465444053,40786.8
6640.067165197356,40621.8
6640.246864950659,40678.3
6640.426564703963,40779.6
6640.606264457266,41101.7
6640.785964210569,40638.1
6640.965663963872,39690.0
6641.145363717175,40330.7
6641.325063470478,41085.4
6641.504763223782,40762.7
6641.684462977085,39960.9
6641.864162730389,39363.8
6642.043862483692,40061.7
6642.223562236994,40320.9
6642.403261990298,40034.6
6642.582961743601,39791.0
6642.762661496904,40255.2
6642.942361250208,39536.6
6643.122061003511,39733.9
6643.3017607568145,39629.7
6643.481460510117,39509.0
6643.66116026342,39717.2
6643.840860016724,39101.7
6644.020559770027,39633.1
6644.20025952333,39931.7
6644.379959276634,40425.7
6644.5596590299365,40132.1
6644.739358783239,39237.0
6644.919058536543,39603.3
6645.098758289846,40154.1
6645.27845804315,39468.1
6645.458157796453,39068.2
6645.637857549756,40508.7
6645.817557303059,40374.9
6645.997257056362,39143.9
6646.176956809665,39158.9
6646.356656562969,38964.4
6646.536356316272,39041.9
6646.716056069576,39129.4
6646.8957558228785,39022.8
6647.075455576181,38227.7
6647.255155329485,39011.3
6647.434855082788,39000.9
6647.614554836091,38922.5
6647.794254589395,39015.5
6647.973954342698,38722.1
6648.1536540960005,38951.9
6648.333353849304,38774.4
6648.513053602607,38404.7
6648.692753355911,38477.4
6648.872453109214,38388.7
6649.052152862517,38182.6
6649.231852615821,38187.1
6649.4115523691235,38534.1
6649.591252122426,39226.8
6649.77095187573,38794.0
6649.950651629033,38109.1
6650.130351382337,38344.0
6650.31005113564,38131.2
6650.489750888943,37882.3
6650.669450642246,37308.8
6650.849150395549,37643.8
6651.028850148852,38130.0
6651.208549902156,37557.0
6651.388249655459,37491.4
6651.567949408763,37724.6
6651.7476491620655,37479.6
6651.927348915368,37361.5
6652.107048668672,37990.1
6652.286748421975,37679.5
6652.466448175278,37848.1
6652.646147928582,37764.2
6652.825847681885,36464.3
6653.0055474351875,35914.6
6653.185247188491,37215.2
6653.364946941794,37528.9
6653.544646695098,36709.2
6653.724346448401,37179.1
6653.904046201704,36844.3
6654.0837459550075,37205.2
6654.26344570831,36296.0
6654.443145461613,36464.2
6654.622845214917,36703.3
6654.80254496822,36848.3
6654.982244721524,36525.9
6655.161944474827,36217.5
6655.34164422813,36351.0
6655.521343981433,36920.8
6655.701043734736,37129.4
6655.880743488039,36107.7
6656.060443241343,35960.1
6656.240142994646,36665.8
6656.41984274795,36141.9
6656.5995425012525,35755.0
6656.779242254555,35969.5
6656.958942007859,35888.9
6657.138641761162,35489.7
6657.318341514465,35924.0
6657.498041267769,34771.2
6657.677741021072,35060.3
6657.8574407743745,36003.5
6658.037140527678,34645.6
6658.216840280981,35116.2
6658.396540034285,36037.4
6658.576239787588,35844.2
6658.755939540891,35059.0
6658.9356392941945,35496.5
6659.115339047497,35277.3
6659.2950388008,35740.4
6659.474738554104,35404.7
6659.654438307407,34726.1
6659.834138060711,34490.9
6660.013837814014,35980.6
6660.1935375673165,35349.1
6660.37323732062,35086.4
6660.552937073923,34541.9
6660.732636827226,34356.4
6660.91233658053,34275.5
6661.092036333833,34479.8
6661.271736087136,34810.4
6661.451435840439,35023.8
6661.631135593742,34139.4
6661.810835347046,33939.8
6661.990535100349,33800.6
6662.170234853652,33753.8
6662.349934606956,34761.8
6662.529634360259,35098.4
6662.709334113561,34037.4
6662.889033866865,33407.3
6663.068733620168,34123.1
6663.248433373472,34397.4
6663.428133126775,33489.8
6663.607832880078,33973.0
6663.7875326333815,33766.5
6663.967232386684,34406.0
6664.146932139987,33582.6
6664.326631893291,33711.6
6664.506331646594,33952.4
6664.686031399897,34468.6
6664.865731153201,34086.9
6665.0454309065035,33101.2
6665.225130659807,33049.7
6665.40483041311,32634.4
6665.584530166413,32808.3
6665.764229919717,33742.4
6665.94392967302,33628.8
6666.123629426323,33211.5
6666.303329179626,33234.8
6666.483028932929,33091.0
6666.662728686233,33071.4
6666.842428439536,32675.2
6667.022128192839,32194.2
6667.201827946143,32447.2
6667.3815276994455,32310.6
6667.561227452748,32040.7
6667.740927206052,32236.3
6667.920626959355,32490.8
6668.100326712658,32295.1
6668.280026465962,31918.1
6668.459726219265,32436.7
6668.6394259725685,31805.0
6668.819125725871,31639.1
6668.998825479174,31634.8
6669.178525232478,31830.0
6669.358224985781,32603.5
6669.537924739084,31665.1
6669.717624492388,31022.8
6669.8973242456905,30592.6
6670.077023998994,30805.2
6670.256723752297,32027.3
6670.4364235056,31279.3
6670.616123258904,30849.1
6670.795823012207,30820.8
6670.97552276551,31667.9
6671.155222518813,30423.9
6671.334922272116,30226.0
6671.514622025419,30389.5
6671.694321778723,30574.2
6671.874021532026,30321.4
6672.05372128533,30329.4
6672.2334210386325,30396.2
6672.413120791935,30376.2
6672.592820545239,30718.8
6672.772520298542,30026.6
6672.952220051845,29926.0
6673.131919805149,29939.2
6673.311619558452,29968.5
6673.491319311755,30554.5
6673.671019065058,30223.6
6673.850718818361,29963.0
6674.030418571665,29321.9
6674.210118324968,29314.6
6674.389818078271,29477.4
6674.569517831575,29131.9
6674.749217584877,29351.9
6674.92891733818,29834.4
6675.108617091484,29289.4
6675.288316844787,28613.1
6675.468016598091,29271.6
6675.647716351394,28710.3
6675.827416104697,28268.3
6676.007115858,28302.2
6676.186815611303,27538.7
6676.366515364606,27893.3
6676.54621511791,27809.4
6676.725914871213,27704.8
6676.905614624517,27232.7
6677.0853143778195,26932.1
6677.265014131122,27496.3
6677.444713884426,27369.4
6677.624413637729,26839.1
6677.804113391032,27420.2
6677.983813144336,27102.1
6678.163512897639,27332.2
6678.3432126509415,27309.0
6678.522912404245,27752.3
6678.702612157548,27487.2
6678.882311910852,27335.2
6679.062011664155,27130.6
6679.241711417458,26945.7
6679.4214111707615,27694.4
6679.601110924064,27192.1
6679.780810677367,26759.1
6679.960510430671,27196.1
6680.140210183974,27696.6
6680.319909937278,27858.3
6680.499609690581,27623.8
6680.6793094438835,27473.6
6680.859009197187,27000.9
6681.03870895049,27606.8
6681.218408703793,26955.5
6681.398108457097,26908.9
6681.5778082104,26943.5
6681.757507963704,26843.0
6681.9372077170065,26493.7
6682.116907470309,26938.3
6682.296607223613,27134.0
6682.476306976916,26717.4
6682.656006730219,25983.6
6682.835706483523,26248.4
6683.015406236826,26444.7
6683.1951059901285,26256.0
6683.374805743432,25924.1
6683.554505496735,25484.1
6683.734205250039,25534.4
6683.913905003342,25379.0
6684.093604756645,25520.2
6684.2733045099485,25249.4
6684.453004263251,25863.9
6684.632704016554,25861.3
6684.812403769858,25396.3
6684.992103523161,24982.2
6685.171803276465,25289.5
6685.351503029768,25458.2
6685.5312027830705,25039.2
6685.710902536374,25094.2
6685.890602289677,25098.2
6686.07030204298,25063.0
6686.250001796284,24562.7
6686.429701549587,24755.4
6686.609401302891,25063.9
6686.789101056193,24725.7
6686.968800809496,24988.9
6687.1485005628,23641.2
6687.328200316103,23779.4
6687.507900069406,24527.6
6687.68759982271,24025.6
6687.867299576013,24115.3
6688.046999329315,24013.3
6688.226699082619,23970.4
6688.406398835922,24202.5
6688.586098589226,24305.8
6688.765798342529,23469.7
6688.945498095832,22889.8
6689.1251978491355,23705.5
6689.304897602438,23982.4
6689.484597355741,23817.9
6689.664297109045,23219.3
6689.843996862348,23249.9
6690.023696615652,23343.9
6690.203396368955,23227.7
6690.3830961222575,23526.9
6690.562795875561,23709.6
6690.742495628864,23335.1
6690.922195382167,22932.3
6691.101895135471,22740.5
6691.281594888774,23072.5
6691.461294642077,22842.7
6691.64099439538,22571.8
6691.820694148683,23042.4
6692.000393901987,22622.1
6692.18009365529,22404.5
6692.359793408593,22350.4
6692.539493161897,22331.1
6692.7191929151995,21984.5
6692.898892668502,21882.9
6693.078592421806,22434.0
6693.258292175109,22105.3
6693.437991928413,21737.8
6693.617691681716,21599.7
6693.797391435019,21465.1
6693.977091188322,21537.4
6694.156790941625,21511.7
6694.336490694928,21817.2
6694.516190448232,21356.3
6694.695890201535,21237.6
6694.875589954838,21346.9
6695.055289708142,21688.7
6695.2349894614445,21076.5
6695.414689214748,21052.8
6695.594388968051,20936.7
6695.774088721354,20539.5
6695.953788474658,20219.4
6696.133488227961,21041.3
6696.313187981264,20395.5
6696.492887734567,20515.2
6696.67258748787,21112.7
6696.852287241174,20124.7
6697.031986994477,19776.6
6697.21168674778,19744.0
6697.391386501084,19797.8
6697.5710862543865,20216.4
6697.750786007689,20360.2
6697.930485760993,20125.8
6698.110185514296,19798.5
6698.289885267599,19875.2
6698.469585020903,19531.3
6698.649284774206,19645.8
6698.828984527509,19972.4
6699.008684280812,19431.8
6699.188384034115,19075.3
6699.368083787419,19301.2
6699.547783540722,19194.5
6699.727483294025,19295.6
6699.9071830473285,18979.6
6700.086882800631,18577.0
6700.266582553935,18708.5
6700.446282307238,19042.3
6700.625982060541,19003.6
6700.805681813845,19281.9
6700.985381567148,19098.3
6701.165081320451,19042.2
6701.344781073754,18464.8
6701.524480827057,18125.0
6701.70418058036,18781.1
6701.883880333664,18481.3
6702.063580086967,18645.8
6702.243279840271,18113.5
6702.4229795935735,17767.6
6702.602679346876,17953.3
6702.78237910018,17864.8
6702.962078853483,17409.6
6703.141778606786,17805.7
6703.32147836009,18036.9
6703.501178113393,17991.8
6703.680877866696,17992.5
6703.860577619999,17779.6
6704.040277373302,17517.6
6704.219977126606,16978.4
6704.399676879909,16723.3
6704.579376633212,16963.5
6704.7590763865155,16828.7
6704.938776139818,16847.5
6705.118475893121,16337.1
6705.298175646425,16454.4
6705.477875399728,16759.2
6705.657575153032,17125.5
6705.837274906335,16493.4
6706.0169746596375,16238.3
6706.196674412941,15964.0
6706.376374166244,16300.4
6706.556073919547,16111.5
6706.735773672851,15928.6
6706.915473426154,15789.0
6707.095173179458,15728.1
6707.27487293276,15492.9
6707.454572686063,15808.9
6707.634272439367,15761.7
6707.81397219267,15310.8
6707.993671945973,15106.4
6708.173371699277,15377.2
6708.35307145258,16078.8
6708.532771205882,31121.1
6708.712470959186,16589.5
6708.892170712489,15000.9
6709.071870465793,15382.4
6709.251570219096,15099.8
6709.431269972399,14787.3
6709.6109697257025,14760.6
6709.790669479005,14823.8
6709.970369232308,15314.0
6710.150068985612,14497.8
6710.329768738915,14489.3
6710.509468492219,14645.1
6710.689168245522,14767.9
6710.8688679988245,14419.5
6711.048567752128,14145.6
6711.228267505431,14161.1
6711.407967258734,13954.7
6711.587667012038,14272.9
6711.767366765341,13880.4
6711.9470665186445,13665.6
6712.126766271947,13769.9
6712.30646602525,14242.7
6712.486165778554,14058.1
6712.665865531857,14053.3
6712.84556528516,12994.9
6713.025265038464,13196.0
6713.2049647917665,13349.4
6713.384664545069,13512.2
6713.564364298373,13991.8
6713.744064051676,13316.5
6713.92376380498,12985.3
6714.103463558283,13175.2
6714.283163311586,13624.9
6714.4628630648895,13199.2
6714.642562818192,12938.7
6714.822262571495,12830.1
6715.001962324799,12962.3
6715.181662078102,12463.0
6715.361361831406,12677.4
6715.541061584709,12352.1
6715.7207613380115,12238.0
6715.900461091315,12368.7
6716.080160844618,12214.0
6716.259860597921,12272.3
6716.439560351225,12064.6
6716.619260104528,12204.1
6716.7989598578315,12259.4
6716.978659611134,11801.0
6717.158359364437,11921.9
6717.338059117741,11368.7
6717.517758871044,11731.9
6717.697458624347,12123.0
6717.877158377651,11454.2
6718.0568581309535,11354.8
6718.236557884256,11818.1
6718.41625763756,11159.2
6718.595957390863,11082.8
6718.775657144167,11302.2
6718.95535689747,11233.0
6719.135056650773,10845.2
6719.314756404076,10768.2
6719.494456157379,10894.9
6719.674155910682,11489.0
6719.853855663986,12201.6
6720.033555417289,11299.2
6720.213255170593,10524.8
6720.392954923896,10731.1
6720.572654677198,10952.8
6720.752354430502,10408.4
6720.932054183805,10297.6
6721.111753937108,10767.3
6721.291453690412,10420.5
6721.471153443715,10584.2
6721.650853197018,10446.0
6721.830552950321,10480.9
6722.010252703624,9744.41
6722.189952456928,9929.09
6722.369652210231,10201.8
6722.549351963534,9749.22
6722.729051716838,9903.69
6722.9087514701405,9999.57
6723.088451223443,9371.22
6723.268150976747,9725.93
6723.44785073005,9748.0
6723.627550483354,9753.17
6723.807250236657,9097.77
6723.98694998996,9586.48
6724.166649743263,9853.08
6724.346349496566,9817.94
6724.526049249869,9784.26
6724.705749003173,9670.08
6724.885448756476,8972.4
6725.065148509779,8557.62
6725.2448482630825,9204.47
6725.424548016385,9169.74
6725.604247769689,8755.3
6725.783947522992,8798.38
6725.963647276295,8278.16
6726.143347029599,8804.16
6726.323046782902,9028.97
6726.5027465362045,8727.29
6726.682446289508,8545.25
6726.862146042811,8999.79
6727.041845796115,8628.37
6727.221545549418,8571.19
6727.401245302721,8375.65
6727.580945056025,7545.84
6727.7606448093275,8291.57
6727.94034456263,8070.31
6728.120044315934,8174.96
6728.299744069237,8216.92
6728.47944382254,7756.67
6728.659143575844,7790.78
6728.838843329147,7738.67
6729.01854308245,7699.49
6729.198242835753,7351.1
6729.377942589056,7841.63
6729.55764234236,8102.59
6729.737342095663,7766.77
6729.917041848966,7433.19
6730.0967416022695,7631.53
6730.276441355572,7304.49
6730.456141108876,7761.66
6730.635840862179,7753.43
6730.815540615482,7337.35
6730.995240368786,7203.54
6731.174940122089,7258.94
6731.3546398753915,7014.8
6731.534339628695,6816.7
6731.714039381998,7004.75
6731.893739135301,7334.72
6732.073438888605,6702.56
6732.253138641908,6816.05
6732.432838395212,7001.88
6732.612538148514,6682.56
6732.792237901817,7085.81
6732.971937655121,6401.13
