6495.5628294571,33833.2
6495.740783932737,32839.5
6495.918738408374,32160.9
6496.096692884013,33332.0
6496.27464735965,35152.0
6496.452601835287,36038.9
6496.6305563109245,35960.1
6496.808510786562,35864.5
6496.986465262199,36311.6
6497.164419737837,36112.4
6497.342374213475,35664.3
6497.520328689112,35769.5
6497.698283164749,36297.4
6497.8762376403865,37128.2
6498.054192116024,37580.7
6498.232146591662,37505.7
6498.410101067299,37980.9
6498.588055542937,37952.4
6498.766010018574,38849.7
6498.943964494211,38909.7
6499.121918969849,39051.4
6499.299873445487,39283.1
6499.477827921124,38619.1
6499.655782396761,38602.8
6499.833736872399,39999.2
6500.011691348036,40113.9
6500.189645823673,40452.0
6500.367600299312,39936.5
6500.545554774949,40046.7
6500.723509250586,40309.5
6500.9014637262235,40313.9
6501.079418201861,40632.7
6501.257372677498,40350.9
6501.435327153136,40571.1
6501.613281628774,41312.1
6501.791236104411,41714.0
6501.969190580048,41296.8
6502.1471450556855,41607.4
6502.325099531323,42571.4
6502.503054006961,42737.8
6502.681008482598,42276.9
6502.858962958236,42171.5
6503.036917433873,43352.7
6503.21487190951,43129.4
6503.392826385148,42831.8
6503.570780860786,42905.6
6503.748735336423,42668.2
6503.92668981206,42546.2
6504.104644287698,42737.7
6504.282598763335,42926.2
6504.460553238972,44074.8
6504.638507714611,45552.4
6504.816462190248,45226.4
6504.994416665885,45182.8
6505.1723711415225,45317.2
6505.35032561716,45102.1
6505.528280092797,45158.0
6505.706234568435,45144.7
6505.884189044073,45534.8
6506.06214351971,45786.5
6506.240097995347,45979.0
6506.418052470985,46080.4
6506.596006946622,46401.6
6506.77396142226,47317.4
6506.951915897897,47822.2
6507.129870373535,47249.8
6507.307824849172,46930.1
6507.485779324809,46857.8
6507.663733800447,47042.9
6507.841688276085,48122.6
6508.019642751722,48189.9
6508.197597227359,48081.5
6508.375551702997,47896.0
6508.553506178634,47471.2
6508.731460654271,48180.8
6508.90941512991,48716.6
6509.087369605547,49315.5
6509.265324081184,50218.6
6509.4432785568215,50194.3
6509.621233032459,49974.6
6509.799187508096,50396.4
6509.977141983734,51230.1
6510.155096459372,51008.5
6510.333050935009,49961.5
6510.511005410646,51425.8
6510.688959886284,52317.6
6510.866914361921,52096.7
6511.044868837559,52498.7
6511.222823313196,52943.5
6511.400777788834,53043.9
6511.578732264471,52828.6
6511.756686740108,51983.7
6511.934641215746,51176.7
6512.112595691384,51429.6
6512.290550167021,53363.0
6512.468504642658,53446.9
6512.646459118296,53791.7
6512.824413593933,54419.4
6513.00236806957,54700.0
6513.180322545209,54684.4
6513.358277020846,53871.7
6513.536231496483,53380.9
6513.7141859721205,54270.4
6513.892140447758,54467.1
6514.070094923395,55329.0
6514.248049399033,55077.0
6514.426003874671,53399.2
6514.603958350308,51562.6
6514.781912825945,51322.9
6514.959867301583,53608.9
6515.13782177722,55958.3
6515.315776252858,56055.1
6515.493730728495,56492.5
6515.671685204133,55748.1
6515.84963967977,55517.4
6516.027594155407,56500.4
6516.2055486310455,55668.6
6516.383503106683,52488.3
6516.56145758232,50295.4
6516.739412057957,50859.7
6516.917366533595,53497.7
6517.095321009232,56203.0
6517.27327548487,56692.1
6517.451229960508,58591.3
6517.629184436145,58932.7
6517.807138911782,58378.4
6517.9850933874195,58728.8
6518.163047863057,58717.3
6518.341002338695,59303.5
6518.518956814332,60453.6
6518.69691128997,60273.5
6518.874865765607,60163.7
6519.052820241244,60247.9
6519.230774716882,59105.5
6519.40872919252,58274.8
6519.586683668157,59134.0
6519.764638143794,61148.1
6519.942592619432,62740.4
6520.120547095069,63143.0
6520.298501570706,64583.2
6520.4764560463445,64488.7
6520.654410521982,63850.3
6520.832364997619,64729.1
6521.0103194732565,64108.7
6521.188273948894,64442.5
6521.366228424531,65481.6
6521.544182900169,64480.1
6521.722137375807,64810.1
6521.900091851444,64721.1
6522.078046327081,65073.3
6522.2560008027185,65336.7
6522.433955278356,66422.9
6522.611909753994,67014.5
6522.789864229631,66751.6
6522.967818705269,66437.6
6523.145773180906,66792.5
6523.323727656543,66814.9
6523.501682132181,64848.1
6523.679636607819,63393.4
6523.857591083456,63115.0
6524.035545559093,65430.2
6524.213500034731,68026.0
6524.391454510368,68082.8
6524.569408986005,67907.3
6524.7473634616435,68900.7
6524.925317937281,69774.0
6525.103272412918,70188.7
6525.2812268885555,69902.1
6525.459181364193,70193.2
6525.63713583983,69523.0
6525.815090315468,69758.5
6525.993044791106,69664.8
6526.170999266743,70886.2
6526.34895374238,71994.4
6526.5269082180175,71473.8
6526.704862693655,71266.5
6526.882817169293,71985.3
6527.06077164493,72758.5
6527.238726120568,71983.0
6527.416680596205,72410.3
6527.594635071842,72453.1
6527.77258954748,71282.3
6527.950544023118,72037.9
6528.128498498755,73567.9
6528.306452974392,73728.9
6528.48440745003,73998.9
6528.662361925667,74935.0
6528.840316401304,75042.6
6529.018270876943,74132.3
6529.19622535258,75103.9
6529.374179828217,74930.3
6529.5521343038545,75499.5
6529.730088779492,75226.2
6529.908043255129,74766.8
6530.085997730767,74789.2
6530.263952206405,74762.7
6530.441906682042,75525.0
6530.619861157679,75651.7
6530.7978156333165,76182.9
6530.975770108954,76326.5
6531.153724584592,76220.4
6531.331679060229,77441.8
6531.509633535867,78006.7
6531.687588011504,78394.6
6531.865542487141,78256.4
6532.043496962779,76156.0
6532.221451438417,74168.4
6532.399405914054,74016.6
6532.577360389691,75344.1
6532.755314865329,77919.3
6532.933269340966,78127.5
6533.111223816603,78406.3
6533.289178292242,78334.9
6533.467132767879,79515.0
6533.645087243516,79924.4
6533.8230417191535,78598.4
6534.000996194791,77731.4
6534.178950670428,77714.2
6534.356905146066,79955.7
6534.534859621704,80271.0
6534.712814097341,80258.2
6534.890768572978,79751.8
6535.0687230486155,79508.2
6535.246677524254,80359.5
6535.424631999891,81384.4
6535.602586475528,81945.8
6535.780540951166,82715.4
6535.958495426803,82983.8
6536.13644990244,81986.0
6536.3144043780785,81928.6
6536.492358853716,82088.7
6536.670313329353,81725.1
6536.84826780499,81648.0
6537.026222280628,81895.5
6537.204176756265,83254.3
6537.382131231903,84828.6
6537.560085707541,85022.6
6537.738040183178,84826.0
6537.915994658815,85395.0
6538.0939491344525,85435.4
6538.27190361009,85002.9
6538.449858085728,85081.9
6538.627812561365,85935.2
6538.805767037003,85932.8
6538.98372151264,86164.2
6539.161675988277,85711.4
6539.339630463915,84847.7
6539.517584939553,85530.2
6539.69553941519,86970.3
6539.873493890827,86893.0
6540.051448366465,86087.3
6540.229402842102,86702.9
6540.407357317739,86925.3
6540.5853117933775,85705.2
6540.763266269015,85728.1
6540.941220744652,86877.7
6541.119175220289,87591.6
6541.297129695927,87276.1
6541.475084171564,87145.3
6541.653038647202,86984.8
6541.83099312284,86253.2
6542.008947598477,86308.5
6542.186902074114,85879.5
6542.3648565497515,85155.8
6542.542811025389,85458.1
6542.720765501027,87461.2
6542.898719976664,86502.1
6543.076674452302,86452.4
6543.254628927939,87810.5
6543.432583403576,88002.1
6543.610537879214,85495.0
6543.788492354852,81462.4
6543.966446830489,80316.9
6544.144401306126,82983.7
6544.322355781764,87196.8
6544.500310257401,89627.6
6544.678264733038,88818.3
6544.8562192086765,89408.4
6545.034173684314,89402.9
6545.212128159951,89271.8
6545.390082635588,89891.5
6545.568037111226,88906.4
6545.745991586863,87126.3
6545.923946062501,88045.5
6546.101900538139,90363.7
6546.279855013776,90900.5
6546.457809489413,90309.3
6546.6357639650505,89912.7
6546.813718440688,90592.7
6546.991672916326,90349.7
6547.169627391963,91024.3
6547.347581867601,88990.1
6547.525536343238,87912.5
6547.703490818875,87936.9
6547.881445294513,87006.6
6548.059399770151,88765.5
6548.237354245788,89700.4
6548.415308721425,86423.0
6548.593263197063,84247.6
6548.7712176727,83997.7
6548.949172148337,87268.9
6549.1271266239755,88462.0
6549.305081099613,89780.5
6549.48303557525,91022.1
6549.660990050887,91539.5
6549.838944526525,90721.6
6550.016899002162,90348.2
6550.1948534778,91498.5
6550.372807953438,91369.7
6550.550762429075,90593.3
6550.728716904712,89054.5
6550.9066713803495,89460.9
6551.084625855987,89850.0
6551.262580331625,89825.6
6551.440534807262,89441.3
6551.6184892829,90055.5
6551.796443758537,89408.0
6551.974398234174,88740.8
6552.152352709812,87637.6
6552.33030718545,84940.1
6552.508261661087,82957.3
6552.686216136724,81572.8
6552.864170612362,83243.9
6553.042125087999,87304.0
6553.220079563636,89255.8
6553.3980340392745,89312.2
6553.575988514912,87606.2
6553.753942990549,86156.3
6553.9318974661865,86025.6
6554.109851941824,86767.0
6554.287806417462,91146.4
6554.465760893099,91065.5
6554.643715368737,86280.0
6554.821669844374,87420.4
6554.999624320011,87782.1
6555.1775787956485,87856.2
6555.355533271287,88187.9
6555.533487746924,89022.5
6555.711442222561,89176.1
6555.889396698199,88447.7
6556.067351173836,89145.1
6556.245305649473,90289.9
6556.4232601251115,90761.4
6556.601214600749,90906.9
6556.779169076386,91176.3
6556.957123552023,90104.6
6557.135078027661,89061.9
6557.313032503298,91266.1
6557.490986978936,93012.5
6557.6689414545735,95012.2
6557.846895930211,97245.2
6558.024850405848,96946.4
6558.2028048814855,96359.4
6558.380759357123,97042.9
6558.558713832761,99051.1
6558.736668308398,101322.0
6558.914622784036,102224.0
6559.092577259673,101711.0
6559.27053173531,101220.0
6559.4484862109475,100607.0
6559.626440686586,99695.1
6559.804395162223,98965.7
6559.98234963786,97409.4
6560.160304113498,96672.4
6560.338258589135,92692.4
6560.516213064772,90006.9
6560.6941675404105,88557.5
6560.872122016048,86714.3
6561.050076491685,84954.2
6561.228030967322,81845.7
6561.40598544296,80468.1
6561.583939918597,79801.6
6561.761894394235,77652.9
6561.939848869873,75489.2
6562.11780334551,73176.3
6562.295757821147,71151.3
6562.4737122967845,68934.4
6562.651666772422,68516.8
6562.82962124806,68405.9
6563.007575723697,70789.8
6563.185530199335,72986.3
6563.363484674972,73428.6
6563.541439150609,74768.0
6563.7193936262465,77006.7
6563.897348101885,78885.3
6564.075302577522,78489.4
6564.253257053159,79201.8
6564.431211528797,83469.4
6564.609166004434,88262.2
6564.787120480071,91854.8
6564.9650749557095,92885.8
6565.143029431347,94637.9
6565.320983906984,95610.6
6565.498938382621,98997.7
6565.676892858259,99704.6
6565.854847333896,100513.0
6566.032801809534,102056.0
6566.210756285172,102200.0
6566.388710760809,102986.0
6566.566665236446,102285.0
6566.7446197120835,101674.0
6566.922574187721,102092.0
6567.100528663359,102622.0
6567.278483138996,102681.0
6567.456437614634,100706.0
6567.634392090271,100474.0
6567.812346565908,99730.2
6567.9903010415455,97984.0
6568.168255517184,96995.0
6568.346209992821,97570.4
6568.524164468458,94860.5
6568.702118944096,93969.8
6568.880073419733,93168.3
6569.05802789537,93426.6
6569.2359823710085,94509.9
6569.413936846646,94103.2
6569.591891322283,94424.0
6569.76984579792,96154.2
6569.947800273558,96206.7
6570.125754749195,95695.4
6570.303709224833,96299.9
6570.481663700471,95466.3
6570.659618176108,95233.8
6570.837572651745,96034.2
6571.0155271273825,95252.3
6571.19348160302,95611.8
6571.371436078658,97264.0
6571.549390554295,96432.3
6571.727345029933,96455.5
6571.90529950557,94960.3
6572.083253981207,92381.4
6572.2612084568445,93665.8
6572.439162932483,97516.1
6572.61711740812,99334.8
6572.795071883757,99019.1
6572.973026359395,99583.4
6573.150980835032,100666.0
6573.32893531067,100934.0
6573.5068897863075,102109.0
6573.684844261945,101739.0
6573.862798737582,102258.0
6574.040753213219,101837.0
6574.218707688857,102682.0
6574.396662164494,103637.0
6574.574616640132,98964.3
6574.75257111577,93842.7
6574.930525591407,94508.8
6575.108480067044,99583.0
6575.2864345426815,103440.0
6575.46438901832,104648.0
6575.642343493957,105498.0
6575.820297969594,105189.0
6575.998252445232,104589.0
6576.176206920869,105906.0
6576.354161396506,106278.0
6576.5321158721445,106830.0
6576.710070347782,107412.0
6576.888024823419,106949.0
6577.065979299056,107214.0
6577.243933774694,106625.0
6577.421888250331,106466.0
6577.599842725969,108075.0
6577.7777972016065,108105.0
6577.955751677244,108325.0
6578.133706152881,109006.0
6578.311660628518,109012.0
6578.489615104156,109278.0
6578.667569579794,110425.0
6578.845524055431,109565.0
6579.023478531069,108241.0
6579.201433006706,109693.0
6579.379387482343,110657.0
6579.5573419579805,110661.0
6579.735296433619,111722.0
6579.913250909256,111402.0
6580.091205384893,110657.0
6580.269159860531,112551.0
6580.447114336168,110241.0
6580.625068811805,108508.0
6580.8030232874435,109004.0
6580.980977763081,110256.0
6581.158932238718,110961.0
6581.336886714355,111202.0
6581.514841189993,112480.0
6581.69279566563,112574.0
6581.870750141268,111419.0
6582.0487046169055,111098.0
6582.226659092543,111713.0
6582.40461356818,111871.0
6582.582568043817,112307.0
6582.760522519455,112747.0
6582.938476995093,111250.0
6583.11643147073,111000.0
6583.294385946368,111004.0
6583.472340422005,110951.0
6583.650294897642,112210.0
6583.8282493732795,113308.0
6584.006203848918,113238.0
6584.184158324555,114011.0
6584.362112800192,114301.0
6584.54006727583,113248.0
6584.718021751467,114211.0
6584.895976227104,115580.0
6585.0739307027425,115357.0
6585.25188517838,114048.0
6585.429839654017,113792.0
6585.607794129654,113959.0
6585.785748605292,113796.0
6585.963703080929,113173.0
6586.141657556567,111847.0
6586.3196120322045,110949.0
6586.497566507842,110321.0
6586.675520983479,110365.0
6586.853475459116,112287.0
6587.031429934754,113929.0
6587.209384410392,115700.0
6587.387338886029,115798.0
6587.565293361667,115993.0
6587.743247837304,115386.0
6587.921202312941,114720.0
6588.0991567885785,115617.0
6588.277111264217,114433.0
6588.455065739854,114153.0
6588.633020215491,115076.0
6588.810974691129,115445.0
6588.988929166766,114641.0
6589.166883642403,115687.0
6589.3448381180415,116431.0
6589.522792593679,116376.0
6589.700747069316,116815.0
6589.878701544953,116665.0
6590.056656020591,115947.0
6590.234610496228,115544.0
6590.412564971866,115783.0
6590.5905194475035,116385.0
6590.768473923141,116600.0
6590.946428398778,115566.0
6591.1243828744155,115803.0
6591.302337350053,116689.0
6591.480291825691,116296.0
6591.658246301328,116434.0
6591.836200776966,116849.0
6592.014155252603,116571.0
6592.19210972824,116182.0
6592.3700642038775,116381.0
6592.548018679516,116728.0
6592.725973155153,117612.0
6592.90392763079,116046.0
6593.081882106428,114786.0
6593.259836582065,115957.0
6593.437791057702,117337.0
6593.6157455333405,117687.0
6593.793700008978,117323.0
6593.971654484615,117852.0
6594.149608960252,116770.0
6594.32756343589,115640.0
6594.505517911528,115673.0
6594.683472387165,116064.0
6594.861426862803,117101.0
6595.03938133844,117304.0
6595.217335814077,118400.0
6595.3952902897145,117400.0
6595.573244765353,117492.0
6595.75119924099,117741.0
6595.929153716627,117404.0
6596.107108192265,117144.0
6596.285062667902,116810.0
6596.463017143539,117989.0
6596.640971619177,117581.0
6596.818926094815,117053.0
6596.996880570452,117147.0
6597.174835046089,117859.0
6597.352789521727,118007.0
6597.530743997364,117743.0
6597.708698473002,117235.0
6597.8866529486395,116817.0
6598.064607424277,117543.0
6598.242561899914,118735.0
6598.420516375551,119126.0
6598.598470851189,117880.0
6598.776425326827,117016.0
6598.954379802464,116463.0
6599.132334278102,115538.0
6599.310288753739,115249.0
6599.488243229376,114872.0
6599.6661977050135,115515.0
6599.844152180652,116864.0
6600.022106656289,118147.0
6600.200061131926,118582.0
6600.378015607564,116591.0
6600.555970083201,118364.0
6600.733924558838,118475.0
6600.911879034476,116690.0
6601.089833510114,118146.0
6601.267787985751,117640.0
6601.445742461388,116288.0
6601.623696937026,116002.0
6601.801651412663,116451.0
6601.979605888301,115517.0
6602.1575603639385,115484.0
6602.335514839576,115983.0
6602.513469315213,116335.0
6602.69142379085,116570.0
6602.869378266488,116529.0
6603.047332742126,116335.0
6603.225287217763,117716.0
6603.403241693401,117965.0
6603.581196169038,117232.0
6603.759150644675,116405.0
6603.9371051203125,117118.0
6604.115059595951,117775.0
6604.293014071588,115269.0
6604.470968547225,114501.0
6604.648923022863,117026.0
6604.8268774985,116809.0
6605.004831974137,115475.0
6605.182786449775,116259.0
6605.360740925413,115836.0
6605.53869540105,115126.0
6605.716649876687,116527.0
6605.894604352325,117174.0
6606.072558827962,115996.0
6606.2505133036,115890.0
6606.4284677792375,116995.0
6606.606422254875,116162.0
6606.784376730512,115849.0
6606.962331206149,116635.0
6607.140285681787,117226.0
6607.318240157425,118088.0
6607.496194633062,116859.0
6607.6741491087,117222.0
6607.852103584337,116483.0
6608.030058059974,116764.0
6608.2080125356115,116392.0
6608.38596701125,115736.0
6608.563921486887,115133.0
6608.741875962524,117164.0
6608.919830438162,116117.0
6609.097784913799,117385.0
6609.275739389436,116829.0
6609.4536938650745,115669.0
6609.631648340712,115803.0
6609.809602816349,116595.0
6609.987557291986,115378.0
6610.165511767624,115522.0
6610.343466243261,115685.0
6610.521420718899,116972.0
6610.6993751945365,116591.0
6610.877329670174,114809.0
6611.055284145811,114773.0
6611.233238621448,113907.0
6611.411193097086,114520.0
6611.589147572724,115176.0
6611.767102048361,115932.0
6611.945056523999,114817.0
6612.123010999636,113301.0
6612.300965475273,113502.0
6612.4789199509105,114468.0
6612.656874426549,114331.0
6612.834828902186,114934.0
6613.012783377823,116134.0
6613.190737853461,114784.0
6613.368692329098,114087.0
6613.546646804736,114741.0
6613.7246012803735,114593.0
6613.902555756011,113313.0
6614.080510231648,113816.0
6614.258464707285,115327.0
6614.436419182923,114467.0
6614.614373658561,113459.0
6614.792328134198,112616.0
6614.9702826098355,113343.0
6615.148237085473,114724.0
6615.32619156111,114774.0
6615.504146036747,113446.0
6615.682100512386,112206.0
6615.860054988023,112227.0
6616.03800946366,113351.0
6616.215963939298,113057.0
6616.393918414935,112652.0
6616.571872890572,113998.0
6616.74982736621,114510.0
6616.927781841848,113321.0
6617.105736317485,113090.0
6617.283690793122,112593.0
6617.46164526876,112629.0
6617.639599744397,112786.0
6617.817554220035,113843.0
6617.9955086956725,113794.0
6618.17346317131,113531.0
6618.351417646947,113380.0
6618.529372122584,113404.0
6618.707326598222,112463.0
6618.88528107386,110924.0
6619.063235549497,110550.0
6619.2411900251345,111071.0
6619.419144500772,112486.0
6619.597098976409,112749.0
6619.775053452046,112510.0
6619.953007927685,113498.0
6620.130962403322,112405.0
6620.308916878959,112396.0
6620.486871354597,112272.0
6620.664825830234,112384.0
6620.842780305871,110836.0
6621.020734781509,111421.0
6621.198689257147,111607.0
6621.376643732784,112597.0
6621.554598208421,111376.0
6621.732552684059,111186.0
6621.910507159696,111282.0
6622.088461635334,111483.0
6622.2664161109715,110622.0
6622.444370586609,110235.0
6622.622325062246,110850.0
6622.800279537883,111496.0
6622.978234013521,111511.0
6623.156188489159,111313.0
6623.334142964796,110748.0
6623.5120974404335,110733.0
6623.690051916071,109928.0
6623.868006391708,109927.0
6624.0459608673455,110328.0
6624.223915342984,111311.0
6624.401869818621,109113.0
6624.579824294258,109823.0
6624.757778769896,110640.0
6624.935733245533,109958.0
6625.11368772117,109756.0
6625.291642196808,109338.0
6625.469596672446,109551.0
6625.647551148083,111146.0
6625.82550562372,109978.0
6626.003460099358,108224.0
6626.181414574995,107083.0
6626.359369050633,107295.0
6626.5373235262705,107993.0
6626.715278001908,108715.0
6626.893232477545,108154.0
6627.071186953182,107463.0
6627.24914142882,108291.0
6627.427095904458,108099.0
6627.605050380095,107237.0
6627.7830048557325,106788.0
6627.96095933137,108046.0
6628.138913807007,108284.0
6628.3168682826445,106698.0
6628.494822758283,106798.0
6628.67277723392,106483.0
6628.850731709557,106274.0
6629.028686185195,106121.0
6629.206640660832,106643.0
6629.384595136469,107289.0
6629.562549612107,106839.0
6629.740504087745,106238.0
6629.918458563382,107531.0
6630.096413039019,108293.0
6630.274367514657,107456.0
6630.452321990294,107031.0
6630.630276465932,105852.0
6630.8082309415695,105125.0
6630.986185417207,106212.0
6631.164139892844,106725.0
6631.342094368481,106740.0
6631.520048844119,107024.0
6631.698003319757,105670.0
6631.875957795394,106064.0
6632.053912271032,106497.0
6632.231866746669,105413.0
6632.409821222306,105300.0
6632.587775697944,105532.0
6632.765730173582,104087.0
6632.943684649219,104375.0
6633.121639124856,104837.0
6633.299593600494,104802.0
6633.477548076131,105185.0
6633.655502551768,105257.0
6633.833457027406,105567.0
6634.011411503044,104759.0
6634.189365978681,105496.0
6634.367320454318,104530.0
6634.545274929956,104011.0
6634.723229405594,104382.0
6634.901183881231,104035.0
6635.0791383568685,103806.0
6635.257092832506,103525.0
6635.435047308143,102030.0
6635.61300178378,102884.0
6635.790956259419,103173.0
6635.968910735056,105026.0
6636.146865210693,104441.0
6636.324819686331,103500.0
6636.502774161968,102496.0
6636.680728637605,101852.0
6636.858683113243,103634.0
6637.036637588881,104384.0
6637.214592064518,103113.0
6637.392546540155,103019.0
6637.570501015793,102300.0
6637.74845549143,101727.0
6637.926409967068,101780.0
6638.104364442705,102628.0
6638.282318918343,101032.0
6638.46027339398,100693.0
6638.638227869617,101796.0
6638.816182345255,102429.0
6638.994136820893,101600.0
6639.17209129653,101329.0
6639.3500457721675,100072.0
6639.528000247805,100103.0
6639.705954723442,101604.0
6639.883909199079,100942.0
6640.061863674718,100428.0
6640.239818150355,100421.0
6640.417772625992,99242.5
6640.59572710163,99294.6
6640.773681577267,99262.4
6640.951636052904,99999.7
6641.129590528542,100620.0
6641.30754500418,99081.1
6641.485499479817,100147.0
6641.663453955454,100462.0
6641.841408431092,99279.4
6642.019362906729,99551.5
6642.197317382367,98780.5
6642.375271858004,99057.1
6642.553226333642,98818.1
6642.731180809279,97127.2
6642.909135284916,97206.0
6643.087089760554,98256.9
6643.265044236192,99012.0
6643.442998711829,98440.0
6643.6209531874665,98056.7
6643.798907663104,97255.8
6643.976862138741,96613.1
6644.154816614378,98654.8
6644.332771090017,98453.2
6644.510725565654,98409.6
6644.688680041291,98652.5
6644.866634516929,97512.2
6645.044588992566,97439.2
6645.222543468203,97447.1
6645.400497943841,95417.7
6645.578452419479,96507.8
6645.756406895116,96927.7
6645.934361370753,97205.9
6646.112315846391,95215.4
6646.290270322028,96419.8
6646.468224797666,96816.2
6646.6461792733035,94826.5
6646.824133748941,95618.1
6647.002088224578,96506.1
6647.180042700215,95624.3
6647.357997175853,95053.3
6647.535951651491,96110.7
6647.713906127128,96695.7
6647.8918606027655,95461.8
6648.069815078403,94986.0
6648.24776955404,94289.0
6648.425724029677,94487.1
6648.603678505316,94844.6
6648.781632980953,95011.6
6648.95958745659,94424.8
6649.137541932228,93141.5
6649.315496407865,93118.4
6649.493450883502,93197.5
6649.67140535914,92893.6
6649.849359834778,93446.4
6650.027314310415,93350.0
6650.205268786052,92772.1
6650.38322326169,92864.9
6650.561177737327,92639.8
6650.739132212965,93323.3
6650.9170866886025,93527.2
6651.09504116424,92220.4
6651.272995639877,92007.8
6651.450950115514,92887.7
6651.628904591153,90876.0
6651.80685906679,91096.6
6651.984813542427,92504.0
6652.1627680180645,92446.2
6652.340722493702,92752.2
6652.518676969339,91805.0
6652.696631444976,91425.4
6652.874585920615,91888.9
6653.052540396252,93072.0
6653.230494871889,92502.5
6653.408449347527,91289.6
6653.586403823164,89793.0
6653.764358298802,90559.0
6653.942312774439,91188.3
6654.120267250077,89919.4
6654.298221725714,89329.8
6654.476176201351,90108.6
6654.654130676989,89361.1
6654.832085152627,89279.8
6655.010039628264,91088.9
6655.1879941039015,90665.1
6655.365948579539,89410.7
6655.543903055176,89279.8
6655.721857530813,90120.2
6655.899812006452,89175.1
6656.077766482089,89233.4
6656.255720957726,89131.6
6656.4336754333635,89220.1
6656.611629909001,89026.4
6656.789584384638,87526.6
6656.967538860276,88199.6
6657.145493335914,87776.4
6657.323447811551,88161.1
6657.501402287188,88241.4
6657.679356762826,87989.8
6657.857311238463,87912.1
6658.035265714101,88945.7
6658.213220189738,88495.0
6658.391174665376,87671.3
6658.569129141013,87672.9
6658.74708361665,86681.2
6658.925038092288,86012.8
6659.102992567926,86459.7
6659.280947043563,87160.9
6659.4589015192005,86152.0
6659.636855994838,85347.1
6659.814810470475,84944.3
6659.992764946112,85953.4
6660.170719421751,85537.7
6660.348673897388,85064.8
6660.526628373025,84765.0
6660.7045828486625,85766.1
6660.8825373243,84850.2
6661.060491799937,84283.1
6661.238446275575,84224.4
6661.416400751213,83120.3
6661.59435522685,83556.8
6661.772309702487,82565.6
6661.950264178125,83539.4
6662.128218653762,82573.4
6662.3061731294,83714.1
6662.484127605037,84570.4
6662.662082080675,84649.7
6662.840036556312,83479.2
6663.017991031949,82496.2
6663.195945507587,82944.0
6663.373899983225,83050.9
6663.551854458862,82287.1
6663.7298089344995,82498.2
6663.907763410137,82653.1
6664.085717885774,83137.1
6664.263672361411,82828.5
6664.44162683705,81120.4
6664.619581312687,82141.2
6664.797535788324,81590.7
6664.975490263962,81115.3
6665.153444739599,82570.3
6665.331399215236,81034.3
6665.509353690874,80494.7
6665.687308166512,79453.5
6665.865262642149,80541.3
6666.043217117786,79486.5
6666.221171593424,79468.8
6666.399126069061,81185.8
6666.577080544699,80927.7
6666.755035020336,80390.5
6666.932989495974,79078.4
6667.110943971611,78764.5
6667.288898447248,78957.7
6667.466852922886,79267.1
6667.644807398524,79738.1
6667.822761874161,78626.6
6668.0007163497985,78535.1
6668.178670825436,76815.4
6668.356625301073,76830.5
6668.53457977671,78160.6
6668.712534252349,78950.5
6668.890488727986,78184.3
6669.068443203623,77549.2
6669.246397679261,77030.0
6669.424352154898,76561.4
6669.602306630535,75512.1
6669.780261106173,76441.1
6669.958215581811,76168.6
6670.136170057448,75978.1
6670.314124533085,75414.9
6670.492079008723,75639.6
6670.670033484361,76376.7
6670.847987959998,74674.6
6671.025942435635,74901.1
6671.203896911273,74715.4
6671.38185138691,75013.2
6671.559805862547,74483.7
6671.737760338185,74562.7
6671.915714813823,74109.0
6672.09366928946,74886.0
6672.2716237650975,73340.9
6672.449578240735,73394.8
6672.627532716372,73407.5
6672.80548719201,72788.1
6672.983441667648,72182.0
6673.161396143285,72973.6
6673.339350618922,72436.1
6673.51730509456,71896.8
6673.695259570197,72610.4
6673.873214045835,72673.5
6674.051168521472,71726.3
6674.22912299711,71599.6
6674.407077472747,71989.0
6674.585031948384,71755.5
6674.762986424022,71822.9
6674.94094089966,70538.2
6675.118895375297,70670.4
6675.296849850934,70095.9
6675.474804326572,70729.1
6675.652758802209,69855.3
6675.830713277846,69550.6
6676.008667753485,68702.6
6676.186622229122,68342.8
6676.364576704759,69491.0
6676.5425311803965,68997.8
6676.720485656034,68420.5
6676.898440131671,68498.2
6677.076394607309,68197.8
6677.254349082947,67265.1
6677.432303558584,66555.3
6677.610258034221,67495.9
6677.788212509859,68241.8
6677.966166985496,67753.1
6678.144121461134,67218.2
6678.322075936771,67066.9
6678.500030412409,67147.2
6678.677984888046,66614.0
6678.855939363683,65748.9
6679.033893839321,66426.5
6679.211848314959,66180.5
6679.389802790596,65680.7
6679.5677572662335,66388.3
6679.745711741871,66199.8
6679.923666217508,65511.4
6680.101620693145,64786.7
6680.279575168784,65970.4
6680.457529644421,66244.1
6680.635484120058,65228.5
6680.8134385956955,64121.9
6680.991393071333,63854.6
6681.16934754697,64435.5
6681.347302022608,64936.7
6681.525256498246,64007.2
6681.703210973883,64179.4
6681.88116544952,64300.1
6682.059119925158,63838.7
6682.237074400795,63222.1
6682.415028876433,63380.0
6682.59298335207,63676.4
6682.770937827708,63495.4
6682.948892303345,63114.3
6683.126846778982,62979.7
6683.30480125462,62693.7
6683.482755730258,62576.8
6683.660710205895,62628.8
6683.8386646815325,62635.2
6684.01661915717,62127.1
6684.194573632807,62690.8
6684.372528108444,62573.2
6684.550482584083,61588.7
6684.72843705972,61479.8
6684.906391535357,61484.6
6685.0843460109945,60944.0
6685.262300486632,60335.7
6685.440254962269,60847.8
6685.618209437907,60791.6
6685.796163913545,60621.3
6685.974118389182,59268.4
6686.152072864819,60682.1
6686.330027340457,59679.0
6686.507981816094,58728.2
6686.685936291732,59895.1
6686.863890767369,59464.2
6687.041845243007,59145.3
6687.219799718644,59083.0
6687.397754194281,58130.4
6687.575708669919,58578.3
6687.753663145557,58113.2
6687.931617621194,58248.7
6688.1095720968315,58498.9
6688.287526572469,57630.4
6688.465481048106,57793.3
6688.643435523743,56953.4
6688.821389999382,57263.1
6688.999344475019,57750.3
6689.177298950656,56731.6
6689.3552534262935,56872.0
6689.533207901931,56869.8
6689.711162377569,56447.6
6689.889116853206,56718.0
6690.067071328844,55923.4
6690.245025804481,55324.8
6690.422980280118,55301.0
6690.600934755756,55578.9
6690.778889231393,55180.7
6690.956843707031,55297.0
6691.134798182668,54435.6
6691.312752658306,54548.4
6691.490707133943,55205.9
6691.66866160958,55026.6
6691.846616085219,54677.4
6692.024570560856,53714.6
6692.202525036493,53491.4
6692.3804795121305,53577.4
6692.558433987768,52826.8
6692.736388463405,53081.3
6692.914342939042,53238.1
6693.092297414681,52469.7
6693.270251890318,52133.6
6693.448206365955,51969.2
6693.6261608415925,51432.9
6693.80411531723,53259.3
6693.982069792868,52474.9
6694.160024268505,51187.0
6694.337978744143,50998.9
6694.51593321978,51564.1
6694.693887695417,51442.2
6694.871842171055,51312.8
6695.049796646693,50581.7
6695.22775112233,50922.1
6695.405705597967,50344.9
6695.583660073605,50330.0
6695.761614549242,50493.2
6695.939569024879,50612.1
6696.117523500518,50322.6
6696.295477976155,49350.0
6696.473432451792,49997.0
6696.6513869274295,49807.1
6696.829341403067,49105.9
6697.007295878704,49135.8
6697.185250354342,47892.1
6697.36320482998,48445.8
6697.541159305617,48531.1
6697.719113781254,48505.7
6697.8970682568915,48110.8
6698.075022732529,47409.5
6698.252977208167,46900.5
6698.430931683804,46484.2
6698.608886159442,46472.4
6698.786840635079,46384.3
6698.964795110716,46093.4
6699.142749586354,46949.0
6699.320704061992,46737.5
6699.498658537629,46835.6
6699.676613013266,45603.1
6699.854567488904,45622.5
6700.032521964541,45815.9
6700.210476440178,45705.5
6700.388430915817,44530.5
6700.566385391454,45503.6
6700.744339867091,44594.2
6700.9222943427285,44406.6
6701.100248818366,44059.2
6701.278203294003,44617.1
6701.456157769641,43681.8
6701.634112245279,43522.9
6701.812066720916,43306.6
6701.990021196553,43579.3
6702.167975672191,42737.9
6702.345930147828,43002.8
6702.523884623466,42305.8
6702.701839099103,42604.9
6702.879793574741,42601.2
6703.057748050378,41641.4
6703.235702526015,41929.2
6703.413657001653,41345.3
6703.591611477291,41819.5
6703.769565952928,41670.3
6703.947520428565,41504.2
6704.125474904203,41463.3
6704.30342937984,40976.7
6704.481383855477,40389.9
6704.659338331116,40424.7
6704.837292806753,40397.0
6705.01524728239,40969.1
6705.1932017580275,40350.1
6705.371156233665,39655.5
6705.549110709302,39486.9
6705.72706518494,39771.8
6705.905019660578,40119.2
6706.082974136215,39947.7
6706.260928611852,39279.0
6706.43888308749,38691.1
6706.616837563127,38845.9
6706.794792038765,38259.2
6706.972746514402,37369.3
6707.15070099004,37322.3
6707.328655465677,38255.2
6707.506609941314,37568.1
6707.684564416952,36596.1
6707.86251889259,37395.4
6708.040473368227,36888.3
6708.218427843864,36790.1
6708.396382319502,36677.5
6708.574336795139,36912.5
6708.752291270776,36552.0
6708.930245746415,36335.6
6709.108200222052,35784.1
6709.286154697689,36505.9
6709.4641091733265,36749.8
6709.642063648964,34864.6
6709.820018124601,35573.7
6709.997972600239,35986.8
6710.175927075877,34697.9
6710.353881551514,34556.5
6710.531836027151,34857.3
6710.709790502789,34795.8
6710.887744978427,34202.7
6711.065699454064,34799.7
6711.243653929701,34740.0
6711.421608405339,34431.2
6711.599562880976,33696.6
6711.777517356613,33236.0
6711.955471832251,32695.1
6712.133426307889,32516.7
6712.311380783526,33320.3
6712.489335259163,33365.8
6712.667289734801,33067.9
6712.845244210438,32381.9
6713.023198686076,32475.8
6713.201153161714,31741.9
6713.379107637351,31857.2
6713.557062112988,31211.6
6713.7350165886255,31317.8
6713.912971064263,31395.7
6714.090925539901,30651.4
6714.268880015538,30618.2
6714.446834491176,31456.5
6714.624788966813,30011.8
6714.80274344245,29894.6
6714.980697918088,29972.9
6715.158652393726,30699.1
6715.336606869363,30060.9
6715.514561345,29587.1
6715.692515820638,29317.8
6715.870470296275,29198.7
6716.048424771912,28566.4
6716.2263792475505,29647.2
6716.404333723188,28880.9
6716.582288198825,29376.1
6716.7602426744625,28974.5
6716.9381971501,28487.3
6717.116151625737,28347.4
6717.294106101375,28655.1
6717.472060577013,28041.7
6717.65001505265,27800.3
6717.827969528287,27964.5
6718.0059240039245,27265.9
6718.183878479562,27335.8
6718.3618329552,27141.0
6718.539787430837,27411.2
6718.717741906475,27116.4
6718.895696382112,26554.4
6719.073650857749,26851.4
6719.251605333387,26298.7
6719.429559809025,26252.8
6719.607514284662,26373.1
6719.785468760299,26088.5
6719.963423235937,26125.8
6720.141377711574,26053.3
6720.319332187211,25702.4
6720.49728666285,25505.7
6720.675241138487,25503.3
6720.853195614124,24515.3
6721.0311500897615,24724.0
6721.209104565399,24308.0
6721.387059041036,24826.5
6721.565013516674,25067.7
6721.742967992312,25036.9
6721.920922467949,24525.5
6722.098876943586,23738.4
6722.2768314192235,23979.3
6722.454785894861,23705.5
6722.632740370499,23215.0
6722.810694846136,23335.5
6722.988649321774,23702.1
6723.166603797411,22870.0
6723.344558273048,22764.9
6723.522512748686,23501.3
6723.700467224324,22722.1
6723.878421699961,22685.9
6724.056376175598,22108.7
6724.234330651236,22202.6
6724.412285126873,21797.0
6724.59023960251,21429.6
6724.768194078149,21893.8
6724.946148553786,21889.7
6725.124103029423,21526.3
6725.3020575050605,21638.6
6725.480011980698,20958.8
6725.657966456335,21013.2
6725.835920931973,20952.4
6726.013875407611,21071.5
6726.191829883248,20682.2
6726.369784358885,20521.5
6726.5477388345225,20403.3
6726.72569331016,20159.6
6726.903647785798,20333.0
6727.081602261435,20140.0
6727.259556737073,19943.2
6727.43751121271,19711.9
6727.615465688347,19406.0
6727.793420163985,19497.8
6727.971374639623,19156.8
6728.14932911526,18537.4
6728.327283590897,18831.6
6728.505238066535,19287.9
6728.683192542172,18785.0
6728.861147017809,18499.6
6729.039101493448,18806.4
6729.217055969085,18244.3
6729.395010444722,18759.3
6729.5729649203595,18299.1
6729.750919395997,17469.4
6729.928873871635,17675.4
6730.106828347272,17703.8
6730.28478282291,17733.7
6730.462737298547,17999.1
6730.640691774184,17691.5
6730.8186462498215,16774.4
6730.996600725459,17200.0
6731.174555201097,17323.8
6731.352509676734,16976.6
6731.530464152372,16497.3
6731.708418628009,17110.9
6731.886373103646,16657.3
6732.0643275792845,16596.9
6732.242282054922,16264.7
6732.420236530559,15989.5
6732.598191006196,15656.9
6732.776145481834,15552.3
6732.954099957471,15466.9
6733.132054433109,16044.7
6733.310008908747,16118.6
6733.487963384384,14928.9
6733.665917860021,15894.4
6733.8438723356585,15575.5
6734.021826811296,15071.5
6734.199781286934,15137.2
6734.377735762571,14413.9
6734.555690238209,14656.9
6734.733644713846,14473.0
6734.911599189483,14440.4
6735.089553665121,14355.9
6735.267508140759,13973.9
6735.445462616396,14240.7
6735.623417092033,14031.0
6735.801371567671,14048.6
6735.979326043308,13787.5
6736.157280518945,13639.0
6736.3352349945835,13859.5
6736.513189470221,13380.3
6736.691143945858,13566.6
6736.869098421495,13665.0
6737.047052897133,13680.5
6737.22500737277,12866.7
6737.402961848408,13137.1
6737.580916324046,12728.3
6737.758870799683,12303.3
6737.93682527532,12720.4
6738.1147797509575,12519.8
6738.292734226595,12960.4
6738.470688702233,12699.1
6738.64864317787,12604.4
6738.826597653508,12142.4
6739.004552129145,12250.1
6739.182506604782,11788.8
6739.36046108042,11614.3
6739.538415556058,11450.2
6739.716370031695,11248.9
6739.894324507332,10745.1
