7603.2520732839,4104.21
7603.462848269475,2155.37
7603.673623255051,1547.95
7603.884398240626,2031.99
7604.095173226202,2169.8
7604.305948211777,1609.46
7604.516723197352,1207.75
7604.727498182928,2032.69
7604.938273168503,3483.06
7605.149048154079,3589.18
7605.359823139654,2554.72
7605.570598125229,1887.65
7605.781373110804,1766.94
7605.992148096379,2476.73
7606.202923081955,3207.14
7606.41369806753,2738.4
7606.624473053105,1648.97
7606.835248038681,1640.5
7607.046023024256,2842.27
7607.256798009832,3550.86
7607.467572995407,3180.9
7607.678347980983,2385.71
7607.889122966558,2055.23
7608.099897952133,2572.27
7608.310672937709,4158.21
7608.521447923284,5527.75
7608.7322229088595,4883.61
7608.9429978944345,3507.69
7609.1537728800095,2474.8
7609.364547865585,2008.63
7609.57532285116,2542.58
7609.786097836736,3962.98
7609.996872822311,4054.92
7610.207647807886,3213.76
7610.418422793462,2975.41
7610.629197779037,3228.73
7610.839972764613,5348.66
7611.050747750188,7911.15
7611.261522735763,8803.76
7611.472297721339,8319.17
7611.683072706914,6129.8
7611.8938476924895,3735.49
7612.1046226780645,2936.93
7612.3153976636395,3961.66
7612.526172649215,5639.02
7612.73694763479,5741.01
7612.947722620366,4251.12
7613.158497605941,4023.99
7613.369272591516,5523.17
7613.580047577092,8715.83
7613.790822562667,11831.7
7614.001597548243,13679.5
7614.212372533818,13841.9
7614.423147519393,12394.1
7614.633922504969,10159.7
7614.844697490544,6791.78
7615.05547247612,4756.06
7615.266247461695,6735.31
7615.4770224472695,9087.87
7615.687797432845,9489.9
7615.89857241842,8936.4
7616.109347403996,8350.59
7616.320122389571,9490.06
7616.530897375147,13726.6
7616.741672360722,17718.5
7616.952447346297,19535.6
7617.163222331873,20089.9
7617.373997317448,20692.9
7617.584772303024,20398.6
7617.795547288599,20888.6
7618.006322274174,21851.8
7618.21709725975,21605.6
7618.427872245325,21339.4
7618.6386472309005,21573.7
7618.849422216475,21881.0
7619.06019720205,21948.0
7619.270972187626,22438.6
7619.481747173201,21541.1
7619.692522158777,20437.7
7619.903297144352,19952.8
7620.114072129927,19163.6
7620.324847115503,17081.9
7620.535622101078,13417.0
7620.746397086654,9484.69
7620.957172072229,6209.43
7621.167947057804,8151.49
7621.37872204338,12271.1
7621.589497028955,16526.8
7621.8002720145305,18729.9
7622.0110470001055,18964.7
7622.22182198568,18918.1
7622.432596971256,17870.1
7622.643371956831,15257.1
7622.854146942407,12059.9
7623.064921927982,7852.99
7623.275696913557,5477.7
7623.486471899133,5969.9
7623.697246884708,8383.89
7623.908021870284,9423.37
7624.118796855859,7686.2
7624.329571841434,5266.34
7624.54034682701,4953.05
7624.751121812585,7932.62
7624.9618967981605,11663.8
7625.1726717837355,15580.1
7625.383446769311,18390.4
7625.594221754886,19228.0
7625.804996740461,19395.6
7626.015771726037,19021.3
7626.226546711612,17171.5
7626.437321697188,13570.7
7626.648096682763,8933.97
7626.858871668338,5403.54
7627.069646653914,4061.35
7627.280421639489,5349.48
7627.491196625065,6860.53
7627.70197161064,7277.02
7627.912746596215,5429.76
7628.123521581791,3418.17
7628.3342965673655,4794.56
7628.545071552941,9071.89
7628.755846538516,13275.7
7628.966621524091,16314.8
7629.177396509667,18354.7
7629.388171495242,20576.9
7629.598946480818,21575.4
7629.809721466393,20705.9
7630.020496451968,18664.0
7630.231271437544,16207.3
7630.442046423119,12500.6
7630.652821408695,7923.49
7630.86359639427,5107.09
7631.074371379845,4303.27
7631.285146365421,5963.81
7631.495921350996,6715.37
7631.706696336571,5889.28
7631.917471322146,4592.9
7632.128246307721,4117.28
7632.339021293297,6340.53
7632.549796278872,10712.9
7632.760571264448,15199.1
7632.971346250023,18684.2
7633.182121235599,20055.7
7633.392896221174,21986.6
7633.603671206749,22113.2
7633.814446192325,21926.0
7634.0252211779,21167.1
7634.235996163476,20455.4
7634.446771149051,17800.5
7634.657546134626,13184.7
7634.8683211202015,8815.89
7635.079096105776,5275.69
7635.289871091352,5104.56
7635.500646076927,6721.34
7635.711421062502,6704.39
7635.922196048078,6119.83
7636.132971033653,5138.5
7636.343746019229,5269.71
7636.554521004804,8161.01
7636.765295990379,13301.7
7636.976070975955,17616.6
7637.18684596153,20282.6
7637.397620947106,23400.2
7637.608395932681,24591.0
7637.819170918256,25151.5
7638.0299459038315,25016.7
7638.2407208894065,25050.0
7638.451495874982,24082.0
7638.662270860557,21567.9
7638.873045846132,18260.7
7639.083820831708,14272.4
7639.294595817283,9825.66
7639.505370802859,6679.62
7639.716145788434,6368.58
7639.926920774009,7998.46
7640.137695759585,8955.46
7640.34847074516,7793.41
7640.559245730736,6404.95
7640.770020716311,6940.44
7640.980795701886,10606.4
7641.1915706874615,15909.8
7641.4023456730365,20808.3
7641.613120658612,24849.1
7641.823895644187,27027.0
7642.034670629763,26868.1
7642.245445615338,26335.4
7642.456220600913,27487.2
7642.666995586489,27420.4
7642.877770572064,27273.6
7643.08854555764,26311.5
7643.299320543215,24175.6
7643.51009552879,21176.1
7643.720870514366,16601.7
7643.931645499941,11293.1
7644.142420485517,8121.14
7644.353195471092,9003.86
7644.5639704566665,10446.8
7644.774745442242,10866.8
7644.985520427817,9866.31
7645.196295413393,8334.11
7645.407070398968,9533.04
7645.617845384543,14363.8
7645.828620370119,20508.5
7646.039395355694,24797.2
7646.25017034127,26606.1
7646.460945326845,28413.0
7646.67172031242,29686.5
7646.882495297996,30578.8
7647.093270283571,31026.4
7647.304045269147,31336.5
7647.514820254722,30786.2
7647.725595240297,30786.1
7647.936370225872,30101.3
7648.147145211447,27559.1
7648.357920197023,24254.5
7648.568695182598,19752.1
7648.779470168173,14296.0
7648.990245153749,10948.3
7649.201020139324,11950.9
7649.4117951249,14152.4
7649.622570110475,14455.0
7649.833345096051,12760.1
7650.044120081626,11632.2
7650.254895067201,13588.4
7650.465670052777,19754.9
7650.676445038352,25930.6
7650.8872200239275,28467.3
7651.0979950095025,30622.1
7651.3087699950775,32323.1
7651.519544980653,33235.7
7651.730319966228,33720.9
7651.941094951804,34086.5
7652.151869937379,34483.4
7652.362644922954,33906.0
7652.57341990853,34090.7
7652.784194894105,34418.4
7652.994969879681,32916.1
7653.205744865256,30748.4
7653.416519850831,28154.3
7653.627294836407,23560.1
7653.838069821982,18561.7
7654.0488448075575,15730.0
7654.2596197931325,16703.9
7654.4703947787075,18511.3
7654.681169764283,19244.4
7654.891944749858,17467.2
7655.102719735434,15345.5
7655.313494721009,17142.1
7655.524269706584,22992.5
7655.73504469216,28441.8
7655.945819677735,31357.6
7656.156594663311,33855.3
7656.367369648886,35220.0
7656.578144634461,35574.1
7656.788919620037,35636.7
7656.999694605612,35966.4
7657.210469591188,36439.0
7657.421244576763,36133.6
7657.6320195623375,36666.2
7657.842794547913,37647.3
7658.053569533488,37598.6
7658.264344519064,36508.3
7658.475119504639,34253.4
7658.685894490215,32022.5
7658.89666947579,27930.6
7659.107444461365,23510.8
7659.318219446941,21157.9
7659.528994432516,21589.1
7659.739769418092,24065.7
7659.950544403667,24105.7
7660.161319389242,22308.1
7660.372094374818,21027.8
7660.582869360393,22217.8
7660.7936443459685,27655.5
7661.004419331543,33306.6
7661.215194317118,35247.3
7661.425969302694,36663.8
7661.636744288269,38034.1
7661.847519273845,38086.8
7662.05829425942,38781.0
7662.269069244995,39114.4
7662.479844230571,38959.4
7662.690619216146,38987.5
7662.901394201722,39520.2
7663.112169187297,38774.2
7663.322944172872,37696.5
7663.533719158448,38334.8
7663.744494144023,38233.9
7663.9552691295985,38201.3
7664.1660441151735,36142.5
7664.376819100748,32950.9
7664.587594086324,28403.8
7664.798369071899,25669.0
7665.009144057475,25983.5
7665.21991904305,27652.4
7665.430694028625,29168.6
7665.641469014201,27841.0
7665.852243999776,25861.2
7666.063018985352,27388.4
7666.273793970927,30686.9
7666.484568956503,34330.8
7666.695343942078,37442.4
7666.906118927653,39960.7
7667.1168939132285,39859.7
7667.3276688988035,40346.5
7667.538443884379,41232.7
7667.749218869954,40626.5
7667.959993855529,40961.2
7668.170768841105,41536.9
7668.38154382668,40907.5
7668.592318812256,41151.3
7668.803093797831,41521.5
7669.013868783406,40646.8
7669.224643768982,41052.6
7669.435418754557,40948.9
7669.646193740133,40173.1
7669.856968725708,39319.2
7670.067743711283,35960.4
7670.278518696859,33385.2
7670.4892936824335,32134.4
7670.700068668009,31838.3
7670.910843653584,33016.2
7671.121618639159,33437.2
7671.332393624735,32496.9
7671.54316861031,31620.0
7671.753943595886,31652.6
7671.964718581461,34122.8
7672.175493567036,38121.6
7672.386268552612,41615.9
7672.597043538187,42167.8
7672.807818523763,42628.1
7673.018593509338,43502.7
7673.229368494913,42042.2
7673.440143480489,40966.2
7673.650918466064,41686.4
7673.861693451639,42521.2
7674.072468437214,43021.8
7674.283243422789,43441.2
7674.494018408365,42439.9
7674.70479339394,41482.2
7674.915568379516,43203.4
7675.126343365091,44271.6
7675.337118350667,44464.8
7675.547893336242,42311.0
7675.758668321817,41730.3
7675.969443307393,39285.1
7676.180218292968,37554.5
7676.390993278544,36822.1
7676.601768264119,37445.5
7676.812543249694,37481.0
7677.0233182352695,37323.1
7677.234093220844,37080.5
7677.44486820642,35280.5
7677.655643191995,34714.6
7677.86641817757,36806.3
7678.077193163146,39662.9
7678.287968148721,43457.6
7678.498743134297,44433.6
7678.709518119872,44092.5
7678.920293105447,43568.0
7679.131068091023,43195.8
7679.341843076598,44172.1
7679.552618062174,43544.8
7679.763393047749,43477.3
7679.974168033324,43710.3
7680.1849430188995,43543.1
7680.3957180044745,44537.3
7680.60649299005,45205.8
7680.817267975625,44542.6
7681.0280429612,43837.8
7681.238817946776,43207.9
7681.449592932351,43109.0
7681.660367917927,43051.8
7681.871142903502,44291.0
7682.081917889077,43020.8
7682.292692874653,42197.7
7682.503467860228,40094.6
7682.714242845804,39871.2
7682.925017831379,40263.5
7683.135792816955,41006.4
7683.3465678025295,41344.1
7683.5573427881045,40756.7
7683.76811777368,40136.8
7683.978892759255,39822.4
7684.189667744831,41068.6
7684.400442730406,42570.2
7684.611217715981,44371.8
7684.821992701557,44829.1
7685.032767687132,45089.2
7685.243542672708,45021.5
7685.454317658283,45945.8
7685.665092643858,45922.2
7685.875867629434,44785.5
7686.086642615009,45446.5
7686.297417600585,45248.4
7686.50819258616,44596.4
7686.7189675717345,44545.2
7686.92974255731,44883.8
7687.140517542885,45061.7
7687.351292528461,45028.8
7687.562067514036,46281.5
7687.772842499611,45712.8
7687.983617485187,45453.3
7688.194392470762,46155.9
7688.405167456338,45129.5
7688.615942441913,44721.3
7688.826717427488,44193.7
7689.037492413064,43914.0
7689.248267398639,42309.6
7689.459042384215,41978.4
7689.66981736979,42502.4
7689.880592355365,43082.7
7690.09136734094,43358.5
7690.302142326515,43233.5
7690.512917312091,43110.5
7690.723692297666,43480.2
7690.934467283241,45447.7
7691.145242268817,47106.5
7691.356017254392,45652.9
7691.566792239968,43968.1
7691.777567225543,45395.0
7691.988342211118,46418.2
7692.199117196694,47120.4
7692.409892182269,45725.9
7692.620667167845,45190.2
7692.83144215342,44888.0
7693.0422171389955,46709.1
7693.2529921245705,46946.8
7693.463767110145,46952.6
7693.674542095721,47287.6
7693.885317081296,46301.2
7694.096092066872,45529.9
7694.306867052447,46168.7
7694.517642038022,47038.1
7694.728417023598,47592.1
7694.939192009173,47926.8
7695.149966994749,45650.3
7695.360741980324,45074.3
7695.571516965899,44929.5
7695.782291951475,45605.4
7695.99306693705,45394.4
7696.2038419226255,45815.8
7696.4146169082005,45051.5
7696.6253918937755,44206.5
7696.836166879351,45386.4
7697.046941864926,47041.4
7697.257716850502,46590.1
7697.468491836077,46031.0
7697.679266821652,46316.4
7697.890041807228,46761.2
7698.100816792803,47149.2
7698.311591778379,46705.7
7698.522366763954,46836.2
7698.733141749529,47730.5
7698.943916735105,46889.1
7699.15469172068,45870.9
7699.365466706256,46291.7
7699.576241691831,46641.3
7699.7870166774055,46462.4
7699.997791662981,46438.3
7700.208566648556,47410.5
7700.419341634132,46649.2
7700.630116619707,46533.3
7700.840891605283,45759.7
7701.051666590858,45621.7
7701.262441576433,46392.1
7701.473216562009,47077.4
7701.683991547584,47725.5
7701.89476653316,48448.4
7702.105541518735,48100.1
7702.31631650431,47224.9
7702.527091489886,46207.3
7702.737866475461,45507.5
7702.9486414610365,47386.8
7703.159416446611,47507.8
7703.370191432186,46744.4
7703.580966417762,45815.9
7703.791741403337,45386.3
7704.002516388913,45920.8
7704.213291374488,46543.2
7704.424066360063,47261.8
7704.634841345639,48091.1
7704.845616331214,48318.9
7705.05639131679,48168.7
7705.267166302365,48126.2
7705.47794128794,47966.1
7705.688716273516,47238.8
7705.899491259091,48008.3
7706.1102662446665,48447.7
7706.3210412302415,47615.1
7706.531816215816,47630.9
7706.742591201392,47458.4
7706.953366186967,47146.0
7707.164141172543,47796.7
7707.374916158118,48025.6
7707.585691143693,48588.4
7707.796466129269,49825.5
7708.007241114844,47955.0
7708.21801610042,47729.2
7708.428791085995,47903.9
7708.63956607157,47721.0
7708.850341057146,47602.0
7709.061116042721,48191.4
7709.2718910282965,49028.1
7709.4826660138715,49114.4
7709.693440999447,47139.4
7709.904215985022,46776.7
7710.114990970597,48093.3
7710.325765956173,47494.6
7710.536540941748,47558.6
7710.747315927324,47695.7
7710.958090912899,47636.7
7711.168865898474,47577.2
7711.37964088405,48346.7
7711.590415869625,48780.5
7711.801190855201,47130.9
7712.011965840776,47851.9
7712.222740826351,47904.6
7712.433515811927,47482.4
7712.6442907975015,48596.7
7712.855065783077,48091.1
7713.065840768652,46751.2
7713.276615754227,46546.6
7713.487390739803,48388.8
7713.698165725378,48128.1
7713.908940710954,47362.5
7714.119715696529,46660.8
7714.330490682104,46784.5
7714.54126566768,47535.9
7714.752040653255,48734.2
7714.962815638831,49099.2
7715.173590624406,49178.0
7715.384365609981,48725.7
7715.595140595557,47321.7
7715.805915581132,47095.0
7716.016690566707,47373.8
7716.227465552282,47397.9
7716.438240537857,48099.0
7716.649015523433,47711.0
7716.859790509008,47382.9
7717.070565494584,48188.8
7717.281340480159,47987.4
7717.492115465735,47847.7
7717.70289045131,47536.1
7717.913665436885,47532.2
7718.124440422461,47666.7
7718.335215408036,47736.4
7718.545990393612,46887.2
7718.756765379187,47375.8
7718.967540364762,47419.7
7719.1783153503375,47670.0
7719.389090335912,47021.9
7719.599865321488,47317.4
7719.810640307063,48000.7
7720.021415292638,48623.2
7720.232190278214,48229.3
7720.442965263789,46985.3
7720.653740249365,46793.0
7720.86451523494,46170.2
7721.075290220515,47972.2
7721.286065206091,48190.4
7721.496840191666,47729.0
7721.707615177242,47421.9
7721.918390162817,46935.5
7722.129165148392,47144.8
7722.3399401339675,47559.0
7722.5507151195425,48076.4
7722.761490105118,47321.6
7722.972265090693,46842.3
7723.183040076268,48310.3
7723.393815061844,47922.3
7723.604590047419,46599.3
7723.815365032995,47328.6
7724.02614001857,48107.0
7724.236915004145,47743.4
7724.447689989721,46644.4
7724.658464975296,45923.3
7724.869239960872,47329.4
7725.080014946447,47029.8
7725.290789932022,47057.0
7725.5015649175975,47948.2
7725.7123399031725,48129.3
7725.923114888748,47260.8
7726.133889874323,47110.8
7726.344664859899,46848.9
7726.555439845474,46692.9
7726.766214831049,45921.7
7726.976989816625,46808.7
7727.1877648022,46815.3
7727.398539787776,45420.8
7727.609314773351,46319.5
7727.820089758926,47688.7
7728.030864744502,47325.5
7728.241639730077,48188.1
7728.452414715653,47307.5
7728.663189701228,47303.1
7728.8739646868025,47433.0
7729.084739672378,46610.9
7729.295514657953,46593.4
7729.506289643529,46751.5
7729.717064629104,47047.7
7729.927839614679,47050.6
7730.138614600255,46766.8
7730.34938958583,46067.4
7730.560164571406,46378.5
7730.770939556981,47098.7
7730.981714542556,47300.3
7731.192489528132,48358.0
7731.403264513707,47203.8
7731.614039499283,47012.3
7731.824814484858,46063.1
7732.035589470433,45743.8
7732.246364456008,46383.8
7732.457139441583,48064.4
7732.667914427159,47258.5
7732.878689412734,47717.8
7733.089464398309,48053.2
7733.300239383885,46232.9
7733.51101436946,45236.4
7733.721789355036,45363.1
7733.932564340611,45128.3
7734.143339326187,45373.6
7734.354114311762,46266.1
7734.564889297337,46355.4
7734.775664282913,45997.0
7734.986439268488,45844.2
7735.1972142540635,46467.2
7735.4079892396385,46641.8
7735.618764225213,46149.7
7735.829539210789,45086.8
7736.040314196364,45139.0
7736.25108918194,45462.3
7736.461864167515,45713.4
7736.67263915309,46174.7
7736.883414138666,45871.5
7737.094189124241,46338.7
7737.304964109817,45937.4
7737.515739095392,45672.1
7737.726514080967,45696.6
7737.937289066543,46502.2
7738.148064052118,45647.4
7738.3588390376935,45838.5
7738.5696140232685,47042.0
7738.7803890088435,46455.3
7738.991163994419,45288.5
7739.201938979994,44999.3
7739.41271396557,46035.2
7739.623488951145,46036.7
7739.83426393672,45023.8
7740.045038922296,45329.8
7740.255813907871,45813.4
7740.466588893447,45365.5
7740.677363879022,45000.0
7740.888138864597,44961.5
7741.098913850173,44905.8
7741.309688835748,44973.2
7741.520463821324,45225.3
7741.731238806899,45741.4
7741.9420137924735,45921.1
7742.152788778049,45539.5
7742.363563763624,44534.6
7742.5743387492,44428.5
7742.785113734775,44751.8
7742.99588872035,45344.8
7743.206663705926,45528.0
7743.417438691501,45048.0
7743.628213677077,44616.9
7743.838988662652,43778.4
7744.049763648228,43869.1
7744.260538633803,44294.6
7744.471313619378,44801.1
7744.682088604954,44298.3
7744.892863590529,44823.5
7745.1036385761045,45424.3
7745.314413561679,44651.8
7745.525188547254,44414.0
7745.73596353283,43917.7
7745.946738518405,44599.1
7746.157513503981,45166.3
7746.368288489556,44503.7
7746.579063475131,44061.4
7746.789838460707,44947.9
7747.000613446282,44426.2
7747.211388431858,43595.1
7747.422163417433,43553.7
7747.632938403008,44231.0
7747.843713388584,44257.4
7748.054488374159,43708.3
7748.2652633597345,44321.7
7748.4760383453095,44412.2
7748.686813330884,43577.1
7748.89758831646,45154.5
7749.108363302035,44567.2
7749.319138287611,43583.3
7749.529913273186,43548.2
7749.740688258761,42686.8
7749.951463244337,42770.5
7750.162238229912,44201.6
7750.373013215488,44510.1
7750.583788201063,43797.4
7750.794563186639,42868.4
7751.005338172214,42965.7
7751.216113157789,43288.3
7751.4268881433645,44951.4
7751.6376631289395,44523.9
7751.848438114515,43429.5
7752.05921310009,43568.3
7752.269988085665,43452.7
7752.480763071241,42289.9
7752.691538056816,43605.2
7752.902313042392,44376.0
7753.113088027967,43534.9
7753.323863013542,44642.5
7753.534637999118,44203.0
7753.745412984693,42892.3
7753.956187970269,41660.1
7754.166962955844,43726.0
7754.377737941419,44392.7
7754.588512926995,43815.3
7754.7992879125695,42905.1
7755.010062898145,42701.9
7755.22083788372,42365.6
7755.431612869295,42867.4
7755.642387854871,42761.8
7755.853162840446,42537.8
7756.063937826022,44432.3
7756.274712811597,43248.1
7756.485487797172,42877.0
7756.696262782748,43166.4
7756.907037768323,43165.2
7757.117812753899,43023.1
7757.328587739474,42942.2
7757.539362725049,42575.3
7757.750137710625,42708.5
7757.9609126962,42025.1
7758.171687681775,42675.3
7758.38246266735,42987.0
7758.593237652925,42007.9
7758.804012638501,42264.9
7759.014787624076,42376.8
7759.225562609652,42784.7
7759.436337595227,43411.7
7759.647112580802,42740.0
7759.857887566378,42300.6
7760.068662551953,41118.8
7760.279437537529,40784.4
7760.490212523104,41051.1
7760.70098750868,42279.1
7760.911762494255,43235.1
7761.12253747983,43490.3
7761.3333124654055,43073.2
7761.54408745098,41310.3
7761.754862436556,41099.5
7761.965637422131,42061.6
7762.176412407706,41299.7
7762.387187393282,40750.0
7762.597962378857,40997.2
7762.808737364433,42065.0
7763.019512350008,42090.5
7763.230287335583,41378.8
7763.441062321159,40708.2
7763.651837306734,40310.6
7763.86261229231,41039.0
7764.073387277885,42215.0
7764.28416226346,41798.5
7764.4949372490355,41337.2
7764.7057122346105,40274.2
7764.916487220186,40161.5
7765.127262205761,41135.7
7765.338037191336,41330.4
7765.548812176912,41924.1
7765.759587162487,41171.8
7765.970362148063,39656.8
7766.181137133638,40613.4
7766.391912119213,40594.2
7766.602687104789,40201.0
7766.813462090364,40085.4
7767.02423707594,39977.3
7767.235012061515,40502.5
7767.445787047091,41336.2
7767.6565620326655,41627.6
7767.8673370182405,41417.3
7768.078112003816,40903.1
7768.288886989391,40164.5
7768.499661974967,39406.7
7768.710436960542,40730.3
7768.921211946117,40781.7
7769.131986931693,40301.6
7769.342761917268,39624.9
7769.553536902844,39786.2
7769.764311888419,38464.3
7769.975086873994,39320.7
7770.18586185957,39428.9
7770.396636845145,37468.9
7770.607411830721,39293.4
7770.818186816296,40031.9
7771.0289618018705,38861.3
7771.239736787446,37675.7
7771.450511773021,37701.1
7771.661286758597,37346.9
7771.872061744172,38385.7
7772.082836729747,37498.9
7772.293611715323,37329.7
7772.504386700898,37163.1
7772.715161686474,36868.3
7772.925936672049,36528.4
7773.136711657624,36364.7
7773.3474866432,35528.4
7773.558261628775,35948.6
7773.769036614351,36546.9
7773.979811599926,35392.3
7774.190586585501,35718.0
7774.401361571076,36285.7
7774.612136556651,36065.9
7774.822911542227,35427.1
7775.033686527802,34709.3
7775.244461513377,35148.4
7775.455236498953,35423.7
7775.666011484528,35540.3
7775.876786470104,36663.6
7776.087561455679,36127.2
7776.298336441254,35938.5
7776.50911142683,35726.8
7776.719886412405,35900.1
7776.930661397981,36311.5
7777.141436383556,36860.9
7777.3522113691315,37382.4
7777.5629863547065,37422.8
7777.773761340281,37117.9
7777.984536325857,37249.3
7778.195311311432,37395.3
7778.406086297008,36410.5
7778.616861282583,37297.9
7778.827636268158,36806.0
7779.038411253734,36682.0
7779.249186239309,37722.8
7779.459961224885,38152.3
7779.67073621046,38221.0
7779.881511196035,38270.9
7780.092286181611,37315.7
7780.303061167186,36484.6
7780.5138361527615,36164.5
7780.7246111383365,36459.9
7780.9353861239115,37191.3
7781.146161109487,36553.3
7781.356936095062,36563.8
7781.567711080638,37108.1
7781.778486066213,37390.2
7781.989261051788,37258.1
7782.200036037364,36661.1
7782.410811022939,36919.3
7782.621586008515,37787.6
7782.83236099409,37379.8
7783.043135979665,36799.0
7783.253910965241,37119.2
7783.464685950816,35959.4
7783.675460936392,35102.5
7783.8862359219665,35787.4
7784.097010907542,36158.1
7784.307785893117,35842.0
7784.518560878692,37023.2
7784.729335864268,37192.5
7784.940110849843,36670.0
7785.150885835419,36113.7
7785.361660820994,36057.8
7785.572435806569,36313.4
7785.783210792145,36645.6
7785.99398577772,36986.5
7786.204760763296,35879.7
7786.415535748871,34875.5
7786.626310734446,35069.8
7786.837085720022,35829.1
7787.047860705597,36960.0
7787.2586356911725,36376.7
7787.469410676747,34523.2
7787.680185662322,34538.2
7787.890960647898,36262.6
7788.101735633473,36284.1
7788.312510619049,35650.6
7788.523285604624,35083.4
7788.734060590199,35614.5
7788.944835575775,35558.9
7789.15561056135,35150.8
7789.366385546926,35991.2
7789.577160532501,35311.0
7789.787935518076,34982.2
7789.998710503652,35065.3
7790.209485489227,36690.1
7790.4202604748025,35740.1
7790.6310354603775,35529.4
7790.841810445952,36051.8
7791.052585431528,34486.0
7791.263360417103,33872.0
7791.474135402679,34585.4
7791.684910388254,33877.2
7791.895685373829,34187.7
7792.106460359405,34833.6
7792.31723534498,34888.4
7792.528010330556,34000.8
7792.738785316131,33668.3
7792.949560301706,34267.6
7793.160335287282,34340.8
7793.371110272857,34323.9
7793.5818852584325,33871.8
7793.7926602440075,33676.5
7794.003435229583,34112.4
7794.214210215158,34171.3
7794.424985200733,34098.2
7794.635760186309,33965.3
7794.846535171884,33793.2
7795.05731015746,33614.8
7795.268085143035,33591.2
7795.47886012861,33078.1
7795.689635114186,33295.5
7795.900410099761,33780.9
7796.111185085337,34489.4
7796.321960070912,33802.2
7796.532735056487,33712.7
7796.743510042063,33332.4
7796.9542850276375,32390.4
7797.165060013213,31994.6
7797.375834998788,32763.5
7797.586609984363,33130.0
7797.797384969939,33320.8
7798.008159955514,33336.0
7798.21893494109,33184.2
7798.429709926665,33431.8
7798.64048491224,33941.1
7798.851259897816,33225.6
7799.062034883391,33446.6
7799.272809868967,33032.7
7799.483584854542,32650.8
7799.694359840117,31839.3
7799.905134825693,32298.6
7800.115909811268,33673.7
7800.326684796843,34069.6
7800.537459782418,32911.8
7800.748234767993,32083.2
7800.959009753569,31943.7
7801.169784739144,30918.7
7801.38055972472,31752.0
7801.591334710295,31821.0
7801.802109695871,32063.9
7802.012884681446,31627.5
7802.223659667021,32176.9
7802.434434652597,31995.0
7802.645209638172,32393.0
7802.855984623748,31494.1
7803.066759609323,31651.2
7803.277534594898,31987.1
7803.4883095804735,31288.7
7803.699084566048,31840.5
7803.909859551624,30848.8
7804.120634537199,29827.1
7804.331409522774,30579.0
7804.54218450835,31453.9
7804.752959493925,31350.5
7804.963734479501,31541.2
7805.174509465076,32105.6
7805.385284450651,31576.7
7805.596059436227,30930.7
7805.806834421802,30754.7
7806.017609407378,30278.8
7806.228384392953,29863.5
7806.439159378528,29509.2
7806.6499343641035,30097.9
7806.8607093496785,30755.3
7807.071484335254,30311.0
7807.282259320829,30806.6
7807.493034306404,30431.0
7807.70380929198,29430.6
7807.914584277555,29559.4
7808.125359263131,30355.2
7808.336134248706,29752.5
7808.546909234281,30625.4
7808.757684219857,30277.7
7808.968459205432,29207.4
7809.179234191008,29227.9
7809.390009176583,29614.2
7809.600784162158,30157.5
7809.8115591477335,29754.2
7810.0223341333085,29948.1
7810.233109118884,29845.0
7810.443884104459,29676.1
7810.654659090035,30175.5
7810.86543407561,29856.8
7811.076209061185,28651.6
7811.286984046761,28347.5
7811.497759032336,28555.4
7811.708534017912,29600.2
7811.919309003487,29414.0
7812.130083989062,28716.0
7812.340858974638,29504.5
7812.551633960213,29365.7
7812.762408945789,28140.6
7812.973183931364,27867.9
7813.1839589169385,28938.2
7813.394733902514,28541.9
7813.605508888089,28921.2
7813.816283873665,28025.5
7814.02705885924,28292.2
7814.237833844815,28476.5
7814.448608830391,27636.3
7814.659383815966,28154.9
7814.870158801542,28816.5
7815.080933787117,28981.1
7815.291708772692,28226.3
7815.502483758268,27661.0
7815.713258743843,26752.9
7815.924033729419,26035.5
7816.134808714994,27569.2
7816.345583700569,27808.6
7816.556358686144,27760.4
7816.767133671719,27828.2
7816.977908657295,27478.1
7817.18868364287,27269.3
7817.399458628445,27712.4
7817.610233614021,27570.4
7817.821008599596,27083.4
7818.031783585172,27564.1
7818.242558570747,27968.1
7818.453333556323,28097.8
7818.664108541898,27110.8
7818.874883527473,26170.8
7819.085658513049,26627.9
7819.296433498624,26955.1
7819.5072084841995,27079.4
7819.7179834697745,27530.8
7819.928758455349,27159.5
7820.139533440925,25945.7
7820.3503084265,26030.6
7820.561083412076,26732.1
7820.771858397651,27164.0
7820.982633383226,25956.8
7821.193408368802,26317.5
7821.404183354377,26243.2
7821.614958339953,26491.6
7821.825733325528,26195.9
7822.036508311103,25221.0
7822.247283296679,25440.2
7822.458058282254,26462.5
7822.6688332678295,26095.1
7822.8796082534045,25544.6
7823.0903832389795,25658.2
7823.301158224555,25745.1
7823.51193321013,25453.3
7823.722708195706,25411.6
7823.933483181281,25195.3
7824.144258166856,26059.3
7824.355033152432,26682.9
7824.565808138007,25420.2
7824.776583123583,24152.3
7824.987358109158,25247.5
7825.198133094733,25324.5
7825.408908080309,24882.4
7825.619683065884,25609.4
7825.83045805146,24702.6
7826.0412330370345,24604.5
7826.2520080226095,24249.7
7826.462783008185,24931.5
7826.67355799376,25105.0
7826.884332979336,24441.8
7827.095107964911,24339.3
7827.305882950486,24763.1
7827.516657936062,24268.6
7827.727432921637,24432.0
7827.938207907213,24018.4
7828.148982892788,24194.1
7828.359757878364,24319.3
7828.570532863939,24043.5
7828.781307849514,24586.0
7828.99208283509,23922.6
7829.202857820665,23780.4
7829.4136328062405,25038.5
7829.624407791815,23601.2
7829.83518277739,23167.8
7830.045957762966,23814.3
7830.256732748541,24487.9
7830.467507734117,24085.8
7830.678282719692,23783.4
7830.889057705267,23660.3
7831.099832690843,23392.8
7831.310607676418,23762.4
7831.521382661994,23140.1
7831.732157647569,23122.0
7831.942932633144,22878.8
7832.15370761872,22785.9
7832.364482604295,22781.6
7832.5752575898705,22825.7
7832.7860325754455,22631.7
7832.99680756102,23313.5
7833.207582546596,23604.5
7833.418357532171,22694.7
7833.629132517747,23587.0
7833.839907503322,22029.1
7834.050682488897,23083.7
7834.261457474473,22458.6
7834.472232460048,22399.7
7834.683007445624,21972.5
7834.893782431199,22135.6
7835.104557416775,22522.9
7835.31533240235,22670.0
7835.526107387925,22299.0
7835.7368823735005,21910.1
7835.9476573590755,22365.4
7836.158432344651,22150.8
7836.369207330226,22899.9
7836.579982315801,22437.0
7836.790757301377,21865.7
7837.001532286952,22475.6
7837.212307272528,22052.1
7837.423082258103,21482.0
7837.633857243678,20773.0
7837.844632229254,20832.4
7838.055407214829,21076.8
7838.266182200405,21704.7
7838.47695718598,20938.9
7838.687732171555,20776.5
7838.898507157131,20769.6
7839.1092821427055,20702.2
7839.320057128281,21115.1
7839.530832113856,20389.0
7839.741607099431,21208.6
7839.952382085007,20758.4
7840.163157070582,20685.4
7840.373932056158,20486.4
7840.584707041733,20942.8
7840.795482027308,20869.2
7841.006257012884,20874.7
7841.217031998459,20854.1
7841.427806984035,20825.5
7841.63858196961,20636.0
7841.849356955185,19449.4
7842.060131940761,20194.2
7842.270906926336,20434.7
7842.481681911911,20365.8
7842.692456897486,19915.8
7842.903231883061,18973.6
7843.114006868637,19627.2
7843.324781854212,20446.8
7843.535556839788,20126.4
7843.746331825363,19683.6
7843.957106810938,19219.1
7844.167881796514,20360.3
7844.378656782089,19767.7
7844.589431767665,19877.5
7844.80020675324,19797.3
7845.010981738816,19027.1
7845.221756724391,18890.1
7845.432531709966,19303.3
7845.6433066955415,19819.0
7845.854081681116,19400.0
7846.064856666692,19435.1
7846.275631652267,19131.3
7846.486406637842,19024.8
7846.697181623418,18515.2
7846.907956608993,18796.2
7847.118731594569,19485.7
7847.329506580144,19195.1
7847.540281565719,18141.3
7847.751056551295,18684.5
7847.96183153687,18813.1
7848.172606522446,17964.6
7848.383381508021,19052.3
7848.594156493596,18758.2
7848.8049314791715,18558.2
7849.0157064647465,18534.8
7849.226481450322,18554.1
7849.437256435897,18685.3
7849.648031421472,18087.4
7849.858806407048,17986.1
7850.069581392623,18504.5
7850.280356378199,18112.1
7850.491131363774,18048.4
7850.701906349349,18047.1
7850.912681334925,18375.5
7851.1234563205,17658.8
7851.334231306076,17737.5
7851.545006291651,17164.4
7851.755781277227,17214.3
7851.9665562628015,17748.4
7852.1773312483765,17704.0
7852.388106233952,17723.7
7852.598881219527,16474.0
7852.809656205103,16991.6
7853.020431190678,16742.9
7853.231206176253,17824.5
7853.441981161829,17465.8
7853.652756147404,16880.7
7853.86353113298,16863.4
7854.074306118555,17303.9
7854.28508110413,16820.9
7854.495856089706,16953.3
7854.706631075281,16781.6
7854.917406060857,16046.1
7855.128181046432,16634.2
7855.3389560320065,17118.0
7855.549731017582,16099.0
7855.760506003157,16730.1
7855.971280988733,16421.5
7856.182055974308,15790.0
7856.392830959883,15930.4
7856.603605945459,16774.8
7856.814380931034,16621.0
7857.02515591661,16231.3
7857.235930902185,15806.1
7857.44670588776,15913.3
7857.657480873336,16163.9
7857.868255858911,15995.2
7858.079030844487,16344.0
7858.289805830062,15390.8
7858.500580815637,15644.2
7858.711355801212,16181.6
7858.922130786787,15546.5
7859.132905772363,16012.7
7859.343680757938,16168.7
7859.554455743513,15590.7
7859.765230729089,14903.8
7859.976005714664,15092.4
7860.18678070024,14509.5
7860.397555685815,14777.7
7860.60833067139,15634.0
7860.819105656966,15262.4
7861.029880642541,14780.9
7861.240655628117,14986.9
7861.451430613692,15689.6
7861.662205599267,14635.5
7861.8729805848425,14575.5
7862.083755570417,15099.7
7862.294530555993,14645.4
7862.505305541568,14825.4
7862.716080527144,15022.2
7862.926855512719,15328.2
7863.137630498294,14764.9
7863.34840548387,14867.9
7863.559180469445,15357.5
7863.769955455021,14872.7
7863.980730440596,14884.8
7864.191505426171,14088.8
7864.402280411747,13905.5
7864.613055397322,14089.2
7864.8238303828975,14219.7
7865.0346053684725,13808.4
7865.2453803540475,14123.8
7865.456155339623,14176.8
7865.666930325198,13968.6
7865.877705310774,13807.1
7866.088480296349,13284.8
7866.299255281924,13270.7
7866.5100302675,13458.4
7866.720805253075,12768.7
7866.931580238651,13466.7
7867.142355224226,13402.3
7867.353130209801,13754.1
7867.563905195377,12819.7
7867.774680180952,12693.1
7867.985455166528,12960.8
7868.1962301521025,13525.2
7868.407005137678,13631.1
7868.617780123253,13209.0
7868.828555108828,13410.8
7869.039330094404,12464.1
7869.250105079979,12511.0
7869.460880065555,12776.0
7869.67165505113,12901.2
7869.882430036705,12746.0
7870.093205022281,12678.7
7870.303980007856,12441.6
7870.514754993432,12150.4
7870.725529979007,12412.9
7870.936304964582,12721.3
7871.147079950158,12277.7
7871.357854935733,11983.6
7871.5686299213085,12573.0
7871.779404906883,12267.9
7871.990179892458,11603.6
7872.200954878034,11531.2
7872.411729863609,12234.4
7872.622504849185,12312.6
7872.83327983476,11813.7
7873.044054820335,11588.4
7873.254829805911,11931.0
7873.465604791486,12377.1
7873.676379777062,12079.7
7873.887154762637,11406.9
7874.097929748212,11551.0
7874.308704733788,11647.4
7874.519479719363,11792.8
7874.7302547049385,11941.1
7874.9410296905135,11735.8
7875.151804676088,11404.0
7875.362579661664,11431.4
7875.573354647239,10948.5
7875.784129632815,11347.9
7875.99490461839,10982.5
7876.205679603965,11030.7
7876.416454589541,10571.8
7876.627229575116,10617.4
7876.838004560692,10932.1
7877.048779546267,10294.0
7877.259554531842,10119.7
7877.470329517418,10743.9
7877.681104502993,10041.9
7877.8918794885685,10431.5
7878.1026544741435,10482.0
7878.3134294597185,9908.45
7878.524204445294,10081.2
7878.734979430869,10546.5
7878.945754416445,10843.9
7879.15652940202,10501.2
7879.367304387596,10241.6
7879.578079373171,9734.15
7879.788854358746,10052.5
7879.999629344322,10369.5
7880.210404329897,9664.38
7880.421179315473,10213.1
7880.631954301048,9779.0
7880.842729286623,9813.05
7881.053504272199,10109.1
7881.2642792577735,10594.7
7881.475054243349,10021.7
7881.685829228924,10211.4
7881.896604214499,9815.13
7882.107379200075,9778.4
7882.31815418565,9519.21
7882.528929171226,9062.27
7882.739704156801,9119.33
7882.950479142376,9200.94
7883.161254127952,9479.15
7883.372029113527,9009.43
7883.582804099103,8856.64
7883.793579084678,8880.83
7884.004354070253,8940.77
7884.215129055829,9365.37
7884.425904041404,8691.84
7884.636679026979,9160.12
7884.847454012554,8911.23
7885.05822899813,8559.24
7885.269003983705,9017.93
7885.47977896928,8734.43
7885.690553954856,8382.48
7885.901328940431,8394.91
7886.112103926007,9047.83
7886.322878911582,8500.18
7886.533653897157,8426.85
7886.744428882733,8459.05
7886.955203868308,7927.56
7887.165978853884,8141.0
7887.376753839459,8139.61
7887.587528825034,8349.81
7887.7983038106095,8134.53
7888.009078796184,7810.38
7888.21985378176,8005.03
7888.430628767335,8136.45
7888.64140375291,7936.9
7888.852178738486,7884.82
7889.062953724061,7173.88
7889.273728709637,7946.04
7889.484503695212,7703.51
7889.695278680787,7801.01
7889.906053666363,7422.56
7890.116828651938,7858.99
7890.327603637514,7970.99
7890.538378623089,7572.75
7890.749153608664,8044.18
7890.9599285942395,7433.43
7891.1707035798145,7340.52
7891.38147856539,7891.14
7891.592253550965,7958.07
7891.80302853654,7099.77
7892.013803522116,6684.06
7892.224578507691,6673.8
7892.435353493267,6558.41
7892.646128478842,6496.72
