6485.9304283314,47193.1
6486.110312324813,47377.6
6486.290196318226,48329.9
6486.470080311638,48228.1
6486.649964305051,48002.1
6486.829848298465,48396.2
6487.009732291877,48704.7
6487.18961628529,49150.3
6487.369500278703,49887.8
6487.549384272115,49855.3
6487.729268265528,49819.1
6487.909152258941,49890.6
6488.089036252353,50097.8
6488.268920245766,51330.1
6488.4488042391795,52116.1
6488.628688232592,51488.6
6488.808572226005,51849.1
6488.9884562194175,53324.3
6489.16834021283,53252.9
6489.348224206243,53622.2
6489.528108199655,54584.4
6489.707992193068,55438.3
6489.887876186481,55863.4
6490.067760179894,55729.9
6490.247644173307,55366.5
6490.42752816672,55098.2
6490.607412160132,54656.1
6490.787296153545,54497.0
6490.967180146958,54371.7
6491.14706414037,56238.2
6491.326948133783,57798.3
6491.506832127196,58685.1
6491.686716120609,58616.1
6491.866600114022,57308.9
6492.0464841074345,57579.2
6492.226368100847,58367.4
6492.40625209426,60037.1
6492.5861360876725,60124.8
6492.766020081085,57970.4
6492.945904074498,56185.0
6493.12578806791,57569.3
6493.305672061324,60632.2
6493.485556054737,62042.0
6493.665440048149,62295.4
6493.845324041562,62358.5
6494.025208034975,60867.4
6494.205092028387,61676.5
6494.3849760218,62703.9
6494.564860015213,62538.8
6494.744744008625,62731.8
6494.924628002039,63380.9
6495.1045119954515,63977.9
6495.284395988864,65062.3
6495.464279982277,65004.8
6495.6441639756895,63366.2
6495.824047969102,62822.1
6496.003931962515,63539.1
6496.1838159559275,65478.5
6496.36369994934,66587.9
6496.543583942754,66287.0
6496.723467936166,66563.6
6496.903351929579,67131.0
6497.083235922992,67134.4
6497.263119916404,66852.9
6497.443003909817,67789.6
6497.62288790323,67378.6
6497.802771896642,67297.0
6497.982655890055,67773.8
6498.1625398834685,67736.0
6498.342423876881,68484.2
6498.522307870294,69505.1
6498.7021918637065,69289.6
6498.882075857119,70455.1
6499.061959850532,70893.9
6499.2418438439445,71947.0
6499.421727837357,72633.9
6499.60161183077,72284.8
6499.781495824183,72200.6
6499.961379817596,72461.5
6500.141263811009,72184.2
6500.321147804421,72531.1
6500.501031797834,74378.1
6500.680915791247,74995.2
6500.860799784659,74156.8
6501.040683778072,72733.1
6501.220567771485,72960.6
6501.400451764898,74448.8
6501.580335758311,75737.0
6501.7602197517235,75874.4
6501.940103745136,75278.8
6502.119987738549,78498.2
6502.2998717319615,77630.5
6502.479755725374,76203.9
6502.659639718787,77242.5
6502.8395237121995,77814.8
6503.019407705613,77156.7
6503.199291699026,79534.8
6503.379175692438,82080.6
6503.559059685851,79578.9
6503.738943679264,79861.3
6503.918827672676,79074.3
6504.098711666089,78607.3
6504.278595659502,80714.9
6504.458479652914,81086.6
6504.638363646328,81126.2
6504.818247639741,81769.4
6504.998131633153,81822.1
6505.178015626566,83153.0
6505.3578996199785,85099.0
6505.537783613391,84926.6
6505.717667606804,82339.4
6505.8975516002165,82563.8
6506.077435593629,81614.2
6506.257319587043,81881.1
6506.437203580455,83652.2
6506.617087573868,84224.7
6506.796971567281,84431.0
6506.976855560693,84671.9
6507.156739554106,84398.0
6507.336623547519,86105.2
6507.516507540931,87374.1
6507.696391534344,85584.4
6507.876275527758,86167.9
6508.05615952117,86991.2
6508.236043514583,86986.0
6508.415927507996,87388.9
6508.595811501408,87798.3
6508.775695494821,88317.6
6508.9555794882335,87926.4
6509.135463481646,89451.3
6509.315347475059,90526.5
6509.495231468472,90669.0
6509.675115461885,92326.0
6509.854999455298,93382.6
6510.03488344871,92898.2
6510.214767442123,93205.7
6510.394651435536,94375.3
6510.574535428948,94968.8
6510.754419422361,95396.5
6510.934303415774,94894.8
6511.114187409187,94875.6
6511.2940714026,93375.7
6511.473955396013,94868.4
6511.653839389425,97722.2
6511.833723382838,99972.7
6512.013607376251,98372.7
6512.193491369663,94390.7
6512.373375363076,95540.3
6512.5532593564885,97342.5
6512.733143349902,97665.7
6512.913027343315,99176.7
6513.092911336727,101536.0
6513.27279533014,102127.0
6513.452679323553,99573.4
6513.632563316965,98618.4
6513.812447310378,100375.0
6513.992331303791,101912.0
6514.172215297203,102311.0
6514.352099290617,100730.0
6514.53198328403,100530.0
6514.711867277442,100435.0
6514.891751270855,100006.0
6515.071635264268,101692.0
6515.25151925768,103067.0
6515.431403251093,104122.0
6515.611287244506,104561.0
6515.791171237918,104388.0
6515.971055231332,105227.0
6516.150939224744,104389.0
6516.330823218157,100568.0
6516.51070721157,97558.3
6516.690591204982,98523.3
6516.870475198395,102270.0
6517.050359191808,104602.0
6517.23024318522,106828.0
6517.410127178633,109974.0
6517.590011172047,110715.0
6517.769895165459,110196.0
6517.949779158872,111232.0
6518.129663152285,110602.0
6518.309547145697,110710.0
6518.48943113911,109585.0
6518.669315132523,109081.0
6518.849199125935,111866.0
6519.029083119348,114230.0
6519.2089671127615,113710.0
6519.388851106174,112030.0
6519.568735099587,112312.0
6519.748619092999,114423.0
6519.928503086412,114850.0
6520.108387079825,114319.0
6520.288271073237,115648.0
6520.46815506665,115889.0
6520.648039060063,114299.0
6520.827923053476,115037.0
6521.007807046889,115645.0
6521.187691040302,117073.0
6521.367575033714,119545.0
6521.547459027127,120032.0
6521.72734302054,119596.0
6521.907227013952,118311.0
6522.087111007365,115114.0
6522.266995000778,117910.0
6522.446878994191,120892.0
6522.626762987604,119680.0
6522.8066469810165,119632.0
6522.986530974429,120388.0
6523.166414967842,122259.0
6523.346298961254,123477.0
6523.526182954667,120502.0
6523.70606694808,118776.0
6523.885950941492,121718.0
6524.065834934906,121018.0
6524.245718928319,120025.0
6524.425602921731,121071.0
6524.605486915144,125309.0
6524.785370908557,126177.0
6524.965254901969,126213.0
6525.145138895382,126144.0
6525.325022888795,125123.0
6525.504906882207,126002.0
6525.684790875621,128662.0
6525.8646748690335,128701.0
6526.044558862446,127113.0
6526.224442855859,128894.0
6526.4043268492715,129055.0
6526.584210842684,128538.0
6526.764094836097,129657.0
6526.943978829509,130330.0
6527.123862822922,130964.0
6527.303746816336,130301.0
6527.483630809748,128712.0
6527.663514803161,128624.0
6527.843398796574,129879.0
6528.023282789986,131831.0
6528.203166783399,133652.0
6528.383050776812,136200.0
6528.562934770224,135951.0
6528.742818763637,135587.0
6528.9227027570505,134103.0
6529.102586750463,133575.0
6529.282470743876,134437.0
6529.4623547372885,136816.0
6529.642238730701,138484.0
6529.822122724114,136713.0
6530.0020067175265,135275.0
6530.181890710939,136435.0
6530.361774704352,135851.0
6530.541658697765,135815.0
6530.721542691178,137342.0
6530.901426684591,139262.0
6531.081310678003,140958.0
6531.261194671416,141550.0
6531.441078664829,142087.0
6531.620962658241,140621.0
6531.800846651654,138371.0
6531.980730645067,138943.0
6532.16061463848,140240.0
6532.340498631893,140971.0
6532.5203826253055,141582.0
6532.700266618718,141997.0
6532.880150612131,141201.0
6533.0600346055435,141171.0
6533.239918598956,141921.0
6533.419802592369,144542.0
6533.5996865857815,145876.0
6533.779570579195,145011.0
6533.959454572608,143556.0
6534.13933856602,143584.0
6534.319222559433,145536.0
6534.499106552846,146404.0
6534.678990546258,147743.0
6534.858874539671,147546.0
6535.038758533084,150562.0
6535.218642526496,150651.0
6535.39852651991,147531.0
6535.5784105133225,148571.0
6535.758294506735,150968.0
6535.938178500148,150982.0
6536.1180624935605,151538.0
6536.297946486973,150821.0
6536.477830480386,148659.0
6536.6577144737985,150370.0
6536.837598467211,151474.0
6537.017482460625,151917.0
6537.197366454037,151674.0
6537.37725044745,153742.0
6537.557134440863,154920.0
6537.737018434275,154569.0
6537.916902427688,154222.0
6538.096786421101,153709.0
6538.276670414513,156672.0
6538.456554407926,160233.0
6538.63643840134,159651.0
6538.816322394752,158072.0
6538.996206388165,155418.0
6539.1760903815775,154428.0
6539.35597437499,159771.0
6539.535858368403,162160.0
6539.7157423618155,161758.0
6539.895626355228,159836.0
6540.075510348641,157719.0
6540.255394342054,155514.0
6540.435278335467,157825.0
6540.61516232888,161671.0
6540.795046322292,162692.0
6540.974930315705,162842.0
6541.154814309118,161901.0
6541.33469830253,161488.0
6541.514582295943,164312.0
6541.694466289356,164729.0
6541.874350282769,165161.0
6542.054234276182,161925.0
6542.234118269595,162795.0
6542.414002263007,165285.0
6542.59388625642,165331.0
6542.7737702498325,165497.0
6542.953654243245,165586.0
6543.133538236658,163961.0
6543.3134222300705,165764.0
6543.493306223484,169047.0
6543.673190216897,165142.0
6543.853074210309,161483.0
6544.032958203722,162809.0
6544.212842197135,164576.0
6544.392726190547,164192.0
6544.57261018396,166154.0
6544.752494177373,170668.0
6544.932378170785,173174.0
6545.112262164199,173133.0
6545.292146157612,172387.0
6545.472030151024,170525.0
6545.651914144437,169943.0
6545.83179813785,171605.0
6546.011682131262,173069.0
6546.191566124675,174506.0
6546.3714501180875,174672.0
6546.5513341115,174617.0
6546.731218104914,174511.0
6546.911102098326,172941.0
6547.090986091739,173322.0
6547.270870085152,175525.0
6547.450754078564,176110.0
6547.630638071977,174049.0
6547.81052206539,173364.0
6547.990406058802,176823.0
6548.170290052215,179451.0
6548.350174045629,177781.0
6548.530058039041,174962.0
6548.709942032454,172956.0
6548.889826025867,174878.0
6549.069710019279,181020.0
6549.249594012692,181773.0
6549.429478006105,179411.0
6549.609361999517,180065.0
6549.78924599293,185125.0
6549.969129986343,181174.0
6550.149013979756,180381.0
6550.328897973169,184290.0
6550.508781966581,184779.0
6550.688665959994,185641.0
6550.868549953407,187982.0
6551.048433946819,188334.0
6551.228317940232,188636.0
6551.408201933645,189772.0
6551.588085927058,189186.0
6551.767969920471,184995.0
6551.947853913884,188072.0
6552.127737907296,188274.0
6552.307621900709,187643.0
6552.487505894122,185732.0
6552.667389887534,183612.0
6552.847273880947,186826.0
6553.02715787436,192312.0
6553.207041867773,197512.0
6553.386925861186,198897.0
6553.566809854598,196363.0
6553.746693848011,197041.0
6553.926577841424,200617.0
6554.106461834836,201844.0
6554.286345828249,203610.0
6554.466229821662,207756.0
6554.646113815074,211916.0
6554.825997808488,214154.0
6555.005881801901,217941.0
6555.185765795313,219937.0
6555.365649788726,222133.0
6555.545533782139,230508.0
6555.725417775551,237786.0
6555.905301768964,241655.0
6556.085185762377,247935.0
6556.265069755789,255111.0
6556.444953749203,262811.0
6556.6248377426155,272541.0
6556.804721736028,280052.0
6556.984605729441,285917.0
6557.164489722853,293516.0
6557.344373716266,306150.0
6557.524257709679,325633.0
6557.704141703091,344494.0
6557.884025696504,352728.0
6558.063909689918,365405.0
6558.24379368333,387075.0
6558.423677676743,413173.0
6558.603561670156,442077.0
6558.783445663568,470605.0
6558.963329656981,496323.0
6559.143213650394,524188.0
6559.323097643806,550939.0
6559.502981637219,582695.0
6559.6828656306325,617068.0
6559.862749624045,638615.0
6560.042633617458,659584.0
6560.22251761087,661274.0
6560.402401604283,642674.0
6560.582285597696,620290.0
6560.762169591108,605630.0
6560.942053584521,588869.0
6561.121937577934,566503.0
6561.301821571347,543626.0
6561.48170556476,514217.0
6561.661589558173,480095.0
6561.841473551585,437130.0
6562.021357544998,372570.0
6562.201241538411,292943.0
6562.381125531823,220759.0
6562.561009525236,174058.0
6562.740893518649,154903.0
6562.920777512062,160122.0
6563.100661505475,191582.0
6563.2805454988875,238170.0
6563.4604294923,295136.0
6563.640313485713,364207.0
6563.820197479125,429909.0
6564.000081472538,488702.0
6564.179965465951,532764.0
6564.359849459363,565547.0
6564.539733452777,589802.0
6564.71961744619,611022.0
6564.899501439602,627556.0
6565.079385433015,638636.0
6565.259269426428,648810.0
6565.43915341984,650482.0
6565.619037413253,638746.0
6565.798921406666,632466.0
6565.978805400078,630006.0
6566.158689393492,606430.0
6566.3385733869045,569948.0
6566.518457380317,533775.0
6566.69834137373,501188.0
6566.8782253671425,478911.0
6567.058109360555,453953.0
6567.237993353968,428447.0
6567.41787734738,415300.0
6567.597761340793,402766.0
6567.777645334207,379901.0
6567.957529327619,362274.0
6568.137413321032,346629.0
6568.317297314445,331827.0
6568.497181307857,319587.0
6568.67706530127,308820.0
6568.856949294683,298830.0
6569.036833288095,289956.0
6569.216717281508,282144.0
6569.3966012749215,273080.0
6569.576485268334,265056.0
6569.756369261747,263395.0
6569.9362532551595,262559.0
6570.116137248572,255715.0
6570.296021241985,249732.0
6570.4759052353975,245325.0
6570.65578922881,240467.0
6570.835673222223,236209.0
6571.015557215636,233652.0
6571.195441209049,231012.0
6571.375325202462,228937.0
6571.555209195874,224256.0
6571.735093189287,222156.0
6571.9149771827,220960.0
6572.094861176112,218789.0
6572.274745169525,218419.0
6572.454629162938,217937.0
6572.634513156351,214749.0
6572.814397149764,213656.0
6572.9942811431765,216573.0
6573.174165136589,216304.0
6573.354049130002,212133.0
6573.5339331234145,210421.0
6573.713817116827,211530.0
6573.89370111024,211092.0
6574.0735851036525,208528.0
6574.253469097066,208153.0
6574.433353090479,210232.0
6574.613237083891,209200.0
6574.793121077304,205015.0
6574.973005070717,202158.0
6575.152889064129,203532.0
6575.332773057542,205876.0
6575.512657050955,205519.0
6575.692541044367,206482.0
6575.872425037781,206396.0
6576.0523090311935,206891.0
6576.232193024606,205701.0
6576.412077018019,202078.0
6576.5919610114315,203909.0
6576.771845004844,204576.0
6576.951728998257,201102.0
6577.1316129916695,202484.0
6577.311496985082,202679.0
6577.491380978496,201773.0
6577.671264971908,202352.0
6577.851148965321,201432.0
6578.031032958734,200989.0
6578.210916952146,203121.0
6578.390800945559,201617.0
6578.570684938972,199595.0
6578.750568932384,200121.0
6578.930452925797,199698.0
6579.110336919211,198830.0
6579.290220912623,201289.0
6579.470104906036,202252.0
6579.6499888994485,202026.0
6579.829872892861,201732.0
6580.009756886274,202664.0
6580.1896408796865,204284.0
6580.369524873099,202614.0
6580.549408866512,201427.0
6580.729292859925,202726.0
6580.909176853338,202258.0
6581.089060846751,201044.0
6581.268944840163,203382.0
6581.448828833576,206977.0
6581.628712826989,206507.0
6581.808596820401,204464.0
6581.988480813814,201354.0
6582.168364807227,202739.0
6582.34824880064,204891.0
6582.528132794053,204261.0
6582.708016787466,202779.0
6582.887900780878,205214.0
6583.067784774291,205875.0
6583.2476687677035,204201.0
6583.427552761116,201401.0
6583.607436754529,200713.0
6583.7873207479415,202708.0
6583.967204741355,207297.0
6584.147088734768,206522.0
6584.32697272818,205551.0
6584.506856721593,206781.0
6584.686740715006,207327.0
6584.866624708418,208371.0
6585.046508701831,210325.0
6585.226392695244,210321.0
6585.406276688656,207419.0
6585.586160682069,206051.0
6585.766044675483,207834.0
6585.945928668895,208262.0
6586.125812662308,207626.0
6586.305696655721,207813.0
6586.485580649133,205329.0
6586.665464642546,203925.0
6586.8453486359585,208963.0
6587.025232629371,212989.0
6587.205116622785,211835.0
6587.385000616197,207422.0
6587.56488460961,206442.0
6587.744768603023,207373.0
6587.924652596435,206145.0
6588.104536589848,207619.0
6588.284420583261,206014.0
6588.464304576673,209560.0
6588.644188570086,214324.0
6588.824072563499,213854.0
6589.003956556912,211696.0
6589.183840550325,208677.0
6589.363724543738,207569.0
6589.54360853715,211640.0
6589.723492530563,212585.0
6589.903376523976,209562.0
6590.083260517388,211015.0
6590.263144510801,213843.0
6590.443028504214,212581.0
6590.622912497627,210658.0
6590.80279649104,210597.0
6590.982680484452,208767.0
6591.162564477865,207126.0
6591.342448471278,209694.0
6591.52233246469,211080.0
6591.702216458103,211399.0
6591.882100451516,212318.0
6592.061984444928,210180.0
6592.241868438342,209037.0
6592.421752431755,209132.0
6592.601636425167,208504.0
6592.78152041858,210141.0
6592.961404411993,213132.0
6593.141288405405,212428.0
6593.321172398818,210380.0
6593.501056392231,208543.0
6593.680940385644,209986.0
6593.860824379057,210414.0
6594.040708372469,209529.0
6594.220592365882,209364.0
6594.400476359295,208158.0
6594.580360352707,208441.0
6594.76024434612,209287.0
6594.940128339533,209607.0
6595.120012332945,209741.0
6595.299896326358,211764.0
6595.479780319772,210284.0
6595.659664313184,207545.0
6595.839548306597,208857.0
6596.01943230001,212729.0
6596.199316293422,214093.0
6596.379200286835,211453.0
6596.559084280248,209541.0
6596.73896827366,208640.0
6596.918852267074,209752.0
6597.0987362604865,209243.0
6597.278620253899,207500.0
6597.458504247312,208594.0
6597.638388240724,209179.0
6597.818272234137,209374.0
6597.99815622755,209626.0
6598.178040220962,208925.0
6598.357924214375,207811.0
6598.537808207788,207866.0
6598.717692201201,210300.0
6598.897576194614,210927.0
6599.077460188027,207933.0
6599.257344181439,208997.0
6599.437228174852,212296.0
6599.617112168265,210659.0
6599.796996161677,206352.0
6599.97688015509,206698.0
6600.1567641485035,209122.0
6600.336648141916,207590.0
6600.516532135329,207599.0
6600.6964161287415,211456.0
6600.876300122154,209406.0
6601.056184115567,209374.0
6601.236068108979,211959.0
6601.415952102392,212015.0
6601.595836095805,207383.0
6601.775720089217,205823.0
6601.955604082631,206923.0
6602.135488076044,209717.0
6602.315372069456,207834.0
6602.495256062869,204993.0
6602.675140056282,204975.0
6602.855024049694,207810.0
6603.034908043107,208348.0
6603.21479203652,206791.0
6603.394676029933,207577.0
6603.574560023346,208381.0
6603.7544440167585,205980.0
6603.934328010171,204069.0
6604.114212003584,205208.0
6604.2940959969965,208215.0
6604.473979990409,207214.0
6604.653863983822,207435.0
6604.833747977234,205805.0
6605.013631970647,205893.0
6605.193515964061,207128.0
6605.373399957473,205605.0
6605.553283950886,205596.0
6605.733167944299,205594.0
6605.913051937711,207568.0
6606.092935931124,210409.0
6606.272819924537,207995.0
6606.452703917949,204501.0
6606.632587911363,204306.0
6606.8124719047755,206118.0
6606.992355898188,206151.0
6607.172239891601,206736.0
6607.3521238850135,207736.0
6607.532007878426,204939.0
6607.711891871839,202281.0
6607.8917758652515,205517.0
6608.071659858664,209107.0
6608.251543852077,206544.0
6608.43142784549,205127.0
6608.611311838903,204341.0
6608.791195832316,203552.0
6608.971079825728,205039.0
6609.150963819141,205473.0
6609.330847812554,202703.0
6609.510731805966,203958.0
6609.690615799379,205156.0
6609.8704997927925,203264.0
6610.050383786205,202975.0
6610.230267779618,204321.0
6610.4101517730305,203794.0
6610.590035766443,202637.0
6610.769919759856,202062.0
6610.9498037532685,201264.0
6611.129687746681,201834.0
6611.309571740094,202832.0
6611.4894557335065,201719.0
6611.66933972692,201934.0
6611.849223720333,201561.0
6612.029107713745,203951.0
6612.208991707158,204404.0
6612.388875700571,203311.0
6612.568759693983,199691.0
6612.748643687396,197893.0
6612.928527680809,200153.0
6613.108411674222,202580.0
6613.288295667635,201816.0
6613.4681796610475,198389.0
6613.64806365446,194770.0
6613.827947647873,196830.0
6614.0078316412855,196119.0
6614.187715634698,193714.0
6614.367599628111,193946.0
6614.5474836215235,200116.0
6614.727367614936,203609.0
6614.90725160835,203229.0
6615.087135601762,201802.0
6615.267019595175,200825.0
6615.446903588588,198395.0
6615.626787582,194103.0
6615.806671575413,194862.0
6615.986555568826,199919.0
6616.166439562238,202438.0
6616.346323555652,202516.0
6616.526207549065,202029.0
6616.706091542477,198869.0
6616.88597553589,198581.0
6617.0658595293025,198216.0
6617.245743522715,200015.0
6617.425627516128,201278.0
6617.6055115095405,199113.0
6617.785395502953,197694.0
6617.965279496366,197776.0
6618.145163489779,195986.0
6618.325047483192,199036.0
6618.504931476605,198639.0
6618.684815470017,195193.0
6618.86469946343,196668.0
6619.044583456843,199982.0
6619.224467450255,197139.0
6619.404351443668,197663.0
6619.584235437082,196341.0
6619.764119430494,195703.0
6619.944003423907,195554.0
6620.12388741732,200022.0
6620.303771410732,198423.0
6620.483655404145,194714.0
6620.6635393975575,194171.0
6620.84342339097,193844.0
6621.023307384383,192735.0
6621.2031913777955,195806.0
6621.383075371209,196235.0
6621.562959364622,193194.0
6621.742843358034,193708.0
6621.922727351447,197388.0
6622.10261134486,196314.0
6622.282495338272,194818.0
6622.462379331685,194454.0
6622.642263325098,194512.0
6622.822147318511,192362.0
6623.002031311924,194029.0
6623.181915305337,195978.0
6623.361799298749,193313.0
6623.541683292162,191406.0
6623.721567285575,194482.0
6623.901451278987,195124.0
6624.0813352724,194243.0
6624.2612192658125,194069.0
6624.441103259225,191576.0
6624.620987252639,190152.0
6624.800871246051,191629.0
6624.980755239464,193567.0
6625.160639232877,191620.0
6625.340523226289,190373.0
6625.520407219702,191900.0
6625.700291213115,190981.0
6625.880175206527,192988.0
6626.060059199941,191819.0
6626.239943193354,186975.0
6626.419827186766,188562.0
6626.599711180179,192429.0
6626.779595173592,195213.0
6626.959479167004,190837.0
6627.139363160417,187241.0
6627.31924715383,187449.0
6627.499131147242,187223.0
6627.679015140655,189652.0
6627.858899134068,189959.0
6628.038783127481,188093.0
6628.218667120894,187917.0
6628.398551114306,189179.0
6628.578435107719,191587.0
6628.758319101132,190141.0
6628.938203094544,187920.0
6629.118087087957,187141.0
6629.297971081371,187771.0
6629.477855074783,186576.0
6629.657739068196,186498.0
6629.837623061609,186784.0
6630.017507055021,188438.0
6630.197391048434,189888.0
6630.377275041847,189355.0
6630.557159035259,187632.0
6630.737043028672,187758.0
6630.916927022085,184748.0
6631.096811015498,186103.0
6631.276695008911,188409.0
6631.456579002323,184957.0
6631.636462995736,182658.0
6631.816346989149,186856.0
6631.996230982561,185918.0
6632.176114975974,182342.0
6632.355998969387,181540.0
6632.535882962799,184433.0
6632.715766956213,187566.0
6632.895650949626,186450.0
6633.075534943038,181783.0
6633.255418936451,183761.0
6633.435302929864,186284.0
6633.615186923276,184198.0
6633.795070916689,183214.0
6633.974954910102,183522.0
6634.154838903514,182508.0
6634.334722896928,183118.0
6634.5146068903405,185319.0
6634.694490883753,183538.0
6634.874374877166,181802.0
6635.054258870578,181691.0
6635.234142863991,182324.0
6635.414026857404,182777.0
6635.593910850816,180603.0
6635.773794844229,180085.0
6635.953678837643,180611.0
6636.133562831055,181948.0
6636.313446824468,182786.0
6636.493330817881,179270.0
6636.673214811293,177876.0
6636.853098804706,178160.0
6637.032982798119,179111.0
6637.212866791531,179976.0
6637.392750784944,179754.0
6637.5726347783575,182538.0
6637.75251877177,180453.0
6637.932402765183,179795.0
6638.1122867585955,179545.0
6638.292170752008,179052.0
6638.472054745421,179643.0
6638.651938738833,178966.0
6638.831822732246,176744.0
6639.011706725659,177136.0
6639.191590719072,175635.0
6639.371474712485,175064.0
6639.551358705898,176319.0
6639.73124269931,177899.0
6639.911126692723,177964.0
6640.091010686136,175848.0
6640.270894679548,175221.0
6640.450778672961,175769.0
6640.630662666374,175971.0
6640.810546659787,176524.0
6640.9904306532,176950.0
6641.1703146466125,174600.0
6641.350198640025,173500.0
6641.530082633438,174689.0
6641.7099666268505,176263.0
6641.889850620263,174123.0
6642.069734613676,172985.0
6642.249618607088,172220.0
6642.429502600502,171360.0
6642.609386593915,170815.0
6642.789270587327,172227.0
6642.96915458074,173198.0
6643.149038574153,172861.0
6643.328922567565,170363.0
6643.508806560978,169347.0
6643.688690554391,170685.0
6643.868574547803,172948.0
6644.048458541217,172550.0
6644.2283425346295,172165.0
6644.408226528042,171645.0
6644.588110521455,168751.0
6644.7679945148675,168201.0
6644.94787850828,167677.0
6645.127762501693,166083.0
6645.3076464951055,170920.0
6645.487530488518,172454.0
6645.667414481932,170588.0
6645.847298475344,171592.0
6646.027182468757,169462.0
6646.20706646217,167866.0
6646.386950455582,166508.0
6646.566834448995,168195.0
6646.746718442408,169897.0
6646.92660243582,165572.0
6647.106486429233,165084.0
6647.2863704226465,167587.0
6647.466254416059,165394.0
6647.646138409472,165779.0
6647.8260224028845,167398.0
6648.005906396297,166780.0
6648.18579038971,165379.0
6648.3656743831225,164990.0
6648.545558376535,163203.0
6648.725442369948,163006.0
6648.905326363361,166841.0
6649.085210356774,166415.0
6649.265094350187,165195.0
6649.444978343599,164710.0
6649.624862337012,162924.0
6649.804746330425,164639.0
6649.984630323837,162773.0
6650.16451431725,161053.0
6650.344398310663,163744.0
6650.524282304076,163799.0
6650.704166297489,161785.0
6650.8840502909015,161109.0
6651.063934284314,161936.0
6651.243818277727,162062.0
6651.4237022711395,159971.0
6651.603586264552,161127.0
6651.783470257965,161749.0
6651.9633542513775,159311.0
6652.143238244791,160658.0
6652.323122238204,160872.0
6652.503006231616,158632.0
6652.682890225029,159554.0
6652.862774218442,162658.0
6653.042658211854,159076.0
6653.222542205267,157372.0
6653.40242619868,158261.0
6653.582310192092,157163.0
6653.762194185506,156993.0
6653.942078178919,157950.0
6654.121962172331,157535.0
6654.301846165744,157915.0
6654.4817301591565,158054.0
6654.661614152569,158580.0
6654.841498145982,157860.0
6655.0213821393945,157230.0
6655.201266132807,158626.0
6655.381150126221,155970.0
6655.561034119633,154022.0
6655.740918113046,156718.0
6655.920802106459,155373.0
6656.100686099871,152791.0
6656.280570093284,153067.0
6656.460454086697,154224.0
6656.640338080109,155735.0
6656.820222073522,154769.0
6657.000106066936,153193.0
6657.179990060348,154667.0
6657.359874053761,152008.0
6657.539758047174,151217.0
6657.719642040586,152505.0
6657.899526033999,154197.0
6658.0794100274115,154453.0
6658.259294020824,152005.0
6658.439178014237,149379.0
6658.61906200765,150211.0
6658.798946001063,150492.0
6658.978829994476,152499.0
6659.158713987888,151357.0
6659.338597981301,149140.0
6659.518481974714,147586.0
6659.698365968126,148548.0
6659.878249961539,148870.0
6660.058133954952,149274.0
6660.238017948365,149116.0
6660.417901941778,148310.0
6660.597785935191,148214.0
6660.777669928603,147575.0
6660.957553922016,145451.0
6661.137437915429,146396.0
6661.317321908841,147596.0
6661.497205902254,146951.0
6661.6770898956665,144567.0
6661.85697388908,143311.0
6662.036857882493,144458.0
6662.216741875905,144585.0
6662.396625869318,144133.0
6662.576509862731,146975.0
6662.756393856143,146327.0
6662.936277849556,144553.0
6663.116161842969,144836.0
6663.296045836381,143600.0
6663.475929829795,142387.0
6663.655813823208,144640.0
6663.83569781662,144138.0
6664.015581810033,142043.0
6664.195465803446,142572.0
6664.375349796858,142830.0
6664.555233790271,141757.0
6664.735117783684,140314.0
6664.915001777096,140166.0
6665.09488577051,140978.0
6665.274769763922,143095.0
6665.454653757335,140480.0
6665.634537750748,138776.0
6665.81442174416,140085.0
6665.994305737573,139312.0
6666.174189730986,137821.0
6666.354073724398,138056.0
6666.533957717811,137723.0
6666.713841711225,135216.0
6666.893725704637,137140.0
6667.07360969805,137979.0
6667.253493691463,136268.0
6667.433377684875,135583.0
6667.613261678288,136208.0
6667.793145671701,135690.0
6667.973029665113,134996.0
6668.152913658526,135599.0
6668.3327976519395,134954.0
6668.512681645352,134498.0
6668.692565638765,134454.0
6668.872449632177,135514.0
6669.05233362559,133719.0
6669.232217619003,133391.0
6669.412101612415,133182.0
6669.591985605828,133263.0
6669.771869599241,131825.0
6669.951753592654,132653.0
6670.131637586067,132551.0
6670.31152157948,131070.0
6670.491405572892,133606.0
6670.671289566305,131640.0
6670.851173559718,130654.0
6671.03105755313,131099.0
6671.210941546543,129594.0
6671.390825539956,128716.0
6671.570709533369,127573.0
6671.750593526782,128287.0
6671.9304775201945,128445.0
6672.110361513607,129541.0
6672.29024550702,126652.0
6672.470129500432,124679.0
6672.650013493845,126613.0
6672.829897487258,125841.0
6673.00978148067,125031.0
6673.189665474084,125309.0
6673.369549467497,122423.0
6673.549433460909,121500.0
6673.729317454322,122150.0
6673.909201447735,122303.0
6674.089085441147,122466.0
6674.26896943456,121756.0
6674.448853427973,118914.0
6674.628737421385,118758.0
6674.808621414799,119377.0
6674.9885054082115,118269.0
6675.168389401624,117562.0
6675.348273395037,115173.0
6675.5281573884495,113768.0
6675.708041381862,113078.0
6675.887925375275,111971.0
6676.067809368687,111621.0
6676.2476933621,108903.0
6676.427577355514,107877.0
6676.607461348926,107353.0
6676.787345342339,105310.0
6676.967229335752,103721.0
6677.147113329164,102432.0
6677.326997322577,101799.0
6677.50688131599,100094.0
6677.686765309402,98532.5
6677.866649302815,99928.8
6678.0465332962285,100440.0
6678.226417289641,100328.0
6678.406301283054,100128.0
6678.5861852764665,100128.0
6678.766069269879,98739.9
6678.945953263292,97448.1
6679.1258372567045,97786.3
6679.305721250117,98188.9
6679.48560524353,97539.2
6679.665489236943,99478.2
6679.845373230356,99431.1
6680.025257223769,100058.0
6680.205141217181,102012.0
6680.385025210594,103175.0
6680.564909204007,104102.0
6680.744793197419,102373.0
6680.924677190832,103975.0
6681.104561184245,105421.0
6681.284445177658,105381.0
6681.464329171071,107002.0
6681.6442131644835,107863.0
6681.824097157896,106262.0
6682.003981151309,106502.0
6682.1838651447215,107912.0
6682.363749138134,106406.0
6682.543633131547,106428.0
6682.7235171249595,106063.0
6682.903401118373,106468.0
6683.083285111786,108127.0
6683.263169105198,105828.0
6683.443053098611,106765.0
6683.622937092024,107487.0
6683.802821085436,106515.0
6683.982705078849,105101.0
6684.162589072262,105776.0
6684.342473065674,105897.0
6684.522357059088,106968.0
6684.7022410525005,106218.0
6684.882125045913,105984.0
6685.062009039326,104572.0
6685.2418930327385,105194.0
6685.421777026151,106171.0
6685.601661019564,104180.0
6685.7815450129765,104167.0
6685.961429006389,103832.0
6686.141312999803,104725.0
6686.321196993215,106591.0
6686.501080986628,106062.0
6686.680964980041,103428.0
6686.860848973453,101695.0
6687.040732966866,103735.0
6687.220616960279,103418.0
6687.400500953691,102328.0
6687.580384947104,101480.0
6687.760268940518,99636.0
6687.94015293393,100239.0
6688.120036927343,100885.0
6688.2999209207555,102528.0
6688.479804914168,100495.0
6688.659688907581,99254.0
6688.8395729009935,98127.8
6689.019456894406,96694.5
6689.199340887819,97420.4
6689.379224881232,98297.4
6689.559108874645,96615.5
6689.738992868058,97215.6
6689.91887686147,98294.4
6690.098760854883,96708.9
6690.278644848296,97471.5
6690.458528841708,96826.8
6690.638412835121,96462.4
6690.818296828534,94649.1
6690.998180821947,94939.2
6691.17806481536,95074.4
6691.357948808773,94782.1
6691.537832802185,94804.3
6691.717716795598,94481.8
6691.8976007890105,93791.2
6692.077484782423,93426.6
6692.257368775836,93315.8
6692.4372527692485,91766.3
6692.617136762662,92798.0
6692.797020756075,92093.0
6692.976904749487,90919.6
6693.1567887429,90389.7
6693.336672736313,91356.2
6693.516556729725,91243.7
6693.696440723138,89973.7
6693.876324716551,90991.7
6694.056208709963,89901.9
6694.236092703377,90351.0
6694.41597669679,90767.2
6694.595860690202,88798.5
6694.775744683615,88861.1
6694.955628677028,88926.0
6695.13551267044,88174.8
6695.315396663853,87385.5
6695.4952806572655,86793.4
6695.675164650678,87219.5
6695.855048644092,86066.0
6696.034932637504,84942.6
6696.214816630917,83979.0
6696.39470062433,85602.9
6696.574584617742,87453.2
6696.754468611155,85895.9
6696.934352604568,84558.5
6697.11423659798,84074.5
6697.294120591393,83861.6
6697.474004584807,83690.9
6697.653888578219,83359.7
6697.833772571632,82555.0
6698.013656565045,81568.2
6698.193540558457,82303.4
6698.37342455187,83544.5
6698.553308545283,81508.0
6698.733192538695,80708.6
6698.913076532108,81375.9
6699.092960525521,81610.7
6699.272844518934,79866.1
6699.452728512347,78850.9
6699.632612505759,79163.4
6699.812496499172,79140.1
6699.992380492585,78464.4
6700.172264485997,78091.0
6700.35214847941,77438.7
6700.532032472823,76686.8
6700.711916466236,77473.5
6700.891800459649,76448.7
6701.071684453062,76822.5
6701.251568446474,76709.1
6701.431452439887,75485.2
6701.6113364333,75874.8
6701.791220426712,76679.1
6701.971104420125,74166.6
6702.150988413538,72962.5
6702.330872406951,73824.4
6702.510756400364,73592.5
6702.690640393776,73632.9
6702.870524387189,73982.1
6703.050408380602,72412.2
6703.230292374014,71766.0
6703.410176367427,71724.1
6703.59006036084,72752.7
6703.769944354252,72207.5
6703.949828347666,72493.6
6704.129712341079,71431.6
6704.309596334491,71332.2
6704.489480327904,70487.1
6704.669364321317,69206.8
6704.849248314729,70273.8
6705.029132308142,70524.5
6705.209016301555,70137.7
6705.388900294967,69756.8
6705.568784288381,69573.6
6705.7486682817935,68178.9
6705.928552275206,67455.6
6706.108436268619,67747.5
6706.288320262031,66436.8
6706.468204255444,67844.4
6706.648088248857,68121.3
6706.827972242269,66610.5
6707.007856235682,65115.4
6707.187740229096,64304.5
6707.367624222508,66093.2
6707.547508215921,66680.4
6707.727392209334,65109.7
6707.907276202746,63294.3
6708.087160196159,64873.2
6708.267044189572,64484.9
6708.446928182984,64612.6
6708.626812176397,64482.9
6708.8066961698105,63235.1
6708.986580163223,63263.9
6709.166464156636,62181.9
6709.3463481500485,60837.2
6709.526232143461,61270.7
6709.706116136874,61584.2
6709.886000130286,61133.9
6710.065884123699,61434.5
6710.245768117112,60351.6
6710.425652110525,59705.2
6710.605536103938,59717.9
6710.785420097351,59536.7
6710.965304090763,58327.2
6711.145188084176,58770.6
6711.325072077589,59258.8
6711.504956071001,58636.3
6711.684840064414,57738.7
6711.864724057827,56856.3
6712.04460805124,58403.2
6712.224492044653,56599.6
6712.4043760380655,56219.9
6712.584260031478,56666.6
6712.764144024891,55884.3
6712.9440280183035,55661.3
6713.123912011716,55907.6
6713.303796005129,55027.7
6713.483679998541,54785.2
6713.663563991955,55014.2
6713.843447985368,54737.1
6714.02333197878,54804.6
6714.203215972193,54717.1
6714.383099965606,53860.6
6714.562983959018,53042.8
6714.742867952431,52945.7
6714.922751945844,53325.0
6715.102635939256,51904.9
6715.28251993267,51356.7
6715.4624039260825,51946.9
6715.642287919495,52291.6
6715.822171912908,51548.5
6716.0020559063205,49609.6
6716.181939899733,49964.3
6716.361823893146,50503.8
6716.5417078865585,49913.9
6716.721591879971,49689.8
6716.901475873385,49974.5
6717.081359866797,50030.6
6717.26124386021,48812.4
6717.441127853623,49074.7
6717.621011847035,48410.9
6717.800895840448,48139.5
6717.980779833861,47555.6
6718.160663827273,47627.0
6718.340547820686,47547.2
6718.5204318140995,47441.2
6718.700315807512,45853.6
6718.880199800925,45418.4
6719.0600837943375,45308.9
6719.23996778775,46494.7
6719.419851781163,46508.8
6719.5997357745755,45255.1
6719.779619767988,44035.8
6719.959503761401,44122.5
6720.139387754814,44248.7
6720.319271748227,43280.0
6720.49915574164,44057.8
6720.679039735052,44039.4
6720.858923728465,43743.5
6721.038807721878,43726.9
6721.21869171529,43086.8
6721.398575708703,41899.9
6721.578459702116,42283.7
6721.758343695529,42533.2
6721.938227688942,42086.6
6722.1181116823545,41229.3
6722.297995675767,40319.3
6722.47787966918,41213.0
6722.6577636625925,41283.1
6722.837647656005,40059.6
6723.017531649418,39541.2
6723.1974156428305,40463.7
6723.377299636244,39506.5
6723.557183629657,39187.7
6723.737067623069,38874.5
6723.916951616482,38487.1
6724.096835609895,38181.6
6724.276719603307,37739.8
6724.45660359672,37921.3
6724.636487590133,38131.4
6724.816371583545,37932.6
6724.996255576959,37346.5
6725.176139570372,36347.1
6725.356023563784,37301.6
6725.535907557197,37053.5
6725.7157915506095,36092.0
6725.895675544022,36174.0
6726.075559537435,35941.2
6726.2554435308475,35243.9
6726.43532752426,35754.5
6726.615211517674,35277.5
6726.795095511086,35281.6
6726.974979504499,34838.5
6727.154863497912,34179.7
6727.334747491324,34542.5
6727.514631484737,33758.6
6727.69451547815,34314.4
6727.874399471562,33604.2
6728.054283464975,34183.1
6728.234167458389,34295.9
6728.414051451801,33843.0
6728.593935445214,33863.4
6728.773819438627,32376.9
6728.953703432039,32290.8
6729.133587425452,31637.0
6729.3134714188645,31200.3
6729.493355412277,31356.2
6729.67323940569,31825.1
6729.853123399103,31260.3
6730.033007392516,31603.3
6730.212891385929,31119.8
6730.392775379341,29732.2
6730.572659372754,29746.1
6730.752543366167,29858.8
6730.932427359579,29061.5
6731.112311352992,28847.6
6731.292195346405,29680.0
6731.472079339818,29536.1
6731.651963333231,29959.9
6731.831847326644,28644.6
6732.011731320056,27303.9
6732.191615313469,27746.8
6732.371499306882,27663.6
6732.551383300294,27873.3
6732.731267293707,27841.2
6732.9111512871195,25629.5
