7609.1957997853,3452.55
7609.405662788098,3681.68
7609.615525790897,5089.61
7609.825388793695,6309.42
7610.035251796494,6050.69
7610.245114799292,4467.88
7610.454977802091,4124.73
7610.6648408048895,6594.27
7610.874703807688,9952.46
7611.084566810487,13461.5
7611.294429813285,14473.7
7611.504292816084,12064.0
7611.714155818882,8139.61
7611.924018821681,5028.0
7612.13388182448,4628.71
7612.343744827279,7231.04
7612.553607830077,9635.58
7612.763470832876,8640.84
7612.973333835675,7272.73
7613.183196838473,7102.0
7613.393059841272,9053.24
7613.60292284407,13824.2
7613.812785846869,19009.0
7614.022648849667,21806.2
7614.232511852466,21953.8
7614.4423748552645,19320.7
7614.652237858063,13797.6
7614.862100860862,8965.6
7615.07196386366,7753.62
7615.281826866459,11067.4
7615.491689869257,14356.1
7615.701552872056,14682.9
7615.911415874854,13553.3
7616.121278877653,13262.8
7616.3311418804515,16191.8
7616.54100488325,22009.0
7616.750867886049,27233.9
7616.960730888847,29659.1
7617.170593891646,30384.6
7617.380456894444,30885.3
7617.590319897243,31595.9
7617.800182900042,31761.7
7618.010045902841,31204.6
7618.219908905639,31588.4
7618.429771908438,31094.4
7618.6396349112365,32167.3
7618.849497914035,32110.9
7619.059360916834,32072.7
7619.269223919632,32218.6
7619.479086922431,31206.8
7619.688949925229,30327.2
7619.898812928028,29513.3
7620.108675930826,27237.1
7620.318538933625,24313.7
7620.5284019364235,18970.4
7620.738264939222,13247.9
7620.948127942021,10469.4
7621.157990944819,13251.2
7621.367853947618,19813.4
7621.577716950416,25127.4
7621.787579953215,28219.2
7621.997442956013,29311.1
7622.207305958812,28906.4
7622.4171689616105,26698.9
7622.627031964409,22019.0
7622.836894967208,16113.0
7623.046757970006,10755.7
7623.256620972805,7896.75
7623.466483975604,9464.36
7623.676346978403,13391.9
7623.886209981201,14477.3
7624.096072984,11253.5
7624.305935986798,7431.18
7624.515798989597,7830.11
7624.7256619923955,12366.9
7624.935524995194,18578.5
7625.145387997993,24201.4
7625.355251000791,27030.3
7625.56511400359,28363.3
7625.774977006388,30430.3
7625.984840009187,28892.4
7626.194703011985,25352.0
7626.404566014784,20000.4
7626.614429017583,13839.2
7626.824292020381,8778.77
7627.03415502318,6392.07
7627.244018025978,8194.74
7627.453881028777,11028.5
7627.663744031575,11166.7
7627.873607034374,7877.99
7628.083470037172,6337.88
7628.293333039971,8669.74
7628.50319604277,13766.4
7628.713059045568,19842.9
7628.922922048367,25154.1
7629.132785051166,28763.5
7629.342648053965,30261.3
7629.552511056763,30555.9
7629.762374059562,30670.3
7629.97223706236,28266.2
7630.182100065159,24328.7
7630.3919630679575,18824.7
7630.601826070756,12464.0
7630.811689073555,8110.78
7631.021552076353,6533.72
7631.231415079152,8281.74
7631.44127808195,10899.4
7631.651141084749,10437.0
7631.861004087547,7848.39
7632.070867090346,6333.67
7632.2807300931445,9319.71
7632.490593095943,15681.8
7632.700456098742,22001.4
7632.91031910154,27685.3
7633.120182104339,31456.8
7633.330045107137,33741.3
7633.539908109936,34794.4
7633.749771112734,34340.2
7633.959634115533,32797.7
7634.1694971183315,30023.4
7634.37936012113,25241.7
7634.589223123929,19137.8
7634.799086126728,13255.1
7635.008949129527,8189.14
7635.218812132325,6373.64
7635.428675135124,9272.46
7635.638538137922,11250.7
7635.848401140721,9797.86
7636.058264143519,7447.33
7636.268127146318,7237.0
7636.4779901491165,11262.4
7636.687853151915,18956.2
7636.897716154714,25926.3
7637.107579157512,30573.3
7637.317442160311,35053.6
7637.527305163109,36897.7
7637.737168165908,37857.3
7637.947031168706,37430.3
7638.156894171505,35888.3
7638.3667571743035,35006.9
7638.576620177102,33382.9
7638.786483179901,29291.1
7638.996346182699,23508.5
7639.206209185498,15461.9
7639.416072188296,9734.64
7639.625935191095,9370.88
7639.835798193893,11660.1
7640.045661196692,12606.1
7640.2555241994905,11515.4
7640.46538720229,9818.15
7640.675250205089,9950.43
7640.885113207887,14771.9
7641.094976210686,22591.9
7641.304839213484,30586.4
7641.514702216283,35619.5
7641.724565219081,39057.0
7641.93442822188,40395.5
7642.144291224678,40739.2
7642.354154227477,41467.6
7642.564017230276,41483.7
7642.773880233074,40983.5
7642.983743235873,40263.5
7643.193606238671,38731.6
7643.40346924147,33849.7
7643.613332244268,26091.4
7643.823195247067,17498.0
7644.0330582498655,12268.8
7644.242921252664,11832.0
7644.452784255463,14243.5
7644.662647258261,15982.9
7644.87251026106,13874.6
7645.082373263858,11835.7
7645.292236266657,12914.5
7645.502099269455,19068.8
7645.711962272254,28065.8
7645.9218252750525,35859.2
7646.131688277852,41201.2
7646.3415512806505,44483.6
7646.551414283449,45848.1
7646.761277286248,45735.3
7646.971140289046,45158.7
7647.181003291845,45691.4
7647.390866294643,46324.2
7647.600729297442,47151.3
7647.81059230024,46241.3
7648.020455303039,43422.2
7648.2303183058375,38378.3
7648.440181308636,30785.3
7648.650044311435,23161.8
7648.859907314233,18274.9
7649.069770317032,16848.2
7649.27963331983,19328.0
7649.489496322629,20096.8
7649.699359325427,19432.8
7649.909222328226,16366.0
7650.1190853310245,17458.3
7650.328948333823,24112.4
7650.538811336622,32647.3
7650.74867433942,40756.3
7650.958537342219,45825.6
7651.168400345017,47751.9
7651.378263347816,48205.7
7651.588126350614,49654.9
7651.797989353413,49846.3
7652.007852356212,49615.6
7652.217715359011,49976.4
7652.4275783618095,50437.7
7652.637441364608,50949.7
7652.847304367407,50656.2
7653.057167370205,48330.2
7653.267030373004,44547.3
7653.476893375802,38532.4
7653.686756378601,30654.1
7653.896619381399,24006.6
7654.106482384198,22301.9
7654.3163453869965,25778.2
7654.526208389795,28479.4
7654.736071392594,26881.6
7654.945934395392,23492.4
7655.155797398191,23307.1
7655.365660400989,29181.1
7655.575523403788,37468.6
7655.785386406586,45085.5
7655.995249409385,50864.9
7656.205112412184,52257.7
7656.414975414982,53898.1
7656.624838417781,54349.3
7656.834701420579,54243.9
7657.044564423378,54889.6
7657.254427426176,55150.1
7657.464290428975,55503.1
7657.674153431774,54849.1
7657.884016434573,54728.9
7658.0938794373715,54566.9
7658.30374244017,52987.8
7658.513605442969,50349.8
7658.723468445767,45518.3
7658.933331448566,38498.9
7659.143194451364,31831.8
7659.353057454163,29482.4
7659.562920456961,32390.6
7659.77278345976,35604.7
7659.9826464625585,34249.3
7660.192509465357,30180.5
7660.402372468156,30453.8
7660.612235470954,34956.3
7660.822098473753,42841.2
7661.031961476551,50515.8
7661.24182447935,54606.7
7661.451687482148,55839.4
7661.661550484947,56858.3
7661.8714134877455,57687.5
7662.081276490544,57772.8
7662.291139493343,59072.7
7662.501002496141,59325.0
7662.71086549894,58937.1
7662.920728501738,58791.5
7663.130591504537,59601.4
7663.340454507336,59357.7
7663.550317510135,58593.5
7663.760180512933,57330.7
7663.970043515732,55260.1
7664.1799065185305,52126.7
7664.389769521329,46196.2
7664.599632524128,39820.1
7664.809495526926,36772.4
7665.019358529725,37772.7
7665.229221532523,40757.6
7665.439084535322,40858.3
7665.64894753812,39225.7
7665.858810540919,37650.8
7666.0686735437175,40966.9
7666.278536546516,47412.0
7666.488399549315,52595.4
7666.698262552113,57838.2
7666.908125554912,60054.3
7667.11798855771,61749.1
7667.327851560509,61658.7
7667.537714563307,59917.5
7667.747577566106,59963.2
7667.9574405689045,59877.5
7668.167303571703,60686.2
7668.377166574502,62269.0
7668.5870295773,62398.9
7668.796892580099,61516.9
7669.006755582898,61624.0
7669.216618585697,62257.7
7669.426481588495,61701.0
7669.636344591294,61137.4
7669.846207594092,57564.9
7670.056070596891,53580.8
7670.26593359969,49743.7
7670.475796602488,46934.5
7670.685659605287,46745.6
7670.895522608085,47881.1
7671.105385610884,48482.2
7671.315248613682,47664.8
7671.525111616481,46115.1
7671.7349746192795,46801.9
7671.944837622078,50133.0
7672.154700624877,55536.2
7672.364563627675,61270.2
7672.574426630474,63149.0
7672.784289633272,64089.1
7672.994152636071,63793.7
7673.204015638869,63310.3
7673.413878641668,64069.2
7673.6237416444665,63798.5
7673.833604647265,62602.5
7674.043467650064,63176.5
7674.253330652862,64355.0
7674.463193655661,64931.0
7674.67305665846,64838.4
7674.882919661259,64761.9
7675.092782664057,64816.6
7675.302645666856,64299.4
7675.512508669654,63316.0
7675.722371672453,63191.4
7675.9322346752515,60165.1
7676.14209767805,55867.7
7676.351960680849,53154.0
7676.561823683647,52209.2
7676.771686686446,54769.8
7676.981549689244,56059.8
7677.191412692043,55314.3
7677.401275694841,52441.7
7677.61113869764,52900.9
7677.8210017004385,56258.7
7678.030864703237,58667.3
7678.240727706036,62531.1
7678.450590708834,65654.6
7678.660453711633,66541.3
7678.870316714431,67049.8
7679.08017971723,66246.4
7679.290042720028,65422.1
7679.499905722827,66882.8
7679.7097687256255,66570.8
7679.919631728424,66877.6
7680.129494731223,67730.0
7680.339357734022,67281.6
7680.549220736821,67153.1
7680.759083739619,67288.8
7680.968946742418,66861.5
7681.178809745216,67431.3
7681.388672748015,67349.6
7681.598535750813,67004.6
7681.808398753612,67680.6
7682.0182617564105,66708.1
7682.228124759209,64007.4
7682.437987762008,60981.3
7682.647850764806,58567.5
7682.857713767605,57489.9
7683.067576770403,58934.0
7683.277439773202,59820.5
7683.487302776,60088.8
7683.697165778799,59824.0
7683.907028781598,59683.6
7684.116891784396,61688.3
7684.326754787195,64293.1
7684.536617789993,65734.1
7684.746480792792,67128.5
7684.95634379559,67825.8
7685.166206798389,67522.3
7685.376069801187,67872.7
7685.585932803986,68089.4
7685.795795806785,68257.7
7686.005658809584,68944.3
7686.215521812383,69141.6
7686.425384815181,68150.3
7686.63524781798,69365.9
7686.845110820778,69477.9
7687.054973823577,68414.1
7687.264836826375,68365.8
7687.474699829174,67889.7
7687.6845628319725,68116.5
7687.894425834771,69140.4
7688.10428883757,68376.2
7688.314151840368,68557.6
7688.524014843167,66920.8
7688.733877845965,65339.0
7688.943740848764,63431.0
7689.153603851562,62260.0
7689.363466854361,64764.4
7689.5733298571595,64983.9
7689.783192859958,63189.2
7689.993055862757,62875.1
7690.202918865555,62778.0
7690.412781868354,63728.3
7690.622644871152,66035.3
7690.832507873951,67841.0
7691.042370876749,69818.8
7691.252233879548,69981.1
7691.4620968823465,69578.2
7691.671959885146,69605.6
7691.8818228879445,69392.5
7692.091685890743,69819.5
7692.301548893542,67749.4
7692.51141189634,68264.7
7692.721274899139,68578.4
7692.931137901937,68274.2
7693.141000904736,70243.0
7693.350863907534,70448.4
7693.560726910333,70003.3
7693.7705899131315,70375.4
7693.98045291593,69858.6
7694.190315918729,70932.2
7694.400178921527,70454.8
7694.610041924326,70345.2
7694.819904927124,69940.9
7695.029767929923,69462.0
7695.239630932721,68043.6
7695.44949393552,67921.7
7695.6593569383185,67908.9
7695.869219941117,67520.9
7696.079082943916,67315.0
7696.288945946714,67221.5
7696.498808949513,67822.8
7696.708671952311,68031.1
7696.91853495511,68433.5
7697.128397957908,68826.0
7697.338260960708,68520.5
7697.548123963506,70367.2
7697.757986966305,71580.0
7697.967849969104,70367.2
7698.177712971902,69819.8
7698.387575974701,71098.9
7698.597438977499,70046.1
7698.807301980298,69513.9
7699.017164983096,69666.6
7699.227027985895,69952.2
7699.436890988693,70540.7
7699.646753991492,71367.9
7699.856616994291,71846.9
7700.066479997089,70781.2
7700.276342999888,69570.8
7700.486206002686,70112.1
7700.696069005485,71024.9
7700.905932008283,71288.8
7701.115795011082,71384.0
7701.3256580138805,70821.2
7701.535521016679,70957.6
7701.745384019478,71692.2
7701.955247022276,70781.4
7702.165110025075,70783.7
7702.374973027873,69135.4
7702.584836030672,68323.6
7702.79469903347,69868.6
7703.004562036269,69591.0
7703.214425039068,69438.7
7703.424288041867,69763.4
7703.6341510446655,69969.1
7703.844014047464,70369.2
7704.053877050263,70924.9
7704.263740053061,70875.5
7704.47360305586,70716.3
7704.683466058658,71559.3
7704.893329061457,71741.9
7705.103192064255,72183.3
7705.313055067054,71111.5
7705.5229180698525,71633.5
7705.732781072651,72437.0
7705.94264407545,72472.1
7706.152507078248,71910.9
7706.362370081047,71613.6
7706.572233083845,72747.4
7706.782096086644,72035.7
7706.991959089442,72298.7
7707.201822092241,71935.4
7707.4116850950395,72685.5
7707.621548097838,72906.7
7707.831411100637,71827.5
7708.041274103435,72071.1
7708.251137106234,72393.1
7708.461000109032,72235.9
7708.670863111831,72563.7
7708.88072611463,73266.9
7709.090589117429,72781.7
7709.300452120227,72102.0
7709.510315123026,69799.2
7709.7201781258245,70471.2
7709.930041128623,71220.7
7710.139904131422,72357.7
7710.34976713422,72869.9
7710.559630137019,72936.8
7710.769493139817,71702.2
7710.979356142616,71705.5
7711.189219145414,72241.2
7711.399082148213,72189.1
7711.6089451510115,71740.5
7711.81880815381,72489.7
7712.028671156609,73040.5
7712.238534159407,72162.3
7712.448397162206,72018.6
7712.658260165004,72285.6
7712.868123167803,71641.8
7713.077986170601,71441.4
7713.2878491734,72109.5
7713.497712176199,72068.0
7713.707575178997,72785.3
7713.917438181796,72462.7
7714.127301184594,72260.4
7714.337164187393,72490.0
7714.547027190192,71447.2
7714.756890192991,71606.4
7714.966753195789,72214.4
7715.176616198588,71552.4
7715.3864792013865,72239.0
7715.596342204185,73461.3
7715.806205206984,73084.8
7716.016068209782,71759.1
7716.225931212581,71465.0
7716.435794215379,71940.2
7716.645657218178,72432.7
7716.855520220976,71894.2
7717.065383223775,71101.4
7717.2752462265735,71724.0
7717.485109229372,72151.8
7717.694972232171,72002.9
7717.904835234969,71204.8
7718.114698237768,70408.7
7718.324561240566,71302.3
7718.534424243365,71541.9
7718.744287246163,71702.7
7718.954150248962,73055.6
7719.1640132517605,72219.6
7719.373876254559,71839.1
7719.583739257358,73037.1
7719.793602260156,71642.4
7720.003465262955,72326.4
7720.213328265754,72088.2
7720.423191268553,73046.2
7720.633054271351,73165.1
7720.84291727415,73460.2
7721.052780276948,72184.4
7721.262643279747,72047.3
7721.4725062825455,72330.5
7721.682369285344,71751.7
7721.892232288143,71678.8
7722.102095290941,71565.7
7722.31195829374,71165.3
7722.521821296538,70535.9
7722.731684299337,70903.8
7722.941547302135,71650.0
7723.151410304934,72022.2
7723.3612733077325,71423.8
7723.571136310531,71030.1
7723.78099931333,72768.7
7723.990862316128,72996.9
7724.200725318927,72351.3
7724.410588321725,73137.8
7724.620451324524,71976.0
7724.830314327322,69962.1
7725.040177330121,68848.0
7725.2500403329195,70178.7
7725.459903335718,70763.7
7725.669766338517,70896.2
7725.879629341316,71528.3
7726.089492344115,71902.3
7726.299355346913,72422.3
7726.509218349712,72643.8
7726.71908135251,72059.6
7726.928944355309,71556.6
7727.138807358107,71175.2
7727.348670360906,71830.4
7727.558533363705,72757.6
7727.768396366503,73017.3
7727.978259369302,71900.8
7728.1881223721,70355.9
7728.397985374899,70855.3
7728.607848377697,70603.3
7728.817711380496,69898.1
7729.027574383294,70997.7
7729.237437386093,71241.1
7729.447300388892,71991.2
7729.65716339169,71883.4
7729.867026394489,71206.1
7730.076889397287,69875.0
7730.286752400086,70545.6
7730.496615402884,71506.4
7730.706478405683,71077.0
7730.9163414084815,71647.0
7731.12620441128,72210.7
7731.336067414079,71813.6
7731.545930416878,71488.9
7731.755793419677,70496.2
7731.965656422475,70096.4
7732.175519425274,71367.6
7732.385382428072,71899.0
7732.595245430871,71461.9
7732.805108433669,72339.1
7733.014971436468,71556.0
7733.2248344392665,70251.3
7733.434697442065,70034.1
7733.644560444864,69113.2
7733.854423447662,70130.7
7734.064286450461,71588.8
7734.274149453259,70216.9
7734.484012456058,70349.2
7734.693875458856,70699.1
7734.903738461655,69928.0
7735.1136014644535,70382.4
7735.323464467252,70706.5
7735.533327470051,70641.8
7735.743190472849,70908.7
7735.953053475648,69928.0
7736.162916478446,69399.3
7736.372779481245,69968.3
7736.582642484043,68920.1
7736.792505486842,68869.0
7737.0023684896405,69589.7
7737.21223149244,69989.9
7737.4220944952385,70315.1
7737.631957498037,70637.8
7737.841820500836,69367.2
7738.051683503634,69912.3
7738.261546506433,69936.7
7738.471409509231,71411.1
7738.68127251203,71404.4
7738.891135514828,70354.2
7739.100998517627,68732.9
7739.3108615204255,68761.9
7739.520724523224,69967.4
7739.730587526023,69654.7
7739.940450528821,68626.8
7740.15031353162,69835.9
7740.360176534418,69857.5
7740.570039537217,70078.2
7740.779902540015,69388.7
7740.989765542814,69258.0
7741.1996285456125,69214.7
7741.409491548411,69390.1
7741.61935455121,68943.8
7741.829217554008,68939.6
7742.039080556807,68949.7
7742.248943559605,68887.1
7742.458806562404,68448.8
7742.668669565202,70414.0
7742.878532568002,69629.4
7743.0883955708005,70059.0
7743.298258573599,70694.2
7743.508121576398,69650.6
7743.717984579196,68881.9
7743.927847581995,68549.4
7744.137710584793,69202.5
7744.347573587592,69700.6
7744.55743659039,69285.3
7744.767299593189,68521.8
7744.9771625959875,68691.4
7745.187025598786,68354.4
7745.396888601585,67973.4
7745.606751604383,68380.8
7745.816614607182,69486.7
7746.02647760998,69598.0
7746.236340612779,69200.7
7746.446203615577,68609.4
7746.656066618376,67835.0
7746.8659296211745,68503.2
7747.075792623973,68131.1
7747.285655626772,67767.5
7747.49551862957,68323.3
7747.705381632369,68270.2
7747.915244635167,68110.5
7748.125107637966,68771.8
7748.334970640764,68061.5
7748.544833643564,67026.2
7748.754696646362,67727.6
7748.964559649161,68053.1
7749.1744226519595,67566.7
7749.384285654758,66115.2
7749.594148657557,66372.5
7749.804011660355,66894.9
7750.013874663154,67028.7
7750.223737665952,67944.0
7750.433600668751,69091.6
7750.643463671549,67817.1
7750.853326674348,66433.5
7751.0631896771465,66096.9
7751.273052679945,66209.6
7751.482915682744,65802.3
7751.692778685542,67089.7
7751.902641688341,66366.9
7752.112504691139,66284.8
7752.322367693938,66208.2
7752.532230696736,66136.6
7752.742093699535,67041.3
7752.9519567023335,66941.0
7753.161819705132,66178.4
7753.371682707931,66715.8
7753.581545710729,68024.1
7753.791408713528,66429.5
7754.001271716326,65831.4
7754.211134719126,67322.3
7754.420997721924,65127.1
7754.630860724723,65820.9
7754.840723727521,66592.8
7755.05058673032,65029.6
7755.260449733119,65628.9
7755.470312735917,65130.6
7755.680175738716,66617.3
7755.890038741514,65762.1
7756.099901744313,65260.5
7756.309764747111,65543.1
7756.51962774991,64971.2
7756.729490752708,64704.4
7756.939353755507,65191.2
7757.149216758306,65159.1
7757.359079761104,64822.2
7757.568942763903,65346.1
7757.778805766701,65287.9
7757.9886687695,65297.0
7758.198531772298,65490.7
7758.408394775097,65638.2
7758.618257777895,64749.1
7758.828120780694,64012.8
7759.037983783493,64021.4
7759.247846786291,63495.9
7759.45770978909,64004.4
7759.667572791888,64119.0
7759.877435794688,64297.2
7760.087298797486,64029.5
7760.297161800285,64547.5
7760.507024803083,62848.4
7760.716887805882,62547.1
7760.9267508086805,63244.8
7761.136613811479,64344.6
7761.346476814278,64592.5
7761.556339817076,64073.0
7761.766202819875,64270.6
7761.976065822673,64254.0
7762.185928825472,63343.9
7762.39579182827,62926.2
7762.605654831069,62213.2
7762.8155178338675,61796.8
7763.025380836666,62289.3
7763.235243839465,63474.3
7763.445106842263,63098.0
7763.654969845062,62669.0
7763.86483284786,62452.7
7764.074695850659,62111.1
7764.284558853457,62726.7
7764.494421856256,62090.7
7764.7042848590545,62814.4
7764.914147861853,61589.5
7765.124010864652,61595.6
7765.33387386745,61598.0
7765.54373687025,61902.1
7765.753599873048,60742.9
7765.963462875847,61062.6
7766.173325878645,61384.1
7766.383188881444,61561.8
7766.593051884242,59581.6
7766.802914887041,61236.3
7767.0127778898395,60866.8
7767.222640892638,58971.4
7767.432503895437,59631.4
7767.642366898235,61276.9
7767.852229901034,60419.1
7768.062092903832,60672.7
7768.271955906631,60137.9
7768.481818909429,59752.3
7768.691681912228,60592.8
7768.9015449150265,60240.3
7769.111407917825,61053.3
7769.321270920624,61173.3
7769.531133923422,60260.9
7769.740996926221,59686.8
7769.950859929019,60309.3
7770.160722931818,59946.2
7770.370585934616,60489.7
7770.580448937415,61459.1
7770.7903119402135,59937.3
7771.000174943012,58355.0
7771.210037945812,56511.2
7771.41990094861,55315.0
7771.629763951409,54759.3
7771.839626954207,53136.2
7772.049489957006,53308.5
7772.259352959804,54493.0
7772.469215962603,55735.0
7772.6790789654015,57065.4
7772.8889419682,57190.8
7773.098804970999,57485.0
7773.308667973797,57451.4
7773.518530976596,56171.0
7773.728393979394,55294.8
7773.938256982193,53969.3
7774.148119984991,53860.9
7774.35798298779,54382.8
7774.5678459905885,53494.7
7774.777708993387,54663.4
7774.987571996186,55860.1
7775.197434998984,54227.3
7775.407298001783,53725.2
7775.617161004581,55047.7
7775.82702400738,55850.6
7776.036887010178,55814.8
7776.246750012977,56472.9
7776.4566130157755,57301.2
7776.666476018574,56923.8
7776.8763390213735,57131.3
7777.086202024172,57452.9
7777.296065026971,57679.0
7777.505928029769,57228.1
7777.715791032568,57448.6
7777.925654035366,57270.2
7778.135517038165,57168.1
7778.345380040963,56252.7
7778.555243043762,55946.1
7778.7651060465605,57325.5
7778.974969049359,57517.6
7779.184832052158,56871.1
7779.394695054956,56164.1
7779.604558057755,55445.9
7779.814421060553,56663.4
7780.024284063352,56220.6
7780.23414706615,56826.8
7780.444010068949,57003.2
7780.6538730717475,57036.6
7780.863736074546,56813.6
7781.073599077345,55594.6
7781.283462080143,56143.1
7781.493325082942,56186.7
7781.70318808574,55543.7
7781.913051088539,54987.2
7782.122914091337,55200.5
7782.332777094136,56557.2
7782.542640096935,56374.9
7782.752503099734,54712.3
7782.9623661025325,55359.6
7783.172229105331,56127.4
7783.38209210813,55309.9
7783.591955110928,54184.7
7783.801818113727,54372.1
7784.011681116525,54965.1
7784.221544119324,55317.6
7784.431407122122,55672.5
7784.641270124921,55849.3
7784.85113312772,55332.0
7785.060996130518,54785.4
7785.270859133317,55080.9
7785.480722136115,55053.8
7785.690585138914,54504.7
7785.900448141712,54385.4
7786.110311144511,55367.4
7786.320174147309,54417.9
7786.530037150108,55005.8
7786.739900152907,55093.1
7786.949763155705,55849.6
7787.159626158504,55201.6
7787.369489161302,54269.4
7787.579352164101,54016.1
7787.789215166899,54015.4
7787.999078169698,53913.7
7788.208941172497,53669.3
7788.418804175296,54641.2
7788.6286671780945,54284.6
7788.838530180893,55377.7
7789.048393183692,53894.1
7789.25825618649,53062.4
7789.468119189289,53049.5
7789.677982192087,53341.1
7789.887845194886,54707.7
7790.097708197684,53479.0
7790.307571200483,53432.8
7790.5174342032815,53977.3
7790.72729720608,53031.3
7790.937160208879,52909.2
7791.147023211677,53129.8
7791.356886214476,53552.7
7791.566749217274,53793.8
7791.776612220073,53553.5
7791.986475222871,52908.5
7792.19633822567,52480.8
7792.4062012284685,52479.5
7792.616064231267,52526.9
7792.825927234066,52113.5
7793.035790236864,52425.0
7793.245653239663,52121.3
7793.455516242461,51753.1
7793.66537924526,52532.2
7793.875242248059,51254.7
7794.085105250858,51681.9
7794.294968253656,53015.8
7794.504831256455,52159.3
7794.7146942592535,52407.3
7794.924557262052,51987.9
7795.134420264851,51047.0
7795.344283267649,51876.4
7795.554146270448,51669.3
7795.764009273246,51804.2
7795.973872276045,51273.5
7796.183735278843,50359.6
7796.393598281642,51505.1
7796.6034612844405,50972.4
7796.813324287239,51102.4
7797.023187290038,49966.2
7797.233050292836,50347.8
7797.442913295635,50540.6
7797.652776298433,50506.7
7797.862639301232,50903.1
7798.07250230403,50052.8
7798.282365306829,50024.8
7798.4922283096275,50352.2
7798.702091312426,50575.4
7798.911954315225,49677.0
7799.121817318023,49320.1
7799.331680320822,49139.8
7799.541543323621,49658.0
7799.75140632642,49951.0
7799.961269329218,49646.1
7800.171132332017,50071.1
7800.380995334815,50199.0
7800.590858337614,49202.2
7800.800721340413,49429.7
7801.010584343211,49160.5
7801.22044734601,48320.9
7801.430310348808,47855.6
7801.640173351607,48930.3
7801.850036354405,49242.3
7802.059899357204,48387.8
7802.2697623600025,47859.0
7802.479625362801,48512.2
7802.6894883656,48582.1
7802.899351368398,48526.5
7803.109214371197,48020.2
7803.319077373995,47497.8
7803.528940376794,47416.7
7803.738803379592,47621.7
7803.948666382391,47310.3
7804.1585293851895,47963.6
7804.368392387988,47242.5
7804.578255390787,47334.9
7804.788118393585,47272.4
7804.997981396384,46512.3
7805.207844399183,47739.2
7805.417707401982,47812.0
7805.62757040478,47477.2
7805.837433407579,47595.0
7806.047296410377,48080.0
7806.257159413176,46701.7
7806.4670224159745,47189.7
7806.676885418773,46617.5
7806.886748421572,46338.1
7807.09661142437,45358.5
7807.306474427169,46043.9
7807.516337429967,46521.0
7807.726200432766,45568.8
7807.936063435564,45055.0
7808.145926438363,45316.1
7808.3557894411615,45702.6
7808.56565244396,45857.3
7808.775515446759,45984.1
7808.985378449557,45834.9
7809.195241452356,45361.0
7809.405104455154,44021.0
7809.614967457953,45809.0
7809.824830460751,45173.6
7810.03469346355,45203.1
7810.2445564663485,44648.1
7810.454419469147,44904.4
7810.664282471946,45554.4
7810.874145474745,44161.2
7811.084008477544,43886.7
7811.293871480342,43393.0
7811.503734483141,43746.2
7811.713597485939,43613.1
7811.923460488738,43863.1
7812.133323491536,43745.5
7812.343186494335,44315.0
7812.5530494971335,44400.1
7812.762912499932,44521.5
7812.972775502731,43679.3
7813.182638505529,42717.6
7813.392501508328,42908.1
7813.602364511126,43491.8
7813.812227513925,43771.2
7814.022090516723,42883.2
7814.231953519522,43513.7
7814.441816522321,42926.8
7814.651679525119,42509.5
7814.861542527918,43181.4
7815.071405530716,43427.1
7815.281268533515,43019.2
7815.491131536313,42348.2
7815.700994539112,42628.2
7815.91085754191,41975.6
7816.120720544709,42919.6
7816.330583547508,41974.2
7816.540446550306,42267.7
7816.750309553106,41196.2
7816.960172555904,41637.6
7817.170035558703,41341.2
7817.379898561501,42066.0
7817.5897615643,41439.2
7817.799624567098,42144.2
7818.009487569897,41913.8
7818.2193505726955,40742.0
7818.429213575494,41040.6
7818.639076578293,41468.5
7818.848939581091,41881.2
7819.05880258389,41798.3
7819.268665586688,41171.4
7819.478528589487,41448.2
7819.688391592285,41343.8
7819.898254595084,40438.5
7820.1081175978825,39640.4
7820.317980600681,39411.4
7820.52784360348,40368.3
7820.737706606278,40312.2
7820.947569609077,40289.5
7821.157432611875,40917.4
7821.367295614674,40104.1
7821.577158617472,39384.3
7821.787021620271,39013.0
7821.9968846230695,39004.9
7822.206747625868,39948.5
7822.4166106286675,39982.5
7822.626473631466,39342.2
7822.836336634265,39109.1
7823.046199637063,39036.9
7823.256062639862,38836.0
7823.46592564266,39116.6
7823.675788645459,38925.3
7823.885651648257,38890.1
7824.095514651056,38554.6
7824.3053776538545,38868.2
7824.515240656653,38425.9
7824.725103659452,38506.9
7824.93496666225,37945.1
7825.144829665049,37834.7
7825.354692667847,37761.7
7825.564555670646,38176.8
7825.774418673444,38355.2
7825.984281676243,37715.8
7826.1941446790415,37828.0
7826.40400768184,37429.3
7826.613870684639,37287.1
7826.823733687437,37797.9
7827.033596690236,38241.2
7827.243459693034,36980.3
7827.453322695833,37598.8
7827.663185698631,37674.5
7827.87304870143,38209.5
7828.0829117042285,38100.6
7828.292774707028,37389.0
7828.502637709827,37430.2
7828.712500712625,37257.0
7828.922363715424,36426.2
7829.132226718222,37058.5
7829.342089721021,37342.1
7829.551952723819,36655.4
7829.761815726618,36607.9
7829.971678729416,35779.7
7830.181541732215,37007.0
7830.391404735014,35743.6
7830.601267737812,35854.7
7830.811130740611,35684.5
7831.020993743409,35583.6
7831.230856746208,35915.9
7831.440719749006,35929.0
7831.650582751805,35705.3
7831.8604457546035,34648.2
7832.070308757402,34826.9
7832.280171760201,35316.0
7832.490034762999,35144.0
7832.699897765798,36051.2
7832.909760768596,35624.8
7833.119623771395,35367.0
7833.329486774193,35618.1
7833.539349776992,34109.4
7833.7492127797905,34265.4
7833.95907578259,34315.6
7834.1689387853885,34773.9
7834.378801788187,35070.1
7834.588664790986,34468.4
7834.798527793784,34729.1
7835.008390796583,33816.7
7835.218253799381,34388.6
7835.42811680218,34136.1
7835.637979804978,33733.0
7835.847842807777,33459.4
7836.0577058105755,33447.4
7836.267568813374,33279.2
7836.477431816173,33388.8
7836.687294818971,33892.3
7836.89715782177,32981.9
7837.107020824568,32882.6
7837.316883827367,32769.8
7837.526746830165,33233.6
7837.736609832964,33257.9
7837.9464728357625,32322.1
7838.156335838561,32551.3
7838.36619884136,33592.3
7838.576061844158,33011.8
7838.785924846957,33151.4
7838.995787849755,32846.9
7839.205650852554,32386.3
7839.415513855352,32112.8
7839.625376858152,32299.8
7839.83523986095,32147.8
7840.045102863749,32524.0
7840.2549658665475,31851.0
7840.464828869346,31563.1
7840.674691872145,31207.2
7840.884554874943,31439.9
7841.094417877742,31411.1
7841.30428088054,31313.6
7841.514143883339,31190.2
7841.724006886137,30793.8
7841.933869888936,31624.4
7842.1437328917345,31249.9
7842.353595894533,31324.9
7842.563458897332,31016.8
7842.77332190013,31022.9
7842.983184902929,30273.8
7843.193047905727,30050.9
7843.402910908526,30422.8
7843.612773911324,29990.6
7843.822636914123,29654.1
7844.032499916922,29580.8
7844.24236291972,30406.3
7844.452225922519,30059.2
7844.662088925317,29545.8
7844.871951928116,29884.7
7845.081814930914,30371.5
7845.291677933714,28971.3
7845.501540936512,29515.7
7845.711403939311,30650.5
7845.9212669421095,30420.1
7846.131129944908,29511.2
7846.340992947707,29416.5
7846.550855950505,27826.8
7846.760718953304,27814.0
7846.970581956102,28072.2
7847.180444958901,28834.3
7847.390307961699,28873.6
7847.600170964498,27991.4
7847.8100339672965,27550.1
7848.019896970095,27595.1
7848.229759972894,28021.0
7848.439622975692,27640.1
7848.649485978491,28357.6
7848.859348981289,28115.7
7849.069211984088,27468.0
7849.279074986886,26983.8
7849.488937989685,27656.8
7849.6988009924835,27951.3
7849.908663995282,26939.0
7850.118526998081,26974.2
7850.328390000879,27990.0
7850.538253003678,27961.1
7850.748116006476,26068.7
7850.957979009276,26051.2
7851.167842012074,27054.9
7851.377705014873,26781.0
7851.587568017671,25921.3
7851.79743102047,26040.3
7852.0072940232685,26703.9
7852.217157026067,26691.7
7852.427020028866,25859.9
7852.636883031664,25678.2
7852.846746034463,26980.4
7853.056609037261,26324.2
7853.26647204006,25600.5
7853.476335042858,25387.7
7853.686198045657,25099.5
7853.8960610484555,24896.6
7854.105924051254,25391.6
7854.315787054053,25854.6
7854.525650056851,25540.6
7854.73551305965,25898.9
7854.945376062448,25647.3
7855.155239065247,25737.7
7855.365102068045,25140.6
7855.574965070844,24364.5
7855.7848280736425,24878.7
7855.994691076441,24594.4
7856.20455407924,24448.0
7856.414417082038,24669.3
7856.624280084838,23575.7
7856.834143087636,24654.1
7857.044006090435,24744.2
7857.253869093233,24625.0
7857.463732096032,24709.2
7857.67359509883,23567.5
7857.883458101629,24002.2
7858.093321104428,24259.7
7858.303184107226,23497.9
7858.513047110025,23852.5
7858.722910112823,24384.3
7858.932773115622,24256.6
7859.14263611842,23029.4
7859.352499121219,22506.0
7859.562362124017,22496.9
7859.772225126816,23015.8
7859.982088129615,23708.6
7860.191951132413,22662.3
7860.401814135212,21986.9
7860.61167713801,21954.0
7860.821540140809,22258.4
7861.031403143607,22021.8
7861.241266146406,22032.1
7861.4511291492045,22239.6
7861.660992152003,23454.3
7861.870855154802,22373.6
7862.0807181576,21410.0
7862.2905811604,21702.0
7862.500444163198,21972.1
7862.710307165997,21775.7
7862.920170168795,21530.1
7863.130033171594,21482.3
7863.339896174392,22173.4
7863.549759177191,21935.7
7863.7596221799895,21823.0
7863.969485182788,21890.1
7864.179348185587,21305.9
7864.389211188385,22269.3
7864.599074191184,21771.5
7864.808937193982,21564.1
7865.018800196781,20866.9
7865.228663199579,20551.5
7865.438526202378,21070.1
7865.6483892051765,19707.5
7865.858252207975,19840.9
7866.068115210774,19913.9
7866.277978213572,19647.3
7866.487841216371,20089.1
7866.697704219169,19577.2
7866.907567221968,19678.2
7867.117430224766,19669.4
7867.327293227565,19903.2
7867.5371562303635,20305.6
7867.747019233162,19831.3
7867.9568822359615,19757.8
7868.16674523876,20010.8
7868.376608241559,19369.9
7868.586471244357,18974.9
7868.796334247156,19191.2
7869.006197249954,19513.8
7869.216060252753,19522.5
7869.425923255551,18835.5
7869.63578625835,18452.7
7869.8456492611485,18892.6
7870.055512263947,18275.7
7870.265375266746,17237.2
7870.475238269544,17650.3
7870.685101272343,18507.8
7870.894964275141,17371.4
7871.10482727794,17740.0
7871.314690280738,17459.0
7871.524553283537,17798.8
7871.7344162863355,17321.3
7871.944279289134,17478.1
7872.154142291933,17802.8
7872.364005294731,18215.4
7872.57386829753,17677.2
7872.783731300328,16581.8
7872.993594303127,17562.8
7873.203457305925,17726.1
7873.413320308724,16723.5
7873.6231833115235,17871.6
7873.833046314322,17343.9
7874.042909317121,17471.1
7874.252772319919,16853.0
7874.462635322718,17337.4
7874.672498325516,17334.1
7874.882361328315,15996.4
7875.092224331113,16792.3
7875.302087333912,16396.5
7875.5119503367105,16416.6
7875.721813339509,16363.9
7875.931676342308,16181.9
7876.141539345106,15785.8
7876.351402347905,16142.4
7876.561265350703,15242.8
7876.771128353502,15102.6
7876.9809913563,14430.1
7877.190854359099,15703.1
7877.4007173618975,15874.0
7877.610580364696,15273.7
7877.820443367495,15545.2
7878.030306370293,15554.7
7878.240169373092,16435.9
7878.45003237589,15791.1
7878.659895378689,15252.6
7878.869758381487,15870.6
7879.079621384286,15550.2
7879.289484387085,15577.7
7879.499347389884,15374.4
7879.7092103926825,15374.8
7879.919073395481,14197.4
7880.12893639828,14202.9
7880.338799401078,14402.0
7880.548662403877,14961.3
7880.758525406675,15553.2
7880.968388409474,14103.4
7881.178251412272,13552.2
7881.388114415071,14370.0
7881.5979774178695,13933.0
7881.807840420668,14983.8
7882.017703423467,14969.7
7882.227566426265,14516.1
7882.437429429064,14083.3
7882.647292431862,14087.9
7882.857155434661,14101.9
7883.067018437459,14423.2
7883.276881440258,13582.5
7883.4867444430565,13723.1
7883.696607445855,13953.5
7883.906470448654,14178.6
7884.116333451452,13607.0
7884.326196454251,12918.5
7884.536059457049,13176.3
7884.745922459848,13018.5
7884.955785462647,12966.1
7885.165648465446,13541.2
7885.375511468244,12837.9
7885.585374471043,13317.6
7885.795237473842,13271.4
7886.00510047664,12187.3
7886.214963479439,13103.7
7886.424826482237,12711.5
7886.634689485036,12771.4
7886.844552487834,12463.3
7887.054415490633,11936.0
7887.264278493431,12515.4
7887.47414149623,12571.9
7887.684004499029,12859.7
7887.893867501827,12563.2
7888.103730504626,11789.7
7888.313593507424,11309.7
7888.523456510223,11215.7
7888.733319513021,12441.1
7888.94318251582,12650.7
7889.1530455186185,12061.6
7889.362908521417,11474.2
7889.572771524216,12038.8
7889.782634527014,11513.9
7889.992497529813,11634.1
7890.202360532611,11024.7
7890.41222353541,10757.6
7890.622086538209,11204.7
7890.831949541008,10584.9
7891.041812543806,11634.3
7891.251675546605,11507.3
7891.4615385494035,11387.2
7891.671401552202,10919.4
7891.881264555001,10180.7
7892.091127557799,9940.88
7892.300990560598,10023.5
7892.510853563396,11076.9
7892.720716566195,10193.1
7892.930579568993,9656.1
7893.140442571792,10153.6
7893.3503055745905,10739.1
7893.560168577389,10650.0
7893.770031580188,10034.2
7893.979894582986,10150.6
7894.189757585785,9297.24
7894.399620588583,9300.85
7894.609483591382,10122.2
7894.81934659418,10196.0
7895.029209596979,10613.8
7895.2390725997775,9675.67
7895.448935602576,8302.84
7895.658798605375,9288.46
7895.868661608173,9346.82
7896.078524610972,8611.69
7896.288387613771,7762.61
7896.49825061657,8473.47
7896.708113619368,9142.22
7896.917976622167,9891.84
7897.127839624965,9691.78
7897.337702627764,8281.44
