6484.2863874983,34458.8
6484.466956705392,34211.0
6484.647525912484,34059.4
6484.828095119575,34819.1
6485.008664326666,35273.4
6485.189233533758,35838.6
6485.369802740849,36728.4
6485.550371947941,36672.5
6485.730941155032,36327.0
6485.911510362123,37051.8
6486.0920795692155,37693.9
6486.272648776307,37254.4
6486.453217983398,36634.4
6486.63378719049,36509.8
6486.814356397581,37463.5
6486.994925604673,38857.9
6487.175494811764,39287.6
6487.356064018855,39274.9
6487.536633225947,39743.3
6487.717202433038,39015.9
6487.89777164013,38849.1
6488.078340847222,39043.0
6488.258910054313,39031.0
6488.439479261405,39605.1
6488.620048468496,41193.4
6488.800617675587,41859.0
6488.981186882679,40787.1
6489.16175608977,40875.5
6489.342325296861,41300.2
6489.5228945039535,41630.6
6489.703463711045,42855.6
6489.884032918137,43510.2
6490.064602125228,43424.9
6490.245171332319,43161.9
6490.425740539411,42491.7
6490.606309746502,41867.4
6490.786878953593,42072.7
6490.967448160685,43022.5
6491.148017367776,43381.8
6491.3285865748685,44165.1
6491.50915578196,44270.5
6491.689724989051,44252.1
6491.870294196143,43729.8
6492.050863403234,42403.2
6492.231432610325,41508.9
6492.412001817417,40925.6
6492.592571024508,41698.6
6492.7731402316,42535.0
6492.9537094386915,44233.3
6493.134278645783,46038.8
6493.314847852875,46482.8
6493.495417059966,46818.1
6493.675986267057,48093.4
6493.856555474149,48670.0
6494.03712468124,48247.2
6494.217693888332,48603.3
6494.398263095423,48616.3
6494.5788323025145,48761.2
6494.7594015096065,48387.5
6494.939970716698,48834.7
6495.120539923789,49675.5
6495.301109130881,49620.3
6495.481678337972,48746.4
6495.662247545064,47883.7
6495.842816752155,47964.6
6496.023385959246,48779.3
6496.203955166338,50479.0
6496.3845243734295,51190.6
6496.565093580521,51876.6
6496.745662787613,52163.1
6496.926231994704,52688.6
6497.106801201796,52960.3
6497.287370408887,52088.9
6497.467939615978,52063.8
6497.64850882307,52560.3
6497.829078030161,52295.1
6498.0096472372525,53190.9
6498.1902164443445,54675.2
6498.370785651436,55054.2
6498.551354858528,54339.3
6498.731924065619,53484.7
6498.91249327271,53984.4
6499.093062479802,55434.9
6499.273631686893,55796.2
6499.454200893984,56514.5
6499.634770101076,56812.7
6499.8153393081675,56399.9
6499.9959085152595,56500.8
6500.176477722351,57835.3
6500.357046929442,58793.6
6500.537616136534,58483.7
6500.718185343625,58456.5
6500.898754550716,59123.8
6501.079323757808,58930.5
6501.259892964899,58583.7
6501.440462171991,59198.6
6501.6210313790825,60132.2
6501.801600586174,60224.6
6501.982169793266,60029.7
6502.162739000357,59674.1
6502.343308207448,59971.5
6502.52387741454,61168.2
6502.704446621631,61783.8
6502.885015828723,61840.5
6503.065585035814,61831.1
6503.2461542429055,61667.1
6503.426723449998,61398.6
6503.607292657089,61537.8
6503.78786186418,62060.5
6503.968431071272,63197.9
6504.149000278363,63456.2
6504.329569485455,62473.3
6504.510138692546,62487.9
6504.690707899637,63561.6
6504.871277106729,64167.7
6505.0518463138205,63891.9
6505.232415520912,64354.1
6505.412984728004,65307.3
6505.593553935095,65482.6
6505.774123142187,66510.1
6505.954692349278,67082.5
6506.135261556369,66800.3
6506.315830763461,66889.5
6506.496399970552,66429.9
6506.6769691776435,67688.3
6506.857538384736,67991.1
6507.038107591827,68566.0
6507.218676798919,68260.3
6507.39924600601,68642.1
6507.579815213101,69237.3
6507.760384420193,69276.3
6507.940953627284,70033.8
6508.121522834375,70711.5
6508.302092041467,69697.9
6508.4826612485585,69385.8
6508.663230455651,70539.4
6508.843799662742,71352.7
6509.024368869833,72468.4
6509.204938076925,72427.5
6509.385507284016,72911.1
6509.566076491107,73461.4
6509.746645698199,72689.3
6509.92721490529,72548.1
6510.107784112382,74043.6
6510.288353319474,75313.8
6510.468922526565,76082.6
6510.649491733657,75225.6
6510.830060940748,75879.7
6511.010630147839,76568.2
6511.191199354931,77202.8
6511.371768562022,78009.8
6511.552337769114,77542.9
6511.732906976205,76968.0
6511.913476183297,76577.9
6512.094045390389,76263.6
6512.27461459748,79332.0
6512.455183804571,80908.6
6512.635753011663,79773.9
6512.816322218754,79828.6
6512.996891425846,81619.9
6513.177460632937,82496.4
6513.358029840028,81811.7
6513.53859904712,81519.6
6513.719168254212,81532.8
6513.899737461303,80983.2
6514.080306668395,80848.2
6514.260875875486,80648.4
6514.441445082578,80065.6
6514.622014289669,79312.2
6514.80258349676,80046.9
6514.983152703852,81968.0
6515.163721910943,82741.9
6515.344291118035,82838.6
6515.524860325127,81489.2
6515.705429532218,79025.5
6515.88599873931,78153.8
6516.066567946401,78295.9
6516.247137153492,75899.5
6516.427706360584,69231.1
6516.608275567675,64156.9
6516.788844774766,61068.1
6516.969413981858,62421.9
6517.14998318895,67656.6
6517.330552396042,74859.3
6517.511121603133,81123.7
6517.691690810224,83686.1
6517.872260017316,84015.5
6518.052829224407,85378.8
6518.233398431498,87247.4
6518.41396763859,88606.3
6518.594536845681,89221.5
6518.7751060527735,89368.6
6518.955675259865,90153.4
6519.136244466956,90148.3
6519.316813674048,90830.6
6519.497382881139,91093.3
6519.67795208823,91439.0
6519.858521295322,93539.3
6520.039090502413,95964.9
6520.219659709505,97681.4
6520.4002289165965,96715.8
6520.580798123688,94766.9
6520.76136733078,95395.1
6520.941936537871,95932.3
6521.122505744962,95617.0
6521.303074952054,94749.6
6521.483644159145,94528.6
6521.664213366237,95238.3
6521.844782573328,95307.5
6522.025351780419,95650.2
6522.2059209875115,97048.7
6522.386490194603,96478.7
6522.567059401694,96125.1
6522.747628608786,97632.2
6522.928197815877,97352.2
6523.108767022969,96194.0
6523.28933623006,97136.6
6523.469905437151,95593.0
6523.650474644243,93478.5
6523.8310438513345,93721.7
6524.011613058426,95213.3
6524.192182265518,96773.3
6524.372751472609,97940.0
6524.553320679701,99845.1
6524.733889886792,99708.5
6524.914459093883,98407.3
6525.095028300975,100533.0
6525.275597508066,100272.0
6525.456166715157,100083.0
6525.6367359222495,101315.0
6525.817305129341,101423.0
6525.997874336433,100632.0
6526.178443543524,100982.0
6526.359012750615,101142.0
6526.539581957707,100288.0
6526.720151164798,101273.0
6526.900720371889,102329.0
6527.081289578981,103384.0
6527.2618587860725,102784.0
6527.4424279931645,103703.0
6527.622997200256,105015.0
6527.803566407347,106464.0
6527.984135614439,106575.0
6528.16470482153,106213.0
6528.345274028621,106166.0
6528.525843235713,105769.0
6528.706412442804,106085.0
6528.886981649896,105798.0
6529.0675508569875,104790.0
6529.248120064079,106608.0
6529.428689271171,108130.0
6529.609258478262,107428.0
6529.789827685353,107661.0
6529.970396892445,107628.0
6530.150966099536,107511.0
6530.331535306628,108090.0
6530.512104513719,108142.0
6530.6926737208105,107690.0
6530.8732429279025,108046.0
6531.053812134994,109398.0
6531.234381342085,110483.0
6531.414950549177,110800.0
6531.595519756268,110849.0
6531.77608896336,110214.0
6531.956658170451,110232.0
6532.137227377542,108460.0
6532.317796584634,106960.0
6532.4983657917255,108700.0
6532.678934998817,111473.0
6532.859504205909,112392.0
6533.040073413,112605.0
6533.220642620092,113400.0
6533.401211827183,113423.0
6533.581781034274,112790.0
6533.762350241366,112575.0
6533.942919448457,112100.0
6534.1234886555485,113348.0
6534.304057862641,113709.0
6534.484627069732,113337.0
6534.665196276824,115136.0
6534.845765483915,115362.0
6535.026334691006,115103.0
6535.206903898098,115809.0
6535.387473105189,116678.0
6535.56804231228,117312.0
6535.748611519372,116061.0
6535.9291807264635,116959.0
6536.109749933556,117701.0
6536.290319140647,117173.0
6536.470888347738,118052.0
6536.65145755483,117337.0
6536.832026761921,116424.0
6537.012595969012,116534.0
6537.193165176104,117478.0
6537.373734383195,119291.0
6537.554303590287,120670.0
6537.734872797379,121059.0
6537.91544200447,120204.0
6538.096011211562,119852.0
6538.276580418653,122590.0
6538.457149625744,122337.0
6538.637718832836,121693.0
6538.818288039927,121157.0
6538.998857247019,120848.0
6539.17942645411,121063.0
6539.3599956612015,121390.0
6539.540564868294,121534.0
6539.721134075385,121336.0
6539.901703282476,123289.0
6540.082272489568,125593.0
6540.262841696659,124528.0
6540.443410903751,123231.0
6540.623980110842,123906.0
6540.804549317933,123740.0
6540.985118525025,124201.0
6541.165687732117,126804.0
6541.346256939208,125308.0
6541.5268261463,123663.0
6541.707395353391,124169.0
6541.887964560483,123282.0
6542.068533767574,123534.0
6542.249102974665,124320.0
6542.429672181757,125624.0
6542.610241388848,126534.0
6542.79081059594,125459.0
6542.971379803032,125870.0
6543.151949010123,127183.0
6543.332518217215,125948.0
6543.513087424306,124915.0
6543.693656631397,122947.0
6543.874225838489,121057.0
6544.05479504558,122223.0
6544.235364252671,125623.0
6544.415933459763,128074.0
6544.596502666855,128433.0
6544.777071873947,129125.0
6544.957641081038,130617.0
6545.138210288129,130199.0
6545.318779495221,128573.0
6545.499348702312,128315.0
6545.679917909403,128999.0
6545.860487116495,129314.0
6546.041056323586,128829.0
6546.2216255306785,129221.0
6546.40219473777,130270.0
6546.582763944861,129918.0
6546.763333151953,129841.0
6546.943902359044,129272.0
6547.124471566135,130094.0
6547.305040773227,130287.0
6547.485609980318,130796.0
6547.66617918741,129850.0
6547.846748394501,130380.0
6548.027317601593,131505.0
6548.207886808685,130403.0
6548.388456015776,129314.0
6548.569025222867,126805.0
6548.749594429959,126758.0
6548.93016363705,129671.0
6549.110732844142,132141.0
6549.291302051233,133316.0
6549.471871258324,133866.0
6549.6524404654165,133685.0
6549.833009672508,133370.0
6550.013578879599,134495.0
6550.194148086691,135184.0
6550.374717293782,135697.0
6550.555286500874,135703.0
6550.735855707965,134579.0
6550.916424915056,134149.0
6551.096994122148,134975.0
6551.2775633292395,136096.0
6551.458132536331,136627.0
6551.638701743423,136453.0
6551.819270950514,137666.0
6551.999840157606,138692.0
6552.180409364697,136893.0
6552.360978571788,133861.0
6552.54154777888,132135.0
6552.722116985971,133604.0
6552.902686193062,137210.0
6553.0832554001545,137437.0
6553.263824607246,137391.0
6553.444393814338,139202.0
6553.624963021429,139895.0
6553.80553222852,140721.0
6553.986101435612,142417.0
6554.166670642703,143028.0
6554.347239849794,143311.0
6554.527809056886,143148.0
6554.7083782639775,143329.0
6554.8889474710695,145204.0
6555.069516678161,147246.0
6555.250085885252,150206.0
6555.430655092344,156207.0
6555.611224299435,152235.0
6555.791793506526,152769.0
6555.972362713618,155742.0
6556.152931920709,156138.0
6556.333501127801,158367.0
6556.5140703348925,161151.0
6556.694639541984,162871.0
6556.875208749076,163606.0
6557.055777956167,164244.0
6557.236347163258,167886.0
6557.41691637035,173375.0
6557.597485577441,178900.0
6557.778054784533,183380.0
6557.958623991624,188102.0
6558.1391931987155,192600.0
6558.3197624058075,197567.0
6558.500331612899,206137.0
6558.68090081999,214113.0
6558.861470027082,221727.0
6559.042039234173,229618.0
6559.222608441265,241049.0
6559.403177648356,253398.0
6559.583746855447,263252.0
6559.764316062539,274551.0
6559.9448852696305,287358.0
6560.125454476722,299650.0
6560.306023683814,310965.0
6560.486592890905,320945.0
6560.667162097997,334513.0
6560.847731305088,348928.0
6561.028300512179,360846.0
6561.208869719271,367547.0
6561.389438926362,362364.0
6561.5700081334535,349963.0
6561.7505773405455,333376.0
6561.931146547637,313570.0
6562.111715754729,283860.0
6562.29228496182,254129.0
6562.472854168911,224168.0
6562.653423376003,192010.0
6562.833992583094,161127.0
6563.014561790185,131772.0
6563.195130997277,100635.0
6563.3757002043685,71308.0
6563.556269411461,49223.2
6563.736838618552,36472.6
6563.917407825643,34563.0
6564.097977032735,41561.2
6564.278546239826,61353.5
6564.459115446917,91659.9
6564.639684654009,126393.0
6564.8202538611,161678.0
6565.000823068192,195874.0
6565.1813922752835,227712.0
6565.361961482375,255728.0
6565.542530689467,285590.0
6565.723099896558,308950.0
6565.903669103649,326475.0
6566.084238310741,344203.0
6566.264807517832,354588.0
6566.445376724924,358976.0
6566.625945932015,359144.0
6566.8065151391065,350679.0
6566.987084346199,339075.0
6567.16765355329,327371.0
6567.348222760381,312186.0
6567.528791967473,297489.0
6567.709361174564,283491.0
6567.889930381656,269866.0
6568.070499588747,257948.0
6568.251068795838,245690.0
6568.43163800293,237528.0
6568.612207210022,229446.0
6568.792776417113,220328.0
6568.973345624205,212857.0
6569.153914831296,206718.0
6569.334484038388,198528.0
6569.515053245479,194282.0
6569.69562245257,192196.0
6569.876191659662,187511.0
6570.056760866753,182327.0
6570.2373300738445,179526.0
6570.417899280937,177113.0
6570.598468488028,174195.0
6570.77903769512,171764.0
6570.959606902211,170056.0
6571.140176109302,168443.0
6571.320745316394,165314.0
6571.501314523485,163884.0
6571.681883730576,164250.0
6571.862452937668,160398.0
6572.04302214476,156763.0
6572.223591351852,156309.0
6572.404160558943,157290.0
6572.584729766034,157410.0
6572.765298973126,158123.0
6572.945868180217,157975.0
6573.126437387308,158067.0
6573.3070065944,157704.0
6573.487575801491,155928.0
6573.668145008583,154035.0
6573.848714215675,154903.0
6574.029283422766,156481.0
6574.209852629858,155007.0
6574.390421836949,152186.0
6574.57099104404,151016.0
6574.751560251132,149232.0
6574.932129458223,147595.0
6575.112698665315,149273.0
6575.293267872406,150934.0
6575.473837079498,151345.0
6575.65440628659,153757.0
6575.834975493681,157050.0
6576.015544700772,154992.0
6576.196113907864,153760.0
6576.376683114955,152003.0
6576.557252322047,152841.0
6576.737821529138,155808.0
6576.918390736229,155440.0
6577.0989599433215,154380.0
6577.279529150413,153994.0
6577.460098357504,154895.0
6577.640667564596,154151.0
6577.821236771687,153894.0
6578.001805978779,154818.0
6578.18237518587,156401.0
6578.362944392961,157269.0
6578.543513600053,155835.0
6578.724082807144,153398.0
6578.904652014236,153373.0
6579.085221221328,155121.0
6579.265790428419,155021.0
6579.446359635511,154605.0
6579.626928842602,155589.0
6579.807498049693,155229.0
6579.988067256785,155544.0
6580.168636463876,157268.0
6580.349205670967,156010.0
6580.5297748780595,153566.0
6580.710344085151,153742.0
6580.890913292243,154431.0
6581.071482499334,154996.0
6581.252051706425,156217.0
6581.432620913517,156780.0
6581.613190120608,156620.0
6581.793759327699,158150.0
6581.974328534791,156290.0
6582.154897741882,157119.0
6582.3354669489745,157545.0
6582.516036156066,157173.0
6582.696605363157,156952.0
6582.877174570249,158249.0
6583.05774377734,158305.0
6583.238312984431,158013.0
6583.418882191523,157724.0
6583.599451398614,156967.0
6583.780020605706,157315.0
6583.9605898127975,159709.0
6584.141159019889,161107.0
6584.321728226981,158904.0
6584.502297434072,156967.0
6584.682866641163,157182.0
6584.863435848255,157999.0
6585.044005055346,159160.0
6585.224574262438,158754.0
6585.405143469529,159652.0
6585.5857126766205,161438.0
6585.7662818837125,158716.0
6585.946851090804,158397.0
6586.127420297895,156375.0
6586.307989504987,156044.0
6586.488558712078,155075.0
6586.66912791917,155396.0
6586.849697126261,157521.0
6587.030266333352,161099.0
6587.210835540444,160260.0
6587.3914047475355,161024.0
6587.571973954627,158281.0
6587.752543161719,158255.0
6587.93311236881,160087.0
6588.113681575902,157681.0
6588.294250782993,157977.0
6588.474819990084,160614.0
6588.655389197176,159334.0
6588.835958404267,160424.0
6589.0165276113585,160806.0
6589.1970968184505,158883.0
6589.377666025542,160474.0
6589.558235232634,160961.0
6589.738804439725,160678.0
6589.919373646816,161920.0
6590.099942853908,160848.0
6590.280512060999,159702.0
6590.46108126809,160105.0
6590.641650475182,161337.0
6590.8222196822735,161228.0
6591.002788889366,160356.0
6591.183358096457,160624.0
6591.363927303548,159941.0
6591.54449651064,159594.0
6591.725065717731,158711.0
6591.905634924822,160681.0
6592.086204131914,160959.0
6592.266773339005,160895.0
6592.447342546097,161269.0
6592.6279117531885,161464.0
6592.80848096028,160714.0
6592.989050167372,158004.0
6593.169619374463,156922.0
6593.350188581554,158657.0
6593.530757788646,158264.0
6593.711326995737,157283.0
6593.891896202829,158300.0
6594.07246540992,159607.0
6594.2530346170115,160713.0
6594.433603824104,160208.0
6594.614173031195,158692.0
6594.794742238286,157572.0
6594.975311445378,159432.0
6595.155880652469,161301.0
6595.336449859561,160100.0
6595.517019066652,160566.0
6595.697588273743,160335.0
6595.878157480835,159893.0
6596.0587266879265,160321.0
6596.239295895018,159820.0
6596.41986510211,159268.0
6596.600434309201,159333.0
6596.781003516293,159236.0
6596.961572723384,158742.0
6597.142141930475,159895.0
6597.322711137567,160323.0
6597.503280344658,158477.0
6597.6838495517495,159191.0
6597.864418758842,160991.0
6598.044987965933,160975.0
6598.225557173025,161763.0
6598.406126380116,160405.0
6598.586695587207,159643.0
6598.767264794299,159888.0
6598.94783400139,160160.0
6599.128403208481,158545.0
6599.308972415573,159268.0
6599.489541622665,159068.0
6599.670110829757,159758.0
6599.850680036848,160137.0
6600.031249243939,158856.0
6600.211818451031,159628.0
6600.392387658122,157928.0
6600.572956865213,158837.0
6600.753526072305,161493.0
6600.934095279396,161724.0
6601.1146644864875,159282.0
6601.29523369358,159651.0
6601.475802900671,160478.0
6601.656372107763,158357.0
6601.836941314854,157846.0
6602.017510521945,158572.0
6602.198079729037,158005.0
6602.378648936128,158293.0
6602.55921814322,159498.0
6602.739787350311,158975.0
6602.920356557403,158982.0
6603.100925764495,157611.0
6603.281494971586,157450.0
6603.462064178677,158407.0
6603.642633385769,158082.0
6603.82320259286,157437.0
6604.003771799951,157143.0
6604.184341007043,156021.0
6604.364910214134,156306.0
6604.545479421226,156004.0
6604.726048628318,155025.0
6604.906617835409,153050.0
6605.087187042501,152385.0
6605.267756249592,152285.0
6605.448325456684,149952.0
6605.628894663775,150308.0
6605.809463870866,152339.0
6605.990033077958,154508.0
6606.170602285049,155767.0
6606.351171492141,154760.0
6606.531740699233,155080.0
6606.712309906324,154397.0
6606.892879113415,154184.0
6607.073448320507,155598.0
6607.254017527598,155734.0
6607.43458673469,155081.0
6607.615155941781,153523.0
6607.795725148872,154073.0
6607.9762943559645,155222.0
6608.156863563056,156253.0
6608.337432770148,157730.0
6608.518001977239,157204.0
6608.69857118433,157342.0
6608.879140391422,158354.0
6609.059709598513,159171.0
6609.240278805604,159310.0
6609.420848012696,158460.0
6609.601417219787,158205.0
6609.781986426879,156594.0
6609.962555633971,157696.0
6610.143124841062,157501.0
6610.323694048154,154973.0
6610.504263255245,154918.0
6610.684832462336,154987.0
6610.865401669428,157209.0
6611.045970876519,156934.0
6611.226540083611,156173.0
6611.4071092907025,157300.0
6611.587678497794,157152.0
6611.768247704886,156589.0
6611.948816911977,157179.0
6612.129386119068,155730.0
6612.30995532616,156167.0
6612.490524533251,155424.0
6612.671093740342,155937.0
6612.851662947434,155855.0
6613.032232154525,156046.0
6613.2128013616175,155808.0
6613.393370568709,157096.0
6613.5739397758,156566.0
6613.754508982892,155864.0
6613.935078189983,154498.0
6614.115647397075,154261.0
6614.296216604166,155030.0
6614.476785811257,154387.0
6614.657355018349,154983.0
6614.8379242254405,153958.0
6615.018493432532,153497.0
6615.199062639624,153906.0
6615.379631846715,153900.0
6615.560201053806,154228.0
6615.740770260898,153298.0
6615.921339467989,153301.0
6616.101908675081,154767.0
6616.282477882172,156385.0
6616.4630470892635,154920.0
6616.6436162963555,155171.0
6616.824185503447,155452.0
6617.004754710539,154563.0
6617.18532391763,152868.0
6617.365893124721,153064.0
6617.546462331813,152130.0
6617.727031538904,152594.0
6617.907600745995,153133.0
6618.088169953087,152374.0
6618.2687391601785,151792.0
6618.44930836727,154027.0
6618.629877574362,155003.0
6618.810446781453,153042.0
6618.991015988545,151664.0
6619.171585195636,151982.0
6619.352154402727,153213.0
6619.532723609819,152339.0
6619.71329281691,150651.0
6619.893862024002,150444.0
6620.0744312310935,152437.0
6620.255000438185,153326.0
6620.435569645277,153254.0
6620.616138852368,151729.0
6620.796708059459,150414.0
6620.977277266551,150751.0
6621.157846473642,151582.0
6621.338415680733,151079.0
6621.518984887825,151759.0
6621.6995540949165,149821.0
6621.8801233020085,150236.0
6622.0606925091,149187.0
6622.241261716191,150343.0
6622.421830923283,151678.0
6622.602400130374,151044.0
6622.782969337466,151447.0
6622.963538544557,150981.0
6623.144107751648,148994.0
6623.32467695874,148607.0
6623.5052461658315,148617.0
6623.685815372923,149511.0
6623.866384580015,150412.0
6624.046953787106,150259.0
6624.227522994197,149924.0
6624.408092201289,149482.0
6624.58866140838,148150.0
6624.769230615472,149758.0
6624.949799822563,149062.0
6625.1303690296545,148977.0
6625.310938236747,148559.0
6625.491507443838,147183.0
6625.672076650929,148536.0
6625.852645858021,148552.0
6626.033215065112,147676.0
6626.213784272204,148069.0
6626.394353479295,145568.0
6626.574922686386,144539.0
6626.755491893478,145467.0
6626.9360611005695,144941.0
6627.116630307661,145980.0
6627.297199514753,144246.0
6627.477768721844,140187.0
6627.658337928936,138656.0
6627.838907136027,136124.0
6628.019476343118,133218.0
6628.20004555021,133557.0
6628.380614757301,135594.0
6628.5611839643925,139731.0
6628.741753171485,141909.0
6628.922322378576,142649.0
6629.102891585668,143818.0
6629.283460792759,143951.0
6629.46402999985,143408.0
6629.644599206942,143089.0
6629.825168414033,142942.0
6630.005737621124,144447.0
6630.186306828216,145951.0
6630.3668760353075,145154.0
6630.5474452424,144276.0
6630.728014449491,144031.0
6630.908583656582,142257.0
6631.089152863674,142786.0
6631.269722070765,144179.0
6631.450291277856,144973.0
6631.630860484948,143781.0
6631.811429692039,142379.0
6631.991998899131,142725.0
6632.172568106223,143968.0
6632.353137313314,143411.0
6632.533706520406,143495.0
6632.714275727497,143329.0
6632.894844934588,143192.0
6633.07541414168,143032.0
6633.255983348771,143681.0
6633.436552555863,143381.0
6633.617121762954,142592.0
6633.797690970046,141915.0
6633.978260177138,141527.0
6634.158829384229,142004.0
6634.33939859132,141831.0
6634.519967798412,142705.0
6634.700537005503,142439.0
6634.881106212595,141522.0
6635.061675419686,141636.0
6635.242244626777,141852.0
6635.422813833869,140174.0
6635.603383040961,139682.0
6635.783952248052,140894.0
6635.964521455144,140377.0
6636.145090662235,139495.0
6636.325659869327,140866.0
6636.506229076418,139781.0
6636.686798283509,138008.0
6636.867367490601,139162.0
6637.047936697692,139293.0
6637.228505904784,139202.0
6637.409075111876,137890.0
6637.589644318967,139360.0
6637.770213526059,138524.0
6637.95078273315,138917.0
6638.131351940241,139461.0
6638.311921147333,137706.0
6638.492490354424,136702.0
6638.673059561515,138580.0
6638.853628768607,137897.0
6639.034197975699,138766.0
6639.214767182791,139297.0
6639.395336389882,137977.0
6639.575905596973,135612.0
6639.756474804065,135447.0
6639.937044011156,137809.0
6640.117613218247,138230.0
6640.298182425339,138170.0
6640.47875163243,137541.0
6640.6593208395225,136102.0
6640.839890046614,135500.0
6641.020459253705,136510.0
6641.201028460797,136132.0
6641.381597667888,133955.0
6641.562166874979,135457.0
6641.742736082071,134629.0
6641.923305289162,134300.0
6642.103874496254,136230.0
6642.2844437033455,136235.0
6642.465012910437,135384.0
6642.645582117529,136370.0
6642.82615132462,135467.0
6643.006720531711,132372.0
6643.187289738803,133383.0
6643.367858945894,134436.0
6643.548428152986,133584.0
6643.728997360077,133209.0
6643.909566567168,132109.0
6644.0901357742605,132216.0
6644.270704981352,132793.0
6644.451274188443,133386.0
6644.631843395535,131780.0
6644.812412602626,131357.0
6644.992981809718,132026.0
6645.173551016809,131988.0
6645.3541202239,132779.0
6645.534689430992,132950.0
6645.7152586380835,132077.0
6645.895827845175,132728.0
6646.076397052267,132507.0
6646.256966259358,131063.0
6646.43753546645,131332.0
6646.618104673541,130240.0
6646.798673880632,130135.0
6646.979243087724,130710.0
6647.159812294815,130651.0
6647.340381501906,131500.0
6647.5209507089985,130908.0
6647.70151991609,130612.0
6647.882089123182,130026.0
6648.062658330273,129223.0
6648.243227537364,127666.0
6648.423796744456,127269.0
6648.604365951547,128581.0
6648.784935158638,129795.0
6648.96550436573,129598.0
6649.1460735728215,128440.0
6649.3266427799135,127484.0
6649.507211987005,127620.0
6649.687781194096,127110.0
6649.868350401188,127481.0
6650.048919608279,128279.0
6650.22948881537,127880.0
6650.410058022462,126812.0
6650.590627229553,126085.0
6650.771196436645,125820.0
6650.9517656437365,125300.0
6651.132334850828,126429.0
6651.31290405792,125385.0
6651.493473265011,125252.0
6651.674042472102,125181.0
6651.854611679194,125056.0
6652.035180886285,123364.0
6652.215750093377,123886.0
6652.396319300468,126124.0
6652.5768885075595,125725.0
6652.7574577146515,124148.0
6652.938026921743,123661.0
6653.118596128834,124494.0
6653.299165335926,124518.0
6653.479734543017,124198.0
6653.660303750109,124500.0
6653.8408729572,123812.0
6654.021442164291,125875.0
6654.202011371383,124961.0
6654.3825805784745,121664.0
6654.563149785566,120459.0
6654.743718992658,122982.0
6654.924288199749,124013.0
6655.104857406841,122200.0
6655.285426613932,120412.0
6655.465995821023,121359.0
6655.646565028115,119921.0
6655.827134235206,120171.0
6656.0077034422975,122168.0
6656.18827264939,120800.0
6656.368841856481,119600.0
6656.549411063573,119750.0
6656.729980270664,118225.0
6656.910549477755,119062.0
6657.091118684847,120210.0
6657.271687891938,119035.0
6657.452257099029,119166.0
6657.632826306121,119435.0
6657.8133955132125,117762.0
6657.993964720305,117119.0
6658.174533927396,119126.0
6658.355103134487,119128.0
6658.535672341579,117726.0
6658.71624154867,117804.0
6658.896810755761,117885.0
6659.077379962853,117896.0
6659.257949169944,116642.0
6659.438518377036,115603.0
6659.619087584128,115704.0
6659.799656791219,115883.0
6659.980225998311,116146.0
6660.160795205402,116175.0
6660.341364412493,115841.0
6660.521933619585,115432.0
6660.702502826676,115195.0
6660.883072033768,114515.0
6661.063641240859,115384.0
6661.2442104479505,114362.0
6661.424779655043,113473.0
6661.605348862134,114651.0
6661.785918069225,113209.0
6661.966487276317,112611.0
6662.147056483408,112392.0
6662.3276256905,113923.0
6662.508194897591,113886.0
6662.688764104682,113420.0
6662.869333311774,113322.0
6663.049902518866,113407.0
6663.230471725957,111948.0
6663.411040933049,111820.0
6663.59161014014,111877.0
6663.772179347232,111035.0
6663.952748554323,111835.0
6664.133317761414,111766.0
6664.313886968506,109797.0
6664.494456175597,111315.0
6664.675025382689,111379.0
6664.855594589781,109920.0
6665.036163796872,109429.0
6665.216733003964,108206.0
6665.397302211055,107538.0
6665.577871418146,108668.0
6665.758440625238,109151.0
6665.939009832329,108711.0
6666.11957903942,109185.0
6666.300148246512,108409.0
6666.480717453604,108537.0
6666.661286660696,108036.0
6666.841855867787,108004.0
6667.022425074878,107102.0
6667.20299428197,107237.0
6667.383563489061,107375.0
6667.564132696152,106625.0
6667.744701903244,106808.0
6667.925271110335,106896.0
6668.1058403174275,107474.0
6668.286409524519,106743.0
6668.46697873161,105996.0
6668.647547938702,106180.0
6668.828117145793,105636.0
6669.008686352884,104944.0
6669.189255559976,105643.0
6669.369824767067,105291.0
6669.550393974159,104950.0
6669.73096318125,104023.0
6669.911532388342,104440.0
6670.092101595434,104868.0
6670.272670802525,103402.0
6670.453240009616,103687.0
6670.633809216708,102836.0
6670.814378423799,103347.0
6670.994947630891,102990.0
6671.175516837982,102867.0
6671.356086045073,101848.0
6671.5366552521655,101065.0
6671.717224459257,101146.0
6671.897793666348,101090.0
6672.07836287344,99463.5
6672.258932080531,100157.0
6672.439501287623,99683.6
6672.620070494714,100491.0
6672.800639701805,100482.0
6672.981208908897,99478.6
6673.161778115988,98608.9
6673.34234732308,99292.9
6673.522916530172,99449.0
6673.703485737263,98253.9
6673.884054944355,98452.9
6674.064624151446,98392.7
6674.245193358537,98624.8
6674.425762565629,97370.0
6674.60633177272,98507.7
6674.786900979811,96105.4
6674.9674701869035,96629.0
6675.148039393995,96359.2
6675.328608601087,95457.7
6675.509177808178,93589.7
6675.689747015269,94399.9
6675.870316222361,96064.8
6676.050885429452,95270.1
6676.231454636543,94115.0
6676.412023843635,94129.3
6676.5925930507265,95761.4
6676.7731622578185,93848.3
6676.95373146491,91944.7
6677.134300672001,92389.9
6677.314869879093,91655.8
6677.495439086184,91148.9
6677.676008293275,89006.4
6677.856577500367,86449.9
6678.037146707458,84292.9
6678.21771591455,82715.3
6678.3982851216415,84027.6
6678.578854328733,86764.1
6678.759423535825,87441.0
6678.939992742916,87564.6
6679.120561950007,88280.7
6679.301131157099,88244.9
6679.48170036419,89068.3
6679.662269571282,87161.2
6679.842838778373,86916.6
6680.0234079854645,86877.0
6680.2039771925565,87637.0
6680.384546399648,87718.3
6680.565115606739,86649.0
6680.745684813831,86313.5
6680.926254020922,85385.7
6681.106823228014,85728.2
6681.287392435105,86602.4
6681.467961642196,86553.9
6681.648530849288,86859.1
6681.8291000563795,86492.4
6682.009669263471,87606.2
6682.190238470563,86929.1
6682.370807677654,87166.7
6682.551376884746,86652.7
6682.731946091837,85955.2
6682.912515298928,86430.7
6683.09308450602,86162.9
6683.273653713111,86450.0
6683.4542229202025,86029.7
6683.6347921272945,85983.1
6683.815361334386,85176.7
6683.995930541478,84784.7
6684.176499748569,84064.6
6684.35706895566,85003.4
6684.537638162752,84700.7
6684.718207369843,83977.7
6684.898776576934,84227.2
6685.079345784026,84167.6
6685.2599149911175,83026.0
6685.44048419821,82581.4
6685.621053405301,82270.2
6685.801622612392,82162.9
6685.982191819484,82764.6
6686.162761026575,83633.7
6686.343330233666,81706.2
6686.523899440758,80889.8
6686.704468647849,80355.5
6686.885037854941,80387.6
6687.0656070620325,80705.8
6687.246176269124,79765.3
6687.426745476216,80266.3
6687.607314683307,80473.4
6687.787883890398,80169.7
6687.96845309749,80216.2
6688.149022304581,80038.2
6688.329591511673,78166.4
6688.510160718764,77029.7
6688.6907299258555,78437.5
6688.871299132948,78973.8
6689.051868340039,77120.7
6689.23243754713,77859.6
6689.413006754222,77294.6
6689.593575961313,76654.8
6689.774145168405,78099.0
6689.954714375496,77717.4
6690.135283582587,77150.1
6690.315852789679,75681.8
6690.496421996771,76459.3
6690.676991203862,76000.4
6690.857560410954,76048.9
6691.038129618045,75239.9
6691.218698825137,75618.7
6691.399268032228,75440.7
6691.579837239319,75018.3
6691.760406446411,74187.3
6691.940975653502,73750.3
6692.1215448605935,74325.3
6692.302114067686,74552.0
6692.482683274777,73338.2
6692.663252481869,71968.3
6692.84382168896,71409.6
6693.024390896051,73166.5
6693.204960103143,72887.7
6693.385529310234,72220.7
6693.566098517325,72952.0
6693.746667724417,71975.5
6693.927236931509,71558.2
6694.107806138601,70864.5
6694.288375345692,71351.7
6694.468944552783,69882.9
6694.649513759875,70541.9
6694.830082966966,71368.1
6695.010652174057,69962.2
6695.191221381149,69573.8
6695.37179058824,68502.7
6695.552359795332,69515.1
6695.732929002424,68825.9
6695.913498209515,67946.0
6696.094067416607,69077.5
6696.274636623698,67150.6
6696.455205830789,67005.7
6696.635775037881,68346.7
6696.816344244972,67738.0
6696.996913452064,67623.3
6697.177482659155,68382.4
6697.358051866247,66814.7
6697.538621073339,66227.5
6697.71919028043,66787.1
6697.899759487521,66081.0
6698.080328694613,66099.1
6698.260897901704,66978.5
6698.441467108796,66223.4
6698.622036315887,65398.6
6698.802605522978,64904.5
6698.9831747300705,64245.1
6699.163743937162,64072.2
6699.344313144253,64429.8
6699.524882351345,64293.2
6699.705451558436,63918.0
6699.886020765528,63250.7
6700.066589972619,61962.6
6700.24715917971,62112.4
6700.427728386802,61330.0
6700.608297593893,61902.7
6700.788866800985,61718.4
6700.969436008077,60872.6
6701.150005215168,60851.7
6701.33057442226,60044.3
6701.511143629351,59763.7
6701.691712836442,59762.0
6701.872282043534,59335.4
6702.052851250625,58561.9
6702.233420457716,59620.0
6702.4139896648085,59459.1
6702.5945588719,59097.5
6702.775128078992,58020.4
6702.955697286083,57739.6
6703.136266493174,57693.0
6703.316835700266,57458.9
6703.497404907357,56472.8
6703.677974114448,57261.5
6703.85854332154,57024.0
6704.039112528631,56682.2
6704.2196817357235,55962.5
6704.400250942815,56068.2
6704.580820149906,56023.8
6704.761389356998,56157.9
6704.941958564089,56309.3
6705.12252777118,55924.1
6705.303096978272,54645.5
6705.483666185363,53663.4
6705.664235392455,55098.7
6705.8448045995465,53954.8
6706.025373806638,53152.2
6706.20594301373,53701.0
6706.386512220821,53785.9
6706.567081427912,53447.6
6706.747650635004,53209.0
6706.928219842095,53115.7
6707.108789049187,51775.0
6707.289358256278,51134.6
6707.4699274633695,52156.3
6707.6504966704615,51810.2
6707.831065877553,50640.4
6708.011635084644,50563.3
6708.192204291736,50307.0
6708.372773498827,50553.5
6708.553342705919,50330.0
6708.73391191301,50092.2
6708.914481120101,49412.5
6709.095050327193,49960.1
6709.2756195342845,49419.6
6709.456188741376,49548.1
6709.636757948468,48550.5
6709.817327155559,48521.0
6709.997896362651,49520.1
6710.178465569742,49089.8
6710.359034776833,48792.4
6710.539603983925,48381.1
6710.720173191016,46875.8
6710.9007423981075,46034.0
6711.0813116051995,47144.8
6711.261880812291,47774.3
6711.442450019383,47402.6
6711.623019226474,46784.8
6711.803588433565,46014.2
6711.984157640657,46203.9
6712.164726847748,45246.0
6712.345296054839,44160.2
6712.525865261931,44982.5
6712.7064344690225,44557.8
6712.887003676115,44207.0
6713.067572883206,44165.1
6713.248142090297,43874.8
6713.428711297389,43844.7
6713.60928050448,43420.8
6713.789849711571,43611.2
6713.970418918663,43029.7
6714.150988125754,42868.0
6714.331557332846,42933.0
6714.5121265399375,42638.5
6714.692695747029,42232.6
6714.873264954121,42042.9
6715.053834161212,41109.8
6715.234403368303,41436.2
6715.414972575395,41586.1
6715.595541782486,40492.9
6715.776110989578,40593.0
6715.956680196669,40473.4
6716.1372494037605,40874.0
6716.317818610853,40452.2
6716.498387817944,39586.8
6716.678957025035,39161.2
6716.859526232127,38808.6
6717.040095439218,38174.2
6717.220664646309,38989.2
6717.401233853401,38300.7
6717.581803060492,38351.7
6717.762372267584,38088.1
6717.9429414746755,36900.1
6718.123510681767,36401.3
6718.304079888859,35575.7
6718.48464909595,35875.0
6718.665218303042,35317.2
6718.845787510133,35431.6
6719.026356717224,35993.7
6719.206925924316,35577.0
6719.387495131407,35484.9
6719.5680643384985,34917.9
6719.748633545591,34802.8
6719.929202752682,35686.3
6720.109771959773,35215.9
6720.290341166865,34591.9
6720.470910373956,34536.4
6720.651479581048,34313.8
6720.832048788139,34543.8
6721.01261799523,34475.2
6721.193187202322,34290.1
6721.3737564094135,33313.6
6721.554325616506,34136.2
6721.734894823597,33886.2
6721.915464030688,32999.4
6722.09603323778,33099.1
6722.276602444871,33249.5
6722.457171651962,33077.4
6722.637740859054,32801.0
6722.818310066145,32296.3
6722.9988792732365,32225.6
6723.179448480329,31626.9
6723.36001768742,30880.6
6723.540586894512,30729.7
6723.721156101603,31007.1
6723.901725308694,31202.1
6724.082294515786,30663.6
6724.262863722877,30985.5
6724.443432929969,30712.5
6724.62400213706,30392.1
6724.804571344152,30357.3
6724.985140551244,29452.5
6725.165709758335,30441.7
6725.346278965426,29949.8
6725.526848172518,29275.2
6725.707417379609,29214.3
6725.8879865867,28666.2
6726.068555793792,28870.7
6726.249125000883,28050.0
6726.429694207975,27932.1
6726.610263415067,28229.0
6726.790832622158,27778.6
6726.97140182925,27398.5
6727.151971036341,27113.4
6727.332540243433,26960.3
6727.513109450524,26950.1
6727.693678657615,26486.7
6727.874247864707,26966.2
6728.054817071798,26433.8
6728.23538627889,26625.8
6728.415955485982,27066.3
6728.596524693073,26462.4
6728.777093900164,25876.6
6728.957663107256,26113.7
6729.138232314347,25455.8
6729.318801521439,25644.9
6729.49937072853,25258.9
6729.679939935621,24653.3
6729.860509142713,24489.0
6730.041078349805,24553.6
6730.221647556897,24624.4
6730.402216763988,24715.0
6730.582785971079,24216.4
6730.763355178171,23496.6
6730.943924385262,23985.5
6731.124493592353,23612.2
6731.305062799445,23359.1
6731.485632006536,23638.5
6731.666201213628,22956.8
6731.84677042072,22287.7
6732.027339627811,22170.9
6732.207908834903,21074.9
