7602.6569670838,4144.01
7602.867469849503,5263.69
7603.077972615208,4862.08
7603.288475380911,3835.38
7603.498978146616,3086.17
7603.709480912319,2466.5
7603.9199836780235,1860.17
7604.130486443727,1667.66
7604.340989209431,2155.61
7604.551491975135,2666.85
7604.761994740839,3412.34
7604.972497506543,4083.34
7605.183000272247,4145.98
7605.393503037951,2985.04
7605.604005803655,1969.43
7605.814508569359,2613.72
7606.025011335063,3925.22
7606.2355141007665,4160.94
7606.446016866471,3306.54
7606.656519632174,2525.93
7606.867022397879,2145.43
7607.077525163582,3575.06
7607.288027929287,4187.61
7607.49853069499,3538.29
7607.709033460695,3107.34
7607.919536226398,2820.0
7608.1300389921025,3623.95
7608.340541757806,5067.14
7608.55104452351,5865.88
7608.761547289214,5596.85
7608.972050054918,4000.8
7609.182552820622,2616.52
7609.393055586326,2968.35
7609.60355835203,4242.62
7609.814061117734,4547.65
7610.024563883438,3814.76
7610.235066649142,3584.66
7610.4455694148455,3522.18
7610.65607218055,4783.91
7610.866574946253,8166.55
7611.077077711958,10028.1
7611.287580477661,9831.57
7611.498083243366,8382.05
7611.708586009069,5385.14
7611.919088774774,3925.23
7612.129591540477,4159.92
7612.340094306181,5462.64
7612.550597071885,6246.82
7612.7610998375885,6251.53
7612.971602603293,5897.2
7613.182105368996,5484.88
7613.392608134701,7064.1
7613.603110900404,11143.3
7613.813613666109,13851.7
7614.024116431812,14797.9
7614.234619197517,15174.9
7614.44512196322,13204.7
7614.6556247289245,10496.2
7614.866127494628,7872.26
7615.076630260332,6606.94
7615.287133026036,7763.28
7615.49763579174,9893.39
7615.708138557444,10865.7
7615.918641323148,10067.7
7616.129144088852,10593.9
7616.339646854556,12001.1
7616.55014962026,15586.0
7616.760652385964,19989.4
7616.9711551516675,22509.6
7617.181657917372,22829.2
7617.392160683075,22738.3
7617.60266344878,22678.7
7617.813166214483,21596.0
7618.023668980188,22437.1
7618.234171745891,23645.2
7618.444674511596,23504.0
7618.655177277299,22764.1
7618.8656800430035,22618.6
7619.076182808707,23055.0
7619.286685574411,23623.6
7619.497188340115,23391.2
7619.707691105819,21979.3
7619.918193871523,21942.6
7620.128696637227,20235.1
7620.339199402931,17130.6
7620.549702168635,13468.5
7620.760204934339,9908.84
7620.970707700043,8133.63
7621.1812104657465,10070.5
7621.391713231451,14527.2
7621.602215997154,18122.2
7621.812718762858,20834.7
7622.023221528562,21091.0
7622.233724294266,20687.1
7622.44422705997,19627.6
7622.654729825674,16426.6
7622.865232591378,11717.9
7623.075735357082,7767.88
7623.286238122786,6680.42
7623.4967408884895,8231.04
7623.707243654194,9494.73
7623.917746419897,10387.5
7624.128249185602,8175.12
7624.338751951305,5914.64
7624.54925471701,6525.2
7624.759757482713,9047.36
7624.970260248418,13091.4
7625.180763014121,17546.3
7625.3912657798255,19820.9
7625.601768545529,20667.3
7625.812271311233,21246.6
7626.022774076937,21011.1
7626.233276842641,18189.7
7626.443779608345,13083.8
7626.654282374049,8834.24
7626.864785139753,6285.59
7627.075287905457,5072.41
7627.285790671161,6081.74
7627.496293436865,8026.13
7627.7067962025685,7920.08
7627.917298968273,6947.22
7628.127801733976,4793.95
7628.338304499681,6174.27
7628.548807265384,10114.0
7628.759310031089,14689.0
7628.969812796792,18383.6
7629.180315562497,20564.2
7629.3908183282,22324.3
7629.6013210939045,23116.1
7629.811823859608,21746.2
7630.022326625312,20329.7
7630.232829391016,17741.4
7630.44333215672,13625.7
7630.653834922424,9770.47
7630.864337688128,6815.04
7631.074840453832,5687.87
7631.285343219536,6824.24
7631.49584598524,7562.44
7631.706348750943,6454.7
7631.9168515166475,5968.17
7632.127354282351,5637.64
7632.337857048055,8302.6
7632.548359813759,12324.0
7632.758862579463,17007.9
7632.969365345167,20086.8
7633.179868110871,21380.4
7633.390370876575,22770.7
7633.600873642279,23914.1
7633.811376407983,23999.7
7634.021879173687,22624.7
7634.2323819393905,20705.3
7634.442884705095,18566.5
7634.653387470798,14745.2
7634.863890236503,9888.97
7635.074393002206,6121.45
7635.284895767911,5728.93
7635.495398533614,7464.79
7635.705901299319,8117.03
7635.916404065022,7675.17
7636.1269068307265,6605.66
7636.33740959643,7190.32
7636.547912362134,9917.98
7636.758415127838,14918.8
7636.968917893542,18915.4
7637.179420659246,22679.8
7637.38992342495,25687.6
7637.600426190654,27365.7
7637.810928956358,28431.0
7638.021431722062,27308.2
7638.231934487766,26142.0
7638.4424372534695,25188.7
7638.652940019174,23846.9
7638.863442784877,20961.4
7639.073945550582,15144.4
7639.284448316285,10146.2
7639.49495108199,8047.68
7639.705453847693,7772.9
7639.915956613398,8842.4
7640.126459379101,9794.79
7640.3369621448055,8953.56
7640.547464910509,8107.32
7640.757967676213,8939.58
7640.968470441917,12552.9
7641.17897320762,17465.5
7641.389475973325,22382.6
7641.599978739028,26995.4
7641.810481504733,28626.7
7642.020984270436,28066.8
7642.231487036141,28934.2
7642.441989801844,29497.9
7642.6524925675485,29662.8
7642.862995333252,29799.0
7643.073498098956,29559.3
7643.28400086466,27224.6
7643.494503630364,22657.7
7643.705006396068,17806.2
7643.915509161772,12971.5
7644.126011927476,10182.8
7644.33651469318,10609.1
7644.547017458884,11277.8
7644.757520224588,11644.2
7644.9680229902915,10989.2
7645.178525755996,9822.0
7645.389028521699,11775.9
7645.599531287404,16825.3
7645.810034053107,22566.6
7646.020536818812,27060.6
7646.231039584515,29678.0
7646.44154235022,31917.8
7646.652045115923,33409.2
7646.8625478816275,32882.3
7647.073050647331,33151.1
7647.283553413035,32604.6
7647.494056178739,32761.4
7647.704558944443,33148.2
7647.915061710147,33153.3
7648.125564475851,30475.0
7648.336067241555,26384.0
7648.546570007259,21259.6
7648.757072772963,16569.7
7648.967575538667,14496.4
7649.1780783043705,13784.8
7649.388581070075,14942.6
7649.599083835778,15425.4
7649.809586601483,14070.3
7650.020089367186,14335.6
7650.230592132891,16309.9
7650.441094898594,21251.1
7650.651597664298,26818.9
7650.862100430002,31608.4
7651.072603195706,34667.4
7651.28310596141,35555.9
7651.4936087271135,36485.8
7651.704111492818,37149.9
7651.914614258521,37953.4
7652.125117024226,37664.1
7652.335619789929,38779.3
7652.546122555634,38510.4
7652.756625321337,37449.8
7652.967128087042,35972.4
7653.177630852745,34102.0
7653.3881336184495,31272.2
7653.598636384153,26433.4
7653.809139149857,20968.4
7654.019641915561,18274.8
7654.230144681265,19400.9
7654.440647446969,20207.3
7654.651150212673,20560.5
7654.861652978377,19701.5
7655.072155744081,19283.4
7655.282658509785,21691.0
7655.493161275489,26275.6
7655.7036640411925,31480.2
7655.914166806897,36145.1
7656.1246695726,39089.3
7656.335172338305,39908.3
7656.545675104008,39624.7
7656.756177869713,39982.8
7656.966680635416,39837.6
7657.177183401121,40509.7
7657.387686166824,41347.5
7657.5981889325285,41947.5
7657.808691698232,41475.2
7658.019194463936,40459.4
7658.22969722964,40899.7
7658.440199995344,40444.9
7658.650702761048,37087.8
7658.861205526752,33119.1
7659.071708292456,28212.8
7659.28221105816,25824.7
7659.492713823864,25163.6
7659.703216589568,26249.8
7659.9137193552715,27159.6
7660.124222120976,26187.1
7660.334724886679,26464.8
7660.545227652383,27549.4
7660.755730418087,30875.5
7660.966233183791,36099.1
7661.176735949495,39973.0
7661.387238715199,42844.0
7661.597741480903,43153.9
7661.808244246607,43979.0
7662.018747012311,43595.4
7662.2292497780145,43224.8
7662.439752543719,43854.9
7662.650255309422,44111.3
7662.860758075127,44225.3
7663.07126084083,44212.3
7663.281763606535,44441.0
7663.492266372238,44139.9
7663.702769137943,42868.9
7663.913271903646,41945.6
7664.1237746693505,39794.8
7664.334277435054,35581.2
7664.544780200758,31631.8
7664.755282966462,29751.9
7664.965785732166,29762.6
7665.17628849787,30147.6
7665.386791263574,30160.3
7665.597294029278,28477.8
7665.807796794982,28539.6
7666.018299560686,30983.5
7666.22880232639,33462.3
7666.4393050920935,37529.3
7666.649807857798,42460.2
7666.860310623501,44119.5
7667.070813389206,44346.1
7667.281316154909,46270.6
7667.491818920614,45365.1
7667.702321686317,45811.1
7667.912824452022,46266.1
7668.123327217725,46835.2
7668.3338299834295,46329.7
7668.544332749133,45114.6
7668.754835514837,45943.1
7668.965338280541,46206.7
7669.175841046245,44983.3
7669.386343811949,45209.2
7669.596846577653,44349.0
7669.807349343357,44124.4
7670.01785210906,39853.8
7670.228354874765,37861.6
7670.438857640468,35446.3
7670.6493604061725,34977.1
7670.859863171876,35162.5
7671.07036593758,36151.4
7671.280868703284,35611.1
7671.491371468988,35462.5
7671.701874234692,37013.5
7671.912377000396,38230.9
7672.1228797661,41245.4
7672.333382531804,45135.0
7672.543885297508,47154.4
7672.754388063212,47620.8
7672.9648908289155,48400.0
7673.17539359462,47138.8
7673.385896360323,47285.0
7673.596399126028,47516.2
7673.806901891731,48015.8
7674.017404657436,47756.2
7674.227907423139,47381.4
7674.438410188844,47405.5
7674.648912954547,46809.5
7674.8594157202515,46451.7
7675.069918485955,47186.6
7675.280421251659,47821.9
7675.490924017363,47180.0
7675.701426783067,46888.0
7675.911929548771,45470.1
7676.122432314475,42667.1
7676.332935080179,40192.4
7676.543437845883,40564.4
7676.753940611587,41049.4
7676.964443377291,40729.8
7677.1749461429945,40414.5
7677.385448908699,39993.7
7677.595951674402,40011.4
7677.806454440107,41027.1
7678.01695720581,43274.3
7678.227459971515,46156.7
7678.437962737218,47347.0
7678.648465502923,48022.6
7678.858968268626,47840.6
7679.0694710343305,48497.4
7679.279973800034,49014.9
7679.4904765657375,49276.2
7679.700979331442,49027.7
7679.911482097145,49729.3
7680.12198486285,49054.8
7680.332487628553,48069.4
7680.542990394258,48366.6
7680.753493159961,49693.6
7680.963995925666,50843.1
7681.174498691369,49997.3
7681.3850014570735,50149.4
7681.595504222777,49551.1
7681.806006988481,48672.3
7682.016509754185,47457.0
7682.227012519889,44800.6
7682.437515285593,44025.7
7682.648018051297,44048.7
7682.858520817001,44639.7
7683.069023582705,45536.5
7683.279526348409,44429.8
7683.490029114113,43118.3
7683.7005318798165,43784.7
7683.911034645521,45272.1
7684.121537411224,46306.4
7684.332040176929,47269.8
7684.542542942632,49184.9
7684.753045708337,50130.1
7684.96354847404,49536.5
7685.174051239745,50268.2
7685.384554005448,51593.1
7685.5950567711525,50208.1
7685.805559536856,49960.4
7686.01606230256,49961.5
7686.226565068264,49937.1
7686.437067833968,49507.5
7686.647570599672,49990.3
7686.858073365376,51236.0
7687.06857613108,51377.4
7687.279078896784,51479.2
7687.489581662488,50621.7
7687.700084428192,49050.4
7687.9105871938955,50312.5
7688.1210899596,50069.4
7688.331592725303,49876.5
7688.542095491008,48661.6
7688.752598256711,48118.1
7688.963101022415,46872.1
7689.173603788119,47474.8
7689.384106553823,47833.9
7689.594609319527,47806.0
7689.805112085231,47181.3
7690.015614850935,47691.4
7690.2261176166385,48303.8
7690.436620382343,48818.8
7690.647123148046,49576.9
7690.857625913751,49970.0
7691.068128679454,50728.0
7691.278631445159,51359.3
7691.489134210862,51673.7
7691.699636976567,51297.2
7691.91013974227,50668.8
7692.1206425079745,50102.5
7692.331145273678,50420.5
7692.541648039382,51993.8
7692.752150805086,51919.2
7692.96265357079,52193.2
7693.173156336494,51917.7
7693.383659102198,52241.0
7693.594161867902,52073.8
7693.804664633606,51419.3
7694.01516739931,51911.7
7694.225670165014,51783.8
7694.4361729307175,50876.8
7694.646675696422,51367.5
7694.857178462125,52339.9
7695.06768122783,52736.4
7695.278183993533,51762.2
7695.488686759238,49982.7
7695.699189524941,50925.5
7695.909692290646,51874.3
7696.120195056349,49988.8
7696.3306978220535,49240.6
7696.541200587757,48932.3
7696.751703353461,48889.3
7696.962206119165,49654.4
7697.172708884869,49739.5
7697.383211650573,49992.8
7697.593714416277,52300.2
7697.804217181981,53470.2
7698.014719947685,51628.7
7698.225222713389,51375.0
7698.435725479092,52051.8
7698.6462282447965,51274.4
7698.8567310105,52053.2
7699.067233776204,50765.7
7699.277736541908,48681.5
7699.488239307612,51008.7
7699.698742073316,50814.3
7699.90924483902,50598.1
7700.119747604724,51973.7
7700.330250370428,51740.2
7700.540753136132,51862.1
7700.751255901836,52948.5
7700.9617586675395,52778.5
7701.172261433244,51897.7
7701.382764198947,51433.1
7701.593266964652,51276.1
7701.803769730355,51015.6
7702.01427249606,51509.8
7702.224775261763,52049.8
7702.435278027468,51756.2
7702.645780793171,52125.1
7702.8562835588755,52166.3
7703.066786324579,51082.6
7703.277289090283,51078.0
7703.487791855987,51403.3
7703.698294621691,51622.0
7703.908797387395,51326.3
7704.119300153099,51766.7
7704.329802918803,52233.5
7704.540305684507,51107.8
7704.750808450211,52955.2
7704.961311215915,52736.8
7705.1718139816185,53340.9
7705.382316747323,54202.9
7705.592819513026,53402.6
7705.803322278731,53192.0
7706.013825044434,52216.8
7706.224327810139,52561.2
7706.434830575842,53719.6
7706.645333341547,53478.5
7706.85583610725,54114.3
7707.0663388729545,53543.1
7707.276841638658,53406.9
7707.487344404362,55868.4
7707.697847170066,54622.6
7707.908349935769,55062.5
7708.118852701474,55597.6
7708.329355467177,55489.9
7708.539858232882,55900.8
7708.750360998585,55509.7
7708.96086376429,54706.6
7709.171366529993,55878.8
7709.3818692956975,55692.5
7709.592372061401,56503.5
7709.802874827105,56927.6
7710.013377592809,56431.5
7710.223880358513,55305.9
7710.434383124217,54509.3
7710.644885889921,55713.0
7710.855388655625,55907.3
7711.065891421329,55875.4
7711.276394187033,55805.7
7711.486896952737,55194.8
7711.6973997184405,55430.2
7711.907902484145,55498.6
7712.118405249848,54209.7
7712.328908015553,53460.0
7712.539410781256,55606.6
7712.749913546961,56269.7
7712.960416312664,55682.9
7713.170919078369,55275.4
7713.381421844072,55585.8
7713.5919246097765,55280.2
7713.80242737548,57042.9
7714.012930141184,56708.9
7714.223432906888,56856.6
7714.433935672592,55842.8
7714.644438438296,56011.6
7714.854941204,56627.7
7715.065443969704,56747.4
7715.275946735408,56509.7
7715.486449501112,57095.2
7715.696952266816,55186.2
7715.9074550325195,54012.7
7716.117957798224,56114.2
7716.328460563927,55327.9
7716.538963329632,54018.2
7716.749466095335,54515.3
7716.95996886104,54140.4
7717.170471626743,53207.4
7717.380974392448,53310.3
7717.591477158151,54299.7
7717.801979923855,53717.3
7718.012482689559,53783.2
7718.2229854552625,53692.9
7718.433488220967,53113.1
7718.64399098667,53185.9
7718.854493752375,53983.3
7719.064996518078,53363.6
7719.275499283783,53187.8
7719.486002049486,54208.4
7719.696504815191,53531.1
7719.907007580894,52819.5
7720.1175103465985,53108.8
7720.328013112302,53887.0
7720.538515878006,53392.9
7720.74901864371,52478.1
7720.959521409414,52504.4
7721.170024175118,52769.5
7721.380526940822,51829.8
7721.591029706526,51739.8
7721.80153247223,52333.7
7722.012035237934,53810.6
7722.222538003638,53946.8
7722.4330407693415,53296.7
7722.643543535046,52261.0
7722.854046300749,52130.2
7723.064549066454,53094.9
7723.275051832157,53250.7
7723.485554597862,52819.7
7723.696057363565,52274.0
7723.90656012927,51415.1
7724.117062894973,49891.2
7724.3275656606775,51434.0
7724.538068426381,52252.9
7724.748571192085,51799.1
7724.959073957789,51954.3
7725.169576723493,52276.7
7725.380079489197,52007.3
7725.590582254901,52640.7
7725.801085020605,53197.4
7726.011587786309,52443.8
7726.222090552013,51418.7
7726.432593317717,52047.2
7726.6430960834205,52182.6
7726.853598849125,51182.9
7727.064101614828,50806.2
7727.274604380533,51839.6
7727.485107146236,52383.1
7727.69560991194,52370.0
7727.906112677644,52183.9
7728.116615443348,51334.4
7728.327118209052,50841.0
7728.537620974756,51828.0
7728.74812374046,52309.8
7728.9586265061635,50945.0
7729.169129271868,51290.4
7729.379632037571,52094.3
7729.590134803276,52117.2
7729.800637568979,51488.1
7730.011140334684,51179.2
7730.221643100387,51121.2
7730.432145866092,51086.8
7730.642648631795,51037.2
7730.8531513974995,51322.1
7731.063654163203,52585.6
7731.274156928907,52074.0
7731.484659694611,51696.8
7731.695162460315,52756.2
7731.905665226019,52680.0
7732.116167991723,51188.8
7732.326670757427,51207.3
7732.537173523131,51187.3
7732.747676288835,53083.7
7732.958179054539,52826.7
7733.168681820242,51803.3
7733.379184585947,52120.6
7733.58968735165,51787.4
7733.800190117355,51466.9
7734.010692883058,51466.4
7734.221195648763,50676.7
7734.431698414466,51072.0
7734.642201180171,51158.4
7734.852703945874,51462.0
7735.0632067115785,51814.1
7735.273709477282,51929.2
7735.484212242986,51559.3
7735.69471500869,51387.4
7735.905217774394,50324.3
7736.115720540098,50062.8
7736.326223305802,50764.1
7736.536726071506,50791.9
7736.74722883721,50981.5
7736.957731602914,49288.5
7737.168234368617,49776.9
7737.378737134321,50482.4
7737.589239900025,50751.6
7737.799742665729,51856.8
7738.010245431433,51814.5
7738.220748197137,50485.1
7738.431250962841,50212.7
7738.641753728545,50796.2
7738.852256494249,50908.9
7739.062759259953,50199.8
7739.273262025657,49724.2
7739.483764791361,50413.6
7739.694267557064,50844.2
7739.904770322769,50320.7
7740.115273088472,49724.2
7740.325775854177,49324.3
7740.53627861988,50232.8
7740.746781385585,51329.9
7740.957284151288,51339.2
7741.167786916993,51461.6
7741.378289682696,51332.4
7741.5887924484,50545.8
7741.799295214104,49589.8
7742.009797979808,49141.3
7742.220300745512,49537.4
7742.430803511216,50585.8
7742.64130627692,49579.9
7742.851809042624,49766.4
7743.062311808328,49543.1
7743.272814574032,50409.0
7743.483317339736,50682.7
7743.69382010544,49013.7
7743.904322871143,48280.7
7744.114825636848,49664.6
7744.325328402551,50857.0
7744.535831168256,49966.2
7744.746333933959,50133.2
7744.956836699664,49896.3
7745.167339465367,49473.7
7745.377842231072,50099.8
7745.588344996775,49464.8
7745.798847762479,48883.6
7746.009350528183,49374.3
7746.219853293887,49111.2
7746.430356059591,48273.4
7746.640858825294,47897.3
7746.851361590999,48463.0
7747.061864356702,49135.1
7747.272367122407,48812.9
7747.48286988811,49374.5
7747.693372653815,49300.6
7747.903875419518,49554.8
7748.114378185222,49659.3
7748.324880950926,49956.1
7748.53538371663,49920.8
7748.745886482334,47927.4
7748.956389248038,48303.4
7749.166892013742,49116.6
7749.377394779446,48660.4
7749.58789754515,48409.8
7749.798400310854,49678.5
7750.0089030765575,48101.4
7750.219405842262,48043.1
7750.429908607965,48478.7
7750.64041137367,47969.7
7750.850914139373,47314.0
7751.061416905078,46960.2
7751.271919670781,46928.1
7751.482422436486,46830.4
7751.692925202189,48520.6
7751.903427967894,49277.6
7752.113930733597,47709.6
7752.324433499301,47481.5
7752.534936265005,47580.3
7752.745439030709,48377.8
7752.955941796413,49289.2
7753.166444562117,49438.3
7753.376947327821,49398.2
7753.587450093525,47776.3
7753.797952859229,46991.9
7754.008455624933,47991.9
7754.2189583906365,48636.9
7754.429461156341,47923.0
7754.639963922044,47794.0
7754.850466687749,47416.1
7755.060969453452,47619.4
7755.271472219157,48275.2
7755.48197498486,48891.4
7755.692477750565,48260.5
7755.902980516268,47409.6
7756.113483281972,46221.0
7756.323986047676,46911.2
7756.5344888133795,46806.6
7756.744991579084,46801.1
7756.955494344787,46935.4
7757.165997110492,47018.8
7757.376499876195,47341.5
7757.5870026419,47907.8
7757.797505407603,46896.6
7758.008008173308,47090.4
7758.218510939011,46891.6
7758.4290137047155,46714.1
7758.639516470419,47768.1
7758.850019236123,47599.0
7759.060522001827,47389.1
7759.271024767531,47221.8
7759.481527533235,46983.9
7759.692030298939,45704.8
7759.902533064643,45647.8
7760.113035830347,46185.5
7760.323538596051,46484.0
7760.534041361755,46370.0
7760.7445441274585,45937.3
7760.955046893163,46816.0
7761.165549658866,47481.8
7761.376052424571,46018.2
7761.586555190274,45827.3
7761.797057955979,46120.8
7762.007560721682,45796.0
7762.218063487387,45822.9
7762.42856625309,46130.9
7762.6390690187945,45920.9
7762.849571784498,45473.9
7763.060074550202,46056.1
7763.270577315906,45716.8
7763.48108008161,45296.0
7763.691582847314,45054.5
7763.902085613018,44879.3
7764.112588378722,45359.2
7764.323091144426,45141.2
7764.53359391013,45259.6
7764.744096675834,45565.0
7764.9545994415375,45128.7
7765.165102207242,45434.3
7765.375604972945,46174.9
7765.586107738649,44341.1
7765.796610504353,43765.5
7766.007113270057,45392.8
7766.217616035761,44409.0
7766.428118801465,44952.6
7766.638621567169,45361.4
7766.849124332873,45197.6
7767.059627098577,45732.6
7767.2701298642805,46117.9
7767.480632629985,45951.3
7767.691135395688,45911.9
7767.901638161393,45445.3
7768.112140927096,44588.0
7768.322643692801,45894.5
7768.533146458504,46322.2
7768.743649224209,46588.5
7768.954151989912,46471.3
7769.1646547556165,46355.0
7769.37515752132,46511.4
7769.585660287024,46488.4
7769.796163052728,46596.1
7770.006665818432,45970.3
7770.217168584136,46971.6
7770.42767134984,46323.4
7770.638174115544,46365.5
7770.848676881248,46080.0
7771.059179646952,46782.0
7771.269682412656,45620.3
7771.4801851783595,45145.5
7771.690687944064,45521.5
7771.901190709767,45956.2
7772.111693475472,45165.4
7772.322196241175,43743.7
7772.53269900688,44779.3
7772.743201772583,44686.6
7772.953704538288,44283.9
7773.164207303991,44440.5
7773.3747100696955,44620.7
7773.585212835399,43974.4
7773.795715601103,44054.2
7774.006218366807,44517.9
7774.216721132511,43619.0
7774.427223898215,44861.4
7774.637726663919,44185.7
7774.848229429623,43490.2
7775.058732195326,42959.8
7775.269234961031,43015.7
7775.479737726734,44385.7
7775.6902404924385,43323.9
7775.900743258142,43815.6
7776.111246023846,44011.5
7776.32174878955,44348.3
7776.532251555254,44749.1
7776.742754320958,45218.3
7776.953257086662,45647.5
7777.163759852366,45303.3
7777.37426261807,44796.8
7777.584765383774,45060.3
7777.795268149478,43394.8
7778.0057709151815,44224.7
7778.216273680886,43857.1
7778.426776446589,43827.8
7778.637279212294,44311.1
7778.847781977997,43972.1
7779.058284743702,43857.7
7779.268787509405,43700.5
7779.47929027511,43570.0
7779.689793040813,43414.7
7779.9002958065175,44220.2
7780.110798572221,43615.0
7780.321301337925,42421.1
7780.531804103629,42655.8
7780.742306869333,42559.2
7780.952809635037,43122.2
7781.163312400741,42034.3
7781.373815166445,41155.4
7781.584317932149,41212.4
7781.794820697853,41043.8
7782.005323463557,40642.6
7782.2158262292605,40827.6
7782.426328994965,41516.9
7782.636831760668,41936.9
7782.847334526373,41323.9
7783.057837292076,42091.5
7783.268340057781,41147.9
7783.478842823484,40229.9
7783.689345589189,41070.5
7783.899848354892,41421.7
7784.1103511205965,41066.9
7784.3208538863,40839.6
7784.5313566520035,41269.9
7784.741859417708,41111.0
7784.952362183412,40690.4
7785.162864949116,40758.3
7785.373367714819,40476.0
7785.583870480524,40594.1
7785.794373246227,41032.0
7786.004876011932,40737.7
7786.215378777635,39502.8
7786.4258815433395,40060.8
7786.636384309043,40067.0
7786.846887074747,39561.9
7787.057389840451,39315.5
7787.267892606155,40203.2
7787.478395371859,40151.7
7787.688898137563,39678.3
7787.899400903267,40099.4
7788.109903668971,40877.1
7788.320406434675,40725.3
7788.530909200379,39143.1
7788.7414119660825,40186.0
7788.951914731787,40104.0
7789.16241749749,39638.3
7789.372920263195,39995.5
7789.583423028898,40384.2
7789.793925794603,40213.2
7790.004428560306,39712.9
7790.214931326011,38746.9
7790.425434091714,38375.3
7790.6359368574185,38473.5
7790.846439623122,38860.6
7791.056942388826,38767.0
7791.26744515453,38312.3
7791.477947920234,38024.7
7791.688450685938,38841.9
7791.898953451642,39350.4
7792.109456217346,39293.8
7792.31995898305,38299.8
7792.530461748754,37490.3
7792.740964514458,37395.4
7792.9514672801615,38128.6
7793.161970045866,38369.3
7793.372472811569,37869.2
7793.582975577274,38239.4
7793.793478342977,39581.3
7794.003981108681,39668.2
7794.214483874385,37843.3
7794.42498664009,38075.3
7794.635489405793,37491.2
7794.845992171497,37892.0
7795.056494937201,37828.1
7795.2669977029045,37860.7
7795.477500468609,37371.8
7795.688003234312,38238.5
7795.898506000017,38600.2
7796.10900876572,37191.6
7796.319511531425,36959.9
7796.530014297128,37577.4
7796.740517062833,37360.3
7796.951019828536,37660.9
7797.1615225942405,37792.2
7797.372025359944,37828.5
7797.582528125648,36859.4
7797.793030891352,37636.4
7798.003533657056,37266.1
7798.21403642276,37380.8
7798.424539188464,37468.9
7798.635041954168,35927.5
7798.845544719872,36507.0
7799.056047485576,36642.8
7799.26655025128,36095.9
7799.4770530169835,36562.5
7799.687555782688,36379.8
7799.898058548391,35500.6
7800.108561314096,36058.6
7800.319064079799,36280.9
7800.529566845504,35826.5
7800.740069611207,35615.8
7800.950572376912,35139.8
7801.161075142615,36188.6
7801.3715779083195,36708.2
7801.582080674023,36175.1
7801.792583439727,34996.2
7802.003086205431,34423.8
7802.213588971135,33945.1
7802.424091736839,34249.0
7802.634594502543,35335.9
7802.845097268247,36143.2
7803.055600033951,35540.3
7803.266102799655,35603.5
7803.476605565359,34972.6
7803.6871083310625,34338.3
7803.897611096767,34898.1
7804.10811386247,34893.1
7804.318616628174,35016.5
7804.529119393878,35333.1
7804.739622159582,34315.5
7804.950124925286,34685.6
7805.16062769099,34880.3
7805.371130456694,34584.5
7805.581633222398,34024.8
7805.792135988102,33922.8
7806.0026387538055,33853.7
7806.21314151951,34573.9
7806.423644285213,34419.6
7806.634147050918,33829.3
7806.844649816621,33228.2
7807.055152582326,34005.0
7807.265655348029,34205.5
7807.476158113734,34250.8
7807.686660879437,33584.3
7807.8971636451415,33644.8
7808.107666410845,34476.0
7808.318169176549,34306.3
7808.528671942253,33267.7
7808.739174707957,32533.3
7808.949677473661,32210.5
7809.160180239365,32850.9
7809.370683005069,33284.7
7809.581185770773,33237.8
7809.791688536477,33457.7
7810.002191302181,34219.7
7810.2126940678845,33116.6
7810.423196833589,33371.9
7810.633699599292,33339.1
7810.844202364997,32706.3
7811.0547051307,32600.2
7811.265207896405,32461.8
7811.475710662108,32777.7
7811.686213427813,32587.8
7811.896716193516,31494.5
7812.1072189592205,31354.9
7812.317721724924,32144.5
7812.528224490628,33097.6
7812.738727256332,32541.8
7812.949230022036,31919.2
7813.15973278774,31715.5
7813.370235553444,32211.8
7813.580738319148,32096.2
7813.791241084851,31859.6
7814.001743850556,31278.7
7814.212246616259,31581.5
7814.4227493819635,32490.0
7814.633252147667,33349.1
7814.843754913371,32469.2
7815.054257679075,32605.7
7815.264760444779,31769.7
7815.475263210483,31484.9
7815.685765976187,29840.7
7815.896268741891,30604.2
7816.106771507595,30302.2
7816.317274273299,31630.6
7816.527777039003,31213.7
7816.7382798047065,31464.1
7816.948782570411,30149.9
7817.159285336114,29897.4
7817.369788101819,31009.3
7817.580290867522,31097.3
7817.790793633227,30269.5
7818.00129639893,30021.5
7818.211799164635,31423.9
7818.422301930338,31090.7
7818.6328046960425,30132.4
7818.843307461746,29884.1
7819.05381022745,29813.1
7819.264312993154,29998.3
7819.474815758858,30725.1
7819.685318524562,29958.5
7819.895821290266,29398.2
7820.10632405597,29996.1
7820.316826821674,30070.4
7820.527329587378,29796.5
7820.737832353082,31107.7
7820.9483351187855,30457.0
7821.15883788449,29453.7
7821.369340650193,27741.9
7821.579843415898,28787.9
7821.790346181601,29742.1
7822.000848947306,29466.4
7822.211351713009,29862.1
7822.421854478714,30414.6
7822.632357244417,29254.4
7822.8428600101215,29147.5
7823.053362775825,30284.5
7823.2638655415285,29181.1
7823.474368307233,29175.9
7823.684871072936,28731.1
7823.895373838641,28124.6
7824.105876604344,29382.9
7824.316379370049,29574.8
7824.526882135752,28031.2
7824.737384901457,28485.1
7824.94788766716,29383.5
7825.1583904328645,28527.9
7825.368893198568,28566.3
7825.579395964272,28923.9
7825.789898729976,27852.1
7826.00040149568,28477.0
7826.210904261384,28205.1
7826.421407027088,28130.1
7826.631909792792,27163.0
7826.842412558496,26740.8
7827.0529153242,26354.2
7827.263418089904,27208.2
7827.4739208556075,27690.1
7827.684423621312,27468.8
7827.894926387015,27817.1
7828.10542915272,28078.6
7828.315931918423,26735.5
7828.526434684128,27730.2
7828.736937449831,27342.6
7828.947440215536,27227.5
7829.157942981239,28703.2
7829.3684457469435,27205.1
7829.578948512647,25836.6
7829.789451278351,25876.5
7829.999954044055,26115.3
7830.210456809759,25921.7
7830.420959575463,26337.7
7830.631462341167,25594.3
7830.841965106871,25808.7
7831.052467872575,26500.9
7831.262970638279,26778.1
7831.473473403983,25815.9
7831.6839761696865,25184.1
7831.894478935391,27045.5
7832.104981701094,25087.8
7832.315484466799,25081.3
7832.525987232502,25456.1
7832.736489998206,25841.9
7832.94699276391,26839.0
7833.157495529614,26101.9
7833.367998295318,26202.5
7833.578501061022,26061.8
7833.789003826726,25920.3
7833.9995065924295,25169.6
7834.210009358134,25069.9
7834.420512123837,25100.5
7834.631014889542,25150.5
7834.841517655245,25773.1
7835.05202042095,25326.6
7835.262523186653,25474.0
7835.473025952358,25237.5
7835.683528718061,24794.0
7835.8940314837655,25140.5
7836.104534249469,25370.4
7836.315037015173,25083.8
7836.525539780877,23963.4
7836.736042546581,24877.8
7836.946545312285,24593.7
7837.157048077989,24571.3
7837.367550843693,24654.4
7837.578053609397,25008.0
7837.788556375101,25249.1
7837.999059140805,23950.5
7838.2095619065085,23770.5
7838.420064672213,23670.0
7838.630567437916,23446.5
7838.841070203621,24124.4
7839.051572969324,23617.4
7839.262075735029,23402.2
7839.472578500732,24260.0
7839.683081266437,23607.2
7839.89358403214,23478.5
7840.1040867978445,24098.7
7840.314589563548,23773.8
7840.525092329252,22957.0
7840.735595094956,23738.7
7840.94609786066,23032.7
7841.156600626364,23114.4
7841.367103392068,23382.0
7841.577606157772,22766.0
7841.788108923476,22487.6
7841.99861168918,23003.0
7842.209114454883,22995.2
7842.4196172205875,23074.3
7842.630119986291,23408.1
7842.840622751995,22417.7
7843.051125517699,22060.7
7843.261628283403,21495.0
7843.472131049107,22369.5
7843.682633814811,22122.2
7843.893136580515,22358.9
7844.103639346219,21562.4
7844.314142111923,22268.1
7844.524644877627,22358.2
7844.7351476433305,21773.1
7844.945650409035,22540.5
7845.156153174738,22958.1
7845.366655940443,21550.6
7845.577158706146,21997.0
7845.787661471851,21909.7
7845.998164237554,21788.9
7846.208667003259,21287.8
7846.419169768962,20100.1
7846.6296725346665,20471.6
7846.84017530037,20828.4
7847.050678066074,21676.0
7847.261180831778,20750.6
7847.471683597482,20882.6
7847.682186363186,20052.7
7847.89268912889,20671.3
7848.103191894594,21145.5
7848.313694660298,20707.1
7848.524197426002,20393.8
7848.734700191706,21164.6
7848.9452029574095,21020.8
7849.155705723114,20740.4
7849.366208488817,20487.7
7849.576711254522,20511.2
7849.787214020225,21246.1
7849.99771678593,20861.5
7850.208219551633,19856.5
7850.418722317338,20358.1
7850.629225083041,20192.7
7850.8397278487455,19298.1
7851.050230614449,19908.3
7851.260733380153,20297.1
7851.471236145857,20153.4
7851.68173891156,20072.5
7851.892241677265,19394.4
7852.102744442968,20284.9
7852.313247208673,19239.6
7852.523749974376,19530.9
7852.734252740081,18999.5
7852.944755505784,19291.2
7853.1552582714885,19901.8
7853.365761037192,19013.3
7853.576263802896,18682.2
7853.7867665686,19410.1
7853.997269334304,19895.6
7854.207772100008,18919.0
7854.418274865712,18967.3
7854.628777631416,18166.6
7854.83928039712,18946.2
7855.049783162824,18476.0
7855.260285928528,18531.8
7855.4707886942315,18773.0
7855.681291459936,18303.6
7855.891794225639,18459.0
7856.102296991344,18914.7
7856.312799757047,19161.3
7856.523302522752,18734.1
7856.733805288455,18436.1
7856.94430805416,18664.8
7857.154810819863,18418.8
7857.3653135855675,18349.1
7857.575816351271,17621.7
7857.786319116975,17588.0
7857.996821882679,17656.2
7858.207324648383,17987.6
7858.417827414087,18229.9
7858.628330179791,17123.8
7858.838832945495,17596.1
7859.049335711199,17231.6
7859.259838476903,17548.9
7859.470341242607,17490.2
7859.6808440083105,17886.0
7859.891346774015,18047.5
7860.101849539718,17326.9
7860.312352305423,17112.6
7860.522855071126,17954.0
7860.733357836831,17262.5
7860.943860602534,17097.3
7861.154363368238,15822.7
7861.364866133942,16191.4
7861.5753688996465,16217.3
7861.78587166535,17544.1
7861.9963744310535,17914.9
7862.206877196758,16531.9
7862.417379962461,16871.5
7862.627882728166,16805.8
7862.838385493869,16368.9
7863.048888259574,16074.9
7863.259391025277,16495.5
7863.469893790982,16408.2
7863.680396556685,16372.3
7863.8908993223895,16102.6
7864.101402088093,16521.7
7864.311904853797,16795.7
7864.522407619501,16208.6
7864.732910385205,15927.8
7864.943413150909,16040.8
7865.153915916613,14786.2
7865.364418682317,14947.8
7865.574921448021,16699.4
7865.785424213725,16282.3
7865.995926979429,15818.1
7866.2064297451325,16186.2
7866.416932510837,14515.7
7866.62743527654,14985.1
7866.837938042245,15862.1
7867.048440807948,15845.1
7867.258943573653,15431.0
7867.469446339356,15517.0
7867.679949105061,15341.5
7867.890451870764,15167.3
7868.1009546364685,15726.7
7868.311457402172,14775.0
7868.521960167876,15521.4
7868.73246293358,15359.7
7868.942965699284,15217.3
7869.153468464988,15043.3
7869.363971230692,15038.8
7869.574473996396,14604.2
7869.7849767621,14319.3
7869.995479527804,14073.8
7870.205982293508,14541.1
7870.4164850592115,14779.3
7870.626987824915,15144.5
7870.837490590619,14708.5
7871.047993356324,14663.4
7871.258496122027,14219.9
7871.468998887731,13211.0
7871.679501653435,14588.5
7871.890004419139,14767.8
7872.100507184843,13387.5
7872.311009950547,13216.6
7872.521512716251,13299.4
7872.7320154819545,14338.3
7872.942518247659,13499.3
7873.153021013362,13503.7
7873.363523779067,13458.8
7873.57402654477,13033.6
7873.784529310475,13498.4
7873.995032076178,12416.0
7874.205534841883,13181.5
7874.416037607586,13380.8
7874.6265403732905,13318.9
7874.837043138994,13341.4
7875.047545904698,13673.7
7875.258048670402,13481.7
7875.468551436106,13084.4
7875.67905420181,13482.4
7875.889556967514,12472.9
7876.100059733218,13221.2
7876.310562498922,12143.7
7876.521065264626,11954.1
7876.73156803033,12091.0
7876.9420707960335,11655.9
7877.152573561738,12089.1
7877.363076327441,13387.8
7877.573579093146,13124.0
7877.784081858849,11850.1
7877.994584624554,11677.4
7878.205087390257,11243.5
7878.415590155962,11394.3
7878.626092921665,11882.8
7878.8365956873695,12345.9
7879.047098453073,11734.1
7879.257601218777,11676.1
7879.468103984481,12198.4
7879.678606750185,11326.6
7879.889109515889,11849.0
7880.099612281592,11677.6
7880.310115047297,11110.6
7880.520617813001,11500.0
7880.731120578705,11706.4
7880.941623344408,11547.1
7881.1521261101125,10728.8
7881.362628875816,10693.0
7881.57313164152,10826.5
7881.783634407224,10232.9
7881.994137172928,10499.9
7882.204639938632,10677.7
7882.415142704336,10773.2
7882.62564547004,10787.2
7882.836148235744,11387.1
7883.046651001448,11014.9
7883.257153767152,10934.4
7883.4676565328555,10853.6
7883.67815929856,11384.3
7883.888662064263,10566.5
7884.099164829968,10842.3
7884.309667595671,10587.8
7884.520170361376,10240.2
7884.730673127079,10060.4
7884.941175892784,9781.35
7885.151678658487,10452.7
7885.3621814241915,10093.7
7885.572684189895,10386.1
7885.783186955599,9390.31
7885.993689721303,9764.54
7886.204192487007,10179.9
7886.414695252711,9758.02
7886.625198018415,10279.7
7886.835700784119,9655.41
7887.046203549823,9435.64
7887.256706315527,9224.22
7887.467209081231,9102.7
7887.6777118469345,9129.15
7887.888214612639,9467.22
7888.098717378342,8968.34
7888.309220144047,9397.92
7888.51972290975,9191.45
7888.730225675455,9588.43
7888.940728441158,9244.38
7889.151231206863,8215.03
7889.361733972566,9235.0
7889.57223673827,7514.8
7889.782739503974,8552.59
7889.993242269678,8563.42
7890.203745035382,9152.16
7890.414247801085,9293.32
7890.62475056679,8794.68
7890.835253332493,9039.63
7891.045756098198,8741.23
7891.256258863901,7196.49
7891.466761629606,7595.46
7891.677264395309,8176.38
