6485.8334468827,130757.0
6486.01342557637,132394.0
6486.193404270039,132037.0
6486.3733829637085,131669.0
6486.553361657378,132945.0
6486.733340351047,136306.0
6486.913319044717,137909.0
6487.093297738386,136621.0
6487.273276432056,137467.0
6487.453255125726,137773.0
6487.633233819395,138916.0
6487.813212513065,140406.0
6487.993191206735,141351.0
6488.173169900404,140613.0
6488.353148594074,140216.0
6488.533127287744,141733.0
6488.713105981413,143552.0
6488.893084675083,144475.0
6489.073063368752,143774.0
6489.253042062422,145350.0
6489.4330207560915,148324.0
6489.6129994497605,149397.0
6489.79297814343,150991.0
6489.9729568371,152210.0
6490.152935530769,149504.0
6490.332914224439,146515.0
6490.512892918109,146917.0
6490.692871611778,148109.0
6490.872850305448,150071.0
6491.052828999118,152350.0
6491.232807692787,156885.0
6491.412786386457,158010.0
6491.592765080126,157174.0
6491.772743773796,158723.0
6491.952722467466,158992.0
6492.132701161135,160222.0
6492.312679854805,162355.0
6492.4926585484745,161846.0
6492.6726372421435,158878.0
6492.852615935813,159755.0
6493.032594629483,162858.0
6493.212573323152,161827.0
6493.392552016822,162019.0
6493.572530710491,168405.0
6493.752509404161,169930.0
6493.932488097831,170270.0
6494.1124667915,171710.0
6494.29244548517,170942.0
6494.47242417884,168779.0
6494.652402872509,170261.0
6494.832381566179,172304.0
6495.012360259849,172573.0
6495.192338953518,174422.0
6495.372317647188,174259.0
6495.552296340857,173263.0
6495.7322750345265,171393.0
6495.912253728196,173839.0
6496.092232421865,175084.0
6496.272211115535,176488.0
6496.452189809205,181871.0
6496.632168502874,185484.0
6496.812147196544,184365.0
6496.992125890214,184258.0
6497.172104583883,183340.0
6497.352083277553,182487.0
6497.532061971222,186212.0
6497.712040664892,187564.0
6497.892019358562,187064.0
6498.071998052231,187019.0
6498.251976745901,187234.0
6498.431955439571,190269.0
6498.61193413324,194170.0
6498.7919128269095,193368.0
6498.971891520579,194169.0
6499.151870214248,193777.0
6499.331848907918,194162.0
6499.511827601587,196285.0
6499.691806295257,196493.0
6499.871784988927,197096.0
6500.051763682596,199614.0
6500.231742376266,199264.0
6500.411721069936,199478.0
6500.591699763605,200105.0
6500.771678457275,202415.0
6500.951657150945,203792.0
6501.131635844614,206226.0
6501.311614538284,206523.0
6501.491593231954,205314.0
6501.671571925623,207609.0
6501.8515506192925,210203.0
6502.0315293129615,210041.0
6502.211508006631,211557.0
6502.391486700301,212157.0
6502.57146539397,212343.0
6502.75144408764,213205.0
6502.93142278131,211798.0
6503.111401474979,212340.0
6503.291380168649,216665.0
6503.471358862319,218720.0
6503.651337555988,217448.0
6503.831316249658,215814.0
6504.011294943327,216126.0
6504.191273636997,219929.0
6504.371252330667,221711.0
6504.551231024336,221727.0
6504.731209718006,223394.0
6504.9111884116755,226258.0
6505.0911671053445,226046.0
6505.271145799014,225388.0
6505.451124492684,228622.0
6505.631103186353,228897.0
6505.811081880023,232865.0
6505.991060573692,232026.0
6506.171039267362,231505.0
6506.351017961032,232162.0
6506.530996654701,233263.0
6506.710975348371,233283.0
6506.890954042041,233490.0
6507.07093273571,236218.0
6507.25091142938,236664.0
6507.43089012305,236821.0
6507.610868816719,241313.0
6507.790847510389,243015.0
6507.970826204058,239829.0
6508.1508048977275,239024.0
6508.330783591397,241193.0
6508.510762285066,241603.0
6508.690740978736,242843.0
6508.870719672406,246092.0
6509.050698366075,245256.0
6509.230677059745,247221.0
6509.410655753415,250782.0
6509.590634447084,255606.0
6509.770613140754,255360.0
6509.950591834423,255851.0
6510.130570528093,256182.0
6510.310549221763,256447.0
6510.490527915432,256875.0
6510.670506609102,256820.0
6510.850485302772,261118.0
6511.030463996441,261609.0
6511.2104426901105,262839.0
6511.39042138378,264532.0
6511.570400077449,265397.0
6511.750378771119,267008.0
6511.930357464789,266779.0
6512.110336158458,267234.0
6512.290314852128,268819.0
6512.470293545797,269066.0
6512.650272239467,271826.0
6512.830250933137,274563.0
6513.010229626806,275624.0
6513.190208320476,276048.0
6513.370187014146,276084.0
6513.550165707815,278060.0
6513.730144401485,278536.0
6513.910123095155,280121.0
6514.090101788824,281079.0
6514.2700804824935,278763.0
6514.4500591761625,278836.0
6514.630037869832,276313.0
6514.810016563502,272356.0
6514.989995257171,279971.0
6515.169973950841,285538.0
6515.349952644511,287020.0
6515.52993133818,288642.0
6515.70991003185,290362.0
6515.88988872552,293348.0
6516.069867419189,293695.0
6516.249846112859,288601.0
6516.429824806528,285654.0
6516.609803500198,284567.0
6516.789782193868,287402.0
6516.969760887537,293320.0
6517.149739581207,297353.0
6517.3297182748765,300091.0
6517.5096969685455,303913.0
6517.689675662215,305747.0
6517.869654355885,306940.0
6518.049633049554,308337.0
6518.229611743224,308405.0
6518.409590436893,311042.0
6518.589569130563,309706.0
6518.769547824233,309600.0
6518.949526517902,312789.0
6519.129505211572,311958.0
6519.309483905242,310029.0
6519.489462598911,313322.0
6519.669441292581,315497.0
6519.849419986251,313960.0
6520.02939867992,314990.0
6520.20937737359,319452.0
6520.389356067259,323142.0
6520.5693347609285,321142.0
6520.749313454598,321369.0
6520.929292148267,322107.0
6521.109270841937,322212.0
6521.289249535607,322971.0
6521.469228229276,324653.0
6521.649206922946,324800.0
6521.829185616616,326566.0
6522.009164310285,330145.0
6522.189143003955,329414.0
6522.369121697625,327319.0
6522.549100391294,325110.0
6522.729079084964,327880.0
6522.909057778633,337046.0
6523.089036472303,335508.0
6523.269015165973,334257.0
6523.448993859642,332934.0
6523.6289725533115,327849.0
6523.808951246981,328444.0
6523.98892994065,335337.0
6524.16890863432,338291.0
6524.34888732799,338591.0
6524.528866021659,342097.0
6524.708844715329,345747.0
6524.888823408998,346480.0
6525.068802102668,342520.0
6525.248780796338,343529.0
6525.428759490007,348336.0
6525.608738183677,350262.0
6525.788716877347,351815.0
6525.968695571016,354030.0
6526.148674264686,352994.0
6526.328652958356,350739.0
6526.508631652025,351884.0
6526.6886103456945,356299.0
6526.8685890393635,356126.0
6527.048567733033,356608.0
6527.228546426703,358570.0
6527.408525120372,357799.0
6527.588503814042,359498.0
6527.768482507712,362140.0
6527.948461201381,364368.0
6528.128439895051,364176.0
6528.308418588721,362211.0
6528.48839728239,367662.0
6528.66837597606,368797.0
6528.848354669729,368800.0
6529.028333363399,372556.0
6529.208312057069,370584.0
6529.388290750738,365405.0
6529.568269444408,370639.0
6529.7482481380775,372225.0
6529.9282268317465,372680.0
6530.108205525416,376530.0
6530.288184219086,376684.0
6530.468162912755,376405.0
6530.648141606425,372024.0
6530.828120300094,369700.0
6531.008098993764,372883.0
6531.188077687434,379432.0
6531.368056381103,380327.0
6531.548035074773,379261.0
6531.728013768443,385371.0
6531.907992462112,386772.0
6532.087971155782,381068.0
6532.267949849452,378415.0
6532.447928543121,379657.0
6532.627907236791,382610.0
6532.8078859304605,388800.0
6532.9878646241295,395672.0
6533.167843317799,395073.0
6533.347822011468,392185.0
6533.527800705138,392619.0
6533.707779398808,391666.0
6533.887758092477,389278.0
6534.067736786147,389415.0
6534.247715479817,393378.0
6534.427694173486,395293.0
6534.607672867156,394351.0
6534.787651560826,397754.0
6534.967630254495,402049.0
6535.147608948165,402015.0
6535.327587641834,406882.0
6535.507566335504,404796.0
6535.687545029174,400876.0
6535.867523722843,403392.0
6536.0475024165125,404880.0
6536.227481110182,402913.0
6536.407459803851,406570.0
6536.587438497521,410097.0
6536.767417191191,406340.0
6536.94739588486,406505.0
6537.12737457853,411796.0
6537.307353272199,412252.0
6537.487331965869,415651.0
6537.667310659539,416029.0
6537.847289353208,413041.0
6538.027268046878,416580.0
6538.207246740548,417847.0
6538.387225434217,414818.0
6538.567204127887,415019.0
6538.747182821557,415958.0
6538.927161515226,417391.0
6539.1071402088955,419498.0
6539.2871189025645,420192.0
6539.467097596234,421087.0
6539.647076289904,422526.0
6539.827054983573,426532.0
6540.007033677243,423647.0
6540.187012370913,423136.0
6540.366991064582,423246.0
6540.546969758252,424163.0
6540.726948451922,425140.0
6540.906927145591,426264.0
6541.086905839261,425754.0
6541.26688453293,425123.0
6541.4468632266,427172.0
6541.62684192027,430228.0
6541.806820613939,429278.0
6541.986799307609,425274.0
6542.1667780012785,425849.0
6542.3467566949475,425932.0
6542.526735388617,425748.0
6542.706714082287,428998.0
6542.886692775956,427436.0
6543.066671469626,433799.0
6543.246650163296,436734.0
6543.426628856965,431736.0
6543.606607550635,426591.0
6543.786586244304,422955.0
6543.966564937974,420786.0
6544.146543631644,424277.0
6544.326522325313,430380.0
6544.506501018983,430938.0
6544.686479712653,432068.0
6544.866458406322,432352.0
6545.046437099992,435564.0
6545.2264157936615,434592.0
6545.4063944873305,432928.0
6545.586373181,429714.0
6545.766351874669,431993.0
6545.946330568339,435861.0
6546.126309262009,434705.0
6546.306287955678,435526.0
6546.486266649348,437911.0
6546.666245343018,437555.0
6546.846224036687,437260.0
6547.026202730357,435653.0
6547.206181424027,438862.0
6547.386160117696,438328.0
6547.566138811366,431596.0
6547.746117505035,431208.0
6547.926096198705,433226.0
6548.106074892375,440122.0
6548.286053586044,438565.0
6548.4660322797135,432254.0
6548.646010973383,429351.0
6548.825989667052,431178.0
6549.005968360722,435310.0
6549.185947054392,435474.0
6549.365925748061,435187.0
6549.545904441731,437026.0
6549.7258831354,435983.0
6549.90586182907,441747.0
6550.08584052274,437809.0
6550.265819216409,436824.0
6550.445797910079,439317.0
6550.625776603749,440343.0
6550.805755297418,438445.0
6550.985733991088,433644.0
6551.165712684758,434070.0
6551.345691378427,437878.0
6551.525670072097,437375.0
6551.705648765766,438403.0
6551.885627459435,440085.0
6552.065606153105,434959.0
6552.245584846774,432935.0
6552.425563540444,433074.0
6552.605542234114,426837.0
6552.785520927783,427107.0
6552.965499621453,428409.0
6553.145478315123,434015.0
6553.325457008792,437439.0
6553.505435702462,433929.0
6553.685414396132,426403.0
6553.865393089801,420608.0
6554.045371783471,426092.0
6554.22535047714,435058.0
6554.40532917081,434461.0
6554.58530786448,430797.0
6554.765286558149,431409.0
6554.9452652518185,431359.0
6555.125243945488,431089.0
6555.305222639157,434225.0
6555.485201332827,433057.0
6555.665180026497,431878.0
6555.845158720166,436907.0
6556.025137413836,434531.0
6556.205116107505,434942.0
6556.385094801175,440624.0
6556.565073494845,444675.0
6556.745052188514,448911.0
6556.925030882184,447738.0
6557.105009575854,448280.0
6557.284988269523,457845.0
6557.464966963193,467942.0
6557.644945656863,477066.0
6557.824924350532,485392.0
6558.0049030442015,492274.0
6558.1848817378705,503770.0
6558.36486043154,516184.0
6558.54483912521,535937.0
6558.724817818879,559761.0
6558.904796512549,581139.0
6559.084775206219,610129.0
6559.264753899888,634912.0
6559.444732593558,655079.0
6559.624711287228,685179.0
6559.804689980897,718282.0
6559.984668674567,753164.0
6560.164647368236,787204.0
6560.344626061906,816861.0
6560.524604755576,842588.0
6560.704583449245,866168.0
6560.884562142915,895282.0
6561.0645408365845,916058.0
6561.2445195302535,926433.0
6561.424498223923,939505.0
6561.604476917593,938447.0
6561.784455611262,930766.0
6561.964434304932,907572.0
6562.144412998601,878976.0
6562.324391692271,861705.0
6562.504370385941,843254.0
6562.68434907961,833815.0
6562.86432777328,831702.0
6563.04430646695,840618.0
6563.224285160619,856198.0
6563.404263854289,869250.0
6563.584242547959,896954.0
6563.764221241628,928298.0
6563.944199935298,931688.0
6564.1241786289675,932994.0
6564.3041573226365,945400.0
6564.484136016306,942362.0
6564.664114709975,931876.0
6564.844093403645,910935.0
6565.024072097315,885317.0
6565.204050790984,856451.0
6565.384029484654,823278.0
6565.564008178324,800968.0
6565.743986871993,766427.0
6565.923965565663,737541.0
6566.103944259333,705832.0
6566.283922953002,674486.0
6566.463901646672,650088.0
6566.643880340341,626940.0
6566.823859034011,603320.0
6567.003837727681,581946.0
6567.18381642135,566908.0
6567.3637951150195,549660.0
6567.543773808689,529374.0
6567.723752502358,515743.0
6567.903731196028,506750.0
6568.083709889698,497625.0
6568.263688583367,496742.0
6568.443667277037,489373.0
6568.623645970706,480118.0
6568.803624664376,478486.0
6568.983603358046,475471.0
6569.163582051715,474574.0
6569.343560745385,470613.0
6569.523539439055,471254.0
6569.703518132724,470247.0
6569.883496826394,464197.0
6570.063475520064,462931.0
6570.243454213733,466587.0
6570.4234329074025,466819.0
6570.6034116010715,466716.0
6570.783390294741,468634.0
6570.963368988411,466297.0
6571.14334768208,469365.0
6571.32332637575,474240.0
6571.50330506942,473940.0
6571.683283763089,471428.0
6571.863262456759,470265.0
6572.043241150429,468267.0
6572.223219844098,469936.0
6572.403198537768,475534.0
6572.583177231438,483634.0
6572.763155925107,485566.0
6572.943134618777,483559.0
6573.123113312446,484625.0
6573.303092006116,490955.0
6573.4830706997855,488815.0
6573.6630493934545,485853.0
6573.843028087124,489038.0
6574.023006780794,493622.0
6574.202985474463,493949.0
6574.382964168133,491537.0
6574.562942861803,492584.0
6574.742921555472,489223.0
6574.922900249142,489316.0
6575.102878942811,493254.0
6575.282857636481,498111.0
6575.462836330151,501992.0
6575.64281502382,506451.0
6575.82279371749,507769.0
6576.00277241116,507295.0
6576.182751104829,507241.0
6576.362729798499,508784.0
6576.5427084921685,512183.0
6576.7226871858375,513850.0
6576.902665879507,515267.0
6577.082644573176,516762.0
6577.262623266846,514063.0
6577.442601960516,518067.0
6577.622580654185,522871.0
6577.802559347855,523277.0
6577.982538041525,516875.0
6578.162516735194,516430.0
6578.342495428864,523730.0
6578.522474122534,524056.0
6578.702452816203,525960.0
6578.882431509873,524905.0
6579.062410203542,528027.0
6579.242388897212,522559.0
6579.422367590882,522440.0
6579.602346284551,527719.0
6579.7823249782205,529470.0
6579.96230367189,532317.0
6580.142282365559,530261.0
6580.322261059229,534143.0
6580.502239752899,532769.0
6580.682218446568,532823.0
6580.862197140238,535320.0
6581.042175833907,536273.0
6581.222154527577,535607.0
6581.402133221247,537446.0
6581.582111914916,536765.0
6581.762090608586,536911.0
6581.942069302256,539078.0
6582.122047995925,539588.0
6582.302026689595,542324.0
6582.482005383265,540573.0
6582.661984076934,538917.0
6582.8419627706035,544352.0
6583.0219414642725,546997.0
6583.201920157942,545392.0
6583.381898851612,539569.0
6583.561877545281,540780.0
6583.741856238951,543120.0
6583.921834932621,546241.0
6584.10181362629,552350.0
6584.28179231996,551986.0
6584.46177101363,548323.0
6584.641749707299,544546.0
6584.821728400969,548209.0
6585.001707094639,551225.0
6585.181685788308,551282.0
6585.361664481978,551756.0
6585.541643175647,546505.0
6585.721621869317,546537.0
6585.9016005629865,545448.0
6586.0815792566555,552182.0
6586.261557950325,556447.0
6586.441536643995,552852.0
6586.621515337664,549932.0
6586.801494031334,551333.0
6586.981472725004,550803.0
6587.161451418673,553315.0
6587.341430112343,559586.0
6587.521408806012,558646.0
6587.701387499682,554540.0
6587.881366193352,552862.0
6588.061344887021,552583.0
6588.241323580691,558215.0
6588.421302274361,558815.0
6588.60128096803,555278.0
6588.7812596617,560270.0
6588.9612383553695,556580.0
6589.1412170490385,560839.0
6589.321195742708,563821.0
6589.501174436377,559711.0
6589.681153130047,554238.0
6589.861131823717,561065.0
6590.041110517386,563588.0
6590.221089211056,562411.0
6590.401067904726,560612.0
6590.581046598395,557317.0
6590.761025292065,552375.0
6590.941003985735,554049.0
6591.120982679404,558078.0
6591.300961373074,561079.0
6591.480940066743,563128.0
6591.660918760413,556617.0
6591.840897454083,559784.0
6592.020876147752,569139.0
6592.2008548414215,567237.0
6592.380833535091,564910.0
6592.56081222876,558396.0
6592.74079092243,555437.0
6592.9207696161,559644.0
6593.100748309769,562363.0
6593.280727003439,563769.0
6593.460705697109,563478.0
6593.640684390778,563702.0
6593.820663084448,563645.0
6594.000641778117,559398.0
6594.180620471787,556402.0
6594.360599165457,560530.0
6594.540577859126,562715.0
6594.720556552796,560596.0
6594.900535246466,562706.0
6595.080513940135,568314.0
6595.2604926338045,569390.0
6595.440471327474,562903.0
6595.620450021143,560992.0
6595.800428714813,558716.0
6595.980407408482,555770.0
6596.160386102152,563304.0
6596.340364795822,564725.0
6596.520343489491,561456.0
6596.700322183161,565796.0
6596.880300876831,570131.0
6597.0602795705,564268.0
6597.24025826417,562906.0
6597.42023695784,566630.0
6597.600215651509,561885.0
6597.780194345179,563742.0
6597.960173038848,571138.0
6598.140151732518,568600.0
6598.3201304261875,555864.0
6598.5001091198565,555271.0
6598.680087813526,560903.0
6598.860066507196,566957.0
6599.040045200865,567193.0
6599.220023894535,565112.0
6599.400002588205,561631.0
6599.579981281874,563061.0
6599.759959975544,565000.0
6599.939938669213,563666.0
6600.119917362883,564820.0
6600.299896056553,565772.0
6600.479874750222,568089.0
6600.659853443892,562878.0
6600.839832137562,559995.0
6601.019810831231,567787.0
6601.199789524901,565151.0
6601.3797682185705,567178.0
6601.5597469122395,569947.0
6601.739725605909,563182.0
6601.919704299578,563481.0
6602.099682993248,559475.0
6602.279661686918,559611.0
6602.459640380587,561828.0
6602.639619074257,560654.0
6602.819597767927,562659.0
6602.999576461596,563090.0
6603.179555155266,563327.0
6603.359533848936,568780.0
6603.539512542605,563687.0
6603.719491236275,558430.0
6603.899469929945,561683.0
6604.079448623614,568331.0
6604.259427317284,564111.0
6604.439406010953,553888.0
6604.6193847046225,550918.0
6604.799363398292,563379.0
6604.979342091961,570421.0
6605.159320785631,565142.0
6605.339299479301,556862.0
6605.51927817297,555144.0
6605.69925686664,560056.0
6605.87923556031,561340.0
6606.059214253979,561641.0
6606.239192947649,561074.0
6606.419171641318,559996.0
6606.599150334988,556483.0
6606.779129028658,561294.0
6606.959107722327,562894.0
6607.139086415997,558331.0
6607.319065109667,556021.0
6607.499043803336,554086.0
6607.6790224970055,555189.0
6607.859001190675,558062.0
6608.038979884344,558414.0
6608.218958578014,558499.0
6608.398937271683,555226.0
6608.578915965353,560705.0
6608.758894659023,558690.0
6608.938873352692,561824.0
6609.118852046362,557844.0
6609.298830740032,554753.0
6609.478809433701,555610.0
6609.658788127371,557681.0
6609.838766821041,561600.0
6610.01874551471,559933.0
6610.19872420838,554340.0
6610.378702902049,554018.0
6610.558681595719,552123.0
6610.7386602893885,552557.0
6610.9186389830575,552222.0
6611.098617676727,553500.0
6611.278596370397,559090.0
6611.458575064066,558287.0
6611.638553757736,548580.0
6611.818532451406,550613.0
6611.998511145075,552782.0
6612.178489838745,545181.0
6612.358468532415,546646.0
6612.538447226084,548670.0
6612.718425919754,546923.0
6612.898404613423,547672.0
6613.078383307093,551342.0
6613.258362000763,552084.0
6613.438340694432,549097.0
6613.618319388102,546773.0
6613.7982980817715,548310.0
6613.9782767754405,550883.0
6614.15825546911,551925.0
6614.33823416278,552566.0
6614.518212856449,545537.0
6614.698191550119,542236.0
6614.878170243788,546775.0
6615.058148937458,548191.0
6615.238127631128,543147.0
6615.418106324797,542659.0
6615.598085018467,544486.0
6615.778063712137,540495.0
6615.958042405806,544203.0
6616.138021099476,543432.0
6616.317999793146,540458.0
6616.497978486815,541869.0
6616.677957180485,544335.0
6616.857935874154,543533.0
6617.0379145678235,541976.0
6617.217893261493,540760.0
6617.397871955162,537076.0
6617.577850648832,540760.0
6617.757829342502,543168.0
6617.937808036171,541841.0
6618.117786729841,539956.0
6618.297765423511,539509.0
6618.47774411718,534060.0
6618.65772281085,534337.0
6618.837701504519,534720.0
6619.017680198189,533369.0
6619.197658891859,537676.0
6619.377637585528,537298.0
6619.557616279198,538598.0
6619.737594972868,536079.0
6619.917573666537,526465.0
6620.0975523602065,530349.0
6620.277531053876,539901.0
6620.457509747545,536687.0
6620.637488441215,530602.0
6620.817467134884,535054.0
6620.997445828554,537103.0
6621.177424522224,530805.0
6621.357403215893,528150.0
6621.537381909563,530296.0
6621.717360603233,530858.0
6621.897339296902,530962.0
6622.077317990572,536327.0
6622.257296684242,533309.0
6622.437275377911,529027.0
6622.617254071581,524884.0
6622.79723276525,525299.0
6622.97721145892,525373.0
6623.1571901525895,527369.0
6623.3371688462585,529678.0
6623.517147539928,527912.0
6623.697126233598,524448.0
6623.877104927267,527310.0
6624.057083620937,532293.0
6624.237062314607,529104.0
6624.417041008276,525695.0
6624.597019701946,525756.0
6624.776998395615,526679.0
6624.956977089285,523876.0
6625.136955782955,521487.0
6625.316934476624,526562.0
6625.496913170294,519763.0
6625.676891863964,516260.0
6625.856870557633,522524.0
6626.036849251303,521394.0
6626.2168279449725,517830.0
6626.3968066386415,517857.0
6626.576785332311,518124.0
6626.756764025981,519656.0
6626.93674271965,521392.0
6627.11672141332,522041.0
6627.296700106989,518499.0
6627.476678800659,513645.0
6627.656657494329,516434.0
6627.836636187998,520921.0
6628.016614881668,521822.0
6628.196593575338,519673.0
6628.376572269007,518799.0
6628.556550962677,510955.0
6628.736529656347,513358.0
6628.916508350016,511724.0
6629.096487043686,509581.0
6629.276465737355,508609.0
6629.4564444310245,505339.0
6629.636423124694,516309.0
6629.816401818363,516048.0
6629.996380512033,512354.0
6630.176359205703,512912.0
6630.356337899372,510500.0
6630.536316593042,511380.0
6630.716295286712,511044.0
6630.896273980381,508592.0
6631.076252674051,509902.0
6631.25623136772,510995.0
6631.43621006139,511180.0
6631.61618875506,504984.0
6631.796167448729,506015.0
6631.976146142399,504619.0
6632.156124836069,504132.0
6632.336103529738,507486.0
6632.5160822234075,500743.0
6632.696060917077,501381.0
6632.876039610746,503036.0
6633.056018304416,503206.0
6633.235996998086,505676.0
6633.415975691755,502183.0
6633.595954385425,502233.0
6633.775933079094,497293.0
6633.955911772764,498133.0
6634.135890466434,500144.0
6634.315869160103,498167.0
6634.495847853773,499077.0
6634.675826547443,500108.0
6634.855805241112,502153.0
6635.035783934782,501906.0
6635.215762628452,499589.0
6635.395741322121,493632.0
6635.5757200157905,489631.0
6635.7556987094595,489735.0
6635.935677403129,500464.0
6636.115656096799,501311.0
6636.295634790468,494136.0
6636.475613484138,497318.0
6636.655592177808,491840.0
6636.835570871477,489568.0
6637.015549565147,490051.0
6637.195528258817,490578.0
6637.375506952486,489629.0
6637.555485646156,489188.0
6637.735464339825,491959.0
6637.915443033495,494773.0
6638.095421727165,493778.0
6638.275400420834,491157.0
6638.455379114504,488338.0
6638.6353578081735,485507.0
6638.8153365018425,487300.0
6638.995315195512,487306.0
6639.175293889182,482600.0
6639.355272582851,483594.0
6639.535251276521,486929.0
6639.71522997019,486210.0
6639.89520866386,484511.0
6640.07518735753,481241.0
6640.255166051199,478804.0
6640.435144744869,474870.0
6640.615123438539,480410.0
6640.795102132208,478771.0
6640.975080825878,479322.0
6641.155059519548,477286.0
6641.335038213217,471084.0
6641.515016906887,474935.0
6641.694995600556,478525.0
6641.8749742942255,475856.0
6642.054952987895,474882.0
6642.234931681564,473902.0
6642.414910375234,473611.0
6642.594889068904,476433.0
6642.774867762573,477130.0
6642.954846456243,475263.0
6643.134825149913,472450.0
6643.314803843582,469677.0
6643.494782537252,469679.0
6643.674761230921,470095.0
6643.854739924591,469629.0
6644.034718618261,466539.0
6644.21469731193,466314.0
6644.3946760056,467847.0
6644.57465469927,465251.0
6644.754633392939,462615.0
6644.9346120866085,466527.0
6645.114590780278,471875.0
6645.294569473947,468371.0
6645.474548167617,463534.0
6645.654526861287,460656.0
6645.834505554956,459986.0
6646.014484248626,459099.0
6646.194462942295,462856.0
6646.374441635965,463852.0
6646.554420329635,460504.0
6646.734399023304,458410.0
6646.914377716974,458791.0
6647.094356410644,459529.0
6647.274335104313,456609.0
6647.454313797983,456231.0
6647.634292491653,458984.0
6647.814271185322,457119.0
6647.9942498789915,455390.0
6648.1742285726605,453857.0
6648.35420726633,453809.0
6648.53418596,452913.0
6648.714164653669,452529.0
6648.894143347339,452552.0
6649.074122041009,450362.0
6649.254100734678,450340.0
6649.434079428348,444276.0
6649.614058122018,445221.0
6649.794036815687,450760.0
6649.974015509357,449907.0
6650.153994203026,449642.0
6650.333972896696,446674.0
6650.513951590366,444833.0
6650.693930284035,445151.0
6650.873908977705,444828.0
6651.0538876713745,445222.0
6651.2338663650435,444203.0
6651.413845058713,440478.0
6651.593823752383,443554.0
6651.773802446052,446400.0
6651.953781139722,443655.0
6652.133759833391,437689.0
6652.313738527061,440047.0
6652.493717220731,435763.0
6652.6736959144,436832.0
6652.85367460807,438455.0
6653.03365330174,434986.0
6653.213631995409,434536.0
6653.393610689079,437885.0
6653.573589382749,432665.0
6653.753568076418,433244.0
6653.933546770088,432857.0
6654.1135254637575,432379.0
6654.2935041574265,431669.0
6654.473482851096,435715.0
6654.653461544765,438460.0
6654.833440238435,433408.0
6655.013418932105,430998.0
6655.193397625774,429558.0
6655.373376319444,427372.0
6655.553355013114,425135.0
6655.733333706783,428602.0
6655.913312400453,429414.0
6656.093291094123,424505.0
6656.273269787792,422292.0
6656.453248481462,426517.0
6656.633227175131,423272.0
6656.813205868801,422849.0
6656.993184562471,423360.0
6657.17316325614,419205.0
6657.3531419498095,420183.0
6657.533120643479,419660.0
6657.713099337148,423867.0
6657.893078030818,415857.0
6658.073056724488,412976.0
6658.253035418157,415483.0
6658.433014111827,414472.0
6658.612992805496,412570.0
6658.792971499166,413845.0
6658.972950192836,415144.0
6659.152928886505,412621.0
6659.332907580175,411586.0
6659.512886273845,410146.0
6659.692864967514,413826.0
6659.872843661184,413280.0
6660.052822354854,405596.0
6660.232801048523,407217.0
6660.4127797421925,406635.0
6660.5927584358615,399800.0
6660.772737129531,400896.0
6660.952715823201,404246.0
6661.13269451687,405511.0
6661.31267321054,403591.0
6661.49265190421,404678.0
6661.672630597879,404955.0
6661.852609291549,405348.0
6662.032587985219,401241.0
6662.212566678888,400228.0
6662.392545372558,396682.0
6662.572524066227,394419.0
6662.752502759897,397784.0
6662.932481453567,395829.0
6663.112460147236,392755.0
6663.292438840906,393711.0
6663.4724175345755,394316.0
6663.6523962282445,392011.0
6663.832374921914,389523.0
6664.012353615584,391215.0
6664.192332309253,392651.0
6664.372311002923,391335.0
6664.552289696592,388260.0
6664.732268390262,385925.0
6664.912247083932,385336.0
6665.092225777601,388045.0
6665.272204471271,388885.0
6665.452183164941,386797.0
6665.63216185861,381697.0
6665.81214055228,384944.0
6665.99211924595,383333.0
6666.172097939619,381126.0
6666.352076633289,378329.0
6666.5320553269585,376701.0
6666.7120340206275,377689.0
6666.892012714297,379066.0
6667.071991407966,374838.0
6667.251970101636,375439.0
6667.431948795306,375894.0
6667.611927488975,371472.0
6667.791906182645,370589.0
6667.971884876315,374736.0
6668.151863569984,374938.0
6668.331842263654,372747.0
6668.511820957324,369599.0
6668.691799650993,367509.0
6668.871778344663,368405.0
6669.051757038332,365880.0
6669.231735732002,366480.0
6669.411714425672,363905.0
6669.591693119341,365024.0
6669.7716718130105,363505.0
6669.95165050668,361040.0
6670.131629200349,362708.0
6670.311607894019,365290.0
6670.491586587689,362962.0
6670.671565281358,358548.0
6670.851543975028,358207.0
6671.031522668697,355544.0
6671.211501362367,355029.0
6671.391480056037,357191.0
6671.571458749706,354162.0
6671.751437443376,352309.0
6671.931416137046,349752.0
6672.111394830715,354698.0
6672.291373524385,353571.0
6672.471352218055,352078.0
6672.651330911724,347417.0
6672.8313096053935,347884.0
6673.011288299063,353504.0
6673.191266992732,348435.0
6673.371245686402,344823.0
6673.551224380071,346128.0
6673.731203073741,347273.0
6673.911181767411,344936.0
6674.09116046108,340807.0
6674.27113915475,343927.0
6674.45111784842,343870.0
6674.631096542089,341770.0
6674.811075235759,339891.0
6674.991053929429,338607.0
6675.171032623098,334438.0
6675.351011316768,334819.0
6675.530990010437,332905.0
6675.710968704107,333838.0
6675.8909473977765,335815.0
6676.0709260914455,332254.0
6676.250904785115,330259.0
6676.430883478785,327384.0
6676.610862172454,326241.0
6676.790840866124,325482.0
6676.970819559794,321287.0
6677.150798253463,326434.0
6677.330776947133,327997.0
6677.510755640802,323090.0
6677.690734334472,324767.0
6677.870713028142,325463.0
6678.050691721811,319242.0
6678.230670415481,318464.0
6678.410649109151,316359.0
6678.59062780282,319856.0
6678.77060649649,318634.0
6678.9505851901595,314228.0
6679.1305638838285,317475.0
6679.310542577498,315182.0
6679.490521271167,316904.0
6679.670499964837,317244.0
6679.850478658507,310430.0
6680.030457352176,309403.0
6680.210436045846,312706.0
6680.390414739516,315074.0
6680.570393433185,313037.0
6680.750372126855,309828.0
6680.930350820525,309938.0
6681.110329514194,308205.0
6681.290308207864,307422.0
6681.470286901533,306775.0
6681.650265595203,306664.0
6681.830244288873,307072.0
6682.010222982542,305271.0
6682.1902016762115,306469.0
6682.370180369881,303579.0
6682.55015906355,302200.0
6682.73013775722,302020.0
6682.91011645089,301408.0
6683.090095144559,303232.0
6683.270073838229,303306.0
6683.450052531898,300287.0
6683.630031225568,298925.0
6683.810009919238,297988.0
6683.989988612907,295493.0
6684.169967306577,294646.0
6684.349946000247,295683.0
6684.529924693916,294008.0
6684.709903387586,290443.0
6684.889882081256,291842.0
6685.069860774925,291303.0
6685.2498394685945,292763.0
6685.4298181622635,292458.0
6685.609796855933,290041.0
6685.789775549603,285005.0
6685.969754243272,284891.0
6686.149732936942,285879.0
6686.329711630612,286284.0
6686.509690324281,285412.0
6686.689669017951,284325.0
6686.869647711621,282199.0
6687.04962640529,281284.0
6687.22960509896,280423.0
6687.40958379263,280946.0
6687.589562486299,280503.0
6687.769541179969,278579.0
6687.949519873638,275024.0
6688.129498567308,273842.0
6688.3094772609775,277691.0
6688.4894559546465,276807.0
6688.669434648316,273333.0
6688.849413341986,270644.0
6689.029392035655,272079.0
6689.209370729325,270420.0
6689.389349422995,270000.0
6689.569328116664,267480.0
6689.749306810334,267144.0
6689.929285504003,267612.0
6690.109264197673,266277.0
6690.289242891343,263686.0
6690.469221585012,265228.0
6690.649200278682,261897.0
6690.829178972352,260287.0
6691.009157666021,261988.0
6691.189136359691,263382.0
6691.3691150533605,263705.0
6691.5490937470295,261149.0
6691.729072440699,256458.0
6691.909051134368,253498.0
6692.089029828038,253784.0
6692.269008521708,257197.0
6692.448987215377,257440.0
6692.628965909047,252661.0
6692.808944602717,252004.0
6692.988923296386,250998.0
6693.168901990056,251033.0
6693.348880683726,249309.0
6693.528859377395,247012.0
6693.708838071065,248082.0
6693.888816764735,249638.0
6694.068795458404,249284.0
6694.248774152074,246942.0
6694.428752845743,245380.0
6694.6087315394125,244494.0
6694.788710233082,244742.0
6694.968688926751,243729.0
6695.148667620421,242665.0
6695.328646314091,240230.0
6695.50862500776,238608.0
6695.68860370143,238966.0
6695.8685823951,239377.0
6696.048561088769,236425.0
6696.228539782439,234741.0
6696.408518476108,236348.0
6696.588497169778,236700.0
6696.768475863448,232742.0
6696.948454557117,230345.0
6697.128433250787,229352.0
6697.308411944457,228170.0
6697.488390638126,229243.0
6697.6683693317955,230196.0
6697.848348025465,228462.0
6698.028326719134,225441.0
6698.208305412804,224717.0
6698.388284106473,226039.0
6698.568262800143,225134.0
6698.748241493813,225013.0
6698.928220187482,224516.0
6699.108198881152,221209.0
6699.288177574822,218163.0
6699.468156268491,216342.0
6699.648134962161,215227.0
6699.828113655831,214874.0
6700.0080923495,214429.0
6700.18807104317,213228.0
6700.368049736839,214315.0
6700.548028430509,213543.0
6700.7280071241785,213952.0
6700.9079858178475,213403.0
6701.087964511517,210563.0
6701.267943205187,208289.0
6701.447921898856,207914.0
6701.627900592526,209488.0
6701.807879286196,209750.0
6701.987857979865,206786.0
6702.167836673535,205586.0
6702.347815367204,204880.0
6702.527794060874,205030.0
6702.707772754544,203636.0
6702.887751448213,204395.0
6703.067730141883,201690.0
6703.247708835553,198542.0
6703.427687529222,196866.0
6703.607666222892,197005.0
6703.7876449165615,196423.0
6703.9676236102305,196570.0
6704.1476023039,195299.0
6704.327580997569,192302.0
6704.507559691239,193368.0
6704.687538384909,192346.0
6704.867517078578,192789.0
6705.047495772248,191791.0
6705.227474465918,188953.0
6705.407453159587,188166.0
6705.587431853257,190214.0
6705.767410546927,189058.0
6705.947389240596,188255.0
6706.127367934266,185809.0
6706.307346627935,183739.0
6706.487325321605,185992.0
6706.667304015275,183967.0
6706.847282708944,180079.0
6707.0272614026135,178947.0
6707.207240096283,182105.0
6707.387218789952,181446.0
6707.567197483622,177349.0
6707.747176177292,175897.0
6707.927154870961,174525.0
6708.107133564631,173716.0
6708.287112258301,174549.0
6708.46709095197,175098.0
6708.64706964564,175544.0
6708.827048339309,173096.0
6709.007027032979,172734.0
6709.187005726649,170868.0
6709.366984420318,170542.0
6709.546963113988,169817.0
6709.726941807658,168212.0
6709.906920501327,166458.0
6710.0868991949965,165674.0
6710.266877888666,167093.0
6710.446856582335,164414.0
6710.626835276005,163077.0
6710.806813969674,163890.0
6710.986792663344,160588.0
6711.166771357014,158991.0
6711.346750050683,158726.0
6711.526728744353,158959.0
6711.706707438023,158643.0
6711.886686131692,160015.0
6712.066664825362,158849.0
6712.246643519032,157098.0
6712.426622212701,155780.0
6712.606600906371,156294.0
6712.78657960004,155466.0
6712.96655829371,154664.0
6713.1465369873795,151841.0
6713.3265156810485,149757.0
6713.506494374718,149413.0
6713.686473068388,148869.0
6713.866451762057,146861.0
6714.046430455727,147270.0
6714.226409149397,146231.0
6714.406387843066,145309.0
6714.586366536736,145248.0
6714.766345230406,145459.0
6714.946323924075,143520.0
6715.126302617745,142451.0
6715.306281311414,142474.0
6715.486260005084,141324.0
6715.666238698754,140807.0
6715.846217392423,139175.0
6716.026196086093,139341.0
6716.2061747797625,138424.0
6716.3861534734315,136160.0
6716.566132167101,135694.0
6716.746110860771,136334.0
6716.92608955444,133627.0
6717.10606824811,134417.0
6717.286046941779,133777.0
6717.466025635449,132205.0
6717.646004329119,132037.0
6717.825983022788,132319.0
6718.005961716458,129735.0
6718.185940410128,129723.0
6718.365919103797,130663.0
6718.545897797467,127624.0
6718.725876491137,126500.0
6718.905855184806,125758.0
6719.085833878476,126319.0
6719.265812572145,122978.0
6719.4457912658145,125493.0
6719.625769959484,125538.0
6719.805748653153,122103.0
6719.985727346823,120946.0
6720.165706040493,122049.0
6720.345684734162,121154.0
6720.525663427832,118768.0
6720.705642121502,118644.0
6720.885620815171,120373.0
6721.065599508841,119195.0
6721.24557820251,118150.0
6721.42555689618,115879.0
6721.60553558985,114764.0
6721.785514283519,113317.0
6721.965492977189,113079.0
6722.145471670859,113982.0
6722.325450364528,113426.0
6722.5054290581975,111434.0
6722.685407751867,109608.0
6722.865386445536,110919.0
6723.045365139206,112274.0
6723.225343832875,110682.0
6723.405322526545,110064.0
6723.585301220215,107354.0
6723.765279913884,105361.0
6723.945258607554,105219.0
6724.125237301224,104235.0
6724.305215994893,103688.0
6724.485194688563,103476.0
6724.665173382233,103661.0
6724.845152075902,102527.0
6725.025130769572,102676.0
6725.205109463241,102616.0
6725.385088156911,101083.0
6725.5650668505805,99603.8
6725.7450455442495,99949.6
6725.925024237919,98584.8
6726.105002931589,97048.5
6726.284981625258,96754.9
6726.464960318928,98183.2
6726.644939012598,96722.2
6726.824917706267,95231.4
6727.004896399937,94974.4
6727.184875093607,94343.9
6727.364853787276,93258.3
6727.544832480946,92920.0
6727.724811174615,93425.0
6727.904789868285,91449.9
6728.084768561955,92474.3
6728.264747255624,88134.4
6728.444725949294,88577.9
6728.6247046429635,87707.0
6728.8046833366325,88463.6
6728.984662030302,88458.8
6729.164640723972,88088.5
6729.344619417641,87643.8
6729.524598111311,86082.1
6729.70457680498,85371.2
6729.88455549865,85482.1
6730.06453419232,86138.4
6730.244512885989,85159.3
6730.424491579659,83631.1
6730.604470273329,82938.7
6730.784448966998,82140.2
6730.964427660668,82143.8
6731.144406354338,80360.9
6731.324385048007,80564.0
6731.504363741677,79717.2
6731.684342435346,79060.8
6731.8643211290155,79450.6
6732.044299822685,78326.9
6732.224278516354,76617.1
6732.404257210024,76094.3
6732.584235903694,76254.7
6732.764214597363,74969.5
6732.944193291033,69654.1
