6486.1399280559,292909.0
6486.319935146999,297667.0
6486.499942238099,298459.0
6486.679949329198,294165.0
6486.859956420298,296919.0
6487.039963511397,303551.0
6487.219970602496,307331.0
6487.399977693595,311069.0
6487.579984784695,311960.0
6487.759991875794,308387.0
6487.939998966894,307139.0
6488.120006057993,310557.0
6488.300013149093,318506.0
6488.480020240192,320344.0
6488.6600273312915,319741.0
6488.840034422391,319957.0
6489.02004151349,316990.0
6489.200048604589,321219.0
6489.3800556956885,331177.0
6489.560062786788,332396.0
6489.740069877887,329786.0
6489.920076968987,334990.0
6490.100084060086,340012.0
6490.280091151186,339060.0
6490.460098242285,334396.0
6490.640105333385,329631.0
6490.820112424483,330679.0
6491.000119515583,336324.0
6491.180126606682,348501.0
6491.360133697782,353517.0
6491.540140788881,354474.0
6491.720147879981,358604.0
6491.90015497108,363110.0
6492.08016206218,364363.0
6492.260169153279,363833.0
6492.440176244379,361371.0
6492.620183335477,356818.0
6492.800190426577,355556.0
6492.980197517676,356196.0
6493.1602046087755,359737.0
6493.340211699875,366443.0
6493.5202187909745,371956.0
6493.700225882074,373909.0
6493.880232973173,378045.0
6494.060240064273,383656.0
6494.240247155372,378247.0
6494.420254246471,374827.0
6494.60026133757,376863.0
6494.78026842867,381776.0
6494.960275519769,388561.0
6495.140282610869,388902.0
6495.320289701968,386333.0
6495.500296793068,387087.0
6495.680303884167,382659.0
6495.860310975267,382757.0
6496.040318066366,392507.0
6496.220325157466,402915.0
6496.400332248564,406527.0
6496.580339339664,409899.0
6496.760346430763,409106.0
6496.940353521863,408607.0
6497.120360612962,414943.0
6497.3003677040615,415067.0
6497.480374795161,408208.0
6497.66038188626,411255.0
6497.84038897736,418947.0
6498.020396068459,422758.0
6498.200403159558,423674.0
6498.380410250657,423945.0
6498.560417341757,422760.0
6498.740424432856,423175.0
6498.920431523956,431160.0
6499.100438615055,441225.0
6499.280445706155,441557.0
6499.460452797254,440052.0
6499.640459888354,446026.0
6499.820466979453,448018.0
6500.000474070552,444483.0
6500.180481161651,447154.0
6500.360488252751,448801.0
6500.54049534385,448132.0
6500.72050243495,457382.0
6500.900509526049,457593.0
6501.0805166171485,457202.0
6501.260523708248,463564.0
6501.4405307993475,463716.0
6501.620537890447,464633.0
6501.8005449815455,465773.0
6501.980552072645,468628.0
6502.160559163744,475124.0
6502.340566254844,478539.0
6502.520573345943,477822.0
6502.700580437043,472869.0
6502.880587528142,478622.0
6503.060594619242,482684.0
6503.240601710341,484314.0
6503.420608801441,486296.0
6503.600615892539,486482.0
6503.780622983639,490266.0
6503.960630074738,494249.0
6504.140637165838,489986.0
6504.320644256937,489956.0
6504.500651348037,495584.0
6504.680658439136,503700.0
6504.860665530236,512639.0
6505.040672621335,512254.0
6505.2206797124345,507686.0
6505.400686803534,507675.0
6505.5806938946325,513182.0
6505.760700985732,521253.0
6505.9407080768315,526299.0
6506.120715167931,523301.0
6506.30072225903,518760.0
6506.48072935013,524493.0
6506.660736441229,531528.0
6506.840743532329,532375.0
6507.020750623428,534348.0
6507.200757714528,539348.0
6507.380764805626,540494.0
6507.560771896726,538147.0
6507.740778987825,536509.0
6507.920786078925,536305.0
6508.100793170024,545415.0
6508.280800261124,550562.0
6508.460807352223,542371.0
6508.640814443323,537379.0
6508.820821534422,543698.0
6509.0008286255215,555298.0
6509.18083571662,561555.0
6509.36084280772,563142.0
6509.540849898819,567375.0
6509.7208569899185,567849.0
6509.900864081018,568524.0
6510.080871172117,571021.0
6510.260878263217,575846.0
6510.440885354316,576298.0
6510.620892445416,576993.0
6510.800899536515,577779.0
6510.980906627614,580656.0
6511.160913718713,587951.0
6511.340920809813,592120.0
6511.520927900912,593435.0
6511.700934992012,599090.0
6511.880942083111,600692.0
6512.060949174211,597713.0
6512.24095626531,603346.0
6512.42096335641,603483.0
6512.600970447509,603778.0
6512.780977538609,617015.0
6512.960984629707,627675.0
6513.140991720807,624100.0
6513.320998811906,624902.0
6513.5010059030055,633854.0
6513.681012994105,634938.0
6513.8610200852045,636562.0
6514.041027176304,633352.0
6514.221034267403,631300.0
6514.401041358503,627149.0
6514.581048449602,614240.0
6514.761055540701,610921.0
6514.9410626318,627081.0
6515.1210697229,641156.0
6515.301076813999,643578.0
6515.481083905099,646321.0
6515.661090996198,646953.0
6515.841098087298,642734.0
6516.021105178397,646957.0
6516.201112269497,640682.0
6516.381119360596,624613.0
6516.561126451695,612226.0
6516.741133542794,616388.0
6516.921140633894,634978.0
6517.101147724993,651500.0
6517.281154816093,666751.0
6517.461161907192,674442.0
6517.6411689982915,676494.0
6517.821176089391,670647.0
6518.00118318049,675605.0
6518.18119027159,679617.0
6518.3611973626885,683344.0
6518.541204453788,686113.0
6518.721211544887,686041.0
6518.901218635987,696041.0
6519.081225727086,704733.0
6519.261232818186,691500.0
6519.441239909285,687062.0
6519.621247000385,697608.0
6519.801254091484,714654.0
6519.981261182584,713131.0
6520.161268273682,715555.0
6520.341275364782,724006.0
6520.521282455881,724355.0
6520.701289546981,724103.0
6520.88129663808,732048.0
6521.06130372918,736492.0
6521.241310820279,731043.0
6521.4213179113785,737393.0
6521.601325002478,747457.0
6521.7813320935775,737146.0
6521.961339184677,733568.0
6522.1413462757755,733349.0
6522.321353366875,731900.0
6522.501360457974,742379.0
6522.681367549074,750320.0
6522.861374640173,744332.0
6523.041381731273,741379.0
6523.221388822372,743383.0
6523.401395913472,754164.0
6523.581403004571,747472.0
6523.761410095671,734651.0
6523.941417186769,741578.0
6524.121424277869,748555.0
6524.301431368968,753181.0
6524.481438460068,761754.0
6524.661445551167,763146.0
6524.841452642267,762921.0
6525.021459733366,771563.0
6525.201466824466,776427.0
6525.381473915565,782240.0
6525.5614810066645,780392.0
6525.741488097763,778538.0
6525.9214951888625,787197.0
6526.101502279962,787284.0
6526.2815093710615,785038.0
6526.461516462161,792624.0
6526.64152355326,799126.0
6526.82153064436,797400.0
6527.001537735459,796811.0
6527.181544826559,795723.0
6527.361551917658,792594.0
6527.541559008757,803019.0
6527.721566099856,808883.0
6527.901573190956,818415.0
6528.081580282055,815465.0
6528.261587373155,813275.0
6528.441594464254,810118.0
6528.621601555354,815384.0
6528.801608646453,825454.0
6528.981615737553,831916.0
6529.161622828652,829784.0
6529.341629919751,822016.0
6529.52163701085,831207.0
6529.70164410195,834653.0
6529.881651193049,840491.0
6530.0616582841485,841445.0
6530.241665375248,839317.0
6530.421672466347,838725.0
6530.601679557447,839411.0
6530.781686648546,847546.0
6530.961693739646,849709.0
6531.141700830745,848478.0
6531.321707921844,858531.0
6531.501715012943,864689.0
6531.681722104043,861645.0
6531.861729195142,856376.0
6532.041736286242,859412.0
6532.221743377341,854109.0
6532.401750468441,850524.0
6532.58175755954,865045.0
6532.76176465064,868310.0
6532.941771741739,866191.0
6533.121778832838,876596.0
6533.301785923937,887046.0
6533.481793015037,884868.0
6533.661800106136,878660.0
6533.8418071972355,873714.0
6534.021814288335,865357.0
6534.2018213794345,872659.0
6534.381828470534,888486.0
6534.561835561633,900579.0
6534.741842652733,904173.0
6534.921849743831,902616.0
6535.101856834931,902986.0
6535.28186392603,905108.0
6535.46187101713,906682.0
6535.641878108229,906417.0
6535.821885199329,904966.0
6536.001892290428,907300.0
6536.181899381528,912653.0
6536.361906472627,918515.0
6536.541913563727,922136.0
6536.721920654825,923125.0
6536.901927745925,921193.0
6537.081934837024,921980.0
6537.261941928124,928628.0
6537.441949019223,935975.0
6537.621956110323,935085.0
6537.801963201422,928432.0
6537.9819702925215,930525.0
6538.161977383621,939559.0
6538.34198447472,943001.0
6538.521991565819,944214.0
6538.7019986569185,948538.0
6538.882005748018,949731.0
6539.062012839117,941378.0
6539.242019930217,935706.0
6539.422027021316,943280.0
6539.602034112416,944246.0
6539.782041203515,956397.0
6539.962048294615,964478.0
6540.142055385714,953810.0
6540.322062476814,950016.0
6540.502069567912,958430.0
6540.682076659012,963311.0
6540.862083750111,962829.0
6541.042090841211,961327.0
6541.22209793231,964569.0
6541.40210502341,965492.0
6541.582112114509,964727.0
6541.7621192056085,971346.0
6541.942126296708,966604.0
6542.1221333878075,949652.0
6542.302140478906,951648.0
6542.4821475700055,965302.0
6542.662154661105,974514.0
6542.842161752204,987484.0
6543.022168843304,983066.0
6543.202175934403,963122.0
6543.382183025503,975260.0
6543.562190116602,971408.0
6543.742197207702,941579.0
6543.922204298801,932756.0
6544.1022113899,949187.0
6544.282218480999,973182.0
6544.462225572099,979580.0
6544.642232663198,978916.0
6544.822239754298,976690.0
6545.002246845397,983342.0
6545.182253936497,996036.0
6545.362261027596,991624.0
6545.542268118696,981038.0
6545.722275209795,981278.0
6545.902282300894,977779.0
6546.082289391993,980364.0
6546.2622964830925,988409.0
6546.442303574192,992625.0
6546.6223106652915,998126.0
6546.802317756391,994992.0
6546.98232484749,992726.0
6547.16233193859,991399.0
6547.342339029689,987506.0
6547.522346120789,977996.0
6547.702353211887,971929.0
6547.882360302987,975494.0
6548.062367394086,986803.0
6548.242374485186,989620.0
6548.422381576285,971880.0
6548.602388667385,972684.0
6548.782395758484,979860.0
6548.962402849584,980328.0
6549.142409940683,986544.0
6549.322417031783,996990.0
6549.502424122882,998561.0
6549.682431213981,999460.0
6549.86243830508,1.00058e+06
6550.04244539618,1.00058e+06
6550.222452487279,996724.0
6550.4024595783785,995945.0
6550.582466669478,1.00163e+06
6550.762473760577,999571.0
6550.942480851677,992940.0
6551.122487942776,996003.0
6551.302495033876,1.00233e+06
6551.482502124974,996908.0
6551.662509216074,986540.0
6551.842516307173,989339.0
6552.022523398273,990367.0
6552.202530489372,985898.0
6552.382537580472,965364.0
6552.562544671571,951030.0
6552.742551762671,957250.0
6552.92255885377,978696.0
6553.10256594487,989467.0
6553.282573035968,981689.0
6553.462580127068,975750.0
6553.642587218167,969807.0
6553.822594309267,968025.0
6554.002601400366,980204.0
6554.1826084914655,979136.0
6554.362615582565,985273.0
6554.5426226736645,994961.0
6554.722629764764,989660.0
6554.902636855863,980679.0
6555.082643946962,982464.0
6555.262651038061,974830.0
6555.442658129161,975023.0
6555.62266522026,980683.0
6555.80267231136,980379.0
6555.982679402459,978152.0
6556.162686493559,981723.0
6556.342693584658,987250.0
6556.522700675758,987619.0
6556.702707766857,990042.0
6556.882714857957,982747.0
6557.062721949055,975506.0
6557.242729040155,987739.0
6557.422736131254,1.0038e+06
6557.602743222354,1.02076e+06
6557.782750313453,1.02468e+06
6557.962757404553,1.03804e+06
6558.142764495652,1.05776e+06
6558.3227715867515,1.08316e+06
6558.502778677851,1.10658e+06
6558.68278576895,1.12445e+06
6558.862792860049,1.14814e+06
6559.0427999511485,1.17703e+06
6559.222807042248,1.21817e+06
6559.402814133347,1.2635e+06
6559.582821224447,1.29699e+06
6559.762828315546,1.35061e+06
6559.942835406646,1.40645e+06
6560.122842497745,1.48166e+06
6560.302849588845,1.52757e+06
6560.482856679944,1.579e+06
6560.662863771043,1.66618e+06
6560.842870862142,1.74347e+06
6561.022877953242,1.81236e+06
6561.202885044341,1.88847e+06
6561.382892135441,1.95115e+06
6561.56289922654,2.00279e+06
6561.74290631764,2.04104e+06
6561.922913408739,2.07735e+06
6562.102920499839,2.09413e+06
6562.282927590938,2.09238e+06
6562.462934682037,2.08886e+06
6562.642941773136,2.05286e+06
6562.8229488642355,2.00905e+06
6563.002955955335,1.97036e+06
6563.182963046434,1.92944e+06
6563.362970137534,1.8716e+06
6563.542977228633,1.85744e+06
6563.722984319733,1.87579e+06
6563.902991410832,1.88434e+06
6564.082998501932,1.88947e+06
6564.26300559303,1.92852e+06
6564.44301268413,2.00692e+06
6564.623019775229,2.07758e+06
6564.803026866329,2.11517e+06
6564.983033957428,2.13639e+06
6565.163041048528,2.13657e+06
6565.343048139627,2.11009e+06
6565.523055230727,2.06804e+06
6565.703062321826,2.02471e+06
6565.883069412926,1.97274e+06
6566.063076504024,1.90732e+06
6566.243083595124,1.86531e+06
6566.423090686223,1.80416e+06
6566.603097777323,1.70542e+06
6566.783104868422,1.61646e+06
6566.9631119595215,1.55662e+06
6567.143119050621,1.51842e+06
6567.32312614172,1.46618e+06
6567.50313323282,1.38244e+06
6567.683140323919,1.34165e+06
6567.863147415019,1.30088e+06
6568.043154506117,1.2593e+06
6568.223161597217,1.23352e+06
6568.403168688316,1.21219e+06
6568.583175779416,1.16894e+06
6568.763182870515,1.12395e+06
6568.943189961615,1.12098e+06
6569.123197052714,1.12828e+06
6569.303204143814,1.1153e+06
6569.483211234913,1.10664e+06
6569.663218326013,1.09853e+06
6569.843225417111,1.0847e+06
6570.023232508211,1.06875e+06
6570.20323959931,1.06634e+06
6570.38324669041,1.05841e+06
6570.563253781509,1.05958e+06
6570.7432608726085,1.07529e+06
6570.923267963708,1.06429e+06
6571.103275054807,1.06e+06
6571.283282145907,1.06481e+06
6571.463289237006,1.06545e+06
6571.643296328105,1.07055e+06
6571.823303419204,1.06726e+06
6572.003310510304,1.05363e+06
6572.183317601403,1.04721e+06
6572.363324692503,1.0611e+06
6572.543331783602,1.08094e+06
6572.723338874702,1.09014e+06
6572.903345965801,1.10052e+06
6573.083353056901,1.10391e+06
6573.263360148,1.09263e+06
6573.443367239099,1.09443e+06
6573.623374330198,1.09758e+06
6573.803381421298,1.10517e+06
6573.983388512397,1.12442e+06
6574.163395603497,1.11801e+06
6574.343402694596,1.1157e+06
6574.523409785696,1.10832e+06
6574.703416876795,1.08698e+06
6574.8834239678945,1.08865e+06
6575.063431058994,1.10072e+06
6575.243438150093,1.12534e+06
6575.423445241192,1.14833e+06
6575.603452332291,1.14972e+06
6575.783459423391,1.1403e+06
6575.96346651449,1.13702e+06
6576.14347360559,1.14007e+06
6576.323480696689,1.14731e+06
6576.503487787789,1.15264e+06
6576.683494878888,1.16192e+06
6576.863501969988,1.17146e+06
6577.043509061087,1.16649e+06
6577.223516152186,1.16998e+06
6577.403523243285,1.17511e+06
6577.583530334385,1.17486e+06
6577.763537425484,1.17564e+06
6577.943544516584,1.18256e+06
6578.123551607683,1.17649e+06
6578.303558698783,1.18083e+06
6578.483565789882,1.19579e+06
6578.6635728809815,1.19317e+06
6578.843579972081,1.20041e+06
6579.02358706318,1.19219e+06
6579.203594154279,1.17902e+06
6579.3836012453785,1.19108e+06
6579.563608336478,1.20493e+06
6579.743615427577,1.19993e+06
6579.923622518677,1.21027e+06
6580.103629609776,1.20535e+06
6580.283636700876,1.19744e+06
6580.463643791975,1.20164e+06
6580.643650883075,1.20153e+06
6580.823657974173,1.20413e+06
6581.003665065273,1.2033e+06
6581.183672156372,1.20558e+06
6581.363679247472,1.21301e+06
6581.543686338571,1.21605e+06
6581.723693429671,1.21832e+06
6581.90370052077,1.22328e+06
6582.08370761187,1.21599e+06
6582.263714702969,1.21235e+06
6582.443721794069,1.2263e+06
6582.623728885168,1.23106e+06
6582.803735976267,1.21367e+06
6582.983743067366,1.21658e+06
6583.1637501584655,1.22778e+06
6583.343757249565,1.21984e+06
6583.5237643406645,1.22702e+06
6583.703771431764,1.23729e+06
6583.883778522863,1.24318e+06
6584.063785613963,1.23528e+06
6584.243792705062,1.23127e+06
6584.423799796162,1.23873e+06
6584.60380688726,1.23913e+06
6584.78381397836,1.23876e+06
6584.963821069459,1.23897e+06
6585.143828160559,1.23688e+06
6585.323835251658,1.24399e+06
6585.503842342758,1.24298e+06
6585.683849433857,1.23054e+06
6585.863856524957,1.2382e+06
6586.043863616056,1.25163e+06
6586.223870707156,1.24878e+06
6586.403877798254,1.23821e+06
6586.583884889354,1.22622e+06
6586.763891980453,1.23518e+06
6586.943899071553,1.24805e+06
6587.123906162652,1.25544e+06
6587.3039132537515,1.25717e+06
6587.483920344851,1.25987e+06
6587.66392743595,1.26469e+06
6587.84393452705,1.26101e+06
6588.023941618149,1.26017e+06
6588.203948709248,1.25547e+06
6588.383955800347,1.26597e+06
6588.563962891447,1.26916e+06
6588.743969982546,1.26022e+06
6588.923977073646,1.26796e+06
6589.103984164745,1.27586e+06
6589.283991255845,1.27371e+06
6589.463998346944,1.26658e+06
6589.644005438044,1.26718e+06
6589.824012529143,1.25682e+06
6590.004019620242,1.26348e+06
6590.184026711341,1.27764e+06
6590.364033802441,1.28235e+06
6590.54404089354,1.28255e+06
6590.72404798464,1.28051e+06
6590.904055075739,1.27502e+06
6591.0840621668385,1.26364e+06
6591.264069257938,1.26622e+06
6591.4440763490375,1.27444e+06
6591.624083440137,1.27353e+06
6591.8040905312355,1.28272e+06
6591.984097622335,1.28631e+06
6592.164104713434,1.27093e+06
6592.344111804534,1.27038e+06
6592.524118895633,1.26758e+06
6592.704125986733,1.27884e+06
6592.884133077832,1.28046e+06
6593.064140168932,1.27292e+06
6593.244147260031,1.27128e+06
6593.424154351131,1.28236e+06
6593.60416144223,1.27997e+06
6593.784168533329,1.27713e+06
6593.964175624428,1.27606e+06
6594.144182715528,1.25832e+06
6594.324189806627,1.26627e+06
6594.504196897727,1.2829e+06
6594.684203988826,1.28403e+06
6594.864211079926,1.27395e+06
6595.044218171025,1.27616e+06
6595.2242252621245,1.28776e+06
6595.404232353224,1.27949e+06
6595.5842394443225,1.27387e+06
6595.764246535422,1.28715e+06
6595.9442536265215,1.28821e+06
6596.124260717621,1.28271e+06
6596.30426780872,1.28686e+06
6596.48427489982,1.29948e+06
6596.664281990919,1.29312e+06
6596.844289082019,1.28775e+06
6597.024296173118,1.28898e+06
6597.204303264218,1.275e+06
6597.384310355316,1.27834e+06
6597.564317446416,1.29095e+06
6597.744324537515,1.28658e+06
6597.924331628615,1.28826e+06
6598.104338719714,1.28771e+06
6598.284345810814,1.27735e+06
6598.464352901913,1.28377e+06
6598.644359993013,1.29144e+06
6598.824367084112,1.28067e+06
6599.0043741752115,1.27615e+06
6599.18438126631,1.2737e+06
6599.36438835741,1.26008e+06
6599.544395448509,1.2636e+06
6599.7244025396085,1.28265e+06
6599.904409630708,1.27961e+06
6600.084416721807,1.27898e+06
6600.264423812907,1.2869e+06
6600.444430904006,1.28621e+06
6600.624437995106,1.27524e+06
6600.804445086205,1.27915e+06
6600.984452177305,1.28338e+06
6601.164459268403,1.2787e+06
6601.344466359503,1.28664e+06
6601.524473450602,1.28849e+06
6601.704480541702,1.28947e+06
6601.884487632801,1.27306e+06
6602.064494723901,1.25684e+06
6602.244501815,1.25692e+06
6602.4245089061,1.28128e+06
6602.604515997199,1.28264e+06
6602.784523088299,1.28174e+06
6602.964530179397,1.28284e+06
6603.144537270497,1.27443e+06
6603.324544361596,1.26623e+06
6603.5045514526955,1.27658e+06
6603.684558543795,1.28339e+06
6603.8645656348945,1.28185e+06
6604.044572725994,1.28073e+06
6604.224579817093,1.27131e+06
6604.404586908193,1.26906e+06
6604.584593999292,1.26943e+06
6604.764601090391,1.26309e+06
6604.94460818149,1.26845e+06
6605.12461527259,1.28314e+06
6605.304622363689,1.27197e+06
6605.484629454789,1.25937e+06
6605.664636545888,1.26515e+06
6605.844643636988,1.28132e+06
6606.024650728087,1.28044e+06
6606.204657819187,1.26961e+06
6606.384664910286,1.26921e+06
6606.564672001385,1.26655e+06
6606.744679092484,1.27302e+06
6606.924686183584,1.28376e+06
6607.104693274683,1.27449e+06
6607.284700365783,1.26357e+06
6607.464707456882,1.26647e+06
6607.6447145479815,1.27462e+06
6607.824721639081,1.27727e+06
6608.00472873018,1.26806e+06
6608.18473582128,1.2719e+06
6608.3647429123785,1.28272e+06
6608.544750003478,1.27387e+06
6608.724757094577,1.25908e+06
6608.904764185677,1.26374e+06
6609.084771276776,1.27081e+06
6609.264778367876,1.2694e+06
6609.444785458975,1.26652e+06
6609.624792550075,1.25722e+06
6609.804799641174,1.27157e+06
6609.984806732274,1.27257e+06
6610.164813823372,1.25695e+06
6610.344820914472,1.26779e+06
6610.524828005571,1.25853e+06
6610.704835096671,1.25334e+06
6610.88484218777,1.26662e+06
6611.06484927887,1.26773e+06
6611.244856369969,1.26054e+06
6611.4248634610685,1.27068e+06
6611.604870552168,1.27463e+06
6611.7848776432675,1.2628e+06
6611.964884734367,1.24662e+06
6612.1448918254655,1.24424e+06
6612.324898916565,1.25838e+06
6612.504906007664,1.25406e+06
6612.684913098764,1.2434e+06
6612.864920189863,1.24529e+06
6613.044927280963,1.25377e+06
6613.224934372062,1.25775e+06
6613.404941463162,1.25689e+06
6613.584948554261,1.2471e+06
6613.764955645361,1.24276e+06
6613.944962736459,1.249e+06
6614.124969827559,1.26514e+06
6614.304976918658,1.26116e+06
6614.484984009758,1.25167e+06
6614.664991100857,1.24609e+06
6614.844998191957,1.24929e+06
6615.025005283056,1.24663e+06
6615.205012374156,1.23416e+06
6615.385019465255,1.23672e+06
6615.5650265563545,1.24515e+06
6615.745033647453,1.23656e+06
6615.9250407385525,1.23479e+06
6616.105047829652,1.23831e+06
6616.2850549207515,1.23729e+06
6616.465062011851,1.23403e+06
6616.64506910295,1.24066e+06
6616.82507619405,1.23614e+06
6617.005083285149,1.23319e+06
6617.185090376249,1.2264e+06
6617.365097467348,1.24105e+06
6617.545104558447,1.23508e+06
6617.725111649546,1.24174e+06
6617.905118740646,1.23511e+06
6618.085125831745,1.22583e+06
6618.265132922845,1.22979e+06
6618.445140013944,1.23407e+06
6618.625147105044,1.22723e+06
6618.805154196143,1.22512e+06
6618.985161287243,1.22224e+06
6619.165168378342,1.21468e+06
6619.3451754694415,1.21302e+06
6619.52518256054,1.2274e+06
6619.70518965164,1.23953e+06
6619.885196742739,1.21491e+06
6620.0652038338385,1.21877e+06
6620.245210924938,1.2206e+06
6620.425218016037,1.21741e+06
6620.605225107137,1.20902e+06
6620.785232198236,1.21342e+06
6620.965239289336,1.22364e+06
6621.145246380435,1.22631e+06
6621.325253471534,1.21994e+06
6621.505260562633,1.21049e+06
6621.685267653733,1.20761e+06
6621.865274744832,1.21631e+06
6622.045281835932,1.21026e+06
6622.225288927031,1.22339e+06
6622.405296018131,1.20502e+06
6622.58530310923,1.19614e+06
6622.76531020033,1.19771e+06
6622.945317291429,1.20994e+06
6623.125324382528,1.20773e+06
6623.305331473627,1.19828e+06
6623.485338564727,1.20364e+06
6623.665345655826,1.20178e+06
6623.8453527469255,1.19966e+06
6624.025359838025,1.20125e+06
6624.2053669291245,1.19142e+06
6624.385374020224,1.20587e+06
6624.565381111323,1.20686e+06
6624.745388202423,1.19665e+06
6624.925395293521,1.20034e+06
6625.105402384621,1.19502e+06
6625.28540947572,1.1975e+06
6625.46541656682,1.18992e+06
6625.645423657919,1.19214e+06
6625.825430749019,1.20306e+06
6626.005437840118,1.20499e+06
6626.185444931218,1.19185e+06
6626.365452022317,1.19029e+06
6626.545459113417,1.17904e+06
6626.725466204516,1.17815e+06
6626.905473295615,1.18934e+06
6627.085480386714,1.1905e+06
6627.265487477814,1.19461e+06
6627.445494568913,1.19524e+06
6627.625501660013,1.18401e+06
6627.805508751112,1.17518e+06
6627.9855158422115,1.18334e+06
6628.165522933311,1.1763e+06
6628.34553002441,1.17635e+06
6628.525537115509,1.17165e+06
6628.7055442066085,1.17183e+06
6628.885551297708,1.16098e+06
6629.065558388807,1.1699e+06
6629.245565479907,1.17107e+06
6629.425572571006,1.1736e+06
6629.605579662106,1.17309e+06
6629.785586753205,1.17286e+06
6629.965593844305,1.16427e+06
6630.145600935404,1.16077e+06
6630.325608026504,1.15578e+06
6630.505615117602,1.16261e+06
6630.685622208702,1.16533e+06
6630.865629299801,1.17365e+06
6631.045636390901,1.15673e+06
6631.225643482,1.14819e+06
6631.4056505731,1.15079e+06
6631.585657664199,1.1509e+06
6631.7656647552985,1.14463e+06
6631.945671846398,1.14607e+06
6632.1256789374975,1.15299e+06
6632.305686028596,1.15422e+06
6632.4856931196955,1.15305e+06
6632.665700210795,1.15605e+06
6632.845707301894,1.15148e+06
6633.025714392994,1.14408e+06
6633.205721484093,1.14629e+06
6633.385728575193,1.13666e+06
6633.565735666292,1.14385e+06
6633.745742757392,1.15275e+06
6633.925749848491,1.15121e+06
6634.10575693959,1.14807e+06
6634.285764030689,1.14387e+06
6634.465771121789,1.14982e+06
6634.645778212888,1.1405e+06
6634.825785303988,1.12421e+06
6635.005792395087,1.13102e+06
6635.185799486187,1.14148e+06
6635.365806577286,1.142e+06
6635.545813668386,1.13862e+06
6635.725820759485,1.13727e+06
6635.905827850584,1.13157e+06
6636.085834941683,1.12601e+06
6636.2658420327825,1.12848e+06
6636.445849123882,1.12654e+06
6636.6258562149815,1.12505e+06
6636.805863306081,1.12732e+06
6636.98587039718,1.11841e+06
6637.16587748828,1.11864e+06
6637.345884579379,1.11883e+06
6637.525891670479,1.1116e+06
6637.705898761578,1.12932e+06
6637.885905852677,1.11537e+06
6638.065912943776,1.11588e+06
6638.245920034876,1.11981e+06
6638.425927125975,1.12174e+06
6638.605934217075,1.11027e+06
6638.785941308174,1.10864e+06
6638.965948399274,1.11034e+06
6639.145955490373,1.09946e+06
6639.325962581473,1.10088e+06
6639.505969672572,1.09667e+06
6639.685976763671,1.09089e+06
6639.86598385477,1.10938e+06
6640.04599094587,1.11187e+06
6640.225998036969,1.10446e+06
6640.4060051280685,1.09106e+06
6640.586012219168,1.089e+06
6640.766019310267,1.09663e+06
6640.946026401367,1.08676e+06
6641.126033492466,1.08568e+06
6641.306040583566,1.0913e+06
6641.486047674664,1.08485e+06
6641.666054765764,1.08673e+06
6641.846061856863,1.08919e+06
6642.026068947963,1.08694e+06
6642.206076039062,1.08229e+06
6642.386083130162,1.08327e+06
6642.566090221261,1.08322e+06
6642.746097312361,1.07327e+06
6642.92610440346,1.07481e+06
6643.10611149456,1.07494e+06
6643.286118585658,1.07629e+06
6643.466125676758,1.08409e+06
6643.646132767857,1.0785e+06
6643.826139858957,1.06257e+06
6644.006146950056,1.06741e+06
6644.1861540411555,1.06839e+06
6644.366161132255,1.06217e+06
6644.5461682233545,1.06186e+06
6644.726175314454,1.06504e+06
6644.906182405553,1.07026e+06
6645.086189496653,1.07255e+06
6645.266196587751,1.05379e+06
6645.446203678851,1.0577e+06
6645.62621076995,1.05572e+06
6645.80621786105,1.05689e+06
6645.986224952149,1.05876e+06
6646.166232043249,1.05591e+06
6646.346239134348,1.05231e+06
6646.526246225448,1.05324e+06
6646.706253316547,1.05094e+06
6646.886260407647,1.04357e+06
6647.066267498745,1.04931e+06
6647.246274589845,1.05089e+06
6647.426281680944,1.04546e+06
6647.606288772044,1.03666e+06
6647.786295863143,1.04126e+06
6647.966302954243,1.04311e+06
6648.146310045342,1.04209e+06
6648.3263171364415,1.03859e+06
6648.506324227541,1.03354e+06
6648.68633131864,1.02795e+06
6648.866338409739,1.03115e+06
6649.0463455008385,1.02741e+06
6649.226352591938,1.0238e+06
6649.406359683037,1.02684e+06
6649.586366774137,1.02555e+06
6649.766373865236,1.02625e+06
6649.946380956336,1.02432e+06
6650.126388047435,1.02486e+06
6650.306395138535,1.02625e+06
6650.486402229634,1.02387e+06
6650.666409320733,1.01683e+06
6650.846416411832,1.01958e+06
6651.026423502932,1.01956e+06
6651.206430594031,1.0113e+06
6651.386437685131,1.00025e+06
6651.56644477623,1.01264e+06
6651.74645186733,1.0031e+06
6651.926458958429,1.00024e+06
6652.1064660495285,1.00549e+06
6652.286473140628,1.00528e+06
6652.466480231727,994000.0
6652.646487322826,989514.0
6652.8264944139255,996868.0
6653.006501505025,998081.0
6653.186508596124,999218.0
6653.366515687224,1.00071e+06
6653.546522778323,991494.0
6653.726529869423,990181.0
6653.906536960522,990636.0
6654.086544051622,983546.0
6654.26655114272,984594.0
6654.44655823382,993672.0
6654.626565324919,994043.0
6654.806572416019,988488.0
6654.986579507118,983640.0
6655.166586598218,972873.0
6655.346593689317,966809.0
6655.526600780417,965570.0
6655.706607871516,971872.0
6655.886614962616,976740.0
6656.066622053715,973092.0
6656.246629144814,970477.0
6656.426636235913,970003.0
6656.6066433270125,970163.0
6656.786650418112,963872.0
6656.9666575092115,958063.0
6657.146664600311,960409.0
6657.32667169141,952917.0
6657.50667878251,959355.0
6657.686685873609,967001.0
6657.866692964709,959938.0
6658.046700055807,949918.0
6658.226707146907,948679.0
6658.406714238006,946842.0
6658.586721329106,952533.0
6658.766728420205,951666.0
6658.946735511305,948200.0
6659.126742602404,951083.0
6659.306749693504,941348.0
6659.486756784603,938652.0
6659.666763875703,934337.0
6659.846770966801,940603.0
6660.026778057901,941632.0
6660.206785149,925745.0
6660.3867922401,923870.0
6660.566799331199,930126.0
6660.7468064222985,931290.0
6660.926813513398,925420.0
6661.106820604497,930522.0
6661.286827695597,924730.0
6661.466834786696,920261.0
6661.646841877795,923336.0
6661.826848968894,910224.0
6662.006856059994,911200.0
6662.186863151093,911883.0
6662.366870242193,912954.0
6662.546877333292,912578.0
6662.726884424392,912005.0
6662.906891515491,910331.0
6663.086898606591,901092.0
6663.26690569769,896893.0
6663.44691278879,893916.0
6663.626919879888,898750.0
6663.806926970988,894306.0
6663.986934062087,889963.0
6664.166941153187,891575.0
6664.346948244286,891006.0
6664.5269553353855,890418.0
6664.706962426485,884803.0
6664.8869695175845,885895.0
6665.066976608684,889428.0
6665.246983699783,880258.0
6665.426990790882,867897.0
6665.606997881981,876153.0
6665.787004973081,883931.0
6665.96701206418,869857.0
6666.14701915528,859781.0
6666.327026246379,871288.0
6666.507033337479,872848.0
6666.687040428578,866430.0
6666.867047519678,858072.0
6667.047054610777,865439.0
6667.227061701876,866621.0
6667.407068792975,860186.0
6667.587075884075,845561.0
6667.767082975174,848548.0
6667.947090066274,854936.0
6668.127097157373,857591.0
6668.307104248473,861498.0
6668.487111339572,850014.0
6668.6671184306715,842983.0
6668.847125521771,840487.0
6669.0271326128695,842016.0
6669.207139703969,838825.0
6669.3871467950685,833310.0
6669.567153886168,832981.0
6669.747160977267,830392.0
6669.927168068367,835797.0
6670.107175159466,831844.0
6670.287182250566,826932.0
6670.467189341665,824201.0
6670.647196432765,824004.0
6670.827203523864,823456.0
6671.007210614963,815692.0
6671.187217706062,811383.0
6671.367224797162,820977.0
6671.547231888261,818906.0
6671.727238979361,818590.0
6671.90724607046,812912.0
6672.08725316156,808083.0
6672.267260252659,809878.0
6672.4472673437585,805057.0
6672.627274434857,805140.0
6672.807281525957,803716.0
6672.987288617056,795081.0
6673.1672957081555,792641.0
6673.347302799255,797654.0
6673.527309890354,803266.0
6673.707316981454,789015.0
6673.887324072553,779784.0
6674.067331163653,776593.0
6674.247338254752,785006.0
6674.427345345852,785734.0
6674.60735243695,784180.0
6674.78735952805,783539.0
6674.967366619149,780934.0
6675.147373710249,777524.0
6675.327380801348,767304.0
6675.507387892448,770227.0
6675.687394983547,769982.0
6675.867402074647,764562.0
6676.047409165746,754152.0
6676.227416256846,747773.0
6676.407423347944,751443.0
6676.587430439044,757192.0
6676.767437530143,753518.0
6676.9474446212425,750098.0
6677.127451712342,743458.0
6677.3074588034415,742526.0
6677.487465894541,739636.0
6677.66747298564,741457.0
6677.84748007674,737742.0
6678.027487167839,730731.0
6678.207494258938,731909.0
6678.387501350037,733797.0
6678.567508441137,731482.0
6678.747515532236,723321.0
6678.927522623336,720671.0
6679.107529714435,719209.0
6679.287536805535,715580.0
6679.467543896634,716330.0
6679.647550987734,721018.0
6679.827558078833,718204.0
6680.007565169932,710862.0
6680.187572261031,702596.0
6680.367579352131,702950.0
6680.54758644323,710861.0
6680.72759353433,711195.0
6680.907600625429,704927.0
6681.0876077165285,703498.0
6681.267614807628,704321.0
6681.447621898727,707749.0
6681.627628989827,708507.0
6681.807636080926,701060.0
6681.987643172025,692458.0
6682.167650263124,693010.0
6682.347657354224,696772.0
6682.527664445323,694656.0
6682.707671536423,689942.0
6682.887678627522,691846.0
6683.067685718622,685185.0
6683.247692809721,683836.0
6683.427699900821,681258.0
6683.60770699192,679926.0
6683.787714083019,683958.0
6683.967721174118,681502.0
6684.147728265218,678522.0
6684.327735356317,678656.0
6684.507742447417,677333.0
6684.687749538516,668010.0
6684.8677566296155,659807.0
6685.047763720715,668667.0
6685.2277708118145,665682.0
6685.407777902914,662163.0
6685.5877849940125,662539.0
6685.767792085112,664130.0
6685.947799176211,663859.0
6686.127806267311,657176.0
6686.30781335841,648757.0
6686.48782044951,643175.0
6686.667827540609,644865.0
6686.847834631709,644184.0
6687.027841722808,636744.0
6687.207848813908,640376.0
6687.387855905006,640788.0
6687.567862996106,637422.0
6687.747870087205,633605.0
6687.927877178305,635038.0
6688.107884269404,635550.0
6688.287891360504,627682.0
6688.467898451603,618245.0
6688.647905542703,620423.0
6688.827912633802,621018.0
6689.0079197249015,619652.0
6689.187926816001,621342.0
6689.3679339070995,621475.0
6689.547940998199,610701.0
6689.7279480892985,608489.0
6689.907955180398,605535.0
6690.087962271497,606471.0
6690.267969362597,608417.0
6690.447976453696,600176.0
6690.627983544796,596946.0
6690.807990635895,594301.0
6690.987997726995,594989.0
6691.168004818093,588388.0
6691.348011909193,589917.0
6691.528019000292,589946.0
6691.708026091392,592538.0
6691.888033182491,591033.0
6692.068040273591,593349.0
6692.24804736469,591768.0
6692.42805445579,583857.0
6692.608061546889,576846.0
6692.7880686379885,572295.0
6692.968075729087,573340.0
6693.148082820187,572281.0
6693.328089911286,573026.0
6693.5080970023855,571223.0
6693.688104093485,569605.0
6693.868111184584,562197.0
6694.048118275684,562590.0
6694.228125366783,564791.0
6694.408132457883,561436.0
6694.588139548982,556653.0
6694.768146640081,552953.0
6694.94815373118,556438.0
6695.12816082228,550938.0
6695.308167913379,549878.0
6695.488175004479,551821.0
6695.668182095578,546227.0
6695.848189186678,541161.0
6696.028196277777,537851.0
6696.208203368877,537220.0
6696.388210459976,539935.0
6696.568217551075,537398.0
6696.748224642174,537588.0
6696.928231733274,538096.0
6697.108238824373,527391.0
6697.2882459154725,520463.0
6697.468253006572,520972.0
6697.6482600976715,524135.0
6697.828267188771,519275.0
6698.00827427987,513795.0
6698.18828137097,509876.0
6698.368288462068,514961.0
6698.548295553168,516402.0
6698.728302644267,508670.0
6698.908309735367,508614.0
6699.088316826466,507710.0
6699.268323917566,503069.0
6699.448331008665,501194.0
6699.628338099765,501765.0
6699.808345190864,502545.0
6699.988352281964,498836.0
6700.168359373063,491007.0
6700.348366464162,490472.0
6700.528373555261,491405.0
6700.708380646361,488510.0
6700.88838773746,488095.0
6701.06839482856,483899.0
6701.248401919659,477327.0
6701.4284090107585,477666.0
6701.608416101858,477411.0
6701.788423192957,477305.0
6701.968430284057,472399.0
6702.1484373751555,466724.0
6702.328444466255,468228.0
6702.508451557354,470388.0
6702.688458648454,467655.0
6702.868465739553,461148.0
6703.048472830653,460134.0
6703.228479921752,457942.0
6703.408487012852,461509.0
6703.588494103951,459050.0
6703.768501195051,447711.0
6703.948508286149,446678.0
6704.128515377249,448086.0
6704.308522468348,446270.0
6704.488529559448,439661.0
6704.668536650547,437996.0
6704.848543741647,442862.0
6705.028550832746,437198.0
6705.208557923846,432141.0
6705.388565014945,433307.0
6705.5685721060445,427681.0
6705.748579197143,428639.0
6705.9285862882425,426911.0
6706.108593379342,428719.0
6706.288600470441,424342.0
6706.468607561541,424001.0
6706.64861465264,420515.0
6706.82862174374,417853.0
6707.008628834839,412942.0
6707.188635925939,411167.0
6707.368643017038,407422.0
6707.548650108138,404980.0
6707.728657199236,412021.0
6707.908664290336,412910.0
6708.088671381435,412353.0
6708.268678472535,403930.0
6708.448685563634,401618.0
6708.628692654734,396936.0
6708.808699745833,397066.0
6708.988706836933,395177.0
6709.168713928032,395735.0
6709.3487210191315,392160.0
6709.52872811023,388708.0
6709.70873520133,391499.0
6709.888742292429,386228.0
6710.0687493835285,380731.0
6710.248756474628,382045.0
6710.428763565727,379539.0
6710.608770656827,377740.0
6710.788777747926,374546.0
6710.968784839026,369450.0
6711.148791930125,369299.0
6711.328799021224,371424.0
6711.508806112323,371958.0
6711.688813203423,370562.0
6711.868820294522,364778.0
6712.048827385622,358642.0
6712.228834476721,357409.0
6712.408841567821,355888.0
6712.58884865892,356562.0
6712.76885575002,356905.0
6712.948862841119,356142.0
6713.128869932218,348476.0
6713.308877023317,345002.0
6713.488884114417,343505.0
6713.668891205516,343259.0
6713.8488982966155,340630.0
6714.028905387715,341816.0
6714.208912478814,337340.0
6714.388919569914,334565.0
6714.568926661013,332184.0
6714.748933752113,331053.0
6714.928940843212,329687.0
6715.108947934311,322331.0
6715.28895502541,321414.0
6715.46896211651,322208.0
6715.648969207609,320847.0
6715.828976298709,323595.0
6716.008983389808,317201.0
6716.188990480908,315634.0
6716.368997572007,316027.0
6716.549004663107,315072.0
6716.729011754205,311301.0
6716.909018845305,309853.0
6717.089025936404,306722.0
6717.269033027504,308059.0
6717.449040118603,306064.0
6717.629047209703,296546.0
6717.809054300802,298784.0
6717.9890613919015,300909.0
6718.169068483001,299164.0
6718.3490755741,295435.0
6718.5290826652,295985.0
6718.709089756298,296550.0
6718.889096847398,292760.0
6719.069103938497,286872.0
6719.249111029597,285594.0
6719.429118120696,285288.0
6719.609125211796,282412.0
6719.789132302895,281131.0
6719.969139393995,282072.0
6720.149146485094,282783.0
6720.329153576194,278656.0
6720.509160667292,276838.0
6720.689167758392,274008.0
6720.869174849491,271336.0
6721.049181940591,268752.0
6721.22918903169,266179.0
6721.40919612279,267928.0
6721.589203213889,265266.0
6721.7692103049885,264309.0
6721.949217396088,260373.0
6722.1292244871875,258816.0
6722.309231578286,260583.0
6722.4892386693855,260168.0
6722.669245760485,256265.0
6722.849252851584,252807.0
6723.029259942684,252418.0
6723.209267033783,252427.0
6723.389274124883,248874.0
6723.569281215982,245683.0
6723.749288307082,245828.0
6723.929295398181,241986.0
6724.10930248928,241529.0
6724.289309580379,240200.0
6724.469316671479,236723.0
6724.649323762578,234765.0
6724.829330853678,233994.0
6725.009337944777,234306.0
6725.189345035877,232677.0
6725.369352126976,226405.0
6725.549359218076,226610.0
6725.729366309175,227880.0
6725.9093734002745,223507.0
6726.089380491373,218742.0
6726.2693875824725,218789.0
6726.449394673572,218073.0
6726.6294017646715,217751.0
6726.809408855771,218823.0
6726.98941594687,217279.0
6727.16942303797,216025.0
6727.349430129069,214982.0
6727.529437220169,212022.0
6727.709444311268,210420.0
6727.889451402367,207677.0
6728.069458493466,205999.0
6728.249465584566,205023.0
6728.429472675665,203142.0
6728.609479766765,202490.0
6728.789486857864,203228.0
6728.969493948964,200917.0
6729.149501040063,198039.0
6729.329508131163,197399.0
6729.509515222262,196556.0
6729.689522313361,195167.0
6729.86952940446,197674.0
6730.04953649556,194725.0
6730.229543586659,191506.0
6730.4095506777585,189117.0
6730.589557768858,186690.0
6730.769564859957,186656.0
6730.949571951057,186020.0
6731.129579042156,189382.0
6731.309586133256,186871.0
6731.489593224354,185082.0
6731.669600315454,184261.0
6731.849607406553,179366.0
6732.029614497653,174367.0
6732.209621588752,173925.0
6732.389628679852,173145.0
6732.569635770951,170890.0
6732.749642862051,171530.0
6732.92964995315,170344.0
6733.10965704425,168733.0
6733.289664135349,155919.0
