6488.2186131534,67062.2
6488.397995967204,67181.0
6488.5773787810085,66238.2
6488.756761594813,65595.2
6488.936144408617,66734.9
6489.115527222421,68374.1
6489.294910036226,69301.7
6489.47429285003,70097.0
6489.653675663834,70341.3
6489.833058477638,69646.9
6490.012441291442,70602.9
6490.191824105246,71451.9
6490.371206919051,72853.9
6490.550589732855,72656.1
6490.729972546659,71171.2
6490.909355360463,71173.5
6491.088738174268,71277.2
6491.268120988072,73246.7
6491.447503801876,74176.9
6491.626886615681,73938.1
6491.806269429485,75389.7
6491.985652243289,76061.3
6492.1650350570935,75442.5
6492.344417870898,75820.5
6492.523800684702,75841.4
6492.7031834985055,76160.2
6492.88256631231,78313.8
6493.061949126114,78520.1
6493.241331939918,77171.4
6493.420714753723,77685.8
6493.600097567527,79656.9
6493.779480381331,80521.3
6493.958863195136,79907.1
6494.13824600894,79770.4
6494.317628822744,82263.6
6494.497011636548,82009.4
6494.676394450353,82014.4
6494.855777264157,83175.2
6495.035160077961,83459.5
6495.214542891766,83073.4
6495.39392570557,82909.0
6495.573308519374,82962.7
6495.752691333178,83754.2
6495.932074146982,83702.2
6496.111456960786,84335.8
6496.2908397745905,85315.5
6496.470222588395,85300.7
6496.649605402199,86089.5
6496.828988216003,86576.6
6497.008371029808,84787.2
6497.187753843612,85546.9
6497.367136657416,88064.5
6497.546519471221,88206.1
6497.725902285025,88783.6
6497.905285098829,88926.7
6498.084667912633,87681.8
6498.264050726438,86992.5
6498.443433540242,88441.9
6498.622816354045,90357.9
6498.80219916785,90451.3
6498.981581981654,91707.2
6499.160964795458,91715.2
6499.340347609263,91320.2
6499.519730423067,92419.2
6499.699113236871,93246.6
6499.8784960506755,93188.6
6500.05787886448,93908.5
6500.237261678284,94383.5
6500.416644492088,93653.9
6500.596027305893,94517.6
6500.775410119697,94910.5
6500.954792933501,96372.9
6501.134175747306,96253.3
6501.31355856111,95662.7
6501.492941374913,96581.7
6501.6723241887175,97065.1
6501.851707002522,96943.0
6502.031089816326,97137.2
6502.21047263013,100668.0
6502.389855443935,99993.2
6502.569238257739,98431.5
6502.748621071543,98319.8
6502.928003885348,99325.1
6503.107386699152,102631.0
6503.286769512956,105108.0
6503.4661523267605,102553.0
6503.645535140565,101264.0
6503.824917954369,101619.0
6504.004300768173,102414.0
6504.183683581978,104144.0
6504.363066395782,104612.0
6504.542449209585,103133.0
6504.72183202339,104088.0
6504.901214837194,106923.0
6505.080597650998,105169.0
6505.2599804648025,103142.0
6505.439363278607,105929.0
6505.618746092411,105626.0
6505.798128906215,106234.0
6505.97751172002,107422.0
6506.156894533824,109029.0
6506.336277347628,109881.0
6506.515660161433,108669.0
6506.695042975237,109149.0
6506.874425789041,109593.0
6507.0538086028455,108186.0
6507.23319141665,108585.0
6507.412574230453,112815.0
6507.5919570442575,115077.0
6507.771339858062,114108.0
6507.950722671866,113211.0
6508.13010548567,114117.0
6508.309488299475,115518.0
6508.488871113279,114682.0
6508.668253927083,115725.0
6508.8476367408875,117881.0
6509.027019554692,117367.0
6509.206402368496,116879.0
6509.3857851823,116471.0
6509.565167996105,117237.0
6509.744550809909,118327.0
6509.923933623713,118252.0
6510.103316437518,120798.0
6510.282699251322,121956.0
6510.462082065125,121310.0
6510.64146487893,121389.0
6510.820847692734,124905.0
6511.000230506538,124973.0
6511.1796133203425,123645.0
6511.358996134147,125958.0
6511.538378947951,126436.0
6511.717761761755,123930.0
6511.89714457556,126471.0
6512.076527389364,129181.0
6512.255910203168,129078.0
6512.4352930169725,128534.0
6512.614675830777,131055.0
6512.794058644581,133856.0
6512.973441458385,135649.0
6513.15282427219,136376.0
6513.332207085993,137179.0
6513.511589899797,139066.0
6513.690972713602,136671.0
6513.870355527406,136922.0
6514.04973834121,137178.0
6514.229121155015,137338.0
6514.408503968819,138385.0
6514.587886782623,138091.0
6514.7672695964275,136776.0
6514.946652410232,136684.0
6515.126035224036,138716.0
6515.30541803784,141609.0
6515.484800851645,139824.0
6515.664183665449,138106.0
6515.843566479253,140993.0
6516.0229492930575,138579.0
6516.202332106861,138207.0
6516.381714920665,140857.0
6516.5610977344695,141043.0
6516.740480548274,141245.0
6516.919863362078,144196.0
6517.099246175882,146543.0
6517.278628989687,145596.0
6517.458011803491,146694.0
6517.637394617295,148526.0
6517.8167774311,150022.0
6517.996160244904,151554.0
6518.175543058708,152066.0
6518.3549258725125,153157.0
6518.534308686317,154040.0
6518.713691500121,151838.0
6518.893074313925,151551.0
6519.07245712773,155629.0
6519.251839941533,156729.0
6519.431222755337,152765.0
6519.610605569142,150920.0
6519.789988382946,151482.0
6519.96937119675,151534.0
6520.1487540105545,152963.0
6520.328136824359,154222.0
6520.507519638163,153410.0
6520.686902451967,154178.0
6520.866285265772,154887.0
6521.045668079576,157490.0
6521.22505089338,153348.0
6521.404433707185,152400.0
6521.583816520989,154049.0
6521.763199334793,153939.0
6521.9425821485975,152631.0
6522.121964962401,153913.0
6522.301347776205,156848.0
6522.480730590009,156874.0
6522.660113403814,156406.0
6522.839496217618,156594.0
6523.018879031422,157033.0
6523.198261845227,156204.0
6523.377644659031,158194.0
6523.557027472835,159056.0
6523.7364102866395,159287.0
6523.915793100444,158285.0
6524.095175914248,156190.0
6524.274558728052,158698.0
6524.453941541857,163234.0
6524.633324355661,163323.0
6524.812707169465,161015.0
6524.99208998327,165043.0
6525.171472797073,165049.0
6525.350855610877,163765.0
6525.530238424682,164816.0
6525.709621238486,165378.0
6525.88900405229,164330.0
6526.068386866094,164304.0
6526.247769679899,166917.0
6526.427152493703,169759.0
6526.606535307507,169000.0
6526.785918121312,165416.0
6526.965300935116,167535.0
6527.14468374892,170279.0
6527.3240665627245,170395.0
6527.503449376529,172632.0
6527.682832190333,173787.0
6527.862215004137,172702.0
6528.041597817941,174027.0
6528.220980631745,174832.0
6528.400363445549,172083.0
6528.579746259354,170931.0
6528.759129073158,174025.0
6528.938511886962,175934.0
6529.117894700767,177127.0
6529.297277514571,177307.0
6529.476660328375,176708.0
6529.656043142179,179272.0
6529.835425955984,179544.0
6530.014808769788,177779.0
6530.194191583592,180767.0
6530.373574397397,180632.0
6530.552957211201,180816.0
6530.732340025005,182507.0
6530.911722838809,182988.0
6531.091105652613,183350.0
6531.270488466417,183751.0
6531.4498712802215,184434.0
6531.629254094026,185359.0
6531.80863690783,184475.0
6531.988019721634,182572.0
6532.167402535439,183208.0
6532.346785349243,186039.0
6532.526168163047,188774.0
6532.705550976852,189021.0
6532.884933790656,185980.0
6533.06431660446,188487.0
6533.243699418264,190818.0
6533.423082232069,189472.0
6533.602465045873,190761.0
6533.781847859677,193174.0
6533.961230673481,192127.0
6534.140613487285,190283.0
6534.319996301089,189806.0
6534.499379114894,190124.0
6534.678761928698,191606.0
6534.858144742502,194393.0
6535.0375275563065,198608.0
6535.216910370111,197358.0
6535.396293183915,195830.0
6535.575675997719,196288.0
6535.755058811524,197600.0
6535.934441625328,197875.0
6536.113824439132,199295.0
6536.293207252937,201678.0
6536.472590066741,200237.0
6536.651972880545,199768.0
6536.8313556943485,201196.0
6537.010738508153,200908.0
6537.190121321957,202193.0
6537.369504135761,203816.0
6537.548886949566,205929.0
6537.72826976337,204678.0
6537.907652577174,204579.0
6538.087035390979,205720.0
6538.266418204783,206469.0
6538.445801018587,207733.0
6538.6251838323915,207793.0
6538.804566646196,209531.0
6538.98394946,208540.0
6539.163332273804,206487.0
6539.342715087609,208814.0
6539.522097901413,210060.0
6539.701480715217,215567.0
6539.880863529021,216344.0
6540.060246342825,210882.0
6540.239629156629,211035.0
6540.4190119704335,215667.0
6540.598394784238,215589.0
6540.777777598042,213606.0
6540.957160411846,214907.0
6541.136543225651,217780.0
6541.315926039455,219739.0
6541.495308853259,221172.0
6541.674691667064,218361.0
6541.854074480868,219380.0
6542.033457294672,220212.0
6542.2128401084765,217563.0
6542.392222922281,217488.0
6542.571605736085,221913.0
6542.7509885498885,223869.0
6542.930371363693,221589.0
6543.109754177497,220274.0
6543.289136991301,221520.0
6543.468519805106,226735.0
6543.64790261891,224765.0
6543.827285432714,222783.0
6544.0066682465185,223242.0
6544.186051060323,226955.0
6544.365433874127,229473.0
6544.544816687931,232560.0
6544.724199501736,231057.0
6544.90358231554,228254.0
6545.082965129344,229827.0
6545.262347943149,231954.0
6545.441730756953,235677.0
6545.621113570756,238137.0
6545.800496384561,238156.0
6545.979879198365,235344.0
6546.159262012169,231904.0
6546.3386448259735,234266.0
6546.518027639778,235714.0
6546.697410453582,236393.0
6546.876793267386,241365.0
6547.056176081191,243199.0
6547.235558894995,244501.0
6547.414941708799,244980.0
6547.5943245226035,242479.0
6547.773707336408,244648.0
6547.953090150212,246901.0
6548.132472964016,250568.0
6548.311855777821,248214.0
6548.491238591625,246255.0
6548.670621405428,247316.0
6548.850004219233,251755.0
6549.029387033037,253636.0
6549.208769846841,254227.0
6549.388152660646,255269.0
6549.56753547445,257300.0
6549.746918288254,260336.0
6549.9263011020585,261788.0
6550.105683915863,262560.0
6550.285066729667,263699.0
6550.464449543471,262840.0
6550.643832357276,266953.0
6550.82321517108,272179.0
6551.002597984884,274260.0
6551.1819807986885,272368.0
6551.361363612493,274363.0
6551.540746426296,279449.0
6551.7201292401005,280437.0
6551.899512053905,277963.0
6552.078894867709,280612.0
6552.258277681513,284637.0
6552.437660495318,285949.0
6552.617043309122,290597.0
6552.796426122926,295150.0
6552.975808936731,297995.0
6553.155191750535,305848.0
6553.334574564339,307992.0
6553.5139573781435,310592.0
6553.693340191948,313399.0
6553.872723005752,318921.0
6554.052105819556,325244.0
6554.231488633361,334487.0
6554.410871447165,339061.0
6554.590254260968,343716.0
6554.769637074773,351607.0
6554.949019888577,358956.0
6555.128402702381,364963.0
6555.3077855161855,370726.0
6555.48716832999,381770.0
6555.666551143794,394009.0
6555.845933957598,396991.0
6556.025316771403,406778.0
6556.204699585207,423949.0
6556.384082399011,441043.0
6556.563465212816,455306.0
6556.74284802662,471032.0
6556.922230840424,493317.0
6557.1016136542285,513318.0
6557.280996468033,530645.0
6557.460379281836,552111.0
6557.63976209564,577138.0
6557.819144909445,606605.0
6557.998527723249,637289.0
6558.177910537053,667595.0
6558.357293350858,704479.0
6558.536676164662,740910.0
6558.716058978466,794815.0
6558.8954417922705,841303.0
6559.074824606075,882397.0
6559.254207419879,939368.0
6559.433590233683,997061.0
6559.612973047488,1.05107e+06
6559.792355861292,1.11716e+06
6559.971738675096,1.19485e+06
6560.151121488901,1.28412e+06
6560.330504302705,1.35233e+06
6560.509887116508,1.39401e+06
6560.689269930313,1.44093e+06
6560.868652744117,1.48224e+06
6561.048035557921,1.50978e+06
6561.227418371725,1.52717e+06
6561.40680118553,1.53233e+06
6561.586183999334,1.52319e+06
6561.765566813138,1.47428e+06
6561.944949626943,1.36075e+06
6562.124332440747,1.1787e+06
6562.303715254551,939148.0
6562.4830980683555,734090.0
6562.66248088216,648441.0
6562.841863695964,690391.0
6563.021246509768,848978.0
6563.200629323573,1.07185e+06
6563.380012137376,1.27825e+06
6563.55939495118,1.42492e+06
6563.738777764985,1.50701e+06
6563.918160578789,1.54025e+06
6564.097543392593,1.54726e+06
6564.276926206398,1.55543e+06
6564.456309020202,1.55831e+06
6564.635691834006,1.53351e+06
6564.81507464781,1.49426e+06
6564.994457461615,1.42787e+06
6565.173840275419,1.3609e+06
6565.353223089223,1.29656e+06
6565.532605903028,1.2181e+06
6565.711988716832,1.15536e+06
6565.891371530636,1.09835e+06
6566.0707543444405,1.0335e+06
6566.250137158244,965315.0
6566.429519972048,902604.0
6566.6089027858525,855452.0
6566.788285599657,820896.0
6566.967668413461,788747.0
6567.147051227265,748206.0
6567.32643404107,697500.0
6567.505816854874,661242.0
6567.685199668678,638537.0
6567.864582482483,609770.0
6568.043965296287,582837.0
6568.223348110091,560735.0
6568.402730923895,542377.0
6568.5821137377,520414.0
6568.761496551504,501038.0
6568.940879365308,485101.0
6569.120262179113,469026.0
6569.299644992916,453956.0
6569.47902780672,444166.0
6569.658410620525,433523.0
6569.837793434329,418173.0
6570.017176248133,409338.0
6570.1965590619375,406110.0
6570.375941875742,398410.0
6570.555324689546,388639.0
6570.73470750335,378916.0
6570.914090317155,372826.0
6571.093473130959,366658.0
6571.272855944763,363095.0
6571.452238758568,358259.0
6571.631621572372,356066.0
6571.811004386176,354870.0
6571.99038719998,340159.0
6572.169770013784,335528.0
6572.349152827588,332654.0
6572.528535641392,328336.0
6572.707918455197,328438.0
6572.887301269001,325113.0
6573.066684082805,319570.0
6573.24606689661,317477.0
6573.425449710414,315634.0
6573.604832524218,314766.0
6573.7842153380225,316313.0
6573.963598151827,313114.0
6574.142980965631,309400.0
6574.322363779435,306743.0
6574.50174659324,303860.0
6574.681129407044,300583.0
6574.860512220848,300039.0
6575.039895034652,299197.0
6575.219277848456,294937.0
6575.39866066226,295923.0
6575.5780434760645,297182.0
6575.757426289869,297573.0
6575.936809103673,294981.0
6576.116191917477,291944.0
6576.295574731282,289121.0
6576.474957545086,289837.0
6576.65434035889,294108.0
6576.833723172695,292370.0
6577.013105986499,287911.0
6577.192488800303,287809.0
6577.3718716141075,286824.0
6577.551254427912,286152.0
6577.730637241716,285435.0
6577.91002005552,283945.0
6578.089402869324,284911.0
6578.268785683128,284089.0
6578.448168496932,282739.0
6578.627551310737,283008.0
6578.806934124541,282849.0
6578.986316938345,283632.0
6579.1656997521495,281323.0
6579.345082565954,282488.0
6579.524465379758,278753.0
6579.703848193562,278247.0
6579.883231007367,279780.0
6580.062613821171,282170.0
6580.241996634975,277759.0
6580.42137944878,275318.0
6580.600762262584,278369.0
6580.780145076388,278036.0
6580.959527890192,278445.0
6581.138910703996,279161.0
6581.3182935178,279884.0
6581.497676331604,280275.0
6581.677059145409,283607.0
6581.856441959213,281112.0
6582.035824773017,274355.0
6582.215207586822,278389.0
6582.394590400626,277924.0
6582.57397321443,276349.0
6582.7533560282345,275014.0
6582.932738842039,280814.0
6583.112121655843,284945.0
6583.291504469647,283592.0
6583.470887283452,279409.0
6583.650270097256,276960.0
6583.82965291106,277512.0
6584.009035724864,280202.0
6584.188418538668,282818.0
6584.367801352472,281969.0
6584.547184166277,280278.0
6584.726566980081,279095.0
6584.905949793885,282235.0
6585.085332607689,284053.0
6585.264715421494,278885.0
6585.444098235298,276893.0
6585.623481049102,279094.0
6585.802863862907,279662.0
6585.982246676711,277009.0
6586.161629490515,279915.0
6586.3410123043195,278429.0
6586.520395118124,278742.0
6586.699777931928,280757.0
6586.8791607457315,279213.0
6587.058543559536,279260.0
6587.23792637334,279160.0
6587.417309187144,276990.0
6587.596692000949,276187.0
6587.776074814753,278725.0
6587.955457628557,280608.0
6588.134840442362,278463.0
6588.314223256166,276323.0
6588.49360606997,279622.0
6588.672988883774,280072.0
6588.852371697579,277206.0
6589.031754511383,276861.0
6589.211137325187,278464.0
6589.390520138992,277834.0
6589.569902952796,276374.0
6589.7492857666,277181.0
6589.928668580404,277035.0
6590.108051394208,276645.0
6590.287434208012,280131.0
6590.4668170218165,281215.0
6590.646199835621,275960.0
6590.825582649425,271972.0
6591.004965463229,272516.0
6591.184348277034,276613.0
6591.363731090838,277037.0
6591.543113904642,273721.0
6591.722496718447,272808.0
6591.901879532251,273298.0
6592.081262346055,274315.0
6592.260645159859,276580.0
6592.440027973664,276757.0
6592.619410787468,277928.0
6592.798793601271,276250.0
6592.978176415076,270892.0
6593.15755922888,270127.0
6593.336942042684,270000.0
6593.516324856489,273453.0
6593.695707670293,275536.0
6593.875090484097,271608.0
6594.0544732979015,271547.0
6594.233856111706,275276.0
6594.41323892551,274529.0
6594.592621739314,272975.0
6594.772004553119,271615.0
6594.951387366923,270959.0
6595.130770180727,270929.0
6595.310152994532,271490.0
6595.489535808336,273644.0
6595.668918622139,274670.0
6595.8483014359435,273342.0
6596.027684249748,272691.0
6596.207067063552,273046.0
6596.386449877356,271150.0
6596.565832691161,271287.0
6596.745215504965,273911.0
6596.924598318769,271893.0
6597.103981132574,269932.0
6597.283363946378,270219.0
6597.462746760182,274094.0
6597.6421295739865,273669.0
6597.821512387791,269720.0
6598.000895201595,269111.0
6598.180278015399,271008.0
6598.359660829204,268608.0
6598.539043643008,269306.0
6598.718426456811,267953.0
6598.897809270616,270837.0
6599.07719208442,271325.0
6599.256574898224,271211.0
6599.4359577120285,270638.0
6599.615340525833,268571.0
6599.794723339637,268718.0
6599.974106153441,271485.0
6600.153488967246,268666.0
6600.33287178105,266423.0
6600.512254594854,265563.0
6600.691637408659,270812.0
6600.871020222463,271922.0
6601.050403036267,271785.0
6601.2297858500715,270411.0
6601.409168663876,272195.0
6601.588551477679,270106.0
6601.7679342914835,265223.0
6601.947317105288,264512.0
6602.126699919092,267628.0
6602.306082732896,268171.0
6602.485465546701,266353.0
6602.664848360505,269196.0
6602.844231174309,269850.0
6603.0236139881135,267279.0
6603.202996801918,266015.0
6603.382379615722,267549.0
6603.561762429526,269851.0
6603.741145243331,266406.0
6603.920528057135,265683.0
6604.099910870939,266542.0
6604.279293684744,263930.0
6604.458676498548,262655.0
6604.638059312351,267669.0
6604.817442126156,269509.0
6604.99682493996,267153.0
6605.176207753764,266704.0
6605.3555905675685,264671.0
6605.534973381373,263502.0
6605.714356195177,261686.0
6605.893739008981,262477.0
6606.073121822786,265147.0
6606.25250463659,267686.0
6606.431887450394,264809.0
6606.6112702641985,264317.0
6606.790653078003,264929.0
6606.970035891807,264470.0
6607.149418705611,264586.0
6607.328801519416,264588.0
6607.508184333219,262034.0
6607.687567147023,263817.0
6607.866949960828,262519.0
6608.046332774632,258550.0
6608.225715588436,262540.0
6608.405098402241,263718.0
6608.584481216045,266149.0
6608.763864029849,266226.0
6608.9432468436535,264695.0
6609.122629657458,265889.0
6609.302012471262,265032.0
6609.481395285066,261671.0
6609.660778098871,259184.0
6609.840160912675,262812.0
6610.019543726479,265896.0
6610.1989265402835,265579.0
6610.378309354088,260329.0
6610.557692167891,258017.0
6610.7370749816955,258398.0
6610.9164577955,261197.0
6611.095840609304,265314.0
6611.275223423108,264606.0
6611.454606236913,262963.0
6611.633989050717,262028.0
6611.813371864521,258979.0
6611.992754678326,255600.0
6612.17213749213,256263.0
6612.351520305934,258782.0
6612.5309031197385,261800.0
6612.710285933543,262234.0
6612.889668747347,258796.0
6613.069051561151,258510.0
6613.248434374956,258808.0
6613.427817188759,257696.0
6613.607200002563,253960.0
6613.786582816368,250741.0
6613.965965630172,252126.0
6614.145348443976,256458.0
6614.3247312577805,257655.0
6614.504114071585,252145.0
6614.683496885389,253875.0
6614.862879699193,260925.0
6615.042262512998,260214.0
6615.221645326802,258110.0
6615.401028140606,257544.0
6615.580410954411,256665.0
6615.759793768215,256943.0
6615.939176582019,255872.0
6616.1185593958235,256002.0
6616.297942209627,256517.0
6616.477325023431,255404.0
6616.656707837235,256585.0
6616.83609065104,256587.0
6617.015473464844,255441.0
6617.194856278648,252766.0
6617.374239092453,251894.0
6617.553621906257,254892.0
6617.733004720061,254044.0
6617.9123875338655,252222.0
6618.09177034767,254886.0
6618.271153161474,257276.0
6618.450535975278,253481.0
6618.629918789083,251622.0
6618.809301602887,250561.0
6618.988684416691,252583.0
6619.168067230496,253965.0
6619.347450044299,253535.0
6619.526832858103,252953.0
6619.706215671908,253179.0
6619.885598485712,252577.0
6620.064981299516,251290.0
6620.24436411332,249295.0
6620.423746927125,249698.0
6620.603129740929,253842.0
6620.782512554733,253252.0
6620.961895368538,250693.0
6621.141278182342,250641.0
6621.320660996146,250706.0
6621.5000438099505,250384.0
6621.679426623755,250393.0
6621.858809437559,253175.0
6622.038192251363,249683.0
6622.217575065167,250967.0
6622.396957878971,253531.0
6622.576340692775,250124.0
6622.75572350658,246904.0
6622.935106320384,247793.0
6623.114489134188,250245.0
6623.293871947993,250691.0
6623.473254761797,247846.0
6623.652637575601,248512.0
6623.832020389405,248301.0
6624.01140320321,246766.0
6624.190786017014,246520.0
6624.370168830818,247171.0
6624.549551644623,244236.0
6624.728934458427,242831.0
6624.908317272231,247425.0
6625.087700086035,247212.0
6625.267082899839,245713.0
6625.446465713643,250113.0
6625.6258485274475,248770.0
6625.805231341252,244089.0
6625.984614155056,243558.0
6626.16399696886,245543.0
6626.343379782665,245660.0
6626.522762596469,246764.0
6626.702145410273,247341.0
6626.881528224078,244826.0
6627.060911037882,241098.0
6627.240293851686,240263.0
6627.41967666549,242938.0
6627.599059479295,244394.0
6627.778442293099,243466.0
6627.957825106903,239301.0
6628.137207920707,240062.0
6628.316590734511,242779.0
6628.495973548315,241196.0
6628.67535636212,240199.0
6628.854739175924,240286.0
6629.034121989728,241523.0
6629.2135048035325,241489.0
6629.392887617337,238042.0
6629.572270431141,238071.0
6629.751653244945,239373.0
6629.93103605875,240156.0
6630.110418872554,239460.0
6630.289801686358,237500.0
6630.469184500163,238962.0
6630.648567313967,240434.0
6630.827950127771,237767.0
6631.007332941575,238310.0
6631.186715755379,241521.0
6631.366098569183,237208.0
6631.545481382987,236261.0
6631.724864196792,239139.0
6631.904247010596,239853.0
6632.0836298244,241174.0
6632.263012638205,238234.0
6632.442395452009,235863.0
6632.621778265813,233072.0
6632.8011610796175,235481.0
6632.980543893422,235409.0
6633.159926707226,234891.0
6633.33930952103,238518.0
6633.518692334835,235729.0
6633.698075148639,234975.0
6633.877457962442,237306.0
6634.056840776247,233660.0
6634.236223590051,232519.0
6634.415606403855,233518.0
6634.5949892176595,232216.0
6634.774372031464,228851.0
6634.953754845268,232859.0
6635.133137659072,235528.0
6635.312520472877,233455.0
6635.491903286681,234676.0
6635.671286100485,231356.0
6635.85066891429,228346.0
6636.030051728094,231326.0
6636.209434541898,231387.0
6636.3888173557025,229924.0
6636.568200169507,228748.0
6636.747582983311,229622.0
6636.9269657971145,229145.0
6637.106348610919,230808.0
6637.285731424723,228001.0
6637.465114238527,229637.0
6637.644497052332,229764.0
6637.823879866136,228450.0
6638.00326267994,230317.0
6638.1826454937445,229226.0
6638.362028307549,230362.0
6638.541411121353,227693.0
6638.720793935157,226032.0
6638.900176748962,226928.0
6639.079559562766,225759.0
6639.25894237657,224037.0
6639.438325190375,224906.0
6639.617708004179,226874.0
6639.797090817983,225668.0
6639.976473631787,225174.0
6640.155856445591,227354.0
6640.335239259395,226267.0
6640.5146220731995,225269.0
6640.694004887004,225099.0
6640.873387700808,222638.0
6641.052770514612,224945.0
6641.232153328417,224225.0
6641.411536142221,222071.0
6641.590918956025,221665.0
6641.7703017698295,224097.0
6641.949684583634,222782.0
6642.129067397438,221882.0
6642.308450211242,222045.0
6642.487833025047,222960.0
6642.667215838851,220508.0
6642.846598652654,219984.0
6643.025981466459,220279.0
6643.205364280263,220054.0
6643.384747094067,219751.0
6643.564129907872,220303.0
6643.743512721676,219947.0
6643.92289553548,219843.0
6644.1022783492845,219434.0
6644.281661163089,221095.0
6644.461043976893,218719.0
6644.640426790697,218514.0
6644.819809604502,216774.0
6644.999192418306,215187.0
6645.17857523211,217661.0
6645.3579580459145,216608.0
6645.537340859719,216432.0
6645.716723673522,214826.0
6645.8961064873265,214045.0
6646.075489301131,214156.0
6646.254872114935,216227.0
6646.434254928739,217952.0
6646.613637742544,215286.0
6646.793020556348,214350.0
6646.972403370152,216644.0
6647.151786183957,216221.0
6647.331168997761,213702.0
6647.510551811565,212264.0
6647.6899346253695,212276.0
6647.869317439174,210572.0
6648.048700252978,211456.0
6648.228083066782,211927.0
6648.407465880587,211063.0
6648.586848694391,210584.0
6648.766231508194,211724.0
6648.945614321999,210570.0
6649.124997135803,210621.0
6649.304379949607,207428.0
6649.4837627634115,208005.0
6649.663145577216,208881.0
6649.84252839102,211411.0
6650.021911204824,208849.0
6650.201294018629,206927.0
6650.380676832433,209130.0
6650.560059646237,208995.0
6650.739442460042,204347.0
6650.918825273846,204553.0
6651.09820808765,205557.0
6651.2775909014545,207244.0
6651.456973715259,207489.0
6651.636356529062,206323.0
6651.815739342866,205278.0
6651.995122156671,203349.0
6652.174504970475,203518.0
6652.353887784279,204770.0
6652.533270598084,204957.0
6652.712653411888,202919.0
6652.892036225692,202685.0
6653.0714190394965,205168.0
6653.250801853301,200446.0
6653.430184667105,198777.0
6653.609567480909,200483.0
6653.788950294714,201899.0
6653.968333108518,200470.0
6654.147715922322,201276.0
6654.327098736127,199554.0
6654.50648154993,199449.0
6654.685864363734,199102.0
6654.865247177539,200356.0
6655.044629991343,200327.0
6655.224012805147,198464.0
6655.403395618951,198637.0
6655.582778432756,199022.0
6655.76216124656,198656.0
6655.941544060364,198832.0
6656.120926874169,196051.0
6656.300309687973,198154.0
6656.479692501777,199389.0
6656.6590753155815,196306.0
6656.838458129386,195943.0
6657.01784094319,194218.0
6657.197223756994,193984.0
6657.376606570799,195662.0
6657.555989384602,197569.0
6657.735372198406,193694.0
6657.914755012211,193582.0
6658.094137826015,194014.0
6658.273520639819,194556.0
6658.452903453624,193658.0
6658.632286267428,192576.0
6658.811669081232,193057.0
6658.991051895036,191198.0
6659.170434708841,193072.0
6659.349817522645,192033.0
6659.529200336449,192498.0
6659.708583150254,192107.0
6659.887965964058,191293.0
6660.067348777862,192197.0
6660.2467315916665,190405.0
6660.426114405471,186261.0
6660.605497219274,186995.0
6660.7848800330785,190562.0
6660.964262846883,191164.0
6661.143645660687,189911.0
6661.323028474491,190034.0
6661.502411288296,185716.0
6661.6817941021,184258.0
6661.861176915904,185498.0
6662.040559729709,187336.0
6662.219942543513,186847.0
6662.399325357317,184780.0
6662.578708171121,185860.0
6662.758090984926,185674.0
6662.93747379873,184975.0
6663.116856612534,187513.0
6663.296239426339,185619.0
6663.475622240142,183603.0
6663.655005053946,184389.0
6663.834387867751,180463.0
6664.013770681555,179656.0
6664.193153495359,180989.0
6664.3725363091635,181451.0
6664.551919122968,181266.0
6664.731301936772,180537.0
6664.910684750576,180637.0
6665.090067564381,180520.0
6665.269450378185,179955.0
6665.448833191989,177927.0
6665.628216005794,175390.0
6665.807598819598,176637.0
6665.986981633402,179474.0
6666.166364447206,180398.0
6666.34574726101,177674.0
6666.525130074814,176649.0
6666.704512888618,173926.0
6666.883895702423,174422.0
6667.063278516227,176974.0
6667.242661330031,174677.0
6667.422044143836,173485.0
6667.60142695764,175139.0
6667.780809771444,176013.0
6667.9601925852485,175530.0
6668.139575399053,174849.0
6668.318958212857,173634.0
6668.498341026661,173301.0
6668.677723840466,172564.0
6668.85710665427,170993.0
6669.036489468074,170416.0
6669.215872281879,169758.0
6669.395255095682,167698.0
6669.574637909486,168249.0
6669.7540207232905,170899.0
6669.933403537095,171602.0
6670.112786350899,169994.0
6670.292169164703,171909.0
6670.471551978508,170773.0
6670.650934792312,168255.0
6670.830317606116,165542.0
6671.009700419921,164964.0
6671.189083233725,167902.0
6671.368466047529,167669.0
6671.5478488613335,164218.0
6671.727231675138,163237.0
6671.906614488942,162511.0
6672.085997302746,162675.0
6672.26538011655,165905.0
6672.444762930354,161082.0
6672.624145744158,160567.0
6672.803528557963,161846.0
6672.982911371767,161619.0
6673.162294185571,159991.0
6673.3416769993755,160297.0
6673.52105981318,158963.0
6673.700442626984,156809.0
6673.879825440788,159429.0
6674.059208254593,160376.0
6674.238591068397,157779.0
6674.417973882201,156011.0
6674.597356696006,156404.0
6674.77673950981,157778.0
6674.956122323614,155148.0
6675.135505137418,153684.0
6675.314887951222,153069.0
6675.494270765026,152090.0
6675.67365357883,150536.0
6675.853036392635,151005.0
6676.032419206439,151836.0
6676.211802020243,151027.0
6676.391184834048,151619.0
6676.570567647852,151285.0
6676.749950461656,148403.0
6676.9293332754605,148899.0
6677.108716089265,147431.0
6677.288098903069,144723.0
6677.467481716873,146191.0
6677.646864530678,148499.0
6677.826247344482,148303.0
6678.005630158286,147793.0
6678.18501297209,147023.0
6678.364395785894,146523.0
6678.543778599698,144031.0
6678.723161413503,144574.0
6678.902544227307,145542.0
6679.081927041111,144619.0
6679.261309854915,144713.0
6679.44069266872,144077.0
6679.620075482524,143951.0
6679.799458296328,143323.0
6679.978841110133,142768.0
6680.158223923937,142100.0
6680.337606737741,141949.0
6680.5169895515455,142471.0
6680.69637236535,144030.0
6680.875755179154,143900.0
6681.055137992958,142310.0
6681.234520806762,141438.0
6681.413903620566,139920.0
6681.59328643437,139229.0
6681.772669248175,140720.0
6681.952052061979,141986.0
6682.131434875783,142264.0
6682.310817689588,140281.0
6682.490200503392,139020.0
6682.669583317196,138520.0
6682.848966131,139312.0
6683.028348944805,137776.0
6683.207731758609,136897.0
6683.387114572413,139668.0
6683.566497386218,138410.0
6683.745880200022,137803.0
6683.925263013825,140469.0
6684.10464582763,138505.0
6684.284028641434,137795.0
6684.463411455238,139344.0
6684.6427942690425,138492.0
6684.822177082847,136425.0
6685.001559896651,136868.0
6685.180942710455,136512.0
6685.36032552426,136470.0
6685.539708338064,136895.0
6685.719091151868,136926.0
6685.898473965673,134081.0
6686.077856779477,134952.0
6686.257239593281,135362.0
6686.436622407085,133835.0
6686.61600522089,133268.0
6686.795388034694,132791.0
6686.974770848497,133816.0
6687.154153662302,132985.0
6687.333536476106,129844.0
6687.51291928991,130343.0
6687.692302103715,130509.0
6687.871684917519,131032.0
6688.051067731323,130241.0
6688.2304505451275,129252.0
6688.409833358932,131418.0
6688.589216172736,128767.0
6688.76859898654,127035.0
6688.947981800345,129142.0
6689.127364614149,128482.0
6689.306747427953,126239.0
6689.486130241758,125593.0
6689.665513055562,126147.0
6689.844895869366,124844.0
6690.0242786831695,124667.0
6690.203661496974,124770.0
6690.383044310778,124020.0
6690.562427124582,123438.0
6690.741809938387,124059.0
6690.921192752191,124260.0
6691.100575565995,122133.0
6691.2799583798,121388.0
6691.459341193604,120439.0
6691.638724007408,120877.0
6691.8181068212125,120216.0
6691.997489635017,120980.0
6692.176872448821,121212.0
6692.356255262625,120503.0
6692.53563807643,118822.0
6692.715020890234,117494.0
6692.894403704037,118622.0
6693.073786517842,119618.0
6693.253169331646,117627.0
6693.43255214545,115878.0
6693.6119349592545,117658.0
6693.791317773059,116858.0
6693.970700586863,116556.0
6694.150083400667,116226.0
6694.329466214472,113758.0
6694.508849028276,112678.0
6694.68823184208,114286.0
6694.867614655885,116565.0
6695.046997469689,113441.0
6695.226380283493,113108.0
6695.4057630972975,111821.0
6695.585145911102,112378.0
6695.764528724905,114718.0
6695.9439115387095,112772.0
6696.123294352514,111216.0
6696.302677166318,109809.0
6696.482059980122,109404.0
6696.661442793927,108674.0
6696.840825607731,109159.0
6697.020208421535,108279.0
6697.1995912353395,108902.0
6697.378974049144,107314.0
6697.558356862948,106069.0
6697.737739676752,105126.0
6697.917122490557,105186.0
6698.096505304361,104996.0
6698.275888118165,105009.0
6698.45527093197,104182.0
6698.634653745774,104366.0
6698.814036559577,104837.0
6698.993419373382,104215.0
6699.172802187186,102794.0
6699.35218500099,101674.0
6699.5315678147945,102578.0
6699.710950628599,104174.0
6699.890333442403,102962.0
6700.069716256207,101382.0
6700.249099070012,99399.2
6700.428481883816,98441.7
6700.60786469762,98499.5
6700.7872475114245,99523.9
6700.966630325229,99637.5
6701.146013139033,100431.0
6701.325395952837,98823.6
6701.504778766642,97830.5
6701.684161580445,96820.2
6701.863544394249,94496.8
6702.042927208054,93994.5
6702.222310021858,94129.6
6702.401692835662,92884.8
6702.581075649467,95285.5
6702.760458463271,95228.5
6702.939841277075,93755.4
6703.1192240908795,93339.1
6703.298606904684,94781.5
6703.477989718488,94204.7
6703.657372532292,91206.0
6703.836755346097,91789.2
6704.016138159901,92732.3
6704.195520973705,92926.9
6704.3749037875095,92033.2
6704.554286601313,91054.2
6704.733669415117,90490.7
6704.9130522289215,90226.6
6705.092435042726,90210.1
6705.27181785653,90485.9
6705.451200670334,88981.4
6705.630583484139,87567.0
6705.809966297943,87734.6
6705.989349111747,86820.6
6706.168731925552,86180.4
6706.348114739356,85955.1
6706.52749755316,86812.7
6706.7068803669645,86613.7
6706.886263180769,86072.7
6707.065645994573,85079.0
6707.245028808377,83865.4
6707.424411622182,83937.4
6707.603794435985,82855.1
6707.783177249789,83573.7
6707.962560063594,83416.7
6708.141942877398,80426.4
6708.321325691202,80797.7
6708.5007085050065,79865.0
6708.680091318811,80616.6
6708.859474132615,79607.5
6709.038856946419,79882.9
6709.218239760224,80185.1
6709.397622574028,78160.4
6709.577005387832,77493.7
6709.756388201637,76890.7
6709.935771015441,77505.6
6710.115153829245,76327.5
6710.2945366430495,76248.6
6710.473919456854,76003.8
6710.653302270657,76522.2
6710.832685084461,76160.3
6711.012067898266,75903.9
6711.19145071207,76467.8
6711.370833525874,75495.0
6711.550216339679,74315.4
6711.729599153483,74685.2
6711.908981967287,74468.6
6712.0883647810915,73733.2
6712.267747594896,73670.7
6712.4471304087,71922.4
6712.626513222504,71820.4
6712.805896036309,73053.1
6712.985278850113,71635.7
6713.164661663917,71033.8
6713.344044477722,71196.0
6713.523427291525,69994.6
6713.702810105329,70050.3
6713.882192919134,69001.8
6714.061575732938,68727.4
6714.240958546742,68617.2
6714.420341360546,68311.0
6714.599724174351,68422.0
6714.779106988155,68827.8
6714.958489801959,67782.0
6715.137872615764,67226.9
6715.317255429568,66827.3
6715.496638243372,66403.1
6715.6760210571765,65913.7
6715.855403870981,64780.9
6716.034786684785,64539.0
6716.214169498589,64230.6
6716.393552312393,63689.9
6716.572935126197,64676.7
6716.752317940001,62578.6
6716.931700753806,62865.4
6717.11108356761,63418.1
6717.290466381414,62645.2
6717.469849195219,62132.5
6717.649232009023,61977.6
6717.828614822827,61497.8
6718.007997636631,60556.8
6718.187380450436,59491.7
6718.36676326424,60518.4
6718.546146078044,59438.9
6718.725528891849,59497.3
6718.904911705653,59229.9
6719.084294519457,59222.0
6719.2636773332615,59505.1
6719.443060147065,58172.2
6719.622442960869,58272.3
6719.8018257746735,57919.9
6719.981208588478,56794.6
6720.160591402282,56073.1
6720.339974216086,56164.4
6720.519357029891,56201.8
6720.698739843695,55531.8
6720.878122657499,55030.2
6721.057505471304,55373.8
6721.236888285108,55632.6
6721.416271098912,55121.1
6721.595653912716,54712.8
6721.775036726521,53877.7
6721.954419540325,54175.6
6722.133802354129,52478.1
6722.313185167933,53247.3
6722.492567981737,52525.4
6722.671950795541,52207.1
6722.851333609346,50940.0
6723.03071642315,50901.6
6723.210099236954,49557.5
6723.3894820507585,50384.3
6723.568864864563,50075.0
6723.748247678367,49827.7
6723.927630492171,50077.3
6724.107013305976,49725.2
6724.28639611978,49049.2
6724.465778933584,48787.2
6724.645161747389,48296.1
6724.824544561193,47750.4
6725.003927374997,47394.5
6725.1833101888005,47183.3
6725.362693002605,46458.1
6725.542075816409,45489.0
6725.721458630213,47110.6
6725.900841444018,47307.1
6726.080224257822,45660.9
6726.259607071626,45436.3
6726.438989885431,45693.5
6726.618372699235,44510.5
6726.797755513039,44600.3
6726.9771383268435,44104.4
6727.156521140648,43742.0
6727.335903954452,43423.0
6727.515286768256,42552.1
6727.694669582061,42843.3
6727.874052395865,43259.6
6728.053435209669,42592.1
6728.232818023473,43046.5
6728.412200837277,42118.2
6728.591583651081,42539.6
6728.7709664648855,41615.4
6728.95034927869,41603.8
6729.129732092494,41132.8
6729.309114906298,39972.5
6729.488497720103,40682.9
6729.667880533907,39304.0
6729.847263347711,38680.5
6730.026646161516,38499.0
6730.20602897532,38618.1
6730.385411789124,39763.8
6730.5647946029285,39019.3
6730.744177416733,38144.6
6730.923560230537,38239.7
6731.1029430443405,38572.1
6731.282325858145,37190.5
6731.461708671949,36946.8
6731.641091485753,36746.9
6731.820474299558,36207.0
6731.999857113362,35831.3
6732.179239927166,36062.3
6732.3586227409705,35158.8
6732.538005554775,35995.2
6732.717388368579,35149.7
6732.896771182383,35862.9
6733.076153996188,35877.0
6733.255536809992,34983.8
6733.434919623796,34407.0
6733.614302437601,34533.6
6733.793685251405,33817.4
6733.973068065208,33787.0
6734.152450879013,33914.8
6734.331833692817,33119.4
6734.511216506621,30259.9
