6487.4580114329,28939.3
6487.637620903218,29767.7
6487.817230373535,29104.0
6487.996839843852,29042.9
6488.17644931417,29817.7
6488.356058784487,30358.8
6488.5356682548045,30615.4
6488.715277725122,30635.6
6488.89488719544,30334.9
6489.074496665757,30106.3
6489.254106136074,29953.6
6489.433715606392,30384.9
6489.613325076709,31176.6
6489.792934547027,31783.8
6489.972544017344,32012.2
6490.152153487661,31894.7
6490.331762957979,31641.2
6490.511372428296,31017.7
6490.690981898613,30021.0
6490.870591368931,29515.1
6491.050200839249,30247.7
6491.229810309566,32032.2
6491.409419779883,33565.0
6491.589029250201,33899.2
6491.7686387205185,33871.4
6491.948248190835,33629.0
6492.127857661153,33883.0
6492.307467131471,33931.6
6492.4870766017875,33785.4
6492.666686072105,33285.8
6492.846295542423,32470.3
6493.02590501274,32481.3
6493.205514483057,33090.2
6493.385123953375,33853.0
6493.564733423693,34490.6
6493.74434289401,34624.1
6493.923952364327,35328.2
6494.103561834645,36362.6
6494.283171304962,36267.0
6494.4627807752795,35581.8
6494.642390245597,35702.7
6494.821999715914,36522.9
6495.001609186232,37064.9
6495.181218656549,37071.6
6495.360828126866,37393.2
6495.540437597184,36997.9
6495.720047067502,35465.6
6495.899656537819,34809.0
6496.079266008136,35104.3
6496.258875478454,36648.5
6496.4384849487715,38778.3
6496.618094419088,39489.8
6496.797703889406,39814.3
6496.977313359724,40302.0
6497.1569228300405,39771.8
6497.336532300358,38780.7
6497.516141770676,38790.6
6497.695751240993,39156.9
6497.87536071131,40387.5
6498.054970181628,41137.5
6498.234579651945,40915.4
6498.4141891222625,40820.1
6498.59379859258,41029.1
6498.773408062898,41443.6
6498.953017533215,42219.3
6499.132627003532,41579.6
6499.31223647385,41759.6
6499.491845944167,42210.2
6499.671455414485,42587.6
6499.851064884802,42912.1
6500.030674355119,43118.1
6500.210283825437,42969.9
6500.3898932957545,42907.8
6500.569502766071,43969.0
6500.749112236389,44199.1
6500.928721706707,44048.9
6501.108331177024,43963.2
6501.287940647341,43316.4
6501.467550117659,44050.5
6501.647159587977,45554.2
6501.826769058293,45400.0
6502.006378528611,45459.6
6502.185987998929,44915.3
6502.365597469246,45611.5
6502.545206939563,46252.8
6502.724816409881,45830.7
6502.904425880198,46204.2
6503.0840353505155,46424.8
6503.263644820833,45925.4
6503.443254291151,47043.2
6503.622863761468,47714.6
6503.802473231785,47758.6
6503.982082702103,47128.3
6504.16169217242,47364.5
6504.341301642738,47324.7
6504.520911113055,47632.0
6504.700520583372,48394.7
6504.88013005369,48327.8
6505.059739524007,48647.5
6505.239348994324,49095.9
6505.418958464642,49345.5
6505.59856793496,49676.5
6505.778177405277,50102.5
6505.957786875594,50181.6
6506.137396345912,50257.0
6506.3170058162295,50670.5
6506.496615286546,50848.1
6506.676224756864,50359.7
6506.855834227182,49759.6
6507.0354436974985,51463.4
6507.215053167816,51295.7
6507.394662638134,50552.5
6507.574272108451,51189.6
6507.753881578768,52314.0
6507.933491049086,53013.1
6508.113100519404,52661.5
6508.292709989721,51077.9
6508.472319460038,50483.8
6508.651928930356,49985.7
6508.831538400673,51534.4
6509.0111478709905,53334.3
6509.190757341308,53813.7
6509.370366811625,54311.5
6509.549976281943,55035.4
6509.72958575226,55200.5
6509.909195222577,55623.0
6510.088804692895,54817.6
6510.268414163213,54424.1
6510.44802363353,56382.6
6510.627633103847,56602.8
6510.807242574165,56172.4
6510.9868520444825,56636.1
6511.166461514799,56761.9
6511.346070985117,57112.2
6511.525680455435,57439.3
6511.7052899257515,56840.8
6511.884899396069,56333.7
6512.064508866387,57048.0
6512.244118336704,56462.2
6512.423727807021,56576.0
6512.603337277339,58764.3
6512.782946747657,59498.8
6512.9625562179735,58385.3
6513.142165688291,59085.8
6513.321775158609,59528.6
6513.501384628926,58867.2
6513.680994099243,59353.9
6513.860603569561,60136.0
6514.040213039878,59938.1
6514.219822510196,58907.6
6514.399431980513,57388.1
6514.57904145083,55881.1
6514.758650921148,55210.1
6514.9382603914655,56157.8
6515.117869861783,59579.0
6515.2974793321,61069.2
6515.477088802418,61656.4
6515.656698272735,60475.7
6515.836307743052,59245.4
6516.01591721337,59676.8
6516.195526683688,59280.9
6516.375136154004,56400.6
6516.554745624322,53680.0
6516.73435509464,54567.9
6516.913964564957,57211.6
6517.093574035274,60981.7
6517.273183505592,62756.0
6517.45279297591,63738.5
6517.6324024462265,64698.1
6517.812011916544,64218.8
6517.991621386862,63348.8
6518.171230857179,63925.2
6518.350840327496,65728.0
6518.530449797814,67205.0
6518.710059268131,66710.0
6518.889668738449,65876.8
6519.069278208766,65338.5
6519.248887679083,63953.2
6519.428497149401,62898.1
6519.6081066197185,64223.9
6519.787716090035,67020.9
6519.967325560353,68919.1
6520.146935030671,69216.8
6520.326544500988,69258.1
6520.506153971305,68956.2
6520.685763441623,69254.2
6520.8653729119405,70723.6
6521.044982382257,71335.3
6521.224591852575,70448.1
6521.404201322893,70378.6
6521.5838107932095,71472.1
6521.763420263527,71352.4
6521.943029733845,70428.2
6522.122639204162,70318.2
6522.302248674479,70413.1
6522.481858144797,71250.7
6522.661467615115,71269.6
6522.841077085432,71209.2
6523.020686555749,72128.6
6523.200296026067,71740.3
6523.379905496384,69944.2
6523.5595149667015,69391.3
6523.739124437019,68757.2
6523.918733907336,69440.1
6524.098343377654,70695.7
6524.277952847971,72601.9
6524.457562318288,74767.0
6524.637171788606,76193.8
6524.816781258924,75532.0
6524.996390729241,74612.4
6525.176000199558,75564.0
6525.355609669876,75535.4
6525.5352191401935,75790.6
6525.71482861051,76379.9
6525.894438080828,77211.8
6526.074047551146,76594.5
6526.2536570214625,77240.4
6526.43326649178,77708.8
6526.612875962098,77780.8
6526.792485432415,78925.6
6526.972094902732,78823.8
6527.15170437305,77922.0
6527.331313843368,78421.5
6527.5109233136845,78836.9
6527.690532784002,78171.1
6527.87014225432,78829.2
6528.049751724637,79497.6
6528.229361194954,80043.2
6528.408970665272,80928.9
6528.588580135589,80695.2
6528.768189605907,79990.2
6528.947799076224,80939.9
6529.127408546541,81927.0
6529.307018016859,82134.4
6529.4866274871765,81526.1
6529.666236957494,81893.5
6529.845846427811,81752.1
6530.025455898129,81923.1
6530.205065368446,82552.2
6530.384674838763,82224.5
6530.564284309081,81564.9
6530.743893779399,82032.0
6530.923503249715,82630.6
6531.103112720033,83069.0
6531.282722190351,86150.0
6531.462331660668,85866.6
6531.641941130985,84203.8
6531.821550601303,84171.8
6532.001160071621,83180.1
6532.1807695419375,80948.0
6532.360379012255,79888.9
6532.539988482573,81453.8
6532.71959795289,84553.9
6532.899207423207,85369.9
6533.078816893525,84666.6
6533.258426363842,86121.1
6533.43803583416,85846.1
6533.617645304477,86269.7
6533.797254774794,85755.5
6533.976864245112,85100.8
6534.1564737154295,85432.2
6534.336083185747,85904.9
6534.515692656064,86851.2
6534.695302126382,87852.9
6534.874911596699,87214.2
6535.054521067016,86521.8
6535.234130537334,87388.9
6535.4137400076515,87806.6
6535.593349477968,89981.7
6535.772958948286,90741.8
6535.952568418604,90006.4
6536.1321778889205,89243.8
6536.311787359238,91360.6
6536.491396829556,94801.4
6536.671006299874,92825.3
6536.85061577019,88199.3
6537.030225240508,88848.4
6537.209834710826,90612.6
6537.389444181143,89788.0
6537.56905365146,91632.5
6537.748663121778,92076.0
6537.928272592095,92437.8
6538.1078820624125,92706.9
6538.28749153273,93132.5
6538.467101003047,93355.1
6538.646710473365,91972.6
6538.826319943682,91150.8
6539.005929413999,91819.0
6539.185538884317,93218.5
6539.365148354635,93505.9
6539.544757824952,93240.5
6539.724367295269,93525.4
6539.903976765587,93866.5
6540.0835862359045,94337.4
6540.263195706221,94862.8
6540.442805176539,94175.8
6540.622414646857,93610.4
6540.8020241171735,94415.1
6540.981633587491,94859.3
6541.161243057809,95660.6
6541.340852528126,96148.4
6541.520461998443,95694.3
6541.700071468761,95991.1
6541.879680939079,96056.8
6542.0592904093955,95310.4
6542.238899879713,94883.8
6542.418509350031,93496.6
6542.598118820348,93399.1
6542.777728290665,95035.1
6542.957337760983,95945.1
6543.1369472313,97052.8
6543.316556701618,96668.3
6543.496166171935,95126.3
6543.675775642252,90900.2
6543.85538511257,87634.5
6544.0349945828875,87142.9
6544.214604053205,90131.2
6544.394213523522,95565.2
6544.57382299384,97691.9
6544.753432464157,97646.6
6544.933041934474,97593.9
6545.112651404792,96608.8
6545.29226087511,96702.2
6545.471870345426,96415.9
6545.651479815744,95068.4
6545.831089286062,94664.2
6546.010698756379,95429.1
6546.190308226696,96223.3
6546.369917697014,97768.1
6546.549527167332,97738.2
6546.7291366376485,97553.4
6546.908746107966,97337.2
6547.088355578284,96526.8
6547.267965048601,96732.3
6547.447574518918,96869.7
6547.627183989236,95627.9
6547.806793459553,95429.7
6547.986402929871,95851.9
6548.166012400188,95928.0
6548.345621870505,93154.0
6548.525231340823,90948.0
6548.7048408111405,91739.4
6548.884450281458,95249.8
6549.064059751775,97210.0
6549.243669222093,98011.9
6549.42327869241,98173.7
6549.602888162727,98543.6
6549.782497633045,99922.1
6549.9621071033625,99439.1
6550.141716573679,99095.1
6550.321326043997,98377.3
6550.500935514315,99172.2
6550.6805449846315,100550.0
6550.860154454949,99346.5
6551.039763925267,98287.9
6551.219373395585,99117.8
6551.398982865901,99026.9
6551.578592336219,98163.6
6551.758201806537,97077.9
6551.937811276854,96531.8
6552.117420747171,96636.8
6552.297030217489,94233.5
6552.476639687806,90219.1
6552.6562491581235,88800.6
6552.835858628441,90464.8
6553.015468098758,93717.0
6553.195077569076,95839.1
6553.374687039393,96637.5
6553.554296509711,96050.5
6553.733905980028,93719.2
6553.913515450346,93114.5
6554.093124920663,93570.0
6554.27273439098,93665.4
6554.452343861298,96434.1
6554.6319533316155,97573.5
6554.811562801932,94466.2
6554.99117227225,95085.3
6555.170781742568,94123.3
6555.3503912128845,93564.5
6555.530000683202,93355.7
6555.70961015352,93431.9
6555.889219623838,91812.6
6556.068829094154,92149.8
6556.248438564472,92885.0
6556.42804803479,92503.3
6556.6076575051065,91704.4
6556.787266975424,90025.8
6556.966876445742,87154.5
6557.146485916059,85571.0
6557.326095386376,86289.3
6557.505704856694,86421.9
6557.685314327011,87012.2
6557.864923797329,87581.6
6558.044533267646,84788.5
6558.224142737963,84575.8
6558.403752208281,84230.3
6558.5833616785985,84941.0
6558.762971148916,86509.7
6558.942580619233,86383.3
6559.122190089551,86998.6
6559.301799559868,89097.1
6559.481409030185,90738.6
6559.661018500503,91500.1
6559.840627970821,93001.2
6560.020237441137,96352.5
6560.199846911455,99293.5
6560.379456381773,101956.0
6560.55906585209,106040.0
6560.738675322407,110386.0
6560.918284792725,114164.0
6561.097894263043,117430.0
6561.2775037333595,120021.0
6561.457113203677,123046.0
6561.636722673995,125007.0
6561.816332144312,126101.0
6561.995941614629,126800.0
6562.175551084947,123669.0
6562.355160555264,120388.0
6562.534770025582,120044.0
6562.714379495899,119624.0
6562.893988966216,121529.0
6563.073598436534,122835.0
6563.2532079068515,125041.0
6563.432817377169,126768.0
6563.612426847486,125623.0
6563.792036317804,123798.0
6563.971645788121,118056.0
6564.151255258438,112151.0
6564.330864728756,110370.0
6564.5104741990735,111239.0
6564.69008366939,109973.0
6564.869693139708,107574.0
6565.049302610026,103974.0
6565.2289120803425,98924.1
6565.40852155066,95594.3
6565.588131020978,93876.4
6565.767740491296,93301.0
6565.947349961612,92399.9
6566.12695943193,90075.6
6566.306568902248,89099.2
6566.486178372565,89190.5
6566.665787842882,90094.3
6566.8453973132,90607.9
6567.025006783517,91294.0
6567.2046162538345,91693.2
6567.384225724152,91042.8
6567.563835194469,92904.3
6567.743444664787,93769.0
6567.923054135104,93964.7
6568.102663605422,94866.7
6568.282273075739,96256.0
6568.461882546057,97179.9
6568.641492016374,96357.0
6568.821101486691,97095.9
6569.000710957009,96757.3
6569.1803204273265,97859.5
6569.359929897643,98627.5
6569.539539367961,100408.0
6569.719148838279,101555.0
6569.8987583085955,100923.0
6570.078367778913,102603.0
6570.257977249231,103710.0
6570.437586719549,102932.0
6570.617196189865,103354.0
6570.796805660183,104633.0
6570.976415130501,105065.0
6571.156024600818,105016.0
6571.335634071135,105015.0
6571.515243541453,105066.0
6571.69485301177,105172.0
6571.874462482087,103698.0
6572.054071952405,100833.0
6572.233681422722,102083.0
6572.41329089304,106274.0
6572.592900363357,107804.0
6572.772509833675,109305.0
6572.952119303992,110146.0
6573.1317287743095,110930.0
6573.311338244627,110992.0
6573.490947714944,110768.0
6573.670557185262,111912.0
6573.850166655579,112432.0
6574.029776125896,111766.0
6574.209385596214,112686.0
6574.388995066532,112559.0
6574.568604536848,108532.0
6574.748214007166,104888.0
6574.927823477484,104660.0
6575.1074329478015,107703.0
6575.287042418118,112049.0
6575.466651888436,114098.0
6575.646261358754,115797.0
6575.8258708290705,115361.0
6576.005480299388,114899.0
6576.185089769706,114984.0
6576.364699240023,114990.0
6576.54430871034,114994.0
6576.723918180658,116473.0
6576.903527650975,117326.0
6577.083137121293,116987.0
6577.26274659161,117939.0
6577.442356061927,118153.0
6577.621965532245,118244.0
6577.8015750025625,118614.0
6577.98118447288,118724.0
6578.160793943197,119321.0
6578.340403413515,119371.0
6578.520012883832,118855.0
6578.699622354149,119734.0
6578.879231824467,120273.0
6579.0588412947845,118983.0
6579.238450765101,118492.0
6579.418060235419,118282.0
6579.597669705737,119591.0
6579.777279176054,121617.0
6579.956888646371,121990.0
6580.136498116689,120105.0
6580.316107587007,120475.0
6580.495717057323,120946.0
6580.675326527641,120013.0
6580.854935997959,120993.0
6581.034545468276,120632.0
6581.214154938593,121277.0
6581.393764408911,122546.0
6581.573373879228,121772.0
6581.7529833495455,122268.0
6581.932592819863,122294.0
6582.11220229018,122701.0
6582.291811760498,123807.0
6582.471421230815,122701.0
6582.651030701133,122605.0
6582.83064017145,122627.0
6583.010249641768,122683.0
6583.189859112085,124235.0
6583.369468582402,122114.0
6583.54907805272,121959.0
6583.7286875230375,122758.0
6583.908296993354,123893.0
6584.087906463672,123043.0
6584.26751593399,124412.0
6584.4471254043065,123938.0
6584.626734874624,124495.0
6584.806344344942,124237.0
6584.98595381526,123050.0
6585.165563285576,122267.0
6585.345172755894,123800.0
6585.524782226212,122836.0
6585.704391696529,122952.0
6585.884001166846,123533.0
6586.063610637164,122936.0
6586.243220107481,120969.0
6586.422829577798,119318.0
6586.602439048116,119650.0
6586.782048518433,120272.0
6586.961657988751,121263.0
6587.141267459068,122707.0
6587.320876929386,123856.0
6587.500486399703,124231.0
6587.6800958700205,125071.0
6587.859705340338,127266.0
6588.039314810655,126821.0
6588.218924280973,125807.0
6588.39853375129,123794.0
6588.578143221607,123400.0
6588.757752691925,124264.0
6588.937362162243,125496.0
6589.116971632559,125575.0
6589.296581102877,126592.0
6589.476190573195,126135.0
6589.6558000435125,125800.0
6589.835409513829,125783.0
6590.015018984147,127097.0
6590.194628454465,125893.0
6590.3742379247815,124596.0
6590.553847395099,125133.0
6590.733456865417,126121.0
6590.913066335734,125915.0
6591.092675806051,125716.0
6591.272285276369,125609.0
6591.451894746686,125354.0
6591.631504217004,125966.0
6591.811113687321,126663.0
6591.990723157639,125601.0
6592.170332627956,124092.0
6592.3499420982735,125823.0
6592.529551568591,127148.0
6592.709161038908,125344.0
6592.888770509226,125517.0
6593.068379979543,127075.0
6593.24798944986,126357.0
6593.427598920178,125119.0
6593.6072083904955,125777.0
6593.786817860812,126468.0
6593.96642733113,124860.0
6594.146036801448,126134.0
6594.325646271765,125657.0
6594.505255742082,125071.0
6594.6848652124,126360.0
6594.864474682718,126101.0
6595.044084153034,126152.0
6595.223693623352,126898.0
6595.40330309367,128035.0
6595.582912563987,125794.0
6595.762522034304,124219.0
6595.942131504622,125395.0
6596.121740974939,127498.0
6596.3013504452565,128566.0
6596.480959915574,127948.0
6596.660569385891,126799.0
6596.840178856209,127346.0
6597.019788326526,127772.0
6597.199397796844,126925.0
6597.379007267161,127068.0
6597.558616737479,126282.0
6597.738226207796,124635.0
6597.917835678113,126644.0
6598.097445148431,128102.0
6598.2770546187485,126103.0
6598.456664089065,126569.0
6598.636273559383,127646.0
6598.815883029701,126958.0
6598.995492500018,125721.0
6599.175101970335,124194.0
6599.354711440653,124482.0
6599.534320910971,124340.0
6599.713930381287,124985.0
6599.893539851605,126188.0
6600.073149321923,125616.0
6600.25275879224,126229.0
6600.432368262557,126057.0
6600.611977732875,126366.0
6600.791587203192,127036.0
6600.971196673509,127282.0
6601.150806143827,126839.0
6601.330415614144,126815.0
6601.510025084462,127539.0
6601.689634554779,126524.0
6601.869244025097,125604.0
6602.048853495414,124873.0
6602.2284629657315,126616.0
6602.408072436049,125940.0
6602.587681906366,127573.0
6602.767291376684,127554.0
6602.946900847001,127665.0
6603.126510317318,127181.0
6603.306119787636,125633.0
6603.485729257954,127387.0
6603.66533872827,128029.0
6603.844948198588,127337.0
6604.024557668906,126121.0
6604.2041671392235,126562.0
6604.38377660954,127073.0
6604.563386079858,127456.0
6604.742995550176,127894.0
6604.9226050204925,127737.0
6605.10221449081,126991.0
6605.281823961128,126329.0
6605.461433431445,125712.0
6605.641042901762,124215.0
6605.82065237208,124768.0
6606.000261842397,126998.0
6606.179871312715,128555.0
6606.359480783032,127582.0
6606.53909025335,126262.0
6606.718699723667,126632.0
6606.8983091939845,127126.0
6607.077918664302,126950.0
6607.257528134619,127107.0
6607.437137604937,126549.0
6607.616747075254,125308.0
6607.796356545571,125806.0
6607.975966015889,127714.0
6608.1555754862065,127330.0
6608.335184956523,127820.0
6608.514794426841,124876.0
6608.694403897159,124772.0
6608.874013367476,124872.0
6609.053622837793,126424.0
6609.233232308111,126703.0
6609.412841778429,126169.0
6609.592451248745,124906.0
6609.772060719063,123784.0
6609.951670189381,123862.0
6610.131279659698,126544.0
6610.310889130015,126575.0
6610.490498600333,125149.0
6610.67010807065,124389.0
6610.8497175409675,125008.0
6611.029327011285,125725.0
6611.208936481603,124677.0
6611.38854595192,124014.0
6611.568155422237,125038.0
6611.747764892555,124198.0
6611.927374362872,124600.0
6612.10698383319,123499.0
6612.286593303507,122971.0
6612.466202773824,123652.0
6612.645812244142,122669.0
6612.8254217144595,121224.0
6613.005031184776,120914.0
6613.184640655094,121006.0
6613.364250125412,122998.0
6613.543859595729,121963.0
6613.723469066046,121870.0
6613.903078536364,123681.0
6614.082688006682,123260.0
6614.262297476998,122907.0
6614.441906947316,122072.0
6614.621516417634,122727.0
6614.801125887951,125271.0
6614.980735358268,125116.0
6615.160344828586,123646.0
6615.339954298903,122780.0
6615.51956376922,122814.0
6615.699173239538,122264.0
6615.878782709855,123326.0
6616.058392180173,122888.0
6616.23800165049,122673.0
6616.417611120808,121771.0
6616.597220591125,123450.0
6616.7768300614425,123947.0
6616.95643953176,123964.0
6617.136049002077,122791.0
6617.315658472395,121451.0
6617.495267942712,122241.0
6617.674877413029,122612.0
6617.854486883347,122975.0
6618.034096353665,123224.0
6618.213705823982,122181.0
6618.393315294299,121938.0
6618.572924764617,122138.0
6618.7525342349345,122032.0
6618.932143705251,121927.0
6619.111753175569,120552.0
6619.291362645887,119963.0
6619.4709721162035,119769.0
6619.650581586521,119590.0
6619.830191056839,120479.0
6620.009800527156,120093.0
6620.189409997473,120200.0
6620.369019467791,121153.0
6620.548628938108,121929.0
6620.728238408426,122051.0
6620.907847878743,119599.0
6621.087457349061,120102.0
6621.267066819378,119884.0
6621.4466762896955,118301.0
6621.626285760013,119055.0
6621.80589523033,119108.0
6621.985504700648,120836.0
6622.165114170965,121606.0
6622.344723641282,120199.0
6622.5243331116,119278.0
6622.7039425819175,119569.0
6622.883552052234,119627.0
6623.063161522552,120251.0
6623.24277099287,118701.0
6623.422380463187,119563.0
6623.601989933504,121090.0
6623.781599403822,119074.0
6623.96120887414,119856.0
6624.140818344456,121440.0
6624.320427814774,120482.0
6624.500037285092,120133.0
6624.679646755409,120110.0
6624.859256225726,120286.0
6625.038865696044,117913.0
6625.218475166361,117814.0
6625.3980846366785,118509.0
6625.577694106996,118495.0
6625.757303577314,118093.0
6625.936913047631,118931.0
6626.116522517948,119902.0
6626.296131988266,118287.0
6626.475741458583,117542.0
6626.655350928901,117073.0
6626.834960399218,117786.0
6627.014569869535,118268.0
6627.194179339853,118912.0
6627.3737888101705,118969.0
6627.553398280487,116703.0
6627.733007750805,117044.0
6627.912617221123,116712.0
6628.09222669144,115060.0
6628.271836161757,116117.0
6628.451445632075,116448.0
6628.631055102393,115882.0
6628.810664572709,115262.0
6628.990274043027,116450.0
6629.169883513345,114537.0
6629.349492983662,113809.0
6629.529102453979,117485.0
6629.708711924297,116267.0
6629.888321394614,116783.0
6630.067930864931,115680.0
6630.247540335249,115097.0
6630.427149805567,114578.0
6630.606759275884,115441.0
6630.786368746201,116067.0
6630.965978216519,116539.0
6631.145587686836,116368.0
6631.3251971571535,115170.0
6631.504806627471,115253.0
6631.684416097788,113941.0
6631.864025568106,115023.0
6632.043635038423,115467.0
6632.22324450874,114320.0
6632.402853979058,114631.0
6632.582463449376,114627.0
6632.762072919693,114181.0
6632.94168239001,111974.0
6633.121291860328,112552.0
6633.3009013306455,113698.0
6633.480510800962,112871.0
6633.66012027128,113632.0
6633.839729741598,114337.0
6634.0193392119145,112530.0
6634.198948682232,113071.0
6634.37855815255,113124.0
6634.558167622867,111807.0
6634.737777093184,112614.0
6634.917386563502,113421.0
6635.096996033819,111694.0
6635.276605504137,111660.0
6635.456214974454,112156.0
6635.635824444772,113504.0
6635.815433915089,114031.0
6635.9950433854065,113045.0
6636.174652855724,111758.0
6636.354262326041,110259.0
6636.533871796359,111619.0
6636.713481266676,112230.0
6636.893090736993,111368.0
6637.072700207311,112313.0
6637.252309677629,112565.0
6637.431919147946,110606.0
6637.611528618263,110025.0
6637.791138088581,111532.0
6637.970747558898,110472.0
6638.150357029215,110542.0
6638.329966499533,110808.0
6638.509575969851,110360.0
6638.689185440167,110116.0
6638.868794910485,110384.0
6639.048404380803,110690.0
6639.22801385112,110740.0
6639.407623321437,109431.0
6639.587232791755,110101.0
6639.766842262072,111038.0
6639.9464517323895,109415.0
6640.126061202707,109454.0
6640.305670673025,109910.0
6640.485280143342,108894.0
6640.664889613659,109250.0
6640.844499083977,108075.0
6641.024108554294,107359.0
6641.203718024612,107940.0
6641.383327494929,108382.0
6641.562936965246,109000.0
6641.742546435564,108241.0
6641.9221559058815,108682.0
6642.101765376199,106620.0
6642.281374846516,106315.0
6642.460984316834,106847.0
6642.640593787151,106409.0
6642.820203257468,107658.0
6642.999812727786,106495.0
6643.179422198104,105960.0
6643.35903166842,105122.0
6643.538641138738,105356.0
6643.718250609056,106457.0
6643.897860079373,105995.0
6644.07746954969,105050.0
6644.257079020008,104745.0
6644.436688490325,105292.0
6644.616297960642,105939.0
6644.79590743096,105679.0
6644.975516901278,105792.0
6645.155126371595,105682.0
6645.334735841912,105852.0
6645.51434531223,104399.0
6645.693954782547,104579.0
6645.8735642528645,105613.0
6646.053173723182,106939.0
6646.232783193499,103520.0
6646.412392663817,103055.0
6646.592002134134,104198.0
6646.771611604451,105299.0
6646.951221074769,105166.0
6647.130830545087,103830.0
6647.310440015404,103616.0
6647.490049485721,104664.0
6647.669658956039,103829.0
6647.8492684263565,103054.0
6648.028877896673,104186.0
6648.208487366991,104347.0
6648.388096837309,102788.0
6648.5677063076255,102534.0
6648.747315777943,103568.0
6648.926925248261,103099.0
6649.106534718578,102990.0
6649.286144188895,102810.0
6649.465753659213,101960.0
6649.645363129531,101303.0
6649.824972599848,102395.0
6650.004582070165,103188.0
6650.184191540483,102100.0
6650.3638010108,100777.0
6650.5434104811175,102108.0
6650.723019951435,102467.0
6650.902629421752,101752.0
6651.08223889207,101574.0
6651.261848362387,100360.0
6651.441457832704,99596.4
6651.621067303022,100102.0
6651.80067677334,98988.6
6651.980286243657,100054.0
6652.159895713974,101566.0
6652.339505184292,100727.0
6652.519114654609,100427.0
6652.698724124926,98604.3
6652.878333595244,97836.6
6653.057943065562,98884.3
6653.237552535878,98976.8
6653.417162006196,97577.3
6653.596771476514,97245.0
6653.776380946831,97313.7
6653.955990417148,98384.7
6654.135599887466,97731.7
6654.315209357783,98549.6
6654.4948188281005,98702.1
6654.674428298418,96248.9
6654.854037768736,97543.7
6655.033647239053,97947.6
6655.21325670937,97097.0
6655.392866179688,97854.3
6655.572475650005,98175.9
6655.752085120323,97743.5
6655.93169459064,97113.2
6656.111304060957,96105.6
6656.290913531275,97184.1
6656.4705230015925,96250.3
6656.65013247191,95768.8
6656.829741942227,96891.8
6657.009351412545,96904.2
6657.188960882862,96561.4
6657.368570353179,95857.2
6657.548179823497,95245.8
6657.727789293815,95773.5
6657.907398764131,96327.9
6658.087008234449,94898.5
6658.266617704767,94473.6
6658.446227175084,95831.8
6658.625836645401,94608.2
6658.805446115719,93786.6
6658.985055586036,93793.5
6659.164665056353,93985.2
6659.344274526671,95102.0
6659.523883996989,94005.4
6659.703493467306,93154.0
6659.883102937623,92606.4
6660.062712407941,92508.0
6660.242321878258,92063.8
6660.4219313485755,91498.4
6660.601540818893,91742.7
6660.78115028921,91477.8
6660.960759759528,91655.7
6661.140369229845,91338.9
6661.319978700163,92906.3
6661.49958817048,91817.5
6661.679197640798,90812.3
6661.858807111115,90860.4
6662.038416581432,90144.9
6662.21802605175,90635.0
6662.3976355220675,91030.2
6662.577244992384,90225.1
6662.756854462702,90705.7
6662.93646393302,91140.4
6663.1160734033365,90410.0
6663.295682873654,90686.1
6663.475292343972,90745.5
6663.654901814289,90921.9
6663.834511284606,90512.1
6664.014120754924,90128.5
6664.193730225242,88922.2
6664.373339695559,88674.7
6664.552949165876,88252.7
6664.732558636194,87738.0
6664.912168106511,88299.1
6665.0917775768285,87994.5
6665.271387047146,88315.4
6665.450996517463,87505.2
6665.630605987781,87553.2
6665.810215458098,88125.0
6665.989824928415,87734.1
6666.169434398733,87268.8
6666.349043869051,87406.6
6666.528653339368,87577.2
6666.708262809685,87532.3
6666.887872280003,85938.8
6667.06748175032,86482.8
6667.247091220637,86065.5
6667.426700690955,85414.8
6667.606310161273,86381.5
6667.785919631589,85722.5
6667.965529101907,86241.8
6668.145138572225,86186.0
6668.324748042542,84970.6
6668.504357512859,85079.1
6668.683966983177,84827.2
6668.863576453495,84641.3
6669.0431859238115,84047.3
6669.222795394129,84604.0
6669.402404864447,84219.6
6669.582014334764,84820.4
6669.761623805081,84477.7
6669.941233275399,83918.1
6670.120842745716,83126.3
6670.300452216034,82928.6
6670.480061686351,82925.4
6670.659671156668,81912.6
6670.839280626986,82391.3
6671.0188900973035,82450.7
6671.198499567621,82059.0
6671.378109037938,81842.5
6671.557718508256,82816.6
6671.737327978573,81147.5
6671.91693744889,80811.1
6672.096546919208,80340.3
6672.276156389526,80904.3
6672.455765859842,81379.8
6672.63537533016,80550.0
6672.814984800478,79920.7
6672.994594270795,79741.0
6673.174203741112,80259.4
6673.35381321143,79587.3
6673.533422681748,79124.8
6673.713032152064,79570.1
6673.892641622382,80280.8
6674.0722510927,78949.0
6674.251860563017,78556.4
6674.431470033334,78205.4
6674.611079503652,78303.5
6674.790688973969,78106.6
6674.9702984442865,77046.9
6675.149907914604,76973.2
6675.329517384921,77394.9
6675.509126855239,77279.6
6675.688736325556,77582.4
6675.868345795874,76039.1
6676.047955266191,75623.4
6676.227564736509,76517.3
6676.407174206826,76666.1
6676.586783677143,75137.3
6676.766393147461,74751.0
6676.9460026177785,74440.0
6677.125612088095,73868.1
6677.305221558413,73588.6
6677.484831028731,74264.9
6677.6644404990475,74029.0
6677.844049969365,73272.8
6678.023659439683,72234.2
6678.20326891,72926.4
6678.382878380317,72449.6
6678.562487850635,71952.3
6678.742097320953,72174.6
6678.92170679127,72637.6
6679.101316261587,72948.5
6679.280925731905,72191.5
6679.460535202222,72818.6
6679.6401446725395,72094.6
6679.819754142857,70963.6
6679.999363613174,71275.1
6680.178973083492,72459.8
6680.358582553809,72614.3
6680.538192024127,72671.0
6680.717801494444,71630.4
6680.897410964762,71079.8
6681.077020435079,70738.4
6681.256629905396,70915.0
6681.436239375714,71432.7
6681.615848846031,71205.7
6681.795458316348,70046.0
6681.975067786666,69975.0
6682.154677256984,69929.6
6682.3342867273,69908.8
6682.513896197618,69313.8
6682.693505667936,69589.2
6682.873115138253,70316.5
6683.05272460857,69394.3
6683.232334078888,69270.9
6683.411943549206,69855.7
6683.5915530195225,69551.7
6683.77116248984,69194.4
6683.950771960158,68317.9
6684.130381430475,67895.5
6684.309990900792,68039.5
6684.48960037111,67649.9
6684.669209841427,67268.3
6684.848819311745,67207.9
6685.028428782062,66508.8
6685.208038252379,66671.1
6685.387647722697,66867.2
6685.5672571930145,66494.3
6685.746866663332,66717.2
6685.926476133649,66293.7
6686.106085603967,66483.6
6686.285695074284,66586.9
6686.465304544601,65924.4
6686.644914014919,66171.9
6686.824523485237,65228.2
6687.004132955553,64662.3
6687.183742425871,64460.7
6687.363351896189,63801.3
6687.542961366506,65069.0
6687.722570836823,64861.3
6687.902180307141,63950.7
6688.081789777459,63206.3
6688.261399247775,63085.1
6688.441008718093,63152.9
6688.620618188411,63587.0
6688.800227658728,63731.1
6688.979837129045,62046.9
6689.159446599363,61704.4
6689.33905606968,61559.7
6689.5186655399975,62332.6
6689.698275010315,62060.0
6689.877884480632,61267.2
6690.05749395095,61014.2
6690.237103421267,60683.3
6690.416712891585,61155.5
6690.596322361902,60315.5
6690.77593183222,60442.1
6690.955541302537,60514.9
6691.135150772854,60413.4
6691.314760243172,60062.3
6691.4943697134895,60218.7
6691.673979183806,60000.0
6691.853588654124,60684.6
6692.033198124442,59906.5
6692.2128075947585,58978.8
6692.392417065076,58855.7
6692.572026535394,58479.5
6692.751636005712,59535.5
6692.931245476028,58974.9
6693.110854946346,57744.5
6693.290464416664,57954.3
6693.470073886981,58189.0
6693.649683357298,57980.5
6693.829292827616,57495.4
6694.008902297933,57714.3
6694.1885117682505,57509.2
6694.368121238568,57654.3
6694.547730708885,57263.0
6694.727340179203,57102.6
6694.90694964952,56455.7
6695.086559119838,55301.4
6695.266168590155,55158.1
6695.445778060473,56377.2
6695.62538753079,56055.3
6695.804997001107,55141.2
6695.984606471425,55099.5
6696.164215941742,54956.6
6696.343825412059,54533.1
6696.523434882377,54252.5
6696.703044352695,54782.2
6696.882653823011,55147.7
6697.062263293329,54121.2
6697.241872763647,52791.0
6697.421482233964,52664.7
6697.601091704281,51916.8
6697.780701174599,53210.9
6697.960310644917,53414.4
6698.1399201152335,51760.9
6698.319529585551,51474.2
6698.499139055869,51202.3
6698.678748526186,51266.3
6698.858357996503,50236.4
6699.037967466821,50180.5
6699.217576937138,51379.5
6699.397186407456,50273.0
6699.576795877773,50443.9
6699.756405348091,50371.7
6699.936014818408,51019.5
6700.1156242887255,49843.8
6700.295233759043,48692.4
6700.47484322936,48882.9
6700.654452699678,49452.0
6700.834062169995,49374.0
6701.013671640312,48522.8
6701.19328111063,48506.4
6701.372890580948,47607.3
6701.552500051264,48162.1
6701.732109521582,48101.5
6701.9117189919,48501.8
6702.091328462217,48231.5
6702.270937932534,47414.7
6702.450547402852,46636.5
6702.63015687317,46754.4
6702.809766343486,46433.5
6702.989375813804,46891.1
6703.168985284122,46654.9
6703.348594754439,45827.8
6703.528204224756,45408.2
6703.707813695074,45812.3
6703.887423165391,45697.5
6704.0670326357085,45024.3
6704.246642106026,45078.0
6704.426251576343,45746.4
6704.605861046661,45415.7
6704.785470516978,45113.7
6704.965079987296,44078.0
6705.144689457613,44180.7
6705.324298927931,44431.4
6705.503908398248,43624.5
6705.683517868565,43949.4
6705.863127338883,43706.3
6706.0427368092005,43381.2
6706.222346279517,42655.4
6706.401955749835,42844.6
6706.581565220153,42323.9
6706.7611746904695,43303.7
6706.940784160787,42872.5
6707.120393631105,42593.6
6707.300003101423,42305.9
6707.479612571739,41580.0
6707.659222042057,41206.3
6707.838831512375,40785.6
6708.018440982692,40593.8
6708.198050453009,39880.9
6708.377659923327,40818.0
6708.557269393644,40400.0
6708.7368788639615,40161.0
6708.916488334279,40479.7
6709.096097804596,39458.3
6709.275707274914,39257.3
6709.455316745231,39298.7
6709.634926215549,39987.1
6709.814535685866,39969.0
6709.994145156184,38557.3
6710.173754626501,37828.2
6710.353364096818,37502.3
6710.532973567136,37398.9
6710.712583037453,37051.7
6710.89219250777,37526.4
6711.071801978088,38031.2
6711.251411448406,36990.5
6711.431020918722,36828.2
6711.61063038904,36899.3
6711.790239859358,37031.1
6711.9698493296755,36950.5
6712.149458799992,36865.9
6712.32906827031,36421.7
6712.508677740628,35516.8
6712.6882872109445,35158.1
6712.867896681262,35179.8
6713.04750615158,35325.8
6713.227115621897,35048.3
6713.406725092214,35670.9
6713.586334562532,34242.6
6713.765944032849,34432.4
6713.945553503167,34911.4
6714.125162973484,33853.1
6714.304772443802,34125.8
6714.484381914119,33193.8
6714.6639913844365,33149.3
6714.843600854754,33765.0
6715.023210325071,33833.1
6715.202819795389,33057.1
6715.382429265706,31616.7
6715.562038736023,32004.2
6715.741648206341,32344.7
6715.921257676659,32236.9
6716.100867146975,32357.7
6716.280476617293,32803.2
6716.460086087611,32118.8
6716.639695557928,31918.7
6716.819305028245,31250.6
6716.998914498563,30615.9
6717.178523968881,30693.0
6717.358133439197,30682.8
6717.537742909515,31399.4
6717.717352379833,30769.1
6717.89696185015,30442.8
6718.076571320467,30425.8
6718.256180790785,29754.9
6718.435790261102,29101.8
6718.6153997314195,29978.6
6718.795009201737,30154.1
6718.974618672055,28872.5
6719.154228142372,28793.4
6719.333837612689,28661.8
6719.513447083007,28922.5
6719.693056553324,29387.6
6719.872666023642,28650.8
6720.052275493959,27649.9
6720.231884964276,27832.5
6720.411494434594,27941.1
6720.5911039049115,27976.2
6720.770713375228,27697.6
6720.950322845546,27594.3
6721.129932315864,27495.8
6721.3095417861805,27625.6
6721.489151256498,27413.1
6721.668760726816,26917.8
6721.848370197134,26823.1
6722.02797966745,26053.8
6722.207589137768,26735.8
6722.387198608086,26294.3
6722.566808078403,26094.7
6722.74641754872,25915.6
6722.926027019038,25428.1
6723.105636489355,25139.6
6723.2852459596725,24956.4
6723.46485542999,25545.2
6723.644464900307,25281.3
6723.824074370625,24771.4
6724.003683840942,24668.8
6724.18329331126,24471.3
6724.362902781577,24442.1
6724.542512251895,24518.2
6724.722121722212,24057.9
6724.901731192529,24059.0
6725.081340662847,23530.3
6725.260950133164,23733.8
6725.440559603481,23627.1
6725.620169073799,22837.3
6725.799778544117,22206.4
6725.979388014433,22160.4
6726.158997484751,22596.9
6726.338606955069,22936.5
6726.5182164253865,23203.6
6726.697825895703,22551.3
6726.877435366021,22298.4
6727.057044836339,21704.3
6727.2366543066555,21299.5
6727.416263776973,21220.9
6727.595873247291,21593.4
6727.775482717608,21340.3
6727.955092187925,20828.4
6728.134701658243,20766.9
6728.31431112856,21058.2
6728.493920598878,20943.4
6728.673530069195,20509.4
6728.853139539513,20431.8
6729.03274900983,20444.3
6729.2123584801475,19954.6
6729.391967950465,19637.4
6729.571577420782,19986.2
6729.7511868911,19828.5
6729.930796361417,19595.3
6730.110405831734,19601.9
6730.290015302052,19270.1
6730.46962477237,19167.9
6730.649234242686,19463.0
6730.828843713004,19254.4
6731.008453183322,18799.6
6731.1880626536395,18877.0
6731.367672123956,18378.3
6731.547281594274,19088.7
6731.726891064592,18205.9
6731.906500534908,17848.9
6732.086110005226,18650.7
6732.265719475544,18095.9
6732.445328945861,17429.4
6732.624938416178,17556.1
6732.804547886496,16939.6
6732.984157356813,17500.9
6733.1637668271305,17453.5
6733.343376297448,17302.7
6733.522985767766,16390.2
6733.702595238083,16177.1
6733.8822047084,16091.3
6734.061814178718,15487.3
