6486.4467328227,62054.8
6486.626556644642,61731.7
6486.8063804665835,61174.5
6486.986204288525,61442.6
6487.166028110467,62441.9
6487.345851932408,62492.9
6487.525675754349,62992.2
6487.705499576291,64712.8
6487.885323398233,63707.1
6488.065147220174,64394.6
6488.244971042116,66131.1
6488.424794864058,65349.6
6488.604618685999,66419.2
6488.784442507941,67283.1
6488.964266329883,65863.9
6489.144090151824,67052.2
6489.323913973765,68477.7
6489.503737795707,70074.3
6489.683561617649,71060.3
6489.86338543959,71405.9
6490.043209261532,70736.7
6490.223033083474,70515.1
6490.402856905415,70619.9
6490.582680727357,69388.9
6490.762504549299,68945.2
6490.9423283712395,69683.9
6491.122152193181,73697.2
6491.301976015123,74793.4
6491.4817998370645,74153.6
6491.661623659006,75199.7
6491.841447480948,76757.4
6492.0212713028895,77151.5
6492.201095124831,76808.2
6492.380918946773,76146.9
6492.560742768715,75380.3
6492.740566590655,74283.0
6492.920390412597,74455.6
6493.100214234539,74873.9
6493.28003805648,75713.2
6493.459861878422,77899.1
6493.639685700364,79166.0
6493.819509522305,80198.5
6493.999333344247,80942.9
6494.179157166189,80761.9
6494.3589809881305,80809.8
6494.538804810071,81820.9
6494.718628632013,82650.3
6494.898452453955,82518.5
6495.078276275896,82268.4
6495.258100097838,82173.8
6495.43792391978,81256.8
6495.617747741721,80214.4
6495.797571563663,78779.3
6495.977395385605,79234.3
6496.157219207546,81772.8
6496.337043029487,84997.2
6496.516866851429,86838.7
6496.6966906733705,85240.2
6496.876514495312,86210.3
6497.056338317254,87445.3
6497.236162139196,87331.5
6497.415985961137,84139.4
6497.595809783079,84029.9
6497.775633605021,87160.3
6497.955457426962,88436.4
6498.135281248903,89384.6
6498.315105070845,88492.0
6498.494928892786,89096.7
6498.674752714728,90480.6
6498.85457653667,90757.7
6499.0344003586115,91074.2
6499.214224180553,91798.6
6499.394048002495,91966.0
6499.5738718244365,91668.0
6499.753695646378,91669.6
6499.933519468319,92230.6
6500.113343290261,92569.3
6500.293167112202,91386.6
6500.472990934144,94134.9
6500.652814756086,95790.1
6500.832638578027,94146.3
6501.012462399969,94189.8
6501.192286221911,95407.1
6501.372110043852,97031.0
6501.551933865794,97560.2
6501.731757687735,97557.2
6501.911581509677,98912.9
6502.091405331618,99459.6
6502.27122915356,99450.4
6502.451052975502,98129.3
6502.630876797443,97110.5
6502.810700619385,99906.0
6502.990524441327,99389.1
6503.170348263268,100081.0
6503.35017208521,99014.1
6503.529995907151,100097.0
6503.7098197290925,101965.0
6503.889643551034,102207.0
6504.069467372976,101940.0
6504.2492911949175,102302.0
6504.429115016859,103810.0
6504.608938838801,105291.0
6504.788762660743,104221.0
6504.968586482684,105130.0
6505.148410304626,105900.0
6505.328234126567,107349.0
6505.508057948508,107858.0
6505.68788177045,106943.0
6505.867705592392,108258.0
6506.047529414333,109685.0
6506.227353236275,108690.0
6506.407177058217,108942.0
6506.5870008801585,109923.0
6506.7668247021,109893.0
6506.946648524042,110970.0
6507.126472345983,111461.0
6507.306296167924,111272.0
6507.486119989866,112987.0
6507.665943811808,114144.0
6507.845767633749,114448.0
6508.025591455691,113130.0
6508.205415277633,112951.0
6508.385239099574,112315.0
6508.565062921516,111291.0
6508.744886743458,112113.0
6508.9247105653985,115264.0
6509.10453438734,117820.0
6509.284358209282,117073.0
6509.464182031224,116797.0
6509.644005853165,119025.0
6509.823829675107,119189.0
6510.003653497049,119235.0
6510.18347731899,119960.0
6510.363301140932,120638.0
6510.543124962873,121547.0
6510.722948784814,122631.0
6510.902772606756,123334.0
6511.082596428698,124178.0
6511.2624202506395,125600.0
6511.442244072581,124381.0
6511.622067894523,122232.0
6511.8018917164645,125273.0
6511.981715538406,127992.0
6512.161539360348,127044.0
6512.341363182289,126681.0
6512.52118700423,129571.0
6512.701010826172,133825.0
6512.880834648114,133714.0
6513.060658470055,135490.0
6513.240482291997,136967.0
6513.420306113939,137125.0
6513.60012993588,137639.0
6513.779953757822,137905.0
6513.959777579764,137789.0
6514.139601401705,138081.0
6514.319425223646,136709.0
6514.499249045588,132376.0
6514.67907286753,129499.0
6514.858896689471,132895.0
6515.038720511413,136511.0
6515.218544333355,139725.0
6515.398368155296,141221.0
6515.578191977238,139297.0
6515.75801579918,138153.0
6515.9378396211205,139086.0
6516.117663443062,137332.0
6516.297487265004,133650.0
6516.4773110869455,127116.0
6516.657134908887,126642.0
6516.836958730829,130597.0
6517.016782552771,137746.0
6517.196606374712,143814.0
6517.376430196654,146391.0
6517.556254018596,146656.0
6517.736077840536,145614.0
6517.915901662478,145021.0
6518.09572548442,145836.0
6518.275549306361,149495.0
6518.455373128303,151912.0
6518.635196950245,152699.0
6518.8150207721865,153165.0
6518.994844594128,154992.0
6519.17466841607,154020.0
6519.3544922380115,149363.0
6519.534316059952,148531.0
6519.714139881894,151551.0
6519.893963703836,153159.0
6520.073787525777,156307.0
6520.253611347719,158577.0
6520.433435169661,157794.0
6520.613258991602,157731.0
6520.793082813544,155883.0
6520.972906635486,155010.0
6521.152730457427,158130.0
6521.332554279368,159216.0
6521.51237810131,157418.0
6521.692201923252,154775.0
6521.872025745193,154038.0
6522.051849567135,155947.0
6522.231673389077,157661.0
6522.411497211018,157682.0
6522.59132103296,159027.0
6522.771144854902,160051.0
6522.950968676843,158197.0
6523.130792498784,157183.0
6523.310616320726,157826.0
6523.4904401426675,155757.0
6523.670263964609,153132.0
6523.850087786551,151963.0
6524.0299116084925,155283.0
6524.209735430434,160150.0
6524.389559252376,162192.0
6524.569383074318,160678.0
6524.749206896259,161256.0
6524.9290307182,165148.0
6525.108854540142,164936.0
6525.288678362083,162561.0
6525.468502184025,164784.0
6525.648326005967,167835.0
6525.828149827908,168727.0
6526.00797364985,166061.0
6526.187797471792,166880.0
6526.3676212937335,168832.0
6526.547445115675,168941.0
6526.727268937616,169226.0
6526.907092759558,170850.0
6527.086916581499,173454.0
6527.266740403441,172820.0
6527.446564225383,172658.0
6527.626388047324,171771.0
6527.806211869266,173018.0
6527.986035691208,171788.0
6528.165859513149,173296.0
6528.345683335091,176017.0
6528.525507157032,175418.0
6528.7053309789735,174334.0
6528.885154800915,173932.0
6529.064978622857,174730.0
6529.244802444799,177452.0
6529.42462626674,175589.0
6529.604450088682,177902.0
6529.784273910624,179106.0
6529.964097732565,178200.0
6530.143921554507,179417.0
6530.323745376448,180777.0
6530.503569198389,180353.0
6530.683393020331,180399.0
6530.863216842273,182080.0
6531.0430406642145,184204.0
6531.222864486156,183758.0
6531.402688308098,182306.0
6531.5825121300395,184918.0
6531.762335951981,183010.0
6531.942159773922,181780.0
6532.121983595864,180566.0
6532.301807417805,179530.0
6532.481631239747,180250.0
6532.661455061689,183609.0
6532.84127888363,188114.0
6533.021102705572,188493.0
6533.200926527514,188606.0
6533.380750349455,187238.0
6533.560574171397,187433.0
6533.740397993338,187385.0
6533.92022181528,186297.0
6534.100045637221,186044.0
6534.279869459163,186932.0
6534.459693281105,190284.0
6534.639517103046,193788.0
6534.819340924988,193960.0
6534.99916474693,193327.0
6535.178988568871,193647.0
6535.358812390813,194898.0
6535.538636212754,195948.0
6535.718460034695,197560.0
6535.898283856637,197843.0
6536.078107678579,195697.0
6536.2579315005205,196572.0
6536.437755322462,197506.0
6536.617579144404,197024.0
6536.7974029663455,197559.0
6536.977226788287,197850.0
6537.157050610229,199094.0
6537.33687443217,200487.0
6537.516698254111,202403.0
6537.696522076053,203280.0
6537.876345897995,200911.0
6538.056169719936,199660.0
6538.235993541878,204205.0
6538.41581736382,207430.0
6538.595641185761,206513.0
6538.775465007703,207126.0
6538.955288829645,208606.0
6539.135112651586,207641.0
6539.314936473527,207266.0
6539.494760295469,207867.0
6539.674584117411,208574.0
6539.854407939352,209998.0
6540.034231761294,210881.0
6540.214055583236,210607.0
6540.393879405177,211012.0
6540.573703227119,210822.0
6540.753527049061,210415.0
6540.9333508710015,211539.0
6541.113174692943,212196.0
6541.292998514885,212587.0
6541.4728223368265,213397.0
6541.652646158768,212264.0
6541.83246998071,215895.0
6542.012293802652,212876.0
6542.192117624593,212156.0
6542.371941446535,210971.0
6542.551765268477,212293.0
6542.731589090417,216212.0
6542.911412912359,218806.0
6543.091236734301,218950.0
6543.271060556242,219150.0
6543.450884378184,217812.0
6543.630708200126,212673.0
6543.8105320220675,209431.0
6543.990355844009,207708.0
6544.170179665951,208712.0
6544.3500034878925,217060.0
6544.529827309833,226676.0
6544.709651131775,226998.0
6544.889474953717,223606.0
6545.069298775658,224583.0
6545.2491225976,227686.0
6545.428946419542,227872.0
6545.608770241483,226355.0
6545.788594063425,227537.0
6545.968417885367,230046.0
6546.148241707308,229339.0
6546.328065529249,229925.0
6546.507889351191,232662.0
6546.687713173133,235752.0
6546.867536995074,236344.0
6547.047360817016,234568.0
6547.227184638958,233471.0
6547.407008460899,234067.0
6547.586832282841,232794.0
6547.766656104783,233136.0
6547.946479926724,236575.0
6548.126303748665,237076.0
6548.306127570607,234204.0
6548.4859513925485,230968.0
6548.66577521449,229546.0
6548.845599036432,231727.0
6549.0254228583735,244304.0
6549.205246680315,246889.0
6549.385070502257,248800.0
6549.564894324199,249059.0
6549.74471814614,250653.0
6549.924541968081,251417.0
6550.104365790023,252674.0
6550.284189611964,255135.0
6550.464013433906,255702.0
6550.643837255848,255872.0
6550.823661077789,257171.0
6551.003484899731,259414.0
6551.183308721673,259284.0
6551.3631325436145,263471.0
6551.542956365556,265293.0
6551.722780187497,266976.0
6551.902604009439,268300.0
6552.08242783138,271370.0
6552.262251653322,270263.0
6552.442075475264,264240.0
6552.621899297205,261260.0
6552.801723119147,263776.0
6552.981546941089,273851.0
6553.16137076303,287236.0
6553.341194584971,289916.0
6553.521018406913,288428.0
6553.7008422288545,290559.0
6553.880666050796,292614.0
6554.060489872738,298467.0
6554.24031369468,304786.0
6554.420137516621,315228.0
6554.599961338563,320283.0
6554.779785160505,320297.0
6554.959608982446,325141.0
6555.139432804388,334209.0
6555.319256626329,341594.0
6555.49908044827,347064.0
6555.678904270212,354350.0
6555.858728092154,365128.0
6556.0385519140955,375636.0
6556.218375736037,382128.0
6556.398199557979,388109.0
6556.5780233799205,404370.0
6556.757847201862,413512.0
6556.937671023803,418975.0
6557.117494845745,427677.0
6557.297318667686,444321.0
6557.477142489628,466603.0
6557.65696631157,487513.0
6557.836790133511,503799.0
6558.016613955453,520126.0
6558.196437777395,544770.0
6558.376261599336,574820.0
6558.556085421278,606661.0
6558.735909243219,641522.0
6558.915733065161,671006.0
6559.095556887102,712052.0
6559.275380709044,760593.0
6559.455204530986,801303.0
6559.635028352927,854378.0
6559.814852174869,897436.0
6559.994675996811,943985.0
6560.174499818752,1.00146e+06
6560.354323640694,1.0622e+06
6560.534147462635,1.13032e+06
6560.7139712845765,1.20347e+06
6560.893795106518,1.27776e+06
6561.07361892846,1.34433e+06
6561.2534427504015,1.40233e+06
6561.433266572343,1.46e+06
6561.613090394285,1.49453e+06
6561.792914216227,1.51172e+06
6561.972738038168,1.50629e+06
6562.15256186011,1.49176e+06
6562.332385682051,1.47193e+06
6562.512209503992,1.39042e+06
6562.692033325934,1.22906e+06
6562.871857147876,996644.0
6563.051680969817,779084.0
6563.231504791759,651187.0
6563.411328613701,646265.0
6563.5911524356425,761000.0
6563.770976257584,942010.0
6563.950800079526,1.12328e+06
6564.130623901467,1.28015e+06
6564.310447723408,1.40269e+06
6564.49027154535,1.47628e+06
6564.670095367292,1.53011e+06
6564.849919189233,1.5532e+06
6565.029743011175,1.53945e+06
6565.209566833117,1.50951e+06
6565.389390655058,1.46824e+06
6565.569214477,1.40835e+06
6565.749038298942,1.34747e+06
6565.9288621208825,1.27895e+06
6566.108685942824,1.2009e+06
6566.288509764766,1.13218e+06
6566.468333586708,1.07276e+06
6566.648157408649,1.02081e+06
6566.827981230591,966620.0
6567.007805052533,907183.0
6567.187628874474,856670.0
6567.367452696416,812907.0
6567.547276518358,773406.0
6567.727100340298,733235.0
6567.90692416224,699938.0
6568.086747984182,665487.0
6568.2665718061235,632994.0
6568.446395628065,600630.0
6568.626219450007,568301.0
6568.8060432719485,543714.0
6568.98586709389,529835.0
6569.165690915832,512506.0
6569.345514737774,488581.0
6569.525338559714,470224.0
6569.705162381656,460350.0
6569.884986203598,450348.0
6570.064810025539,438202.0
6570.244633847481,425289.0
6570.424457669423,414096.0
6570.604281491364,406689.0
6570.784105313306,398564.0
6570.963929135248,391278.0
6571.1437529571895,380113.0
6571.32357677913,373617.0
6571.503400601072,370916.0
6571.683224423014,360806.0
6571.863048244955,343330.0
6572.042872066897,332594.0
6572.222695888839,328951.0
6572.40251971078,334379.0
6572.582343532722,336170.0
6572.762167354664,332325.0
6572.941991176605,330871.0
6573.121814998546,325439.0
6573.301638820488,318749.0
6573.4814626424295,313593.0
6573.661286464371,310751.0
6573.841110286313,313397.0
6574.020934108255,311522.0
6574.200757930196,305299.0
6574.380581752138,302058.0
6574.56040557408,296725.0
6574.74022939602,285714.0
6574.920053217962,280576.0
6575.099877039904,284624.0
6575.279700861845,292805.0
6575.459524683787,294447.0
6575.639348505729,295195.0
6575.8191723276705,293978.0
6575.998996149612,290893.0
6576.178819971554,288199.0
6576.3586437934955,284506.0
6576.538467615437,284466.0
6576.718291437378,285896.0
6576.89811525932,285566.0
6577.077939081261,284829.0
6577.257762903203,285283.0
6577.437586725145,284316.0
6577.617410547086,281161.0
6577.797234369028,281843.0
6577.97705819097,283751.0
6578.156882012911,281796.0
6578.336705834852,274939.0
6578.516529656794,275695.0
6578.696353478736,275248.0
6578.876177300677,275665.0
6579.056001122619,276717.0
6579.235824944561,276913.0
6579.415648766502,272735.0
6579.595472588444,276290.0
6579.775296410386,279360.0
6579.955120232327,274613.0
6580.134944054268,272289.0
6580.31476787621,273260.0
6580.494591698151,273896.0
6580.674415520093,268950.0
6580.854239342035,267150.0
6581.0340631639765,271296.0
6581.213886985918,273435.0
6581.39371080786,272776.0
6581.5735346298015,272389.0
6581.753358451743,274266.0
6581.933182273684,272766.0
6582.113006095626,271116.0
6582.292829917567,270544.0
6582.472653739509,271383.0
6582.652477561451,274332.0
6582.832301383392,272962.0
6583.012125205334,272378.0
6583.191949027276,272233.0
6583.371772849217,267249.0
6583.551596671159,266060.0
6583.7314204931,266704.0
6583.911244315042,273468.0
6584.091068136983,276357.0
6584.270891958925,276490.0
6584.450715780867,273562.0
6584.630539602808,272556.0
6584.81036342475,273513.0
6584.990187246692,274071.0
6585.170011068633,272010.0
6585.349834890575,269892.0
6585.529658712516,269704.0
6585.7094825344575,271077.0
6585.889306356399,274578.0
6586.069130178341,273901.0
6586.2489540002825,268088.0
6586.428777822224,264903.0
6586.608601644166,265372.0
6586.788425466108,266470.0
6586.968249288049,270096.0
6587.148073109991,269477.0
6587.327896931932,269679.0
6587.507720753873,270309.0
6587.687544575815,269253.0
6587.867368397757,271001.0
6588.047192219698,271634.0
6588.22701604164,271332.0
6588.406839863582,269684.0
6588.5866636855235,269989.0
6588.766487507465,271607.0
6588.946311329407,271709.0
6589.126135151348,268430.0
6589.305958973289,270191.0
6589.485782795231,275353.0
6589.665606617173,274612.0
6589.845430439114,270295.0
6590.025254261056,269751.0
6590.205078082998,272485.0
6590.384901904939,274481.0
6590.564725726881,272310.0
6590.744549548823,270197.0
6590.9243733707635,270607.0
6591.104197192705,270698.0
6591.284021014647,271009.0
6591.463844836589,270592.0
6591.64366865853,271590.0
6591.823492480472,268079.0
6592.003316302414,270198.0
6592.183140124355,270028.0
6592.362963946297,271209.0
6592.542787768239,265736.0
6592.722611590179,263407.0
6592.902435412121,266660.0
6593.082259234063,267643.0
6593.2620830560045,270789.0
6593.441906877946,269222.0
6593.621730699888,265042.0
6593.8015545218295,266004.0
6593.981378343771,265954.0
6594.161202165713,265170.0
6594.341025987655,263724.0
6594.520849809595,264190.0
6594.700673631537,264710.0
6594.880497453479,267769.0
6595.06032127542,267846.0
6595.240145097362,263642.0
6595.419968919304,263415.0
6595.599792741245,266594.0
6595.779616563187,266011.0
6595.959440385129,262939.0
6596.1392642070705,263371.0
6596.319088029011,263765.0
6596.498911850953,264466.0
6596.678735672895,266210.0
6596.858559494836,264302.0
6597.038383316778,263577.0
6597.21820713872,263149.0
6597.398030960661,262357.0
6597.577854782603,263507.0
6597.757678604545,261794.0
6597.937502426486,262221.0
6598.117326248427,264529.0
6598.297150070369,266792.0
6598.4769738923105,266465.0
6598.656797714252,265796.0
6598.836621536194,264971.0
6599.016445358136,261394.0
6599.196269180077,260024.0
6599.376093002019,259251.0
6599.555916823961,261547.0
6599.735740645901,262955.0
6599.915564467843,264692.0
6600.095388289785,263418.0
6600.275212111726,262801.0
6600.455035933668,261090.0
6600.63485975561,262824.0
6600.8146835775515,264221.0
6600.994507399493,263076.0
6601.174331221435,263055.0
6601.3541550433765,260616.0
6601.533978865317,263592.0
6601.713802687259,264214.0
6601.893626509201,261616.0
6602.073450331142,258850.0
6602.253274153084,258756.0
6602.433097975026,259293.0
6602.612921796967,261503.0
6602.792745618909,262918.0
6602.972569440851,262464.0
6603.152393262792,260974.0
6603.332217084733,259359.0
6603.512040906675,259040.0
6603.691864728617,259633.0
6603.871688550558,261200.0
6604.0515123725,261687.0
6604.231336194442,261050.0
6604.411160016383,260321.0
6604.590983838325,258949.0
6604.770807660267,257637.0
6604.950631482208,258113.0
6605.130455304149,259764.0
6605.310279126091,260018.0
6605.4901029480325,260336.0
6605.669926769974,257702.0
6605.849750591916,253682.0
6606.0295744138575,255206.0
6606.209398235799,261947.0
6606.389222057741,263090.0
6606.569045879683,260214.0
6606.748869701624,258012.0
6606.928693523565,259087.0
6607.108517345507,258473.0
6607.288341167448,258262.0
6607.46816498939,255149.0
6607.647988811332,255097.0
6607.827812633273,257757.0
6608.007636455215,257758.0
6608.187460277157,260774.0
6608.3672840990985,258661.0
6608.54710792104,257184.0
6608.726931742981,255658.0
6608.906755564923,253449.0
6609.086579386864,252541.0
6609.266403208806,257065.0
6609.446227030748,256686.0
6609.626050852689,257735.0
6609.805874674631,257580.0
6609.985698496573,255597.0
6610.165522318514,255267.0
6610.345346140456,255619.0
6610.525169962397,255049.0
6610.7049937843385,255664.0
6610.88481760628,255003.0
6611.064641428222,253050.0
6611.244465250164,254437.0
6611.424289072105,255090.0
6611.604112894047,252942.0
6611.783936715989,253818.0
6611.96376053793,252925.0
6612.143584359872,253502.0
6612.323408181813,252784.0
6612.503232003754,253273.0
6612.683055825696,253926.0
6612.862879647638,257161.0
6613.0427034695795,253096.0
6613.222527291521,252695.0
6613.402351113463,252117.0
6613.5821749354045,250707.0
6613.761998757346,248224.0
6613.941822579288,249799.0
6614.121646401229,251497.0
6614.30147022317,250814.0
6614.481294045112,246759.0
6614.661117867054,247550.0
6614.840941688995,251709.0
6615.020765510937,249408.0
6615.200589332879,247932.0
6615.38041315482,246434.0
6615.560236976762,246868.0
6615.740060798704,250384.0
6615.919884620645,253257.0
6616.099708442586,249734.0
6616.279532264528,249271.0
6616.45935608647,250465.0
6616.639179908411,248743.0
6616.819003730353,249987.0
6616.998827552295,254036.0
6617.178651374236,251587.0
6617.358475196178,249951.0
6617.53829901812,248996.0
6617.7181228400605,248698.0
6617.897946662002,247813.0
6618.077770483944,249539.0
6618.2575943058855,250884.0
6618.437418127827,247248.0
6618.617241949769,246747.0
6618.797065771711,249039.0
6618.976889593652,248316.0
6619.156713415594,245482.0
6619.336537237536,246805.0
6619.516361059476,247489.0
6619.696184881418,245982.0
6619.87600870336,246113.0
6620.055832525301,245299.0
6620.235656347243,245007.0
6620.415480169185,244532.0
6620.5953039911265,245236.0
6620.775127813068,245775.0
6620.95495163501,245219.0
6621.134775456951,243440.0
6621.314599278892,241544.0
6621.494423100834,242020.0
6621.674246922776,243699.0
6621.854070744717,242195.0
6622.033894566659,245405.0
6622.213718388601,246883.0
6622.393542210542,244355.0
6622.573366032484,242036.0
6622.753189854426,241932.0
6622.933013676367,241974.0
6623.112837498308,243267.0
6623.29266132025,244012.0
6623.4724851421915,243792.0
6623.652308964133,244378.0
6623.832132786075,242588.0
6624.011956608017,241295.0
6624.191780429958,242716.0
6624.3716042519,240497.0
6624.551428073842,238898.0
6624.731251895782,238704.0
6624.911075717724,240250.0
6625.090899539666,242311.0
6625.270723361607,243497.0
6625.450547183549,242396.0
6625.630371005491,241420.0
6625.8101948274325,239202.0
6625.990018649374,239752.0
6626.169842471316,237370.0
6626.3496662932575,235834.0
6626.529490115198,235990.0
6626.70931393714,237791.0
6626.889137759082,238901.0
6627.068961581023,237857.0
6627.248785402965,236065.0
6627.428609224907,235372.0
6627.608433046848,237153.0
6627.78825686879,235992.0
6627.968080690732,232996.0
6628.147904512673,233248.0
6628.327728334614,235998.0
6628.507552156556,235371.0
6628.687375978498,234724.0
6628.867199800439,231967.0
6629.047023622381,234173.0
6629.226847444323,237424.0
6629.406671266264,235244.0
6629.586495088206,234323.0
6629.766318910148,233289.0
6629.946142732089,236011.0
6630.12596655403,235251.0
6630.305790375972,232814.0
6630.4856141979135,232333.0
6630.665438019855,231646.0
6630.845261841797,234515.0
6631.0250856637385,232759.0
6631.20490948568,230978.0
6631.384733307622,233231.0
6631.564557129564,234802.0
6631.744380951505,231827.0
6631.924204773446,232622.0
6632.104028595388,233937.0
6632.283852417329,231845.0
6632.463676239271,230525.0
6632.643500061213,233534.0
6632.823323883154,232719.0
6633.003147705096,231440.0
6633.182971527038,230390.0
6633.3627953489795,230052.0
6633.542619170921,232088.0
6633.722442992862,231130.0
6633.902266814804,231770.0
6634.082090636745,231627.0
6634.261914458687,228355.0
6634.441738280629,226333.0
6634.62156210257,228023.0
6634.801385924512,230500.0
6634.981209746454,231654.0
6635.161033568395,230490.0
6635.340857390337,230091.0
6635.520681212278,228231.0
6635.7005050342195,225197.0
6635.880328856161,226264.0
6636.060152678103,227272.0
6636.239976500045,226068.0
6636.419800321986,228905.0
6636.599624143928,227532.0
6636.77944796587,225540.0
6636.959271787811,225571.0
6637.139095609753,226413.0
6637.318919431694,226924.0
6637.498743253635,225842.0
6637.678567075577,223633.0
6637.858390897519,224409.0
6638.0382147194605,225048.0
6638.218038541402,224482.0
6638.397862363344,225234.0
6638.5776861852855,223078.0
6638.757510007227,223646.0
6638.937333829169,223680.0
6639.11715765111,224642.0
6639.296981473051,224267.0
6639.476805294993,223121.0
6639.656629116935,220977.0
6639.836452938876,221030.0
6640.016276760818,221899.0
6640.19610058276,220442.0
6640.375924404701,222439.0
6640.555748226643,219857.0
6640.735572048585,217003.0
6640.915395870526,218251.0
6641.095219692467,217165.0
6641.275043514409,218596.0
6641.454867336351,220483.0
6641.634691158292,220212.0
6641.814514980234,218337.0
6641.994338802176,217746.0
6642.174162624117,217706.0
6642.353986446059,216088.0
6642.533810268,215903.0
6642.7136340899415,217617.0
6642.893457911883,215556.0
6643.073281733825,214486.0
6643.2531055557665,214812.0
6643.432929377708,213890.0
6643.61275319965,213145.0
6643.792577021592,213959.0
6643.972400843533,214988.0
6644.152224665475,214513.0
6644.332048487417,214302.0
6644.511872309357,213665.0
6644.691696131299,214947.0
6644.871519953241,214589.0
6645.051343775182,213844.0
6645.231167597124,214968.0
6645.410991419066,214022.0
6645.5908152410075,211457.0
6645.770639062949,212904.0
6645.950462884891,212727.0
6646.130286706832,213332.0
6646.310110528773,211198.0
6646.489934350715,210171.0
6646.669758172657,211229.0
6646.849581994598,210443.0
6647.02940581654,210959.0
6647.209229638482,208813.0
6647.389053460423,209760.0
6647.568877282365,209264.0
6647.748701104307,207943.0
6647.9285249262475,207392.0
6648.108348748189,207188.0
6648.288172570131,208380.0
6648.467996392073,206922.0
6648.647820214014,204649.0
6648.827644035956,206248.0
6649.007467857898,208270.0
6649.187291679839,206930.0
6649.367115501781,206170.0
6649.546939323723,207133.0
6649.726763145663,207319.0
6649.906586967605,208321.0
6650.086410789547,207859.0
6650.2662346114885,203308.0
6650.44605843343,202357.0
6650.625882255372,202177.0
6650.8057060773135,202677.0
6650.985529899255,202443.0
6651.165353721197,202041.0
6651.345177543139,203434.0
6651.525001365079,203454.0
6651.704825187021,200793.0
6651.884649008963,202449.0
6652.064472830904,202367.0
6652.244296652846,202300.0
6652.424120474788,202089.0
6652.603944296729,198802.0
6652.783768118671,197225.0
6652.963591940613,199574.0
6653.1434157625545,199771.0
6653.323239584495,198499.0
6653.503063406437,199334.0
6653.682887228379,199087.0
6653.86271105032,196902.0
6654.042534872262,197822.0
6654.222358694204,197405.0
6654.402182516145,197251.0
6654.582006338087,198097.0
6654.761830160029,197479.0
6654.94165398197,195563.0
6655.121477803911,195605.0
6655.301301625853,194184.0
6655.4811254477945,195173.0
6655.660949269736,195880.0
6655.840773091678,194261.0
6656.02059691362,194005.0
6656.200420735561,191772.0
6656.380244557503,192691.0
6656.560068379445,193185.0
6656.739892201386,192766.0
6656.919716023327,190090.0
6657.099539845269,190350.0
6657.27936366721,191369.0
6657.459187489152,189430.0
6657.639011311094,189028.0
6657.8188351330355,189265.0
6657.998658954977,188531.0
6658.178482776919,188283.0
6658.3583065988605,191227.0
6658.538130420802,189781.0
6658.717954242743,186970.0
6658.897778064685,187669.0
6659.077601886626,191072.0
6659.257425708568,188632.0
6659.43724953051,186537.0
6659.617073352451,186262.0
6659.796897174393,185544.0
6659.976720996335,186834.0
6660.156544818276,184848.0
6660.336368640218,184805.0
6660.516192462159,186941.0
6660.696016284101,186096.0
6660.875840106042,185259.0
6661.055663927984,184610.0
6661.235487749926,184016.0
6661.415311571867,182453.0
6661.595135393809,181254.0
6661.774959215751,180518.0
6661.954783037692,183059.0
6662.134606859634,182422.0
6662.314430681575,182947.0
6662.4942545035165,181363.0
6662.674078325458,183361.0
6662.8539021474,180972.0
6663.0337259693415,181725.0
6663.213549791283,179646.0
6663.393373613225,177627.0
6663.573197435167,179533.0
6663.753021257108,178364.0
6663.932845079049,177682.0
6664.112668900991,179042.0
6664.292492722932,177055.0
6664.472316544874,178548.0
6664.652140366816,178854.0
6664.831964188757,176657.0
6665.011788010699,177072.0
6665.191611832641,175716.0
6665.3714356545825,175013.0
6665.551259476524,176005.0
6665.731083298466,173933.0
6665.910907120407,172792.0
6666.090730942348,173235.0
6666.27055476429,174298.0
6666.450378586232,174359.0
6666.630202408173,174396.0
6666.810026230115,173719.0
6666.989850052057,173145.0
6667.169673873998,173311.0
6667.34949769594,172624.0
6667.529321517881,171447.0
6667.7091453398225,170797.0
6667.888969161764,171275.0
6668.068792983706,169623.0
6668.2486168056475,169044.0
6668.428440627589,169558.0
6668.608264449531,170718.0
6668.788088271473,170697.0
6668.967912093414,170538.0
6669.147735915356,167005.0
6669.327559737298,168509.0
6669.507383559238,165803.0
6669.68720738118,163710.0
6669.867031203122,165438.0
6670.046855025063,167526.0
6670.226678847005,169074.0
6670.406502668947,166234.0
6670.5863264908885,162937.0
6670.76615031283,163948.0
6670.945974134772,164714.0
6671.125797956713,164021.0
6671.305621778654,165287.0
6671.485445600596,163638.0
6671.665269422538,163531.0
6671.845093244479,165507.0
6672.024917066421,161865.0
6672.204740888363,160738.0
6672.384564710304,160752.0
6672.564388532246,159803.0
6672.744212354188,159222.0
6672.9240361761285,157767.0
6673.10385999807,155710.0
6673.283683820012,155332.0
6673.463507641954,154470.0
6673.643331463895,156354.0
6673.823155285837,158532.0
6674.002979107779,156559.0
6674.18280292972,153815.0
6674.362626751662,151340.0
6674.542450573604,152211.0
6674.722274395544,154002.0
6674.902098217486,153598.0
6675.081922039428,150627.0
6675.2617458613695,150003.0
6675.441569683311,151532.0
6675.621393505253,151219.0
6675.8012173271945,149796.0
6675.981041149136,149618.0
6676.160864971078,150506.0
6676.34068879302,147988.0
6676.52051261496,146569.0
6676.700336436902,146173.0
6676.880160258844,146904.0
6677.059984080785,146969.0
6677.239807902727,146350.0
6677.419631724669,144811.0
6677.59945554661,144857.0
6677.779279368552,143710.0
6677.959103190494,141379.0
6678.1389270124355,140871.0
6678.318750834376,142017.0
6678.498574656318,143958.0
6678.67839847826,141432.0
6678.858222300201,137982.0
6679.038046122143,138580.0
6679.217869944085,140832.0
6679.397693766026,141441.0
6679.577517587968,140069.0
6679.75734140991,139138.0
6679.937165231851,139002.0
6680.116989053792,138727.0
6680.296812875734,140260.0
6680.4766366976755,139583.0
6680.656460519617,136675.0
6680.836284341559,136555.0
6681.016108163501,136526.0
6681.195931985442,138199.0
6681.375755807384,137681.0
6681.555579629326,136077.0
6681.735403451267,135771.0
6681.915227273208,136846.0
6682.09505109515,136304.0
6682.274874917091,135416.0
6682.454698739033,136234.0
6682.634522560975,137096.0
6682.8143463829165,137559.0
6682.994170204858,135672.0
6683.1739940268,135455.0
6683.3538178487415,135653.0
6683.533641670683,133856.0
6683.713465492624,134366.0
6683.893289314566,132915.0
6684.073113136507,131312.0
6684.252936958449,134776.0
6684.432760780391,134362.0
6684.612584602332,133472.0
6684.792408424274,135350.0
6684.972232246216,134490.0
6685.152056068157,135375.0
6685.331879890099,132806.0
6685.51170371204,131916.0
6685.691527533982,133326.0
6685.871351355923,134395.0
6686.051175177865,131276.0
6686.230998999807,131204.0
6686.410822821748,132774.0
6686.59064664369,130896.0
6686.770470465632,130838.0
6686.950294287573,131949.0
6687.130118109515,129801.0
6687.309941931456,128682.0
6687.4897657533975,128166.0
6687.669589575339,129464.0
6687.849413397281,128645.0
6688.0292372192225,128211.0
6688.209061041164,127592.0
6688.388884863106,127316.0
6688.568708685048,126685.0
6688.748532506989,127728.0
6688.92835632893,125942.0
6689.108180150872,126263.0
6689.288003972813,126284.0
6689.467827794755,124685.0
6689.647651616697,122734.0
6689.827475438638,122878.0
6690.00729926058,122694.0
6690.187123082522,122900.0
6690.3669469044635,123427.0
6690.546770726405,121828.0
6690.726594548347,121103.0
6690.906418370288,122323.0
6691.086242192229,122492.0
6691.266066014171,122902.0
6691.445889836113,123700.0
6691.625713658054,120914.0
6691.805537479996,119689.0
6691.985361301938,119863.0
6692.165185123879,120286.0
6692.345008945821,118115.0
6692.524832767762,117960.0
6692.7046565897035,117401.0
6692.884480411645,116495.0
6693.064304233587,117666.0
6693.244128055529,117203.0
6693.42395187747,117430.0
6693.603775699412,113999.0
6693.783599521354,113331.0
6693.963423343295,114544.0
6694.143247165237,113939.0
6694.323070987178,113468.0
6694.502894809119,113300.0
6694.682718631061,111926.0
6694.862542453003,113642.0
6695.0423662749445,113338.0
6695.222190096886,113332.0
6695.402013918828,112572.0
6695.5818377407695,112494.0
6695.761661562711,109830.0
6695.941485384653,108674.0
6696.121309206594,106687.0
6696.301133028535,108119.0
6696.480956850477,110036.0
6696.660780672419,109052.0
6696.84060449436,107529.0
6697.020428316302,106893.0
6697.200252138244,108492.0
6697.380075960185,107282.0
6697.559899782127,105504.0
6697.739723604069,105701.0
6697.91954742601,105699.0
6698.099371247951,105830.0
6698.279195069893,103904.0
6698.459018891835,102487.0
6698.638842713776,103646.0
6698.818666535718,103545.0
6698.99849035766,102226.0
6699.178314179601,101977.0
6699.358138001543,101411.0
6699.537961823485,99263.0
6699.7177856454255,100866.0
6699.897609467367,101104.0
6700.077433289309,98961.3
6700.2572571112505,99005.1
6700.437080933192,99177.1
6700.616904755134,97977.6
6700.796728577076,97251.7
6700.976552399017,98126.9
6701.156376220959,97442.3
6701.336200042901,97748.7
6701.516023864841,96895.9
6701.695847686783,94554.2
6701.875671508725,96274.2
6702.055495330666,97112.4
6702.235319152608,96980.7
6702.41514297455,95582.9
6702.5949667964915,93660.5
6702.774790618433,92795.4
6702.954614440375,94510.1
6703.1344382623165,95749.6
6703.314262084257,93677.4
6703.494085906199,93157.9
6703.673909728141,92076.0
6703.853733550082,91257.0
6704.033557372024,90984.4
6704.213381193966,89056.0
6704.393205015907,89361.8
6704.573028837849,88600.0
6704.752852659791,89228.5
6704.932676481732,90463.1
6705.112500303673,90903.7
6705.292324125615,89633.5
6705.472147947557,88930.9
6705.651971769498,88608.6
6705.83179559144,88881.8
6706.011619413382,89294.8
6706.191443235323,86847.6
6706.371267057265,84976.1
6706.551090879207,85427.9
6706.730914701148,87245.1
6706.910738523089,85384.8
6707.090562345031,85074.1
6707.2703861669725,85234.8
6707.450209988914,83165.4
6707.630033810856,82788.6
6707.8098576327975,82423.2
6707.989681454739,82124.7
6708.169505276681,82854.4
6708.349329098623,81455.9
6708.529152920564,80048.8
6708.708976742505,81140.3
6708.888800564447,82362.2
6709.068624386388,81660.3
6709.24844820833,79311.2
6709.428272030272,78243.7
6709.608095852213,77674.5
6709.787919674155,77918.2
6709.967743496097,77242.8
6710.147567318038,78198.0
6710.327391139979,77167.1
6710.507214961921,77169.9
6710.687038783863,77331.2
6710.866862605804,74932.2
6711.046686427746,73640.3
6711.226510249688,74437.7
6711.406334071629,74487.7
6711.586157893571,74034.2
6711.765981715513,72476.9
6711.945805537454,72737.3
6712.125629359396,72772.8
6712.305453181337,72666.8
6712.4852770032785,70897.3
6712.66510082522,71114.0
6712.844924647162,70186.6
6713.0247484691035,71626.8
6713.204572291045,72138.7
6713.384396112987,71045.1
6713.564219934929,70480.2
6713.74404375687,69497.7
6713.923867578811,68556.3
6714.103691400753,69183.5
6714.283515222694,70320.0
6714.463339044636,68186.0
6714.643162866578,67416.1
6714.822986688519,67629.6
6715.002810510461,67437.5
6715.182634332403,65841.3
6715.3624581543445,66937.9
6715.542281976286,67140.3
6715.722105798227,65392.8
6715.901929620169,64986.0
6716.08175344211,64076.0
6716.261577264052,63534.3
6716.441401085994,64063.7
6716.621224907935,64073.4
6716.801048729877,63668.2
6716.980872551819,61881.0
6717.16069637376,62087.5
6717.340520195702,61984.6
6717.520344017643,63629.5
6717.7001678395845,61504.5
6717.879991661526,60883.2
6718.059815483468,60636.0
6718.23963930541,60071.5
6718.419463127351,60754.7
6718.599286949293,59165.4
6718.779110771235,58071.7
6718.958934593176,59389.1
6719.138758415118,56900.3
6719.318582237059,57281.4
6719.498406059,57807.7
6719.678229880942,58348.7
6719.858053702884,58402.1
6720.0378775248255,57275.4
6720.217701346767,56788.6
6720.397525168709,55889.0
6720.5773489906505,55501.6
6720.757172812592,56871.9
6720.936996634534,56329.3
6721.116820456475,54635.2
6721.296644278416,55739.8
6721.476468100358,54665.6
6721.6562919223,54071.3
6721.836115744241,52838.7
6722.015939566183,52976.8
6722.195763388125,52953.9
6722.375587210066,52145.3
6722.555411032008,51957.8
6722.73523485395,52272.3
6722.915058675891,50807.8
6723.094882497832,50638.2
6723.274706319774,50676.0
6723.454530141716,51224.3
6723.634353963657,51306.3
6723.814177785599,51003.8
6723.994001607541,49711.2
6724.173825429482,48086.0
6724.353649251424,47655.7
6724.533473073366,48394.8
6724.7132968953065,48704.8
6724.893120717248,47761.2
6725.07294453919,48227.0
6725.2527683611315,48336.8
6725.432592183073,46869.6
6725.612416005015,46549.4
6725.792239826957,46409.6
6725.972063648898,46053.7
6726.15188747084,45095.1
6726.331711292782,45355.8
6726.511535114722,45024.6
6726.691358936664,45613.8
6726.871182758606,45657.4
6727.051006580547,44121.2
6727.230830402489,44158.2
6727.410654224431,42777.0
6727.5904780463725,42942.8
6727.770301868314,43050.5
6727.950125690256,42812.4
6728.1299495121975,41734.1
6728.309773334138,42944.9
6728.48959715608,42561.4
6728.669420978022,41933.8
6728.849244799963,40880.4
6729.029068621905,40903.4
6729.208892443847,41035.1
6729.388716265788,40010.7
6729.56854008773,39808.5
6729.748363909672,39774.6
6729.928187731613,39178.5
6730.108011553554,39363.6
6730.287835375496,39152.0
6730.467659197438,37924.3
6730.647483019379,37724.6
6730.827306841321,37724.7
6731.007130663263,36881.5
6731.186954485204,38129.1
6731.366778307146,37784.2
6731.546602129088,36200.3
6731.726425951028,37073.8
6731.90624977297,36586.9
6732.086073594912,35575.6
6732.2658974168535,36286.0
6732.445721238795,36130.0
6732.625545060737,35080.6
6732.8053688826785,33947.7
6732.98519270462,34984.5
6733.165016526562,34552.5
6733.344840348504,31572.0
