6486.3383389328,41144.2
6486.517947421266,41110.5
6486.697555909733,40500.9
6486.877164398198,39872.5
6487.0567728866645,40010.2
6487.236381375131,40795.0
6487.415989863597,41160.7
6487.595598352063,41476.0
6487.775206840529,42848.7
6487.954815328995,42441.9
6488.1344238174615,42724.6
6488.314032305927,43782.3
6488.493640794393,44432.2
6488.67324928286,43711.6
6488.852857771326,43020.6
6489.032466259792,43455.8
6489.212074748258,43526.2
6489.391683236724,44154.5
6489.57129172519,44393.6
6489.750900213657,45256.7
6489.930508702122,45937.3
6490.110117190588,45331.8
6490.289725679055,44979.8
6490.469334167521,44962.1
6490.6489426559865,43913.1
6490.828551144453,44566.8
6491.008159632919,45435.7
6491.1877681213855,45759.9
6491.367376609852,46146.3
6491.546985098317,47144.7
6491.726593586784,47624.1
6491.90620207525,48232.6
6492.085810563716,49489.0
6492.265419052182,48875.7
6492.445027540648,49158.4
6492.624636029114,48694.6
6492.804244517581,48310.5
6492.983853006047,47627.4
6493.163461494512,48430.2
6493.343069982979,50237.2
6493.522678471445,50403.0
6493.702286959911,50077.1
6493.881895448377,50269.3
6494.061503936843,50899.8
6494.241112425309,50700.1
6494.420720913776,50612.8
6494.600329402241,51787.2
6494.7799378907075,53212.5
6494.959546379174,53486.5
6495.13915486764,53609.9
6495.3187633561065,54299.8
6495.498371844572,52668.6
6495.677980333038,51575.0
6495.857588821505,51324.8
6496.037197309971,52723.4
6496.216805798436,53958.8
6496.396414286903,54594.9
6496.576022775369,55629.4
6496.755631263835,55957.6
6496.935239752301,55824.7
6497.114848240767,55370.1
6497.294456729233,54684.8
6497.4740652177,55488.7
6497.653673706166,56039.5
6497.8332821946315,55970.5
6498.012890683098,57263.3
6498.192499171564,58344.7
6498.37210766003,57436.8
6498.551716148496,58362.4
6498.731324636962,58656.2
6498.9109331254285,59918.9
6499.090541613895,59868.7
6499.27015010236,59867.1
6499.449758590827,60104.8
6499.629367079293,60406.4
6499.808975567759,61393.7
6499.988584056226,61146.2
6500.168192544691,60769.6
6500.347801033157,59775.6
6500.527409521624,60805.7
6500.70701801009,62542.5
6500.886626498555,63695.0
6501.066234987022,64096.9
6501.245843475488,63891.4
6501.425451963954,63681.4
6501.60506045242,63766.4
6501.784668940886,63892.9
6501.9642774293525,64586.5
6502.143885917819,65320.8
6502.323494406285,64855.5
6502.503102894751,64507.3
6502.682711383217,65862.2
6502.862319871683,67420.1
6503.0419283601495,67034.4
6503.221536848615,66339.8
6503.401145337081,67465.4
6503.580753825548,67243.0
6503.760362314014,66691.3
6503.93997080248,67176.2
6504.119579290946,67485.2
6504.299187779412,67602.3
6504.478796267878,68315.3
6504.658404756345,68933.4
6504.83801324481,68816.5
6505.017621733276,68787.1
6505.197230221743,70046.9
6505.376838710209,71192.5
6505.5564471986745,70293.9
6505.736055687141,70847.1
6505.915664175607,71591.5
6506.0952726640735,71226.1
6506.27488115254,71747.0
6506.454489641005,72276.7
6506.634098129472,72422.2
6506.813706617938,71307.2
6506.993315106404,71774.8
6507.17292359487,72793.5
6507.352532083336,74044.0
6507.532140571802,74899.5
6507.711749060269,74474.0
6507.891357548734,74505.5
6508.0709660372,75722.9
6508.250574525667,74907.0
6508.430183014133,73922.0
6508.609791502599,74633.1
6508.789399991065,75206.9
6508.969008479531,76001.5
6509.148616967997,77737.4
6509.328225456464,79166.1
6509.507833944929,79473.7
6509.6874424333955,79097.7
6509.867050921862,78867.0
6510.046659410328,79767.9
6510.226267898794,79329.9
6510.40587638726,79375.5
6510.585484875726,79374.3
6510.765093364193,80225.9
6510.944701852659,80738.0
6511.124310341124,81216.7
6511.303918829591,82505.7
6511.483527318057,82539.6
6511.663135806523,81495.3
6511.842744294989,80911.2
6512.022352783455,81260.9
6512.201961271921,82360.9
6512.381569760388,83284.8
6512.561178248853,83451.6
6512.7407867373195,83848.2
6512.920395225786,83976.2
6513.100003714252,83986.8
6513.279612202718,85035.7
6513.459220691184,84634.5
6513.63882917965,84756.0
6513.8184376681165,84560.7
6513.998046156583,84331.3
6514.177654645048,84955.0
6514.357263133515,83913.6
6514.536871621981,82000.6
6514.716480110447,82066.2
6514.896088598914,83863.4
6515.075697087379,86220.6
6515.255305575845,88176.6
6515.434914064312,88255.5
6515.614522552778,87893.6
6515.794131041243,88221.6
6515.97373952971,88030.2
6516.153348018176,86818.1
6516.332956506642,85062.6
6516.512564995108,83797.3
6516.692173483574,84328.3
6516.8717819720405,86622.2
6517.051390460507,89326.9
6517.230998948973,91259.6
6517.410607437439,91518.9
6517.590215925905,92255.8
6517.769824414371,92879.2
6517.9494329028375,92514.7
6518.129041391303,92292.3
6518.308649879769,93053.6
6518.488258368236,94334.7
6518.667866856702,94586.1
6518.847475345167,93047.0
6519.027083833634,92930.4
6519.2066923221,92469.6
6519.386300810566,93606.8
6519.565909299033,94636.4
6519.745517787498,96122.7
6519.925126275964,96664.6
6520.104734764431,97460.1
6520.284343252897,98689.2
6520.4639517413625,97792.5
6520.643560229829,98913.2
6520.823168718295,100004.0
6521.0027772067615,100358.0
6521.182385695227,100874.0
6521.361994183693,100312.0
6521.54160267216,99224.5
6521.721211160626,98360.4
6521.900819649092,99577.5
6522.080428137558,102199.0
6522.260036626024,102500.0
6522.43964511449,100947.0
6522.619253602957,100485.0
6522.798862091422,101445.0
6522.978470579888,103056.0
6523.158079068355,103387.0
6523.337687556821,102972.0
6523.5172960452865,101762.0
6523.696904533753,101838.0
6523.876513022219,102150.0
6524.056121510685,102415.0
6524.235729999152,104821.0
6524.415338487617,105127.0
6524.5949469760835,104877.0
6524.77455546455,106674.0
6524.954163953016,107989.0
6525.133772441482,108102.0
6525.313380929948,108289.0
6525.492989418414,107579.0
6525.672597906881,108165.0
6525.852206395347,108498.0
6526.031814883812,107689.0
6526.211423372279,109853.0
6526.391031860745,110736.0
6526.570640349211,110598.0
6526.750248837677,110998.0
6526.929857326143,112477.0
6527.109465814609,111377.0
6527.289074303076,111862.0
6527.468682791541,111875.0
6527.6482912800075,111116.0
6527.827899768474,112302.0
6528.00750825694,112819.0
6528.1871167454065,112567.0
6528.366725233872,114474.0
6528.546333722338,114434.0
6528.7259422108045,113712.0
6528.905550699271,115763.0
6529.085159187736,116041.0
6529.264767676203,115621.0
6529.444376164669,116114.0
6529.623984653135,116834.0
6529.803593141601,117350.0
6529.983201630067,117539.0
6530.162810118533,117092.0
6530.342418607,115827.0
6530.522027095466,115220.0
6530.701635583931,118522.0
6530.881244072398,119545.0
6531.060852560864,118355.0
6531.24046104933,118105.0
6531.420069537796,118588.0
6531.599678026262,118453.0
6531.7792865147285,118550.0
6531.958895003195,118404.0
6532.13850349166,117630.0
6532.318111980127,117960.0
6532.497720468593,118195.0
6532.677328957059,120462.0
6532.856937445526,121843.0
6533.036545933991,122256.0
6533.216154422457,123033.0
6533.395762910924,124646.0
6533.57537139939,123808.0
6533.754979887855,121956.0
6533.934588376322,122042.0
6534.114196864788,123095.0
6534.293805353254,123933.0
6534.473413841721,123666.0
6534.653022330186,123456.0
6534.832630818652,124306.0
6535.012239307119,124271.0
6535.191847795585,124482.0
6535.3714562840505,127670.0
6535.551064772517,130218.0
6535.730673260983,128109.0
6535.9102817494495,125521.0
6536.089890237915,126758.0
6536.269498726381,128386.0
6536.449107214848,127716.0
6536.628715703314,127393.0
6536.80832419178,127048.0
6536.987932680246,126074.0
6537.167541168712,127292.0
6537.347149657178,129620.0
6537.526758145645,130311.0
6537.70636663411,128901.0
6537.885975122576,129812.0
6538.065583611043,131278.0
6538.245192099509,129709.0
6538.4248005879745,129485.0
6538.604409076441,131273.0
6538.784017564907,131379.0
6538.963626053373,133941.0
6539.14323454184,132295.0
6539.322843030305,131355.0
6539.5024515187715,131148.0
6539.682060007238,132236.0
6539.861668495704,132840.0
6540.04127698417,132243.0
6540.220885472636,133671.0
6540.400493961102,134830.0
6540.580102449569,134349.0
6540.759710938034,134883.0
6540.9393194265,134184.0
6541.118927914967,133522.0
6541.298536403433,134792.0
6541.478144891899,133810.0
6541.657753380365,133744.0
6541.837361868831,133991.0
6542.016970357297,134279.0
6542.196578845764,135875.0
6542.376187334229,136868.0
6542.5557958226955,136300.0
6542.735404311162,135493.0
6542.915012799628,136809.0
6543.094621288094,138530.0
6543.27422977656,137769.0
6543.453838265026,137159.0
6543.6334467534925,132748.0
6543.813055241959,131111.0
6543.992663730424,131665.0
6544.172272218891,135104.0
6544.351880707357,136656.0
6544.531489195823,137639.0
6544.711097684289,139341.0
6544.890706172755,140201.0
6545.070314661221,139940.0
6545.249923149688,138346.0
6545.429531638154,137174.0
6545.609140126619,137842.0
6545.788748615086,137185.0
6545.968357103552,138792.0
6546.147965592018,138686.0
6546.327574080484,137909.0
6546.50718256895,139869.0
6546.6867910574165,142662.0
6546.866399545883,142933.0
6547.046008034348,142044.0
6547.225616522815,141777.0
6547.405225011281,140843.0
6547.584833499747,140406.0
6547.764441988214,141144.0
6547.944050476679,140928.0
6548.123658965145,140601.0
6548.303267453612,139478.0
6548.482875942078,138307.0
6548.662484430543,137833.0
6548.84209291901,137812.0
6549.021701407476,139952.0
6549.201309895942,142323.0
6549.380918384408,143051.0
6549.560526872874,142351.0
6549.74013536134,142168.0
6549.919743849807,141936.0
6550.099352338273,142443.0
6550.2789608267385,143641.0
6550.458569315205,143053.0
6550.638177803671,143510.0
6550.8177862921375,142584.0
6550.997394780603,141004.0
6551.177003269069,142056.0
6551.356611757536,142144.0
6551.536220246002,142386.0
6551.715828734467,142053.0
6551.895437222934,142086.0
6552.0750457114,140363.0
6552.254654199866,138051.0
6552.434262688333,137230.0
6552.613871176798,136132.0
6552.793479665264,135833.0
6552.973088153731,138459.0
6553.152696642197,141066.0
6553.3323051306625,141564.0
6553.511913619129,139648.0
6553.691522107595,140056.0
6553.871130596061,138613.0
6554.050739084527,138485.0
6554.230347572993,137354.0
6554.4099560614595,137731.0
6554.589564549926,139273.0
6554.769173038392,139176.0
6554.948781526858,138036.0
6555.128390015324,137533.0
6555.30799850379,137341.0
6555.487606992257,136944.0
6555.667215480722,135713.0
6555.846823969188,134187.0
6556.026432457655,135310.0
6556.206040946121,135791.0
6556.385649434587,134693.0
6556.565257923053,133058.0
6556.744866411519,131451.0
6556.924474899985,131105.0
6557.104083388452,129033.0
6557.283691876917,128843.0
6557.4633003653835,130056.0
6557.64290885385,129154.0
6557.822517342316,127925.0
6558.002125830782,126138.0
6558.181734319248,125499.0
6558.361342807714,127575.0
6558.5409512961805,126275.0
6558.720559784647,124168.0
6558.900168273112,123397.0
6559.079776761579,123972.0
6559.259385250045,122832.0
6559.438993738511,122049.0
6559.618602226977,120847.0
6559.798210715443,120061.0
6559.977819203909,119162.0
6560.157427692376,118524.0
6560.337036180841,119921.0
6560.516644669307,120680.0
6560.696253157774,120083.0
6560.87586164624,119349.0
6561.055470134706,119774.0
6561.235078623172,121134.0
6561.414687111638,121007.0
6561.5942956001045,121252.0
6561.773904088571,120065.0
6561.953512577036,122687.0
6562.133121065503,123593.0
6562.312729553969,122553.0
6562.492338042435,121772.0
6562.671946530901,121450.0
6562.851555019367,121421.0
6563.031163507833,121482.0
6563.2107719963,122464.0
6563.390380484766,122571.0
6563.569988973231,122802.0
6563.749597461698,122085.0
6563.929205950164,120166.0
6564.10881443863,119330.0
6564.288422927096,118744.0
6564.468031415562,120457.0
6564.647639904028,122933.0
6564.827248392495,122967.0
6565.00685688096,121335.0
6565.1864653694265,123277.0
6565.366073857893,123628.0
6565.545682346359,123511.0
6565.7252908348255,124358.0
6565.904899323291,124464.0
6566.084507811757,124465.0
6566.264116300224,126085.0
6566.44372478869,128134.0
6566.623333277155,128581.0
6566.802941765622,129050.0
6566.982550254088,129745.0
6567.162158742554,130301.0
6567.341767231021,132259.0
6567.521375719486,133123.0
6567.700984207952,133060.0
6567.880592696419,135758.0
6568.060201184885,136715.0
6568.2398096733505,136686.0
6568.419418161817,135825.0
6568.599026650283,137432.0
6568.778635138749,140360.0
6568.958243627215,140025.0
6569.137852115681,141239.0
6569.3174606041475,141551.0
6569.497069092614,142739.0
6569.67667758108,143882.0
6569.856286069546,145275.0
6570.035894558012,145508.0
6570.215503046478,146203.0
6570.395111534945,150047.0
6570.57472002341,152008.0
6570.754328511876,150409.0
6570.933937000343,149698.0
6571.113545488809,151028.0
6571.293153977274,151591.0
6571.472762465741,151567.0
6571.652370954207,152606.0
6571.831979442673,151189.0
6572.01158793114,151418.0
6572.191196419605,152429.0
6572.3708049080715,154973.0
6572.550413396538,157562.0
6572.730021885004,157332.0
6572.90963037347,156237.0
6573.089238861936,157530.0
6573.268847350402,159330.0
6573.4484558388685,160091.0
6573.628064327334,160080.0
6573.8076728158,160495.0
6573.987281304267,161210.0
6574.166889792733,161253.0
6574.346498281199,162023.0
6574.526106769665,160818.0
6574.705715258131,156725.0
6574.885323746597,155284.0
6575.064932235064,157182.0
6575.244540723529,161372.0
6575.424149211995,165186.0
6575.603757700462,167264.0
6575.783366188928,166511.0
6575.9629746773935,165685.0
6576.14258316586,165290.0
6576.322191654326,167386.0
6576.5018001427925,167982.0
6576.681408631259,166803.0
6576.861017119724,167324.0
6577.040625608191,167627.0
6577.220234096657,166479.0
6577.399842585123,166814.0
6577.579451073589,165996.0
6577.759059562055,165656.0
6577.938668050521,168577.0
6578.118276538988,168895.0
6578.297885027454,167229.0
6578.477493515919,165883.0
6578.657102004386,166342.0
6578.836710492852,168319.0
6579.016318981318,168754.0
6579.195927469784,169232.0
6579.37553595825,170598.0
6579.555144446716,170926.0
6579.734752935183,172674.0
6579.914361423648,172218.0
6580.0939699121145,170036.0
6580.273578400581,170715.0
6580.453186889047,169908.0
6580.6327953775135,168275.0
6580.812403865979,170344.0
6580.992012354445,170666.0
6581.171620842912,170073.0
6581.351229331378,173083.0
6581.530837819843,174508.0
6581.71044630831,174440.0
6581.890054796776,173262.0
6582.069663285242,171842.0
6582.249271773708,172647.0
6582.428880262174,172616.0
6582.60848875064,175025.0
6582.788097239107,174193.0
6582.967705727573,170880.0
6583.1473142160385,170380.0
6583.326922704505,170955.0
6583.506531192971,171300.0
6583.686139681437,172634.0
6583.865748169903,174580.0
6584.045356658369,174840.0
6584.2249651468355,176005.0
6584.404573635302,176479.0
6584.584182123767,176795.0
6584.763790612234,175671.0
6584.9433991007,175734.0
6585.123007589166,175742.0
6585.302616077633,175377.0
6585.482224566098,176912.0
6585.661833054564,179552.0
6585.841441543031,176616.0
6586.021050031497,174342.0
6586.200658519962,174895.0
6586.380267008429,173607.0
6586.559875496895,173219.0
6586.739483985361,174736.0
6586.919092473827,177202.0
6587.098700962293,178089.0
6587.2783094507595,176544.0
6587.457917939226,176324.0
6587.637526427692,178248.0
6587.817134916158,177576.0
6587.996743404624,176586.0
6588.17635189309,178073.0
6588.3559603815565,178775.0
6588.535568870022,177586.0
6588.715177358488,178125.0
6588.894785846955,178208.0
6589.074394335421,177667.0
6589.254002823887,178443.0
6589.433611312353,178797.0
6589.613219800819,180375.0
6589.792828289285,178160.0
6589.972436777752,178181.0
6590.152045266217,177579.0
6590.331653754683,178115.0
6590.51126224315,178950.0
6590.690870731616,179233.0
6590.8704792200815,176696.0
6591.050087708548,176714.0
6591.229696197014,177187.0
6591.4093046854805,176902.0
6591.588913173947,178349.0
6591.768521662412,178527.0
6591.948130150879,179798.0
6592.127738639345,180517.0
6592.307347127811,180301.0
6592.486955616277,179562.0
6592.666564104743,176018.0
6592.846172593209,177147.0
6593.025781081676,178042.0
6593.205389570141,178210.0
6593.384998058607,178359.0
6593.564606547074,179827.0
6593.74421503554,177845.0
6593.923823524006,178843.0
6594.103432012472,178030.0
6594.283040500938,177457.0
6594.462648989404,177204.0
6594.642257477871,179640.0
6594.821865966336,179800.0
6595.0014744548025,178713.0
6595.181082943269,178974.0
6595.360691431735,178994.0
6595.540299920201,179487.0
6595.719908408667,179552.0
6595.899516897133,180126.0
6596.0791253856,180183.0
6596.258733874066,179087.0
6596.438342362531,178324.0
6596.617950850998,177910.0
6596.797559339464,181148.0
6596.97716782793,181744.0
6597.156776316396,178072.0
6597.336384804862,176034.0
6597.515993293328,177685.0
6597.695601781795,179036.0
6597.87521027026,177985.0
6598.0548187587265,177718.0
6598.234427247193,177068.0
6598.414035735659,178218.0
6598.5936442241255,179538.0
6598.773252712591,177878.0
6598.952861201057,178017.0
6599.1324696895235,177959.0
6599.31207817799,176471.0
6599.491686666455,174782.0
6599.671295154922,175833.0
6599.850903643388,177075.0
6600.030512131854,176818.0
6600.210120620321,178718.0
6600.389729108786,178576.0
6600.569337597252,179232.0
6600.748946085719,178316.0
6600.928554574185,178211.0
6601.10816306265,178862.0
6601.287771551117,177179.0
6601.467380039583,178238.0
6601.646988528049,179477.0
6601.826597016515,177015.0
6602.006205504981,177160.0
6602.1858139934475,176738.0
6602.365422481914,177217.0
6602.54503097038,178833.0
6602.724639458846,178519.0
6602.904247947312,175793.0
6603.083856435778,177104.0
6603.2634649242445,178748.0
6603.44307341271,177820.0
6603.622681901176,177698.0
6603.802290389643,176626.0
6603.981898878109,180110.0
6604.161507366574,179855.0
6604.341115855041,179183.0
6604.520724343507,178250.0
6604.700332831973,177282.0
6604.87994132044,177823.0
6605.059549808905,175670.0
6605.239158297371,177053.0
6605.418766785838,178051.0
6605.598375274304,179139.0
6605.7779837627695,177601.0
6605.957592251236,176607.0
6606.137200739702,177602.0
6606.3168092281685,176065.0
6606.496417716634,176946.0
6606.6760262051,178022.0
6606.855634693567,178312.0
6607.035243182033,178336.0
6607.214851670499,178117.0
6607.394460158965,179320.0
6607.574068647431,178199.0
6607.753677135897,175859.0
6607.933285624364,175367.0
6608.112894112829,177758.0
6608.292502601295,180163.0
6608.472111089762,177564.0
6608.651719578228,176427.0
6608.8313280666935,177024.0
6609.01093655516,178274.0
6609.190545043626,179582.0
6609.370153532092,175771.0
6609.549762020559,175778.0
6609.729370509024,175652.0
6609.9089789974905,174987.0
6610.088587485957,174949.0
6610.268195974423,174645.0
6610.447804462889,175537.0
6610.627412951355,174758.0
6610.807021439821,175074.0
6610.986629928288,174827.0
6611.166238416754,174881.0
6611.345846905219,176212.0
6611.525455393686,174946.0
6611.705063882152,175701.0
6611.884672370618,175034.0
6612.064280859084,174897.0
6612.24388934755,174576.0
6612.423497836016,173509.0
6612.603106324483,173634.0
6612.782714812948,173813.0
6612.9623233014145,173590.0
6613.141931789881,172846.0
6613.321540278347,173818.0
6613.5011487668135,172305.0
6613.680757255279,172217.0
6613.860365743745,174170.0
6614.0399742322115,173873.0
6614.219582720678,174133.0
6614.399191209143,174072.0
6614.57879969761,175110.0
6614.758408186076,173740.0
6614.938016674542,173037.0
6615.117625163008,173542.0
6615.297233651474,175459.0
6615.47684213994,173937.0
6615.656450628407,172932.0
6615.836059116873,173072.0
6616.015667605338,173485.0
6616.195276093805,173970.0
6616.374884582271,175009.0
6616.554493070737,173927.0
6616.734101559203,172310.0
6616.913710047669,174042.0
6617.0933185361355,172741.0
6617.272927024602,173238.0
6617.452535513067,173355.0
6617.632144001534,171570.0
6617.81175249,169798.0
6617.991360978466,170892.0
6618.170969466933,170617.0
6618.350577955398,169641.0
6618.530186443864,168137.0
6618.709794932331,170584.0
6618.889403420797,170595.0
6619.069011909262,172592.0
6619.248620397729,172729.0
6619.428228886195,171811.0
6619.607837374661,170757.0
6619.787445863127,169263.0
6619.967054351593,167441.0
6620.146662840059,169355.0
6620.326271328526,170677.0
6620.505879816992,169054.0
6620.6854883054575,168789.0
6620.865096793924,168878.0
6621.04470528239,169575.0
6621.2243137708565,169651.0
6621.403922259322,168739.0
6621.583530747788,167542.0
6621.763139236255,168440.0
6621.942747724721,166963.0
6622.122356213187,167623.0
6622.301964701653,170927.0
6622.481573190119,169245.0
6622.661181678585,168302.0
6622.840790167052,167344.0
6623.020398655517,166122.0
6623.200007143983,167098.0
6623.37961563245,167676.0
6623.559224120916,166090.0
6623.7388326093815,164732.0
6623.918441097848,165598.0
6624.098049586314,167568.0
6624.27765807478,167571.0
6624.457266563247,167131.0
6624.636875051712,165825.0
6624.8164835401785,166329.0
6624.996092028645,166980.0
6625.175700517111,165451.0
6625.355309005577,166909.0
6625.534917494043,167035.0
6625.714525982509,166034.0
6625.894134470976,164849.0
6626.073742959441,165431.0
6626.253351447907,166346.0
6626.432959936374,166637.0
6626.61256842484,165833.0
6626.792176913306,164866.0
6626.971785401772,163403.0
6627.151393890238,164697.0
6627.331002378704,165895.0
6627.510610867171,167145.0
6627.690219355636,165884.0
6627.8698278441025,164771.0
6628.049436332569,163913.0
6628.229044821035,165136.0
6628.408653309501,165662.0
6628.588261797967,163281.0
6628.767870286433,162096.0
6628.9474787748995,162820.0
6629.127087263366,163447.0
6629.306695751831,162714.0
6629.486304240298,163364.0
6629.665912728764,163943.0
6629.84552121723,162780.0
6630.025129705696,161154.0
6630.204738194162,163649.0
6630.384346682628,164515.0
6630.563955171095,162661.0
6630.74356365956,162964.0
6630.923172148026,161741.0
6631.102780636493,161746.0
6631.282389124959,162329.0
6631.461997613425,161888.0
6631.641606101891,160714.0
6631.821214590357,160036.0
6632.0008230788235,160263.0
6632.18043156729,160092.0
6632.360040055755,160716.0
6632.539648544222,160331.0
6632.719257032688,161042.0
6632.898865521154,159964.0
6633.078474009621,158975.0
6633.258082498086,158080.0
6633.437690986552,160461.0
6633.617299475019,161766.0
6633.796907963485,160130.0
6633.97651645195,160680.0
6634.156124940417,159725.0
6634.335733428883,158714.0
6634.515341917349,158115.0
6634.694950405815,157654.0
6634.874558894281,158703.0
6635.054167382747,157892.0
6635.233775871214,156837.0
6635.41338435968,157975.0
6635.5929928481455,159446.0
6635.772601336612,158037.0
6635.952209825078,156997.0
6636.1318183135445,158219.0
6636.31142680201,158271.0
6636.491035290476,157870.0
6636.670643778943,157615.0
6636.850252267409,157104.0
6637.029860755874,156374.0
6637.209469244341,155037.0
6637.389077732807,155904.0
6637.568686221273,155373.0
6637.74829470974,156454.0
6637.927903198205,156772.0
6638.107511686671,156788.0
6638.287120175138,152615.0
6638.466728663604,153937.0
6638.6463371520695,156785.0
6638.825945640536,154964.0
6639.005554129002,152488.0
6639.185162617468,155899.0
6639.364771105934,157048.0
6639.5443795944,154554.0
6639.7239880828665,152324.0
6639.903596571333,153366.0
6640.083205059799,155465.0
6640.262813548265,153264.0
6640.442422036731,152494.0
6640.622030525197,152429.0
6640.801639013664,153604.0
6640.981247502129,153646.0
6641.160855990595,151978.0
6641.340464479062,150939.0
6641.520072967528,152608.0
6641.699681455993,152641.0
6641.87928994446,151446.0
6642.058898432926,150972.0
6642.238506921392,151732.0
6642.418115409859,151817.0
6642.597723898324,150099.0
6642.7773323867905,150126.0
6642.956940875257,149179.0
6643.136549363723,149031.0
6643.316157852189,151829.0
6643.495766340655,151844.0
6643.675374829121,147737.0
6643.8549833175875,148882.0
6644.034591806054,149139.0
6644.214200294519,150050.0
6644.393808782986,150147.0
6644.573417271452,150181.0
6644.753025759918,149864.0
6644.932634248384,147874.0
6645.11224273685,147687.0
6645.291851225316,148839.0
6645.471459713783,148627.0
6645.651068202248,147173.0
6645.830676690714,147837.0
6646.010285179181,147720.0
6646.189893667647,148312.0
6646.369502156113,147630.0
6646.549110644579,147240.0
6646.728719133045,146748.0
6646.9083276215115,144976.0
6647.087936109978,145339.0
6647.267544598443,146667.0
6647.44715308691,147153.0
6647.626761575376,145978.0
6647.806370063842,143985.0
6647.985978552308,144363.0
6648.165587040774,145039.0
6648.34519552924,144035.0
6648.524804017707,143013.0
6648.704412506173,143786.0
6648.884020994638,144675.0
6649.063629483105,143154.0
6649.243237971571,142681.0
6649.422846460037,142991.0
6649.602454948503,143282.0
6649.782063436969,143188.0
6649.961671925435,143011.0
6650.141280413902,143279.0
6650.320888902367,144411.0
6650.5004973908335,143456.0
6650.6801058793,142231.0
6650.859714367766,141074.0
6651.0393228562325,141273.0
6651.218931344698,141291.0
6651.398539833164,140887.0
6651.578148321631,141390.0
6651.757756810097,141417.0
6651.937365298562,141831.0
6652.116973787029,140365.0
6652.296582275495,140577.0
6652.476190763961,140741.0
6652.655799252427,141290.0
6652.835407740893,140351.0
6653.015016229359,139196.0
6653.194624717826,138594.0
6653.374233206292,139578.0
6653.5538416947575,139536.0
6653.733450183224,138845.0
6653.91305867169,139678.0
6654.092667160156,138201.0
6654.272275648622,138651.0
6654.451884137088,137414.0
6654.6314926255545,136310.0
6654.811101114021,137046.0
6654.990709602487,137160.0
6655.170318090953,136198.0
6655.349926579419,135342.0
6655.529535067885,137161.0
6655.709143556352,135890.0
6655.888752044817,134277.0
6656.068360533283,135208.0
6656.24796902175,135982.0
6656.427577510216,135052.0
6656.607185998681,134358.0
6656.786794487148,135311.0
6656.966402975614,136893.0
6657.14601146408,137241.0
6657.325619952547,134295.0
6657.505228441012,133217.0
6657.6848369294785,132782.0
6657.864445417945,133170.0
6658.044053906411,132989.0
6658.223662394877,131609.0
6658.403270883343,131352.0
6658.582879371809,130882.0
6658.7624878602755,131350.0
6658.942096348741,132822.0
6659.121704837207,132523.0
6659.301313325674,131527.0
6659.48092181414,132481.0
6659.660530302606,132459.0
6659.840138791072,129266.0
6660.019747279538,128872.0
6660.199355768004,130450.0
6660.378964256471,129914.0
6660.558572744936,129028.0
6660.738181233402,128252.0
6660.917789721869,129405.0
6661.097398210335,129043.0
6661.2770066988005,129113.0
6661.456615187267,128844.0
6661.636223675733,128919.0
6661.8158321641995,128729.0
6661.995440652666,126993.0
6662.175049141131,126639.0
6662.354657629598,127416.0
6662.534266118064,128697.0
6662.71387460653,127392.0
6662.893483094996,125833.0
6663.073091583462,127444.0
6663.252700071928,127671.0
6663.432308560395,127555.0
6663.61191704886,126977.0
6663.791525537326,125747.0
6663.971134025793,126079.0
6664.150742514259,126140.0
6664.330351002725,124975.0
6664.509959491191,124916.0
6664.689567979657,124304.0
6664.869176468123,125422.0
6665.04878495659,124294.0
6665.228393445055,124898.0
6665.4080019335215,124590.0
6665.587610421988,123350.0
6665.767218910454,122104.0
6665.9468273989205,124008.0
6666.126435887386,124073.0
6666.306044375852,123691.0
6666.485652864319,122980.0
6666.665261352785,122287.0
6666.84486984125,121116.0
6667.024478329717,121533.0
6667.204086818183,120869.0
6667.383695306649,121119.0
6667.563303795115,121942.0
6667.742912283581,120041.0
6667.922520772047,118870.0
6668.102129260514,118293.0
6668.28173774898,118656.0
6668.4613462374455,120056.0
6668.640954725912,120776.0
6668.820563214378,119248.0
6669.000171702844,117904.0
6669.17978019131,117955.0
6669.359388679776,118985.0
6669.5389971682425,118370.0
6669.718605656709,116574.0
6669.898214145174,116825.0
6670.077822633641,118175.0
6670.257431122107,118134.0
6670.437039610573,117176.0
6670.61664809904,117372.0
6670.796256587505,115202.0
6670.975865075971,114393.0
6671.155473564438,115554.0
6671.335082052904,116841.0
6671.514690541369,113341.0
6671.694299029836,113503.0
6671.873907518302,113156.0
6672.053516006768,113848.0
6672.233124495234,115036.0
6672.4127329837,114081.0
6672.5923414721665,113188.0
6672.771949960633,112751.0
6672.951558449099,114082.0
6673.131166937565,112814.0
6673.310775426031,111113.0
6673.490383914497,112112.0
6673.6699924029635,111997.0
6673.849600891429,113037.0
6674.029209379895,111272.0
6674.208817868362,109961.0
6674.388426356828,109933.0
6674.568034845293,112360.0
6674.74764333376,112687.0
6674.927251822226,109810.0
6675.106860310692,110331.0
6675.286468799159,110323.0
6675.466077287624,110248.0
6675.64568577609,109656.0
6675.825294264557,107277.0
6676.004902753023,107997.0
6676.1845112414885,107441.0
6676.364119729955,106245.0
6676.543728218421,106254.0
6676.7233367068875,106397.0
6676.902945195354,105100.0
6677.082553683819,104115.0
6677.262162172286,104580.0
6677.441770660752,103655.0
6677.621379149218,100746.0
6677.800987637684,98332.3
6677.98059612615,100189.0
6678.160204614616,98674.4
6678.339813103083,97817.6
6678.519421591548,99140.5
6678.699030080014,98634.7
6678.878638568481,100072.0
6679.058247056947,99832.7
6679.237855545413,98965.8
6679.417464033879,98028.5
6679.597072522345,100279.0
6679.776681010811,101624.0
6679.956289499278,101205.0
6680.135897987743,101629.0
6680.3155064762095,101000.0
6680.495114964676,101605.0
6680.674723453142,102388.0
6680.854331941608,100621.0
6681.033940430074,99950.2
6681.21354891854,100217.0
6681.393157407007,100338.0
6681.572765895473,100445.0
6681.752374383938,99529.4
6681.931982872405,99569.6
6682.111591360871,99067.4
6682.291199849337,98700.2
6682.470808337803,99119.9
6682.650416826269,98937.2
6682.830025314735,98789.2
6683.009633803202,98130.4
6683.189242291667,96681.2
6683.3688507801335,95976.8
6683.5484592686,97548.9
6683.728067757066,97917.0
6683.9076762455325,96400.0
6684.087284733998,96443.7
6684.266893222464,95037.8
6684.4465017109305,95150.1
6684.626110199397,96017.3
6684.805718687862,95755.7
6684.985327176329,95209.0
6685.164935664795,93313.0
6685.344544153261,94063.5
6685.524152641727,93047.2
6685.703761130193,91913.4
6685.883369618659,92564.7
6686.062978107126,93185.0
6686.242586595592,93048.9
6686.422195084057,92624.5
6686.601803572524,90958.7
6686.78141206099,90406.3
6686.961020549456,91276.7
6687.140629037922,91235.3
6687.320237526388,90292.2
6687.4998460148545,90631.9
6687.679454503321,91384.9
6687.859062991787,90843.4
6688.038671480253,89274.9
6688.218279968719,88777.4
6688.397888457185,90792.6
6688.577496945652,90222.4
6688.757105434117,88512.8
6688.936713922583,88212.4
6689.11632241105,88339.4
6689.295930899516,88769.0
6689.475539387981,87586.1
6689.655147876448,87688.7
6689.834756364914,86571.7
6690.01436485338,86413.4
6690.193973341847,86522.8
6690.373581830312,85797.2
6690.553190318778,85186.3
6690.732798807245,85676.3
6690.912407295711,85379.1
6691.0920157841765,84062.3
6691.271624272643,84619.0
6691.451232761109,84443.7
6691.6308412495755,84881.6
6691.810449738041,83591.0
6691.990058226507,82594.4
6692.169666714974,83427.2
6692.34927520344,82529.1
6692.528883691906,82286.4
6692.708492180372,82892.9
6692.888100668838,83478.5
6693.067709157304,82020.9
6693.247317645771,80922.7
6693.426926134236,80145.2
6693.606534622702,80083.8
6693.786143111169,80177.8
6693.965751599635,79716.8
6694.1453600881005,79303.5
6694.324968576567,79203.3
6694.504577065033,80673.6
6694.684185553499,79251.4
6694.863794041966,78170.5
6695.043402530431,76680.6
6695.2230110188975,77229.1
6695.402619507364,78642.8
6695.58222799583,78869.5
6695.761836484296,77244.4
6695.941444972762,75465.7
6696.121053461228,77975.8
6696.300661949695,77744.9
6696.48027043816,76259.4
6696.659878926626,75659.0
6696.839487415093,75446.4
6697.019095903559,75211.9
6697.198704392025,75685.1
6697.378312880491,74940.0
6697.557921368957,74699.7
6697.737529857423,74759.4
6697.91713834589,73214.3
6698.096746834355,74362.4
6698.2763553228215,72792.8
6698.455963811288,72553.0
6698.635572299754,72814.7
6698.8151807882205,72969.3
6698.994789276686,71727.3
6699.174397765152,70565.0
6699.3540062536185,72681.5
6699.533614742085,72250.6
6699.71322323055,71090.3
6699.892831719017,70563.2
6700.072440207483,70064.5
6700.252048695949,70394.7
6700.431657184415,70120.9
6700.611265672881,68368.9
6700.790874161347,68253.6
6700.970482649814,68765.6
6701.15009113828,69415.3
6701.329699626745,68425.0
6701.509308115212,68924.7
6701.688916603678,68286.1
6701.868525092144,67218.0
6702.04813358061,66551.3
6702.227742069076,66354.2
6702.4073505575425,66998.2
6702.586959046009,66710.4
6702.766567534474,66265.9
6702.946176022941,66387.0
6703.125784511407,64364.7
6703.305392999873,63687.0
6703.48500148834,63450.0
6703.664609976805,64079.9
6703.844218465271,63843.7
6704.023826953738,63872.7
6704.203435442204,61998.9
6704.383043930669,63048.0
6704.562652419136,63802.0
6704.742260907602,63325.0
6704.921869396068,63218.4
6705.101477884534,61609.9
6705.281086373,60899.7
6705.460694861466,61371.1
6705.640303349933,60872.6
6705.819911838399,61957.5
6705.9995203268645,61313.3
6706.179128815331,59126.6
6706.358737303797,59234.6
6706.5383457922635,59974.9
6706.717954280729,60300.2
6706.897562769195,59164.8
6707.077171257662,58670.6
6707.256779746128,58488.7
6707.436388234593,57493.2
6707.61599672306,57069.6
6707.795605211526,57110.6
6707.975213699992,57890.0
6708.154822188459,57571.2
6708.334430676924,56660.3
6708.51403916539,56095.6
6708.693647653857,56019.3
6708.873256142323,55641.0
6709.0528646307885,55158.5
6709.232473119255,55205.6
6709.412081607721,55224.9
6709.591690096187,54677.3
6709.771298584654,54786.1
6709.950907073119,54040.7
6710.1305155615855,54567.0
6710.310124050052,54735.6
6710.489732538518,54226.4
6710.669341026984,52871.7
6710.84894951545,52826.1
6711.028558003916,52158.7
6711.208166492383,51906.8
6711.387774980848,52123.1
6711.567383469314,51339.1
6711.746991957781,51473.8
6711.926600446247,51008.1
6712.106208934713,50765.4
6712.285817423179,50558.5
6712.465425911645,49918.8
6712.645034400111,50339.0
6712.824642888578,49507.4
6713.004251377043,49310.2
6713.1838598655095,48388.8
6713.363468353976,48550.3
6713.543076842442,48043.0
6713.722685330908,48599.8
6713.902293819374,48180.8
6714.08190230784,47933.3
6714.2615107963065,47254.1
6714.441119284773,47908.9
6714.620727773238,46816.4
6714.800336261705,46382.7
6714.979944750171,45666.3
6715.159553238637,46045.5
6715.339161727103,45970.7
6715.518770215569,46270.1
6715.698378704035,45615.9
6715.877987192502,44918.1
6716.057595680967,45090.3
6716.237204169433,45171.7
6716.4168126579,43999.6
6716.596421146366,43813.3
6716.776029634832,44513.5
6716.955638123298,43420.5
6717.135246611764,42586.7
6717.3148551002305,42876.2
6717.494463588697,42245.6
6717.674072077162,43111.1
6717.853680565629,42066.0
6718.033289054095,42057.7
6718.212897542561,41109.3
6718.392506031027,41225.7
6718.572114519493,40937.0
6718.751723007959,40949.2
6718.931331496426,40819.1
6719.110939984892,40476.5
6719.290548473357,40876.3
6719.470156961824,40621.7
6719.64976545029,39547.7
6719.829373938756,39256.9
6720.008982427222,39369.6
6720.188590915688,38243.5
6720.368199404154,37761.8
6720.547807892621,37556.3
6720.727416381087,38695.1
6720.9070248695525,38327.2
6721.086633358019,38187.5
6721.266241846485,38372.2
6721.4458503349515,38205.6
6721.625458823417,37498.6
6721.805067311883,37185.6
6721.98467580035,37311.5
6722.164284288816,36542.6
6722.343892777281,35664.2
6722.523501265748,35639.0
6722.703109754214,35720.5
6722.88271824268,35799.1
6723.062326731147,35316.8
6723.241935219612,35172.6
6723.421543708078,34796.1
6723.601152196545,34124.0
6723.780760685011,34715.1
6723.9603691734765,34548.9
6724.139977661943,34563.8
6724.319586150409,34297.1
6724.499194638875,33794.6
6724.678803127341,33324.3
6724.858411615807,33172.2
6725.0380201042735,32908.8
6725.21762859274,32922.2
6725.397237081206,32395.5
6725.576845569672,32346.3
6725.756454058138,32970.5
6725.936062546604,32749.4
6726.115671035071,32426.6
6726.295279523536,32028.4
6726.474888012002,31790.4
6726.654496500469,30422.9
6726.834104988935,31051.2
6727.0137134774,30717.5
6727.193321965867,30453.5
6727.372930454333,29874.1
6727.552538942799,29557.8
6727.732147431266,29447.9
6727.911755919731,29683.8
6728.0913644081975,29695.5
6728.270972896664,29228.2
6728.45058138513,28501.0
6728.630189873596,28855.9
6728.809798362062,28556.7
6728.989406850528,28912.9
6729.1690153389945,28135.5
6729.34862382746,28174.6
6729.528232315926,27973.0
6729.707840804393,27627.0
6729.887449292859,27731.1
6730.067057781325,27189.3
6730.246666269791,26406.4
6730.426274758257,26597.5
6730.605883246723,26810.3
6730.78549173519,25967.5
6730.965100223655,25703.9
6731.144708712121,26538.3
6731.324317200588,26329.9
6731.503925689054,25072.8
6731.68353417752,25049.4
6731.863142665986,25376.6
6732.042751154452,25165.2
6732.2223596429185,25153.8
6732.401968131385,25010.9
6732.58157661985,24781.0
6732.761185108317,24228.1
6732.940793596783,22230.3
