7605.4598089474,3492.62
7605.66994673596,3908.88
7605.880084524521,6487.2
7606.0902223130815,6702.56
7606.300360101643,4869.68
7606.510497890203,3182.08
7606.720635678764,2891.33
7606.930773467324,4539.41
7607.140911255885,6289.65
7607.351049044445,7221.17
7607.561186833006,4669.56
7607.771324621566,3764.66
7607.981462410127,4353.55
7608.191600198687,6924.91
7608.401737987248,9283.66
7608.611875775809,9020.51
7608.82201356437,9097.1
7609.03215135293,5230.27
7609.242289141491,3387.08
7609.452426930051,5019.28
7609.662564718612,6527.74
7609.872702507172,6483.06
7610.082840295733,5738.98
7610.292978084293,5242.46
7610.503115872854,6210.74
7610.7132536614145,8994.34
7610.9233914499755,12261.2
7611.133529238536,15440.7
7611.343667027096,15511.8
7611.553804815657,11362.9
7611.763942604217,6887.16
7611.974080392778,4930.41
7612.184218181338,5303.01
7612.394355969899,8215.45
7612.604493758459,9720.08
7612.81463154702,9021.55
7613.0247693355805,7081.65
7613.2349071241415,8029.37
7613.445044912702,13245.4
7613.655182701263,19214.9
7613.865320489823,23369.4
7614.075458278384,25380.9
7614.285596066944,23121.9
7614.495733855505,18757.5
7614.705871644065,12831.2
7614.916009432626,8792.18
7615.126147221186,9941.44
7615.336285009747,14084.2
7615.5464227983075,16946.4
7615.7565605868685,16650.7
7615.966698375429,13955.2
7616.17683616399,14137.6
7616.38697395255,19593.6
7616.597111741111,26465.3
7616.807249529671,31350.9
7617.017387318231,33181.2
7617.227525106792,33812.8
7617.437662895352,34978.4
7617.647800683913,35560.6
7617.8579384724735,35975.9
7618.068076261035,37922.9
7618.278214049595,35501.6
7618.488351838156,35323.5
7618.698489626716,36371.8
7618.908627415277,36332.1
7619.118765203837,36196.8
7619.328902992398,35602.3
7619.539040780958,35084.3
7619.749178569519,34137.7
7619.959316358079,31472.3
7620.16945414664,30288.4
7620.379591935201,26558.2
7620.589729723762,19728.6
7620.799867512322,13610.6
7621.010005300883,12171.2
7621.220143089443,16605.7
7621.430280878004,23679.4
7621.640418666564,30055.6
7621.850556455125,30851.5
7622.060694243685,31438.1
7622.270832032245,32878.7
7622.480969820806,30681.7
7622.691107609367,24088.7
7622.901245397928,17088.3
7623.111383186488,11921.7
7623.321520975049,9294.04
7623.531658763609,12076.7
7623.74179655217,14997.4
7623.95193434073,14323.1
7624.162072129291,11147.8
7624.372209917851,8614.57
7624.582347706412,9854.43
7624.792485494972,15066.8
7625.0026232835335,21490.2
7625.212761072094,27337.5
7625.422898860655,31573.4
7625.633036649215,33098.3
7625.843174437776,33181.5
7626.053312226336,31570.3
7626.263450014897,27149.1
7626.473587803457,20497.2
7626.683725592018,13534.9
7626.893863380578,8782.96
7627.104001169139,7823.9
7627.3141389576995,9180.31
7627.5242767462605,12781.1
7627.734414534821,11287.7
7627.944552323381,8684.16
7628.154690111942,7179.86
7628.364827900502,9294.88
7628.574965689063,16549.4
7628.785103477623,23476.2
7628.995241266184,27422.3
7629.205379054744,31878.7
7629.415516843305,32409.4
7629.6256546318655,33058.1
7629.8357924204265,32892.0
7630.045930208987,31045.1
7630.256067997548,26632.2
7630.466205786108,19712.1
7630.676343574669,12991.6
7630.886481363229,9078.44
7631.09661915179,8334.89
7631.30675694035,9319.47
7631.516894728911,12130.4
7631.727032517471,11417.9
7631.937170306032,7767.97
7632.1473080945925,7055.9
7632.357445883154,11301.8
7632.567583671714,18596.2
7632.777721460275,26857.8
7632.987859248835,32588.9
7633.197997037396,34041.3
7633.408134825956,36499.7
7633.618272614516,37537.7
7633.828410403077,36974.3
7634.038548191637,36692.3
7634.248685980198,33708.7
7634.4588237687585,27338.3
7634.66896155732,21152.6
7634.87909934588,14993.5
7635.089237134441,9327.33
7635.299374923001,9240.77
7635.509512711562,12097.7
7635.719650500122,12645.4
7635.929788288683,11096.6
7636.139926077243,8178.72
7636.350063865804,7849.73
7636.560201654364,13797.1
7636.770339442925,22607.3
7636.980477231486,28998.8
7637.190615020047,33580.9
7637.400752808607,39364.7
7637.610890597168,41579.7
7637.821028385728,41158.3
7638.031166174289,41122.5
7638.241303962849,40133.7
7638.45144175141,38644.9
7638.66157953997,37556.7
7638.871717328531,33793.5
7639.081855117091,25993.7
7639.291992905652,17220.8
7639.502130694213,11635.0
7639.712268482773,10678.5
7639.922406271334,13948.5
7640.132544059894,14640.8
7640.342681848455,12920.5
7640.552819637015,11138.3
7640.762957425576,12062.8
7640.973095214136,18744.9
7641.183233002697,27518.3
7641.393370791257,35421.4
7641.6035085798185,39959.1
7641.813646368379,43235.2
7642.02378415694,44494.3
7642.2339219455,46647.9
7642.444059734061,46275.1
7642.654197522621,46249.1
7642.864335311182,47260.2
7643.074473099742,45143.0
7643.284610888303,43437.3
7643.494748676863,37158.8
7643.704886465424,28075.1
7643.9150242539845,19055.1
7644.1251620425455,13659.9
7644.335299831106,14250.3
7644.545437619667,16433.6
7644.755575408227,18012.3
7644.965713196787,17237.0
7645.175850985348,14309.1
7645.385988773908,16570.0
7645.596126562469,25156.3
7645.806264351029,34129.3
7646.01640213959,41194.2
7646.2265399281505,46355.7
7646.4366777167115,49416.1
7646.646815505272,50488.9
7646.856953293833,51172.1
7647.067091082393,51895.9
7647.277228870954,51883.0
7647.487366659514,52030.0
7647.697504448075,52731.2
7647.907642236635,51417.9
7648.117780025196,47748.6
7648.327917813756,42476.8
7648.538055602317,35220.6
7648.7481933908775,26316.7
7648.958331179439,20542.7
7649.168468967999,20370.1
7649.37860675656,22492.4
7649.58874454512,23412.6
7649.798882333681,22262.6
7650.009020122241,20333.9
7650.219157910802,22356.2
7650.429295699362,29842.9
7650.639433487922,40503.6
7650.849571276483,47280.8
7651.0597090650435,51514.3
7651.269846853605,53915.4
7651.479984642165,55360.8
7651.690122430726,57296.9
7651.900260219286,58091.2
7652.110398007847,57417.7
7652.320535796407,57515.6
7652.530673584968,58319.2
7652.740811373528,57633.7
7652.950949162089,57194.7
7653.161086950649,54616.4
7653.37122473921,49594.4
7653.581362527771,41315.4
7653.791500316332,32423.4
7654.001638104892,27710.6
7654.211775893453,27646.2
7654.421913682013,30221.4
7654.632051470574,31792.4
7654.842189259134,28652.7
7655.052327047695,26683.8
7655.262464836255,29479.5
7655.472602624816,37723.2
7655.682740413376,46608.8
7655.892878201937,54011.5
7656.103015990498,59033.5
7656.313153779058,61997.7
7656.523291567619,62891.8
7656.733429356179,62034.0
7656.94356714474,63370.2
7657.1537049333,63866.4
7657.363842721861,63524.3
7657.573980510421,64791.3
7657.784118298982,64227.9
7657.994256087542,63361.9
7658.2043938761035,63704.7
7658.414531664664,62500.8
7658.624669453225,57613.3
7658.834807241785,50083.8
7659.044945030346,42036.4
7659.255082818906,36476.6
7659.465220607467,36317.2
7659.675358396027,39092.6
7659.885496184588,40751.6
7660.095633973148,38977.8
7660.305771761709,35867.9
7660.5159095502695,38026.7
7660.7260473388305,45326.9
7660.936185127391,53315.0
7661.146322915952,60263.4
7661.356460704512,64926.0
7661.566598493072,66541.1
7661.776736281633,67323.8
7661.986874070193,67287.4
7662.197011858754,66320.9
7662.407149647314,68813.6
7662.617287435875,68996.5
7662.8274252244355,68148.0
7663.0375630129965,68382.2
7663.247700801557,68596.3
7663.457838590118,67577.9
7663.667976378678,66510.2
7663.878114167239,65075.8
7664.088251955799,61011.1
7664.29838974436,55681.2
7664.50852753292,50428.5
7664.718665321481,45591.2
7664.928803110041,43574.4
7665.138940898602,47085.1
7665.349078687163,47355.7
7665.559216475724,46024.3
7665.769354264284,44637.0
7665.979492052845,45625.6
7666.189629841405,50332.2
7666.399767629966,56213.2
7666.609905418526,62736.4
7666.820043207087,68136.4
7667.030180995647,69656.9
7667.240318784207,69533.2
7667.450456572768,68719.8
7667.660594361329,69024.0
7667.87073214989,70331.0
7668.08086993845,71316.4
7668.291007727011,71546.5
7668.501145515571,71496.0
7668.711283304132,71275.0
7668.921421092692,70657.6
7669.131558881253,69746.4
7669.341696669813,69089.6
7669.551834458374,69355.2
7669.761972246934,69032.9
7669.9721100354955,64585.0
7670.182247824056,59303.3
7670.392385612617,54467.1
7670.602523401177,51896.1
7670.812661189738,53412.8
7671.022798978298,54690.5
7671.232936766859,54055.1
7671.443074555419,52626.8
7671.65321234398,52812.2
7671.86335013254,56392.3
7672.073487921101,62298.3
7672.2836257096615,68406.8
7672.4937634982225,69044.5
7672.703901286783,69845.0
7672.914039075343,71870.8
7673.124176863904,71532.1
7673.334314652464,70997.5
7673.544452441025,71575.1
7673.754590229585,73145.0
7673.964728018146,73618.1
7674.174865806706,72976.2
7674.385003595267,72925.8
7674.5951413838275,73111.1
7674.8052791723885,73036.4
7675.015416960949,73464.6
7675.22555474951,73862.0
7675.43569253807,72779.5
7675.645830326631,72448.2
7675.855968115191,69978.9
7676.066105903752,68311.6
7676.276243692312,63835.1
7676.486381480873,60960.7
7676.696519269433,60757.5
7676.906657057994,60900.5
7677.1167948465545,60756.1
7677.326932635116,60713.9
7677.537070423676,60758.9
7677.747208212237,60864.3
7677.957346000797,64116.4
7678.167483789357,69764.6
7678.377621577918,73614.3
7678.587759366478,74405.3
7678.797897155039,73689.1
7679.008034943599,73446.2
7679.21817273216,73769.0
7679.4283105207205,74785.6
7679.638448309282,75807.0
7679.848586097842,75583.9
7680.058723886403,74758.1
7680.268861674963,74647.1
7680.478999463524,76030.5
7680.689137252084,77228.0
7680.899275040645,76035.5
7681.109412829205,75685.0
7681.319550617766,74861.3
7681.529688406326,73855.0
7681.739826194887,74333.2
7681.949963983448,73823.8
7682.160101772009,73137.5
7682.370239560569,69361.0
7682.58037734913,67575.0
7682.79051513769,68583.5
7683.000652926251,69295.4
7683.210790714811,69527.4
7683.420928503372,68114.6
7683.631066291932,66741.7
7683.841204080492,68802.0
7684.051341869053,70463.7
7684.261479657614,71119.5
7684.471617446175,73793.2
7684.681755234735,75590.6
7684.891893023296,76455.4
7685.102030811856,76546.2
7685.312168600417,76441.7
7685.522306388977,77037.4
7685.732444177538,76896.5
7685.942581966098,77337.7
7686.152719754659,78521.7
7686.362857543219,78789.0
7686.5729953317805,77344.3
7686.783133120341,76595.2
7686.993270908902,78217.9
7687.203408697462,77490.1
7687.413546486023,77210.4
7687.623684274583,77060.9
7687.833822063144,76397.9
7688.043959851704,76618.9
7688.254097640265,77315.5
7688.464235428825,76779.4
7688.674373217386,76478.4
7688.8845110059465,73720.4
7689.0946487945075,72807.2
7689.304786583068,74115.3
7689.514924371628,74488.5
7689.725062160189,73728.6
7689.935199948749,73344.1
7690.14533773731,73813.4
7690.35547552587,73001.9
7690.565613314431,73300.9
7690.775751102991,75239.1
7690.985888891552,76418.5
7691.1960266801125,75997.9
7691.4061644686735,77752.1
7691.616302257234,78378.7
7691.826440045795,79246.0
7692.036577834355,79357.3
7692.246715622916,80477.7
7692.456853411476,80425.1
7692.666991200037,79816.5
7692.877128988597,79694.4
7693.087266777158,78587.5
7693.297404565718,78180.9
7693.507542354279,78939.0
7693.7176801428395,78807.8
7693.927817931401,78487.2
7694.137955719961,78361.1
7694.348093508522,79052.5
7694.558231297082,79066.8
7694.768369085643,78704.9
7694.978506874203,79404.0
7695.188644662763,78573.0
7695.398782451324,77940.1
7695.608920239884,78032.7
7695.819058028445,77897.7
7696.0291958170055,77563.5
7696.239333605567,76407.5
7696.449471394127,75078.2
7696.659609182688,75984.0
7696.869746971248,77659.5
7697.079884759809,78068.3
7697.290022548369,78692.0
7697.50016033693,79678.0
7697.71029812549,79950.2
7697.920435914051,78102.4
7698.130573702611,77352.0
7698.340711491172,77542.2
7698.550849279733,78031.0
7698.760987068294,79405.1
7698.971124856854,79152.6
7699.181262645415,79141.7
7699.391400433975,78499.2
7699.601538222536,78582.5
7699.811676011096,79083.4
7700.021813799657,79569.2
7700.231951588217,80197.8
7700.442089376778,79869.1
7700.652227165338,79562.5
7700.862364953899,80129.1
7701.07250274246,80495.5
7701.28264053102,80598.5
7701.492778319581,80017.0
7701.702916108141,79557.9
7701.913053896702,78859.6
7702.123191685262,79139.2
7702.333329473823,78764.5
7702.543467262383,78575.9
7702.753605050944,79883.7
7702.963742839504,79270.8
7703.1738806280655,78154.5
7703.384018416626,78299.3
7703.594156205187,77950.9
7703.804293993747,77520.4
7704.014431782308,79298.1
7704.224569570868,80701.3
7704.434707359429,81379.8
7704.644845147989,81473.5
7704.85498293655,81036.4
7705.06512072511,81183.3
7705.275258513671,80861.3
7705.4853963022315,81961.9
7705.6955340907925,82781.2
7705.905671879353,82678.6
7706.115809667914,81852.6
7706.325947456474,83831.6
7706.536085245034,84378.2
7706.746223033595,84851.4
7706.956360822155,85494.5
7707.166498610716,84811.2
7707.376636399276,85586.3
7707.586774187837,84838.3
7707.7969119763975,85926.2
7708.0070497649585,87714.0
7708.217187553519,87188.4
7708.42732534208,86117.4
7708.63746313064,85381.1
7708.847600919201,86461.9
7709.057738707761,89370.0
7709.267876496322,88891.4
7709.478014284882,86276.8
7709.688152073443,86884.3
7709.898289862003,87465.9
7710.108427650564,86905.0
7710.3185654391245,86325.2
7710.528703227686,84919.2
7710.738841016246,83926.7
7710.948978804807,83345.1
7711.159116593367,84237.2
7711.369254381928,82690.8
7711.579392170488,83955.3
7711.789529959049,83388.6
7711.999667747609,85623.0
7712.209805536169,85423.0
7712.41994332473,86447.7
7712.6300811132905,87819.7
7712.840218901852,86596.4
7713.050356690412,85849.0
7713.260494478973,86287.0
7713.470632267533,86222.0
7713.680770056094,87538.4
7713.890907844654,88485.7
7714.101045633215,86186.7
7714.311183421775,84675.7
7714.521321210336,85358.9
7714.731458998896,86069.4
7714.9415967874575,85586.0
7715.151734576018,84351.8
7715.361872364579,83992.4
7715.572010153139,85068.0
7715.7821479417,85017.9
7715.99228573026,86623.8
7716.202423518821,85098.8
7716.412561307381,82064.9
7716.622699095942,81625.7
7716.832836884502,81947.0
7717.042974673063,82188.8
7717.2531124616235,82570.7
7717.4632502501845,82805.6
7717.673388038745,83359.8
7717.883525827305,82632.4
7718.093663615866,82418.4
7718.303801404426,81915.8
7718.513939192987,82194.0
7718.724076981547,82255.2
7718.934214770108,80076.8
7719.144352558668,80349.6
7719.354490347229,80930.4
7719.5646281357895,79003.2
7719.7747659243505,78430.8
7719.984903712911,78992.1
7720.195041501472,80585.7
7720.405179290032,79165.0
7720.615317078593,79690.4
7720.825454867153,79211.4
7721.035592655714,79208.3
7721.245730444274,81200.7
7721.455868232835,82917.5
7721.666006021395,80959.1
7721.876143809956,79993.9
7722.0862815985165,80108.8
7722.296419387078,81346.1
7722.506557175638,80730.6
7722.716694964199,80181.1
7722.926832752759,79759.0
7723.136970541319,79388.1
7723.34710832988,79960.0
7723.55724611844,80711.6
7723.767383907001,80512.4
7723.977521695561,78703.9
7724.187659484122,79994.5
7724.3977972726825,80841.8
7724.607935061244,79696.5
7724.818072849804,79927.8
7725.028210638365,79605.1
7725.238348426925,80250.1
7725.448486215486,80735.5
7725.658624004046,80065.7
7725.868761792607,80542.0
7726.078899581167,79250.8
7726.289037369728,79590.1
7726.499175158288,79388.2
7726.709312946849,79285.0
7726.91945073541,81677.1
7727.129588523971,81271.3
7727.339726312531,79941.4
7727.549864101092,78339.7
7727.760001889652,80006.3
7727.970139678213,79539.2
7728.180277466773,76389.0
7728.390415255334,78347.0
7728.600553043894,79949.9
7728.810690832454,80507.0
7729.020828621015,81545.3
7729.230966409576,80334.4
7729.441104198137,78540.1
7729.651241986697,78431.8
7729.861379775258,77984.4
7730.071517563818,80439.0
7730.281655352379,81268.8
7730.491793140939,79413.6
7730.7019309295,80239.2
7730.91206871806,79678.8
7731.122206506621,79927.3
7731.332344295181,80708.8
7731.5424820837425,78980.8
7731.752619872303,79718.3
7731.962757660864,79062.4
7732.172895449424,78540.4
7732.383033237985,80128.6
7732.593171026545,79470.0
7732.803308815106,80625.4
7733.013446603666,80614.4
7733.223584392227,80395.5
7733.433722180787,79839.6
7733.643859969348,77699.7
7733.8539977579085,78924.8
7734.064135546469,79095.0
7734.27427333503,77947.8
7734.48441112359,79238.9
7734.694548912151,79473.1
7734.904686700711,80402.2
7735.114824489272,79860.4
7735.324962277832,78928.9
7735.535100066393,77245.2
7735.745237854953,78165.1
7735.955375643514,80504.8
7736.1655134320745,79345.2
7736.3756512206355,77570.0
7736.585789009196,77416.3
7736.795926797757,79215.1
7737.006064586317,77870.2
7737.216202374878,77974.1
7737.426340163438,78917.7
7737.636477951999,77217.8
7737.846615740559,77320.9
7738.05675352912,79033.4
7738.26689131768,79553.5
7738.477029106241,77767.8
7738.6871668948015,76985.9
7738.897304683363,76976.7
7739.107442471923,76219.2
7739.317580260484,78105.2
7739.527718049044,78528.7
7739.737855837604,75698.3
7739.947993626165,76313.1
7740.158131414725,76821.6
7740.368269203286,75242.7
7740.578406991846,75071.5
7740.788544780407,77851.1
7740.9986825689675,79004.8
7741.208820357529,77853.5
7741.418958146089,77001.8
7741.62909593465,76064.6
7741.83923372321,75784.6
7742.049371511771,76292.1
7742.259509300331,76494.9
7742.469647088892,76292.6
7742.679784877452,76725.5
7742.889922666013,76427.1
7743.100060454573,75645.4
7743.310198243134,75118.6
7743.520336031695,75699.9
7743.730473820256,75796.0
7743.940611608816,74601.8
7744.150749397377,75626.3
7744.360887185937,76662.6
7744.571024974498,76033.2
7744.781162763058,75432.1
7744.991300551619,75432.1
7745.201438340179,74719.3
7745.411576128739,75320.6
7745.6217139173,76542.2
7745.831851705861,76471.2
7746.041989494422,76281.8
7746.252127282982,76096.2
7746.462265071543,74497.4
7746.672402860103,75490.8
7746.882540648664,75320.0
7747.092678437224,74742.6
7747.302816225785,75108.0
7747.512954014345,75122.3
7747.723091802906,74622.1
7747.933229591466,74154.0
7748.1433673800275,75866.8
7748.353505168588,73877.0
7748.563642957149,73379.7
7748.773780745709,74625.9
7748.98391853427,74391.2
7749.19405632283,74218.8
7749.404194111391,74943.0
7749.614331899951,75786.7
7749.824469688512,74938.8
7750.034607477072,73162.9
7750.244745265633,74088.5
7750.4548830541935,74864.0
7750.6650208427545,76008.8
7750.875158631315,74808.6
7751.085296419875,72523.6
7751.295434208436,73154.0
7751.505571996996,72966.5
7751.715709785557,72121.3
7751.925847574117,74060.8
7752.135985362678,76466.7
7752.346123151238,77054.2
7752.556260939799,76787.1
7752.7663987283595,76380.2
7752.9765365169205,75244.2
7753.186674305481,75499.7
7753.396812094042,74263.4
7753.606949882602,74096.6
7753.817087671163,74369.2
7754.027225459723,75048.0
7754.237363248284,74571.0
7754.447501036844,74103.9
7754.657638825405,74096.9
7754.867776613965,72515.4
7755.077914402526,72452.0
7755.2880521910865,73368.5
7755.498189979648,73247.6
7755.708327768208,73182.8
7755.918465556769,72578.1
7756.128603345329,73058.9
7756.33874113389,73015.8
7756.54887892245,72675.4
7756.75901671101,73148.0
7756.969154499571,73526.9
7757.179292288131,73845.0
7757.389430076692,73633.0
7757.5995678652525,71248.6
7757.809705653814,72154.9
7758.019843442374,73361.9
7758.229981230935,70679.7
7758.440119019495,69505.5
7758.650256808056,69480.6
7758.860394596616,70751.2
7759.070532385177,71499.7
7759.280670173737,71492.8
7759.490807962298,70603.5
7759.700945750858,71092.4
7759.911083539419,70787.6
7760.12122132798,71069.0
7760.331359116541,71147.2
7760.541496905101,71371.0
7760.751634693662,70361.7
7760.961772482222,70516.3
7761.171910270783,70978.0
7761.382048059343,70279.5
7761.592185847904,70915.6
7761.802323636464,70007.5
7762.012461425025,70750.4
7762.222599213585,71051.8
7762.432737002146,70771.4
7762.642874790707,70944.2
7762.853012579267,69828.5
7763.063150367828,70068.3
7763.273288156388,71259.7
7763.483425944949,70217.9
7763.693563733509,69163.0
7763.90370152207,70984.6
7764.11383931063,70809.2
7764.323977099191,68703.4
7764.5341148877515,68776.2
7764.7442526763125,68826.8
7764.954390464873,69651.0
7765.164528253434,70194.4
7765.374666041994,70812.9
7765.584803830555,68384.8
7765.794941619115,69151.7
7766.005079407676,71286.0
7766.215217196236,72187.9
7766.425354984797,70424.3
7766.635492773357,70460.6
7766.845630561918,70507.6
7767.0557683504785,70601.2
7767.2659061390395,71352.9
7767.4760439276,70806.1
7767.686181716161,71012.9
7767.896319504721,72055.8
7768.106457293281,71568.0
7768.316595081842,70977.3
7768.526732870402,72465.7
7768.736870658963,71166.3
7768.947008447523,70782.7
7769.157146236084,71822.6
7769.3672840246445,71286.5
7769.577421813206,71464.4
7769.787559601766,72742.5
7769.997697390327,72055.9
7770.207835178887,72133.4
7770.417972967448,71031.4
7770.628110756008,69926.4
7770.838248544569,69855.7
7771.048386333129,70255.9
7771.25852412169,70421.4
7771.46866191025,68487.7
7771.678799698811,66844.1
7771.888937487372,65927.4
7772.099075275933,67577.6
7772.309213064493,67798.1
7772.519350853054,68212.6
7772.729488641614,69842.6
7772.939626430175,68384.2
7773.149764218735,69271.3
7773.359902007296,68105.2
7773.570039795856,68687.3
7773.780177584416,68200.9
7773.990315372977,66946.2
7774.200453161538,66299.7
7774.410590950099,65538.8
7774.620728738659,66285.2
7774.83086652722,67832.4
7775.04100431578,66814.5
7775.251142104341,67174.2
7775.461279892901,67491.3
7775.671417681462,68976.7
7775.881555470022,69641.8
7776.091693258583,68052.2
7776.301831047143,66728.8
7776.5119688357045,66485.4
7776.722106624265,66693.9
7776.932244412826,67137.4
7777.142382201386,67615.4
7777.352519989947,68282.4
7777.562657778507,67620.0
7777.772795567068,68742.7
7777.982933355628,69530.8
7778.193071144189,68640.7
7778.403208932749,67497.1
7778.61334672131,66268.2
7778.8234845098705,65938.5
7779.0336222984315,64291.2
7779.243760086992,64592.1
7779.453897875552,67199.8
7779.664035664113,67169.4
7779.874173452673,65503.2
7780.084311241234,65260.0
7780.294449029794,67083.4
7780.504586818355,66206.8
7780.714724606915,63812.2
7780.924862395476,64843.7
7781.1350001840365,64636.1
7781.3451379725975,63862.3
7781.555275761158,62422.1
7781.765413549719,62795.1
7781.975551338279,63432.9
7782.18568912684,63554.9
7782.3958269154,63164.7
7782.605964703961,62886.2
7782.816102492521,62806.0
7783.026240281082,62541.4
7783.236378069642,63094.3
7783.446515858203,63142.2
7783.6566536467635,62885.6
7783.866791435325,62538.1
7784.076929223885,63109.5
7784.287067012446,63085.3
7784.497204801006,62043.6
7784.707342589567,61036.7
7784.917480378127,62078.6
7785.127618166687,63102.6
7785.337755955248,61982.5
7785.547893743808,60919.5
7785.758031532369,61763.8
7785.9681693209295,62046.6
7786.178307109491,62250.6
7786.388444898051,62360.9
7786.598582686612,61362.6
7786.808720475172,59664.3
7787.018858263733,60028.1
7787.228996052293,60043.0
7787.439133840854,60501.4
7787.649271629414,61238.6
7787.859409417975,60946.0
7788.069547206535,61161.9
7788.279684995096,61078.8
7788.489822783657,60543.6
7788.699960572218,60352.3
7788.910098360778,59973.0
7789.120236149339,59567.0
7789.330373937899,60668.8
7789.54051172646,59497.6
7789.75064951502,59976.4
7789.960787303581,60420.2
7790.170925092141,60796.9
7790.381062880701,61661.4
7790.591200669262,60249.8
7790.801338457823,59504.2
7791.011476246384,59153.6
7791.221614034944,59085.7
7791.431751823505,58448.6
7791.641889612065,59007.9
7791.852027400626,58894.5
7792.062165189186,58870.2
7792.272302977747,59005.0
7792.482440766307,60285.1
7792.692578554868,59123.9
7792.902716343428,57947.3
7793.1128541319895,56393.8
7793.32299192055,56605.6
7793.533129709111,59078.0
7793.743267497671,59701.6
7793.953405286232,59468.2
7794.163543074792,58585.6
7794.373680863353,56159.4
7794.583818651913,57838.6
7794.793956440474,57419.2
7795.004094229034,56074.0
7795.214232017595,55763.8
7795.4243698061555,56903.5
7795.634507594716,55927.7
7795.844645383277,55631.8
7796.054783171837,56605.1
7796.264920960398,56714.1
7796.475058748958,57394.4
7796.685196537519,57633.9
7796.895334326079,57828.7
7797.10547211464,57107.4
7797.3156099032,57705.5
7797.525747691761,57070.2
7797.7358854803215,55205.1
7797.9460232688825,54610.8
7798.156161057443,56854.3
7798.366298846004,55778.6
7798.576436634564,56544.2
7798.786574423125,55259.5
7798.996712211685,54649.5
7799.206850000246,55729.0
7799.416987788806,55519.6
7799.627125577367,54955.2
7799.837263365927,56711.5
7800.047401154488,56989.3
7800.2575389430485,54180.5
7800.46767673161,52908.2
7800.67781452017,54652.8
7800.887952308731,54324.9
7801.098090097291,53736.1
7801.308227885851,54203.1
7801.518365674412,54476.5
7801.728503462972,53617.4
7801.938641251533,53229.1
7802.148779040093,53974.8
7802.358916828654,53056.2
7802.5690546172145,52204.8
7802.779192405776,53446.0
7802.989330194336,54512.4
7803.199467982897,53843.4
7803.409605771457,53626.8
7803.619743560018,54473.0
7803.829881348578,53912.8
7804.040019137139,53783.8
7804.250156925699,53326.1
7804.46029471426,52150.3
7804.67043250282,51455.8
7804.880570291381,51256.9
7805.090708079942,51769.7
7805.300845868503,52777.0
7805.510983657063,52923.5
7805.721121445624,51819.8
7805.931259234184,52028.3
7806.141397022745,50410.1
7806.351534811305,50837.2
7806.561672599866,51470.5
7806.771810388426,51959.0
7806.981948176986,52371.3
7807.192085965547,51382.8
7807.402223754108,51634.6
7807.612361542669,51401.8
7807.822499331229,49147.6
7808.03263711979,50768.3
7808.24277490835,52003.6
7808.452912696911,52535.3
7808.663050485471,51378.6
7808.873188274032,50815.8
7809.083326062592,50863.0
7809.293463851153,50392.0
7809.503601639713,50641.9
7809.7137394282745,50346.5
7809.923877216835,49380.2
7810.134015005396,50327.4
7810.344152793956,50636.2
7810.554290582517,50033.2
7810.764428371077,50480.1
7810.974566159638,49695.6
7811.184703948198,48934.0
7811.394841736759,50116.9
7811.604979525319,49803.2
7811.81511731388,49808.7
7812.0252551024405,49516.3
7812.2353928910015,50796.4
7812.445530679562,50549.2
7812.655668468122,49138.3
7812.865806256683,48834.1
7813.075944045243,49121.7
7813.286081833804,48367.9
7813.496219622364,48460.5
7813.706357410925,48536.2
7813.916495199485,49045.1
7814.126632988046,48796.6
7814.3367707766065,47299.8
7814.5469085651675,47575.2
7814.757046353728,49132.9
7814.967184142289,47569.4
7815.177321930849,46750.4
7815.38745971941,47248.0
7815.59759750797,47095.4
7815.807735296531,47309.6
7816.017873085091,46976.4
7816.228010873652,47023.2
7816.438148662212,47335.7
7816.648286450773,47709.5
7816.8584242393335,46790.8
7817.068562027895,45860.4
7817.278699816455,46833.7
7817.488837605016,45907.9
7817.698975393576,46801.3
7817.909113182137,45856.0
7818.119250970697,47544.8
7818.329388759257,47567.4
7818.539526547818,46064.3
7818.749664336378,46225.2
7818.959802124939,45458.1
7819.1699399135,44724.0
7819.380077702061,47020.4
7819.590215490621,46570.5
7819.800353279182,46281.2
7820.010491067742,45431.8
7820.220628856303,46721.8
7820.430766644863,46181.3
7820.640904433424,45263.9
7820.851042221984,45052.4
7821.061180010545,45548.2
7821.271317799105,44601.7
7821.4814555876665,44636.5
7821.691593376227,44841.1
7821.901731164788,45266.6
7822.111868953348,45209.5
7822.322006741909,44308.8
7822.532144530469,44204.0
7822.74228231903,43539.0
7822.95242010759,42972.8
7823.162557896151,44289.6
7823.372695684711,45277.1
7823.582833473272,42988.4
7823.7929712618325,43477.2
7824.003109050393,43740.1
7824.213246838954,43279.2
7824.423384627514,43371.9
7824.633522416075,44298.5
7824.843660204635,43425.5
7825.053797993196,42305.3
7825.263935781756,42920.8
7825.474073570317,42618.9
7825.684211358877,42722.2
7825.894349147438,43502.8
7826.1044869359985,43709.7
7826.3146247245595,44055.3
7826.52476251312,43386.6
7826.734900301681,42939.0
7826.945038090241,42125.3
7827.155175878802,41382.7
7827.365313667362,41012.2
7827.575451455923,41573.7
7827.785589244483,42917.2
7827.995727033044,41944.9
7828.205864821604,41098.1
7828.416002610165,41878.4
7828.6261403987255,42455.2
7828.836278187287,42094.7
7829.046415975847,43136.6
7829.256553764408,41115.8
7829.466691552968,40012.8
7829.676829341528,40691.9
7829.886967130089,41129.7
7830.097104918649,40660.6
7830.30724270721,40415.9
7830.51738049577,41414.5
7830.727518284331,40519.0
7830.9376560728915,39918.3
7831.147793861453,40022.7
7831.357931650013,39986.2
7831.568069438574,40549.6
7831.778207227134,39369.7
7831.988345015695,39960.5
7832.198482804255,40099.1
7832.408620592816,38118.7
7832.618758381376,38992.7
7832.828896169937,39705.9
7833.039033958497,38641.1
7833.249171747058,40177.9
7833.459309535619,39027.4
7833.66944732418,38689.9
7833.87958511274,40177.3
7834.089722901301,39167.0
7834.299860689861,38700.2
7834.509998478422,38296.0
7834.720136266982,37309.5
7834.930274055543,37593.7
7835.140411844103,37933.8
7835.350549632663,36757.0
7835.560687421224,37248.0
7835.770825209785,37110.1
7835.980962998346,37959.6
7836.191100786906,38902.8
7836.401238575467,38503.5
7836.611376364027,36699.9
7836.821514152588,35904.5
7837.031651941148,37116.9
7837.241789729709,37107.4
7837.451927518269,36313.0
7837.66206530683,36831.4
7837.87220309539,36936.1
7838.0823408839515,37835.0
7838.292478672512,37245.8
7838.502616461073,36092.0
7838.712754249633,37248.4
7838.922892038194,36346.3
7839.133029826754,35387.9
7839.343167615315,35960.5
7839.553305403875,36254.2
7839.763443192436,35937.9
7839.973580980996,35082.9
7840.183718769557,34766.8
7840.3938565581175,33728.1
7840.6039943466785,34598.6
7840.814132135239,36326.3
7841.024269923799,35109.9
7841.23440771236,34486.3
7841.44454550092,34833.5
7841.654683289481,35264.3
7841.864821078041,36543.6
7842.074958866602,35507.3
7842.285096655162,34566.9
7842.495234443723,34317.3
7842.7053722322835,34233.9
7842.9155100208445,34798.7
7843.125647809405,33788.7
7843.335785597966,34743.9
7843.545923386526,34730.7
7843.756061175087,33256.5
7843.966198963647,33994.1
7844.176336752208,34425.2
7844.386474540768,33658.4
7844.596612329329,32295.8
7844.806750117889,32949.8
7845.01688790645,32997.7
7845.2270256950105,33132.8
7845.437163483572,33093.6
7845.647301272132,32991.3
7845.857439060693,32990.0
7846.067576849253,33065.5
7846.277714637814,31610.2
7846.487852426374,31318.6
7846.697990214934,31862.9
7846.908128003495,32273.8
7847.118265792055,32893.1
7847.328403580616,32499.9
7847.5385413691765,32072.2
7847.748679157738,31560.5
7847.958816946298,31620.7
7848.168954734859,32837.3
7848.379092523419,32449.2
7848.58923031198,31249.1
7848.79936810054,31151.3
7849.009505889101,29963.3
7849.219643677661,30410.6
7849.429781466222,30625.4
7849.639919254782,30769.7
7849.850057043343,31309.3
7850.060194831904,31162.2
7850.270332620465,32019.3
7850.480470409025,31238.6
7850.690608197586,31051.3
7850.900745986146,28885.9
7851.110883774707,29000.2
7851.321021563267,30198.1
7851.531159351828,29635.8
7851.741297140388,29406.7
7851.951434928949,30154.6
7852.161572717509,29297.2
7852.37171050607,28580.6
7852.581848294631,29086.7
7852.791986083191,30368.7
7853.002123871752,29995.2
7853.212261660312,28025.4
7853.422399448873,29422.3
7853.632537237433,29679.3
7853.842675025994,29066.1
7854.052812814554,28077.4
7854.262950603115,28236.3
7854.473088391675,29199.8
7854.6832261802365,27301.6
7854.893363968797,27911.4
7855.103501757358,27789.9
7855.313639545918,28113.4
7855.523777334479,28586.6
7855.733915123039,27605.9
7855.9440529116,27855.1
7856.15419070016,28331.6
7856.364328488721,26719.3
7856.574466277281,27934.4
7856.784604065842,26172.0
7856.9947418544025,25874.8
7857.204879642963,27024.0
7857.415017431524,27538.0
7857.625155220084,27713.2
7857.835293008645,27777.8
7858.045430797205,26812.6
7858.255568585766,25904.1
7858.465706374326,26561.3
7858.675844162887,26961.2
7858.885981951447,27540.2
7859.096119740008,26299.5
7859.3062575285685,25995.3
7859.5163953171295,26437.6
7859.72653310569,25811.5
7859.936670894251,25388.1
7860.146808682811,25741.4
7860.356946471372,26900.2
7860.567084259932,24588.2
7860.777222048493,24754.2
7860.987359837053,25377.5
7861.197497625614,25239.4
7861.407635414174,25226.8
7861.617773202735,24881.4
7861.8279109912955,24013.8
7862.038048779857,25377.5
7862.248186568417,24516.8
7862.458324356978,24762.5
7862.668462145538,24856.2
7862.878599934098,24284.0
7863.088737722659,25288.5
7863.29887551122,25614.2
7863.50901329978,23668.2
7863.71915108834,24093.9
7863.929288876901,23796.6
7864.1394266654615,24769.6
7864.349564454023,23815.6
7864.559702242583,23433.5
7864.769840031144,23125.7
7864.979977819704,23806.1
7865.190115608265,25114.9
7865.400253396825,23209.4
7865.610391185386,22947.1
7865.820528973946,23818.7
7866.030666762507,23073.1
7866.240804551067,23360.5
7866.450942339628,22761.9
7866.661080128189,23628.3
7866.87121791675,22726.4
7867.08135570531,22629.9
7867.291493493871,22207.7
7867.501631282431,23334.7
7867.711769070992,22342.3
7867.921906859552,22968.8
7868.132044648113,23123.9
7868.342182436673,23478.3
7868.552320225233,23473.9
7868.7624580137945,22403.4
7868.972595802355,22437.9
7869.182733590916,21703.6
7869.392871379476,22264.5
7869.603009168037,22131.2
7869.813146956597,22170.5
7870.023284745158,20068.8
7870.233422533718,20553.5
7870.443560322279,21938.8
7870.653698110839,20524.8
7870.8638358994,19087.9
7871.0739736879605,20824.7
7871.2841114765215,21194.3
7871.494249265082,21176.7
7871.704387053643,20373.2
7871.914524842203,20211.7
7872.124662630764,20656.2
7872.334800419324,20285.8
7872.544938207885,20595.0
7872.755075996445,19076.7
7872.965213785006,19589.0
7873.175351573566,19634.1
7873.385489362127,18986.2
7873.5956271506875,19057.6
7873.805764939249,19368.5
7874.015902727809,18444.0
7874.226040516369,19387.1
7874.43617830493,19138.4
7874.64631609349,19562.8
7874.856453882051,19133.1
7875.066591670611,18469.5
7875.276729459172,18699.1
7875.486867247732,16559.1
7875.697005036293,17208.1
7875.9071428248535,18678.1
7876.117280613415,18325.7
7876.327418401975,17625.3
7876.537556190536,17514.2
7876.747693979096,17055.2
7876.957831767657,16869.2
7877.167969556217,17464.9
7877.378107344778,16910.1
7877.588245133338,18314.1
7877.798382921899,17311.0
7878.008520710459,17055.3
7878.21865849902,17911.2
7878.428796287581,17694.3
7878.638934076142,16834.0
7878.849071864702,17448.7
7879.059209653263,16993.1
7879.269347441823,17241.6
7879.479485230384,16389.8
7879.689623018944,16824.8
7879.899760807504,16575.8
7880.109898596065,15950.4
7880.320036384625,15461.8
7880.530174173186,16987.3
7880.740311961747,16919.3
7880.950449750308,17068.2
7881.160587538868,17216.9
7881.370725327429,15798.4
7881.580863115989,16919.8
7881.79100090455,16742.9
7882.00113869311,15046.7
7882.211276481671,14566.5
7882.421414270231,15802.0
7882.631552058792,15628.5
7882.841689847352,14414.2
7883.0518276359135,15315.3
7883.261965424474,16586.7
7883.472103213035,15167.1
7883.682241001595,14866.6
7883.892378790156,15235.3
7884.102516578716,15021.1
7884.312654367277,14691.4
7884.522792155837,14982.8
7884.732929944398,14798.6
7884.943067732958,15100.1
7885.153205521519,15454.3
7885.3633433100795,14854.5
7885.57348109864,14707.5
7885.783618887201,14637.3
7885.993756675761,12947.3
7886.203894464322,12212.1
7886.414032252882,14994.1
7886.624170041443,14637.0
7886.834307830003,14731.4
7887.044445618564,14781.3
7887.254583407124,12800.3
7887.464721195685,13389.3
7887.6748589842455,13719.8
7887.8849967728065,13718.1
7888.095134561367,11916.4
7888.305272349928,12983.3
7888.515410138488,12602.3
7888.725547927049,12986.1
7888.935685715609,12604.1
7889.14582350417,11901.4
7889.35596129273,12910.8
7889.566099081291,11722.4
7889.776236869851,11658.8
7889.986374658412,12496.6
7890.1965124469725,12592.5
7890.406650235534,13446.0
7890.616788024094,13298.5
7890.826925812655,12136.0
7891.037063601215,12622.2
7891.247201389775,12376.3
7891.457339178336,11790.0
7891.667476966896,11531.9
7891.877614755457,11153.5
7892.087752544017,10239.9
7892.297890332578,10597.8
7892.5080281211385,11666.0
7892.7181659097,10913.6
7892.92830369826,11634.1
7893.138441486821,10938.6
7893.348579275381,10482.9
7893.558717063942,11072.6
7893.768854852502,12023.9
7893.978992641063,9740.02
