7607.2818047529,2428.86
7607.491993091098,2515.6
7607.702181429296,2274.96
7607.912369767494,2935.03
7608.122558105692,3762.96
7608.332746443891,4298.38
7608.542934782088,4352.82
7608.753123120287,3175.64
7608.963311458485,2357.55
7609.173499796683,2463.61
7609.383688134881,2981.06
7609.593876473079,2934.46
7609.804064811277,2820.14
7610.014253149476,2986.17
7610.224441487673,3229.09
7610.4346298258715,3980.36
7610.64481816407,4888.92
7610.855006502268,6742.43
7611.065194840466,7602.15
7611.275383178664,6883.22
7611.485571516862,4924.32
7611.695759855061,3230.23
7611.905948193258,3509.8
7612.1161365314565,4361.99
7612.326324869655,4376.09
7612.536513207853,4835.01
7612.746701546051,4795.24
7612.956889884249,4606.03
7613.167078222447,5786.75
7613.377266560646,8339.5
7613.587454898843,10812.8
7613.7976432370415,12143.3
7614.00783157524,12100.1
7614.218019913438,10394.0
7614.428208251636,8423.73
7614.638396589834,6391.77
7614.848584928032,5655.83
7615.058773266231,6572.92
7615.268961604428,6978.62
7615.4791499426265,8092.26
7615.689338280825,8878.29
7615.899526619023,9212.22
7616.109714957221,10261.0
7616.319903295419,12704.1
7616.530091633617,15515.7
7616.740279971816,17564.2
7616.950468310013,18981.5
7617.160656648211,19468.9
7617.37084498641,18760.6
7617.581033324608,19023.4
7617.791221662806,19633.9
7618.001410001004,19921.3
7618.211598339202,19770.4
7618.421786677401,19403.6
7618.631975015598,19738.7
7618.842163353796,20199.1
7619.052351691995,19690.6
7619.262540030193,19664.2
7619.472728368391,19634.9
7619.682916706589,18233.2
7619.893105044787,16338.2
7620.103293382986,14531.8
7620.313481721183,11729.1
7620.523670059381,9397.49
7620.73385839758,8584.73
7620.944046735778,8716.54
7621.1542350739755,10444.4
7621.364423412174,13132.6
7621.574611750372,15481.2
7621.784800088571,17015.4
7621.994988426768,17546.6
7622.205176764966,16705.4
7622.415365103165,13955.0
7622.625553441363,10729.4
7622.8357417795605,7973.16
7623.045930117759,6818.05
7623.256118455957,6457.26
7623.466306794156,6616.2
7623.676495132353,7467.11
7623.886683470551,6746.45
7624.09687180875,6241.49
7624.307060146948,6610.55
7624.5172484851455,6975.45
7624.727436823344,9615.06
7624.937625161542,13589.9
7625.147813499741,15960.0
7625.358001837938,17040.9
7625.568190176136,17594.7
7625.778378514335,16424.2
7625.988566852533,14757.0
7626.1987551907305,11908.7
7626.408943528929,9205.46
7626.619131867127,6843.63
7626.829320205325,5304.24
7627.039508543523,4955.48
7627.249696881721,4756.74
7627.45988521992,5149.03
7627.670073558117,5796.47
7627.8802618963155,5506.85
7628.090450234514,5935.76
7628.300638572712,7786.69
7628.51082691091,10295.1
7628.721015249108,13091.9
7628.931203587306,16084.3
7629.141391925505,18238.4
7629.351580263702,18615.2
7629.5617686019,18314.9
7629.771956940099,16957.2
7629.982145278297,14633.2
7630.192333616495,11754.6
7630.402521954693,9221.73
7630.612710292891,7434.91
7630.82289863109,5911.61
7631.033086969287,4809.06
7631.243275307485,4462.79
7631.453463645684,4692.6
7631.663651983882,4953.61
7631.87384032208,5198.37
7632.084028660278,6510.14
7632.294216998476,9205.14
7632.504405336675,12287.5
7632.714593674872,15111.8
7632.92478201307,17504.7
7633.134970351269,18826.1
7633.345158689467,19239.4
7633.5553470276645,20116.8
7633.765535365863,20332.7
7633.975723704061,18711.5
7634.18591204226,16302.9
7634.396100380457,13696.4
7634.606288718655,10608.0
7634.816477056854,8360.04
7635.026665395052,6501.9
7635.2368537332495,5613.29
7635.447042071448,5645.37
7635.657230409646,5678.16
7635.867418747845,5912.84
7636.077607086042,6448.67
7636.28779542424,7070.16
7636.497983762439,9399.96
7636.708172100637,14105.3
7636.9183604388345,17173.7
7637.128548777033,19586.6
7637.338737115231,21210.0
7637.54892545343,22514.3
7637.759113791627,22510.2
7637.969302129825,22028.0
7638.179490468024,22109.8
7638.389678806222,20681.8
7638.5998671444195,17771.2
7638.810055482618,14655.2
7639.020243820816,12470.4
7639.2304321590145,9608.1
7639.440620497212,7162.18
7639.65080883541,6235.88
7639.860997173609,6329.88
7640.071185511807,6120.82
7640.2813738500045,6078.18
7640.491562188203,8170.09
7640.701750526401,10030.0
7640.9119388645995,12697.5
7641.122127202797,16098.9
7641.332315540995,19751.3
7641.542503879194,22552.6
7641.752692217392,24230.0
7641.962880555589,25266.0
7642.173068893788,25512.5
7642.383257231986,25135.1
7642.5934455701845,25142.0
7642.803633908382,24662.8
7643.01382224658,23715.2
7643.224010584779,21532.2
7643.434198922977,17621.1
7643.644387261174,14260.3
7643.854575599373,11825.0
7644.064763937571,9323.48
7644.2749522757695,8110.68
7644.485140613967,8237.43
7644.695328952165,8555.83
7644.905517290364,9578.32
7645.115705628562,10747.2
7645.325893966759,12788.7
7645.536082304958,15710.5
7645.746270643156,19076.3
7645.956458981354,22609.1
7646.166647319552,25584.4
7646.37683565775,27531.4
7646.587023995949,28761.2
7646.797212334146,29196.1
7647.007400672344,29163.1
7647.217589010543,28662.6
7647.427777348741,28616.9
7647.6379656869385,28923.8
7647.848154025137,27071.7
7648.058342363335,23548.7
7648.268530701534,20768.2
7648.478719039731,17683.4
7648.688907377929,14994.4
7648.899095716128,12973.0
7649.109284054326,11344.7
7649.3194723925235,11744.8
7649.529660730722,12667.0
7649.73984906892,13339.3
7649.9500374071185,13861.2
7650.160225745316,15133.3
7650.370414083514,18390.3
7650.580602421713,22562.3
7650.790790759911,26532.9
7651.0009790981085,29452.5
7651.211167436307,30724.9
7651.421355774505,30972.6
7651.6315441127035,31462.1
7651.841732450901,31891.3
7652.051920789099,32304.8
7652.262109127298,32475.6
7652.472297465496,32319.1
7652.682485803693,32377.2
7652.892674141892,30599.3
7653.10286248009,27914.1
7653.3130508182885,24302.0
7653.523239156486,20775.0
7653.733427494684,18737.9
7653.943615832883,17219.9
7654.153804171081,16403.0
7654.363992509278,15860.2
7654.574180847477,15558.3
7654.784369185675,17221.2
7654.9945575238735,18650.8
7655.204745862071,19394.7
7655.414934200269,21410.6
7655.625122538468,25504.7
7655.835310876666,29495.2
7656.045499214863,31719.9
7656.255687553062,33331.8
7656.46587589126,34545.6
7656.6760642294585,34725.5
7656.886252567656,34630.2
7657.096440905854,34231.7
7657.306629244053,33632.2
7657.516817582251,35043.0
7657.727005920448,35670.4
7657.937194258647,35070.3
7658.147382596845,34027.9
7658.357570935043,31720.1
7658.567759273241,29228.1
7658.777947611439,26536.9
7658.988135949638,23843.7
7659.198324287836,22690.4
7659.408512626033,21287.0
7659.618700964232,20614.6
7659.82888930243,19723.6
7660.039077640628,21493.0
7660.249265978826,23011.1
7660.459454317024,24228.6
7660.669642655223,25706.1
7660.879830993421,28997.8
7661.090019331618,32893.9
7661.300207669817,34754.7
7661.510396008015,35773.8
7661.720584346213,36010.8
7661.930772684411,35933.6
7662.140961022609,36677.6
7662.3511493608075,36460.2
7662.561337699006,36296.2
7662.771526037203,37388.4
7662.981714375402,38350.1
7663.1919027136,37514.5
7663.402091051798,36659.2
7663.612279389996,36442.5
7663.822467728194,34634.0
7664.0326560663925,32431.4
7664.242844404591,30681.4
7664.453032742788,28890.3
7664.663221080987,27565.1
7664.873409419185,26088.6
7665.083597757383,24486.1
7665.293786095581,24484.5
7665.503974433779,25624.4
7665.7141627719775,26814.0
7665.924351110176,28104.9
7666.134539448373,29946.2
7666.344727786572,32874.1
7666.55491612477,35483.9
7666.765104462967,36598.1
7666.975292801166,37641.0
7667.185481139364,39119.4
7667.3956694775625,38884.5
7667.60585781576,38600.6
7667.816046153958,38967.3
7668.026234492157,39691.8
7668.236422830355,40795.6
7668.446611168552,40739.1
7668.656799506751,39651.1
7668.866987844949,39798.1
7669.0771761831475,39393.4
7669.287364521345,39526.0
7669.497552859543,39384.7
7669.707741197742,37751.5
7669.91792953594,35225.2
7670.128117874137,32998.1
7670.338306212336,32699.1
7670.548494550534,32737.1
7670.758682888732,31630.5
7670.96887122693,30803.2
7671.179059565128,30844.2
7671.389247903327,31604.1
7671.599436241525,32875.9
7671.809624579722,34902.5
7672.019812917921,35701.9
7672.230001256119,37637.9
7672.440189594317,40099.7
7672.650377932515,41356.2
7672.860566270713,41806.0
7673.070754608912,41900.4
7673.28094294711,41811.6
7673.491131285307,42167.5
7673.701319623506,42666.1
7673.911507961704,42070.7
7674.121696299902,40947.3
7674.3318846381,41573.2
7674.542072976298,41384.6
7674.7522613144965,42593.8
7674.962449652695,41921.9
7675.172637990892,42195.5
7675.382826329091,41835.0
7675.593014667289,39967.6
7675.803203005487,38377.7
7676.013391343685,37392.6
7676.223579681883,37443.1
7676.4337680200815,37518.8
7676.64395635828,36024.7
7676.854144696477,34677.2
7677.064333034676,33884.5
7677.274521372874,35254.0
7677.484709711072,36557.0
7677.69489804927,37641.3
7677.905086387468,38031.8
7678.1152747256665,39082.2
7678.325463063865,40916.7
7678.535651402062,42371.6
7678.745839740261,42987.9
7678.956028078459,43300.4
7679.166216416657,44040.8
7679.376404754855,43802.1
7679.586593093053,43193.0
7679.7967814312515,43113.4
7680.00696976945,43651.2
7680.217158107647,42811.6
7680.427346445846,43604.7
7680.637534784044,43936.3
7680.847723122242,43328.9
7681.05791146044,43891.4
7681.268099798638,43927.3
7681.478288136836,43161.9
7681.688476475035,42752.7
7681.898664813232,41443.9
7682.108853151431,40754.7
7682.319041489629,40564.0
7682.529229827827,40558.3
7682.739418166025,39491.7
7682.949606504223,38512.4
7683.159794842421,38049.3
7683.36998318062,38766.5
7683.580171518817,39266.5
7683.790359857016,39593.3
7684.000548195214,40735.0
7684.210736533412,41998.0
7684.42092487161,42310.3
7684.631113209808,42537.8
7684.841301548006,43952.0
7685.051489886204,44819.8
7685.261678224402,44153.8
7685.471866562601,44252.9
7685.682054900799,45112.5
7685.892243238997,44719.9
7686.102431577195,43327.3
7686.312619915393,43706.5
7686.522808253591,45377.4
7686.732996591789,44988.0
7686.943184929987,44778.3
7687.1533732681855,45700.7
7687.363561606384,45164.1
7687.573749944581,44595.8
7687.78393828278,45132.9
7687.994126620978,44431.0
7688.204314959176,42939.9
7688.414503297374,43448.7
7688.624691635572,42556.1
7688.8348799737705,42512.9
7689.045068311969,41925.9
7689.255256650166,41678.2
7689.465444988365,41339.3
7689.675633326563,40606.1
7689.885821664761,41354.3
7690.096010002959,42741.6
7690.306198341157,43325.4
7690.5163866793555,43138.9
7690.726575017554,43011.2
7690.936763355751,44022.9
7691.14695169395,44358.6
7691.357140032148,44889.1
7691.567328370346,45748.7
7691.777516708544,45008.5
7691.987705046742,44794.2
7692.1978933849405,46220.2
7692.408081723139,45844.6
7692.618270061336,45116.9
7692.828458399535,45149.4
7693.038646737733,46005.6
7693.248835075931,45663.3
7693.459023414129,44881.0
7693.669211752327,45804.3
7693.879400090525,46274.3
7694.089588428724,45405.6
7694.299776766921,44919.9
7694.50996510512,45081.2
7694.720153443318,44848.3
7694.930341781516,45440.8
7695.140530119714,44177.2
7695.350718457912,43513.4
7695.56090679611,45200.2
7695.771095134309,45411.8
7695.981283472506,44150.9
7696.191471810705,43988.8
7696.401660148903,43698.8
7696.611848487101,43816.0
7696.822036825299,44533.2
7697.032225163497,45025.3
7697.242413501695,45427.7
7697.452601839894,45340.1
7697.662790178091,45408.9
7697.87297851629,44575.3
7698.083166854488,45846.9
7698.293355192686,46265.5
7698.503543530884,45977.3
7698.713731869082,45659.4
7698.92392020728,45083.6
7699.134108545479,45067.2
7699.344296883676,45262.4
7699.5544852218745,46231.6
7699.764673560073,47178.5
7699.974861898271,46834.6
7700.185050236469,46261.0
7700.395238574667,46621.2
7700.605426912865,46839.3
7700.815615251064,46261.3
7701.025803589261,46580.3
7701.2359919274595,47186.4
7701.446180265658,46004.1
7701.656368603856,46307.0
7701.866556942054,46549.6
7702.076745280252,46003.3
7702.28693361845,45620.2
7702.497121956649,46495.9
7702.707310294846,45846.6
7702.9174986330445,45636.9
7703.127686971243,45477.3
7703.337875309441,45929.4
7703.548063647639,45551.8
7703.758251985837,44927.8
7703.968440324035,45800.7
7704.178628662234,46541.7
7704.388817000431,46709.3
7704.5990053386295,47320.0
7704.809193676828,47383.0
7705.019382015025,47012.8
7705.229570353224,47272.7
7705.439758691422,46274.2
7705.64994702962,46465.9
7705.860135367818,47211.8
7706.070323706016,46554.6
7706.280512044214,47720.7
7706.490700382413,47937.6
7706.70088872061,47262.5
7706.911077058809,46224.3
7707.121265397007,46209.3
7707.331453735205,46537.0
7707.541642073403,47202.3
7707.751830411601,47886.6
7707.962018749799,47795.9
7708.172207087998,46583.4
7708.382395426195,46249.5
7708.592583764394,47366.9
7708.802772102592,46930.8
7709.01296044079,46689.9
7709.223148778988,46335.0
7709.433337117186,46938.4
7709.643525455384,47664.4
7709.853713793583,46992.8
7710.06390213178,45943.9
7710.274090469979,46765.8
7710.484278808177,46562.9
7710.694467146375,46371.4
7710.904655484573,46373.1
7711.114843822771,46095.6
7711.325032160969,45742.9
7711.535220499168,45619.1
7711.745408837365,46314.7
7711.9555971755635,46910.9
7712.165785513762,47209.1
7712.37597385196,47242.7
7712.586162190158,47261.6
7712.796350528356,47498.4
7713.006538866554,47486.1
7713.216727204753,47532.9
7713.42691554295,45899.0
7713.6371038811485,46256.2
7713.847292219347,47394.4
7714.057480557545,46674.4
7714.267668895743,46819.6
7714.477857233941,48130.1
7714.688045572139,47483.3
7714.898233910338,46611.9
7715.108422248535,46038.1
7715.3186105867335,46425.2
7715.528798924932,46558.4
7715.73898726313,46998.7
7715.949175601328,46781.6
7716.159363939526,46545.8
7716.369552277724,45775.4
7716.579740615923,45525.7
7716.78992895412,46730.6
7717.0001172923185,47669.4
7717.210305630517,47381.6
7717.420493968715,47067.5
7717.630682306913,47209.3
7717.840870645111,46660.6
7718.051058983309,47303.0
7718.261247321508,47435.0
7718.471435659705,47362.4
7718.681623997903,47767.9
7718.891812336102,47010.4
7719.1020006743,46767.7
7719.312189012498,47407.2
7719.522377350696,47114.5
7719.732565688894,46584.3
7719.942754027093,46085.4
7720.15294236529,46495.3
7720.363130703488,46995.2
7720.573319041687,45929.4
7720.783507379885,46392.3
7720.993695718083,46549.4
7721.203884056281,46237.6
7721.414072394479,45695.6
7721.624260732678,46033.6
7721.834449070875,46813.0
7722.044637409073,46480.4
7722.254825747272,47223.0
7722.46501408547,47741.9
7722.6752024236675,46871.7
7722.885390761866,47711.1
7723.095579100064,47710.4
7723.305767438263,46096.9
7723.51595577646,46377.0
7723.726144114658,46509.1
7723.936332452857,45956.5
7724.146520791055,46643.9
7724.3567091292525,46946.3
7724.566897467451,46928.7
7724.777085805649,46506.7
7724.987274143847,46559.9
7725.197462482045,46490.3
7725.407650820243,46343.1
7725.617839158442,46191.5
7725.828027496639,45355.9
7726.0382158348375,45344.2
7726.248404173036,45492.2
7726.458592511234,45891.4
7726.668780849432,45904.3
7726.87896918763,46483.7
7727.089157525828,46330.7
7727.299345864027,46204.1
7727.509534202224,46184.8
7727.7197225404225,45870.1
7727.929910878621,46056.4
7728.140099216819,46512.8
7728.350287555017,46864.0
7728.560475893215,47119.8
7728.770664231413,46622.7
7728.980852569612,45273.3
7729.191040907809,45557.3
7729.4012292460075,45718.5
7729.611417584206,46127.2
7729.821605922404,45378.4
7730.031794260602,45396.7
7730.2419825988,44881.6
7730.452170936998,45518.8
7730.662359275197,47365.3
7730.872547613394,46766.2
7731.082735951592,46257.8
7731.292924289791,47464.8
7731.503112627989,47801.9
7731.713300966187,47461.6
7731.923489304385,46650.1
7732.133677642583,45872.8
7732.343865980782,45874.9
7732.554054318979,45739.0
7732.764242657177,46133.8
7732.974430995376,45623.8
7733.184619333574,45182.2
7733.394807671772,45618.3
7733.60499600997,45848.2
7733.815184348168,45665.2
7734.025372686367,46176.7
7734.235561024564,45402.4
7734.445749362762,45502.0
7734.655937700961,45465.4
7734.866126039159,45069.2
7735.0763143773565,46138.2
7735.286502715555,45955.9
7735.496691053753,45234.9
7735.706879391952,44678.1
7735.917067730149,45203.7
7736.127256068347,46475.5
7736.337444406546,46014.5
7736.547632744744,45696.2
7736.7578210829415,45476.1
7736.96800942114,45932.4
7737.178197759338,45383.1
7737.388386097537,45437.1
7737.598574435734,44448.3
7737.808762773932,45426.2
7738.018951112131,44920.8
7738.229139450329,44737.3
7738.4393277885265,45367.9
7738.649516126725,45048.8
7738.859704464923,44320.2
7739.069892803122,44240.3
7739.280081141319,45119.4
7739.490269479517,45448.4
7739.700457817716,45188.6
7739.910646155914,45012.5
7740.1208344941115,44959.9
7740.33102283231,45059.0
7740.541211170508,44986.1
7740.7513995087065,44980.4
7740.961587846904,44822.2
7741.171776185102,44929.0
7741.381964523301,45737.0
7741.592152861499,45338.7
7741.8023411996965,44699.8
7742.012529537895,44775.4
7742.222717876093,44861.4
7742.4329062142915,46112.5
7742.643094552489,45307.5
7742.853282890687,44002.4
7743.063471228886,43878.2
7743.273659567083,44967.7
7743.483847905281,44421.5
7743.69403624348,44017.2
7743.904224581678,44537.2
7744.1144129198765,44435.8
7744.324601258074,43081.2
7744.534789596272,43719.4
7744.744977934471,44492.4
7744.955166272668,44233.7
7745.165354610866,44287.3
7745.375542949065,43664.3
7745.585731287263,44003.5
7745.795919625461,44154.0
7746.006107963659,43744.7
7746.216296301857,43884.7
7746.426484640056,44425.4
7746.636672978253,44438.3
7746.846861316451,44457.6
7747.05704965465,44678.9
7747.267237992848,44491.0
7747.4774263310455,43523.0
7747.687614669244,43804.5
7747.897803007442,44508.9
7748.107991345641,44425.5
7748.318179683838,44116.0
7748.528368022036,44695.6
7748.738556360235,44153.7
7748.948744698433,43040.5
7749.1589330366305,43116.0
7749.369121374829,42880.9
7749.579309713027,43876.7
7749.789498051226,43745.7
7749.999686389423,43386.8
7750.209874727621,44125.3
7750.42006306582,43528.0
7750.630251404018,42879.7
7750.8404397422155,42858.4
7751.050628080414,43053.8
7751.260816418612,42327.0
7751.4710047568105,42114.4
7751.681193095008,43129.7
7751.891381433206,43510.9
7752.101569771405,43590.3
7752.311758109603,43591.2
7752.5219464478005,43340.9
7752.732134785999,42856.5
7752.942323124197,43205.7
7753.1525114623955,43130.4
7753.362699800593,42912.1
7753.572888138791,42859.8
7753.78307647699,43267.9
7753.993264815188,43401.2
7754.203453153385,42847.0
7754.413641491584,43160.2
7754.623829829782,42607.6
7754.8340181679805,42506.0
7755.044206506178,42591.2
7755.254394844376,42366.5
7755.464583182575,42101.2
7755.674771520773,42696.3
7755.88495985897,42583.8
7756.095148197169,41791.5
7756.305336535367,41447.5
7756.5155248735655,42560.7
7756.725713211763,41998.1
7756.935901549961,42720.2
7757.14608988816,43045.1
7757.356278226358,42575.6
7757.566466564555,42462.2
7757.776654902754,43760.6
7757.986843240952,43438.0
7758.1970315791505,42349.7
7758.407219917348,41765.3
7758.617408255546,41482.9
7758.827596593745,41172.8
7759.037784931943,40972.0
7759.24797327014,40711.5
7759.458161608339,41637.7
7759.668349946537,42175.8
7759.878538284735,42468.9
7760.088726622933,41941.9
7760.298914961131,41243.1
7760.50910329933,41029.9
7760.719291637528,42277.3
7760.929479975725,40424.1
7761.139668313924,40477.5
7761.349856652122,42200.9
7761.56004499032,41350.0
7761.770233328518,41013.7
7761.980421666716,41052.7
7762.190610004915,41751.3
7762.400798343113,41355.9
7762.61098668131,39926.8
7762.821175019509,40491.8
7763.031363357707,40522.9
7763.2415516959045,41236.2
7763.451740034103,39922.1
7763.661928372301,39644.6
7763.8721167104995,41058.6
7764.082305048698,41110.4
7764.292493386895,40531.2
7764.502681725094,40486.4
7764.712870063292,40947.2
7764.9230584014895,41154.9
7765.133246739688,39622.3
7765.343435077886,40474.1
7765.5536234160845,41181.6
7765.763811754282,40333.2
7765.97400009248,40808.7
7766.184188430679,40245.8
7766.394376768877,39869.9
7766.604565107074,40197.3
7766.814753445273,40987.2
7767.024941783471,39917.1
7767.2351301216695,39885.3
7767.445318459867,40285.7
7767.655506798065,40201.8
7767.865695136264,39636.7
7768.075883474462,40451.7
7768.286071812659,39775.3
7768.496260150858,39441.5
7768.706448489056,39222.0
7768.9166368272545,39721.5
7769.126825165452,40084.3
7769.33701350365,38864.0
7769.547201841849,40685.1
7769.757390180047,40354.1
7769.967578518244,39876.1
7770.177766856443,39261.3
7770.387955194641,39223.5
7770.5981435328395,38455.1
7770.808331871037,37393.4
7771.018520209235,37148.0
7771.228708547434,38046.9
7771.438896885632,37260.1
7771.649085223829,36816.4
7771.859273562028,36582.2
7772.069461900226,37268.8
7772.279650238424,38565.1
7772.489838576622,36852.7
7772.70002691482,37059.6
7772.910215253019,37820.5
7773.120403591217,36455.2
7773.330591929414,36525.0
7773.540780267613,36291.4
7773.750968605811,35474.2
7773.961156944009,36035.1
7774.171345282207,36095.7
7774.381533620405,36306.6
7774.591721958604,36276.7
7774.801910296802,35982.3
7775.012098634999,35646.8
7775.222286973198,36117.9
7775.432475311396,36729.5
7775.642663649594,36047.2
7775.852851987792,35988.4
7776.06304032599,36637.0
7776.2732286641885,37047.3
7776.483417002387,36545.5
7776.693605340584,36618.1
7776.903793678783,36963.1
7777.113982016981,37212.0
7777.324170355179,37190.9
7777.534358693377,37517.0
7777.744547031575,37794.0
7777.9547353697735,37092.5
7778.164923707972,37634.2
7778.375112046169,36996.9
7778.585300384368,37024.8
7778.795488722566,37407.5
7779.005677060764,37891.0
7779.215865398962,37050.2
7779.42605373716,37421.2
7779.6362420753585,38306.0
7779.846430413557,37126.8
7780.056618751754,37910.9
7780.266807089953,37808.7
7780.476995428151,37111.8
7780.687183766349,37448.9
7780.897372104547,37518.5
7781.107560442745,37101.6
7781.3177487809435,37624.4
7781.527937119142,37128.0
7781.738125457339,37388.5
7781.948313795538,37531.0
7782.158502133736,36404.8
7782.368690471934,36687.5
7782.578878810132,38076.2
7782.78906714833,37283.0
7782.999255486528,36963.2
7783.209443824726,36562.7
7783.419632162924,36775.8
7783.629820501123,36695.7
7783.840008839321,36694.8
7784.050197177519,36604.2
7784.260385515717,36613.1
7784.470573853915,36525.7
7784.680762192113,36670.3
7784.890950530311,36869.1
7785.101138868509,36239.9
7785.311327206708,35978.2
7785.521515544906,36378.3
7785.731703883103,36823.3
7785.941892221302,36464.7
7786.1520805595,36638.9
7786.362268897698,36157.9
7786.572457235896,35865.1
7786.782645574094,35154.7
7786.992833912293,34715.9
7787.203022250491,35299.9
7787.413210588688,35906.9
7787.623398926887,36034.3
7787.833587265085,36114.5
7788.043775603283,34993.4
7788.253963941481,35099.7
7788.464152279679,36081.3
7788.6743406178775,35143.2
7788.884528956076,35725.2
7789.094717294273,36054.1
7789.304905632472,35105.4
7789.51509397067,35147.2
7789.725282308868,35639.8
7789.935470647066,35268.4
7790.145658985264,35027.0
7790.3558473234625,35047.4
7790.566035661661,35276.3
7790.776223999858,35001.1
7790.986412338057,34572.7
7791.196600676255,35553.9
7791.406789014453,35900.0
7791.616977352651,35182.8
7791.827165690849,35512.3
7792.0373540290475,35531.3
7792.247542367246,35345.8
7792.457730705443,34697.7
7792.667919043642,34556.5
7792.87810738184,34721.8
7793.088295720038,34822.0
7793.298484058236,34928.2
7793.508672396434,34388.7
7793.7188607346325,34045.2
7793.929049072831,33926.4
7794.139237411028,34827.7
7794.349425749227,35978.6
7794.559614087425,34588.5
7794.769802425623,34197.3
7794.979990763821,33417.5
7795.190179102019,34181.9
7795.400367440217,34859.4
7795.610555778416,34782.7
7795.820744116613,33781.5
7796.030932454812,33965.2
7796.24112079301,33665.4
7796.451309131208,33605.2
7796.661497469406,33955.5
7796.871685807604,33360.4
7797.081874145802,33099.9
7797.292062484001,32608.2
7797.502250822198,33308.1
7797.712439160397,33032.2
7797.922627498595,32240.3
7798.132815836793,32858.5
7798.343004174991,33925.3
7798.553192513189,33330.2
7798.763380851387,33616.2
7798.973569189586,33055.2
7799.183757527783,32015.9
7799.393945865982,31704.6
7799.60413420418,32435.6
7799.814322542378,33032.6
7800.024510880576,33070.6
7800.234699218774,33167.6
7800.444887556972,33309.5
7800.655075895171,33139.4
7800.865264233368,32463.2
7801.0754525715665,32611.3
7801.285640909765,32153.3
7801.495829247963,32392.8
7801.706017586161,32395.9
7801.916205924359,31876.4
7802.126394262557,32065.4
7802.336582600756,32439.5
7802.546770938953,32574.6
7802.7569592771515,32233.1
7802.96714761535,31819.2
7803.177335953547,31972.4
7803.387524291746,31639.5
7803.597712629944,31357.8
7803.807900968142,31442.9
7804.018089306341,31513.3
7804.228277644538,31599.2
7804.4384659827365,31416.8
7804.648654320935,31118.3
7804.858842659132,31784.3
7805.069030997331,31716.6
7805.279219335529,31150.8
7805.489407673727,31349.6
7805.699596011925,31684.5
7805.909784350123,30889.9
7806.1199726883215,30782.1
7806.33016102652,31543.2
7806.540349364717,31259.5
7806.750537702916,30638.1
7806.960726041114,30245.4
7807.170914379312,30882.5
7807.38110271751,31206.9
7807.591291055708,30976.4
7807.801479393906,30409.4
7808.011667732105,30209.9
7808.221856070302,30653.7
7808.432044408501,30082.7
7808.642232746699,30000.6
7808.852421084897,29891.3
7809.062609423095,29778.9
7809.272797761293,29779.0
7809.482986099491,29855.9
7809.69317443769,28788.6
7809.903362775887,29368.3
7810.113551114086,30487.3
7810.323739452284,29311.7
7810.533927790482,28957.7
7810.74411612868,29167.3
7810.954304466878,29764.4
7811.164492805076,29755.2
7811.374681143275,29729.6
7811.584869481472,29645.6
7811.795057819671,29897.1
7812.005246157869,28984.3
7812.215434496067,29401.8
7812.425622834265,28480.2
7812.635811172463,28584.0
7812.845999510661,29018.0
7813.05618784886,29362.6
7813.266376187057,28752.2
7813.4765645252555,28986.8
7813.686752863454,28734.1
7813.896941201652,28402.8
7814.10712953985,28305.1
7814.317317878048,29129.2
7814.527506216246,28193.4
7814.737694554445,28590.7
7814.947882892642,28942.4
7815.1580712308405,28892.9
7815.368259569039,27257.2
7815.578447907237,28387.4
7815.788636245435,27933.5
7815.998824583633,27969.2
7816.209012921831,28436.3
7816.41920126003,27470.1
7816.629389598227,27526.7
7816.8395779364255,28102.2
7817.049766274624,28122.8
7817.259954612822,27876.5
7817.47014295102,26713.0
7817.680331289218,27252.9
7817.890519627416,27431.0
7818.100707965615,27112.9
7818.310896303812,27680.7
7818.5210846420105,26597.6
7818.731272980209,27504.5
7818.941461318407,27604.1
7819.151649656605,26451.6
7819.361837994803,27153.6
7819.572026333001,26645.8
7819.7822146712,26129.9
7819.992403009397,26580.1
7820.202591347595,27221.3
7820.412779685794,26481.6
7820.622968023992,26994.6
7820.83315636219,26235.3
7821.043344700388,25974.2
7821.253533038586,25693.0
7821.463721376784,27060.7
7821.673909714982,27028.3
7821.88409805318,26384.7
7822.094286391379,26048.4
7822.304474729577,26938.3
7822.514663067775,25581.8
7822.724851405973,24657.9
7822.935039744171,25805.8
7823.145228082369,26051.5
7823.355416420567,26062.9
7823.565604758765,25130.3
7823.775793096964,26359.7
7823.985981435161,26285.0
7824.1961697733595,26323.4
7824.406358111558,26475.1
7824.616546449756,25996.5
7824.826734787954,26277.7
7825.036923126152,25447.2
7825.24711146435,25614.1
7825.457299802549,25652.7
7825.667488140746,25348.6
7825.8776764789445,25333.3
7826.087864817143,25780.7
7826.298053155341,25001.9
7826.508241493539,24253.6
7826.718429831737,24203.9
7826.928618169935,24628.0
7827.138806508134,24809.2
7827.348994846331,25030.4
7827.5591831845295,24896.7
7827.769371522728,24446.7
7827.979559860926,24149.0
7828.189748199124,24771.5
7828.399936537322,24374.1
7828.61012487552,24470.0
7828.820313213719,24437.9
7829.030501551916,24130.9
7829.2406898901145,22927.8
7829.450878228313,23906.9
7829.661066566511,23663.4
7829.871254904709,24110.6
7830.081443242907,23637.1
7830.291631581105,23017.4
7830.501819919304,23761.4
7830.712008257501,23577.3
7830.9221965956995,22988.2
7831.132384933898,22814.7
7831.342573272096,23048.6
7831.552761610294,23107.6
7831.762949948492,23389.9
7831.97313828669,23050.2
7832.183326624889,23121.1
7832.393514963086,22510.8
7832.603703301284,22881.6
7832.813891639483,23204.2
7833.024079977681,22706.5
7833.234268315879,23009.5
7833.444456654077,22770.2
7833.654644992275,22138.3
7833.864833330474,22351.2
7834.075021668671,22565.0
7834.285210006869,21958.1
7834.495398345068,21362.4
7834.705586683266,21283.1
7834.915775021464,21307.7
7835.125963359662,21368.6
7835.33615169786,21991.1
7835.546340036059,21525.7
7835.756528374256,21209.7
7835.966716712454,21558.1
7836.176905050653,21423.5
7836.387093388851,21695.3
7836.5972817270485,21129.2
7836.807470065247,21355.5
7837.017658403445,21544.7
7837.227846741644,21839.5
7837.438035079841,21802.2
7837.648223418039,21397.4
7837.858411756238,21377.9
7838.068600094436,21398.7
7838.2787884326335,21084.7
7838.488976770832,20953.5
7838.69916510903,20943.1
7838.909353447229,21185.7
7839.119541785426,20967.6
7839.329730123624,20918.2
7839.539918461823,21200.3
7839.750106800021,21165.2
7839.9602951382185,20392.6
7840.170483476417,20303.2
7840.380671814615,20655.6
7840.590860152814,20796.9
7840.801048491011,20317.8
7841.011236829209,20162.0
7841.221425167408,19390.4
7841.431613505605,20197.2
7841.6418018438035,19500.3
7841.851990182002,19878.2
7842.0621785202,19612.4
7842.2723668583985,20161.6
7842.482555196596,19665.0
7842.692743534794,19526.2
7842.902931872993,19074.8
7843.11312021119,19151.5
7843.3233085493885,19600.2
7843.533496887587,20272.7
7843.743685225785,20424.3
7843.953873563983,18995.1
7844.164061902181,20486.8
7844.374250240379,20237.9
7844.584438578578,18560.1
7844.794626916775,19668.2
7845.004815254973,18914.2
7845.215003593172,19210.3
7845.42519193137,18639.5
7845.635380269568,18255.9
7845.845568607766,18904.3
7846.055756945964,19144.3
7846.265945284163,19062.2
7846.47613362236,19180.2
7846.686321960558,18508.7
7846.896510298757,17771.4
7847.106698636955,17514.9
7847.316886975153,18067.3
7847.527075313351,18148.8
7847.737263651549,18197.3
7847.947451989748,18126.0
7848.157640327945,17544.4
7848.367828666143,18500.8
7848.578017004342,18161.7
7848.78820534254,18358.2
7848.9983936807375,18093.0
7849.208582018936,17374.9
7849.418770357134,17664.8
7849.628958695333,16754.9
7849.83914703353,16265.0
7850.049335371728,16795.9
7850.259523709927,17104.8
7850.469712048125,17082.9
7850.6799003863225,17264.5
7850.890088724521,16475.9
7851.100277062719,17195.0
7851.310465400918,17435.7
7851.520653739115,17774.7
7851.730842077313,17065.9
7851.941030415512,16392.5
7852.15121875371,16573.0
7852.3614070919075,16832.9
7852.571595430106,17397.6
7852.781783768304,17136.4
7852.9919721065025,16656.6
7853.2021604447,16165.4
7853.412348782898,16134.5
7853.622537121097,16429.3
7853.832725459295,15729.3
7854.0429137974925,16087.4
7854.253102135691,15658.0
7854.463290473889,15401.4
7854.6734788120875,15716.5
7854.883667150285,15737.1
7855.093855488483,15594.5
7855.304043826682,16015.5
7855.51423216488,16417.2
7855.724420503077,16017.0
7855.934608841276,16035.9
7856.144797179474,15761.0
7856.3549855176725,15745.8
7856.56517385587,14893.6
7856.775362194068,15157.6
7856.985550532267,14965.1
7857.195738870465,15285.4
7857.405927208662,16108.7
7857.616115546861,14918.6
7857.826303885059,15576.7
7858.0364922232575,15515.9
7858.246680561455,15150.9
7858.456868899653,14129.9
7858.667057237852,14870.0
7858.87724557605,16529.8
7859.087433914247,16166.0
7859.297622252446,15126.3
7859.507810590644,15321.5
7859.7179989288425,14908.9
7859.92818726704,13930.6
7860.138375605238,13915.6
7860.348563943437,13782.1
7860.558752281635,14089.9
7860.768940619832,14887.7
7860.979128958031,14550.7
7861.189317296229,13772.6
7861.3995056344265,14057.3
7861.609693972625,13938.4
7861.819882310823,15094.1
7862.030070649022,14728.3
7862.24025898722,14316.5
7862.450447325417,14570.7
7862.660635663616,14847.0
7862.870824001814,13974.7
7863.0810123400115,13116.2
7863.29120067821,12931.7
7863.501389016408,13160.6
7863.711577354607,13290.6
7863.921765692805,13569.8
7864.131954031002,13203.3
7864.342142369201,12952.6
7864.552330707399,13341.2
7864.7625190455965,13150.5
7864.972707383795,12438.8
7865.182895721993,13021.7
7865.3930840601915,13656.5
7865.603272398389,14212.6
7865.813460736587,13613.4
7866.023649074786,11977.6
7866.233837412984,12816.2
7866.4440257511815,12341.7
7866.65421408938,12157.6
7866.864402427578,12170.6
7867.0745907657765,12286.5
7867.284779103974,12345.6
7867.494967442172,12268.3
7867.705155780371,13011.5
7867.915344118569,13052.7
7868.125532456766,12618.7
7868.335720794965,12403.6
7868.545909133163,13068.0
7868.7560974713615,12750.0
7868.966285809559,12221.1
7869.176474147757,11524.4
7869.386662485956,11341.6
7869.596850824154,11094.5
7869.807039162351,11936.2
7870.01722750055,11609.9
7870.227415838748,11464.7
7870.4376041769465,11035.3
7870.647792515144,11315.7
7870.857980853342,11009.8
7871.068169191541,12394.3
7871.278357529739,12078.3
7871.488545867936,11244.9
7871.698734206135,11284.9
7871.908922544333,10679.3
7872.1191108825315,10588.2
7872.329299220729,10262.3
7872.539487558927,10319.5
7872.749675897126,10256.3
7872.959864235324,9907.62
7873.170052573521,10606.6
7873.38024091172,10332.0
7873.590429249918,11040.3
7873.800617588116,10704.4
7874.010805926314,10634.5
7874.220994264512,10601.5
7874.431182602711,10623.6
7874.641370940909,10078.5
7874.851559279106,9578.68
7875.061747617305,9553.9
7875.271935955503,9871.29
7875.482124293701,9977.35
7875.692312631899,9614.28
7875.902500970097,9595.21
7876.112689308296,10059.2
7876.322877646494,9352.88
7876.533065984691,9157.06
7876.74325432289,8311.89
7876.953442661088,8055.39
7877.163630999286,8527.73
7877.373819337484,9033.06
7877.584007675682,9499.4
7877.7941960138805,9004.93
7878.004384352079,9066.33
7878.214572690276,9136.21
7878.424761028475,9634.09
7878.634949366673,9413.18
7878.845137704871,9499.68
7879.055326043069,8663.8
7879.265514381267,7711.61
7879.4757027194655,7979.45
7879.685891057663,8127.43
7879.896079395861,9174.04
7880.10626773406,9309.28
7880.316456072258,8345.88
7880.526644410456,8369.48
7880.736832748654,9102.5
7880.947021086852,8542.41
7881.1572094250505,8314.55
7881.367397763248,8254.96
7881.577586101446,7525.01
7881.787774439645,7964.02
7881.997962777843,8273.91
7882.208151116041,7933.17
7882.418339454239,8237.34
7882.628527792437,7535.14
7882.8387161306355,8735.47
7883.048904468833,8372.06
7883.259092807031,7988.05
7883.46928114523,7987.03
7883.679469483428,8150.71
7883.889657821625,7457.58
7884.099846159824,7756.96
7884.310034498022,7441.96
7884.5202228362205,7842.59
7884.730411174418,6996.39
7884.940599512616,7513.74
7885.150787850815,7322.64
7885.360976189013,7235.49
7885.57116452721,7500.08
7885.781352865409,6710.77
7885.991541203607,6718.35
7886.201729541805,6615.34
7886.411917880003,6341.24
7886.622106218201,6548.11
7886.8322945564,6712.37
7887.042482894598,7148.15
7887.252671232795,7876.65
7887.462859570994,7085.15
7887.673047909192,7217.96
7887.88323624739,6784.79
7888.093424585588,6356.02
7888.303612923786,6450.92
7888.513801261985,6237.8
7888.723989600183,6359.4
7888.93417793838,7175.11
7889.144366276579,6364.52
7889.354554614777,6565.87
7889.564742952975,6787.35
7889.774931291173,6471.98
7889.985119629371,5935.18
7890.1953079675695,5783.42
7890.405496305768,6331.4
7890.615684643965,5888.81
7890.825872982164,5206.42
7891.036061320362,5809.73
7891.24624965856,5956.0
7891.456437996758,6179.55
7891.666626334956,6489.01
7891.8768146731545,5308.34
7892.087003011353,5284.27
7892.29719134955,5162.07
7892.507379687749,4597.49
7892.717568025947,5231.66
7892.927756364145,6024.16
7893.137944702343,5840.92
7893.348133040541,6415.31
7893.5583213787395,5883.48
7893.768509716938,4928.52
7893.978698055135,5509.47
7894.188886393334,5315.74
7894.399074731532,4995.04
7894.60926306973,5122.91
7894.819451407928,5637.97
7895.029639746126,5361.81
7895.2398280843245,5391.14
7895.450016422523,4694.25
7895.66020476072,4245.1
7895.870393098919,3778.83
