6486.8179668079,20703.8
6486.997714097912,21329.5
6487.177461387923,22148.6
6487.357208677936,22847.2
6487.5369559679475,23202.1
6487.716703257959,22884.1
6487.896450547971,22825.0
6488.076197837983,23402.0
6488.255945127995,23035.9
6488.4356924180065,23755.5
6488.615439708018,23547.5
6488.795186998031,23814.2
6488.974934288042,23878.1
6489.154681578054,23574.0
6489.3344288680655,23954.3
6489.514176158077,24487.0
6489.69392344809,24940.9
6489.873670738101,25279.1
6490.053418028113,26009.9
6490.2331653181245,25650.6
6490.412912608137,24299.6
6490.592659898149,22944.0
6490.77240718816,22096.0
6490.952154478172,22572.9
6491.131901768184,24410.0
6491.311649058196,25420.2
6491.491396348208,25890.0
6491.671143638219,25888.7
6491.850890928231,26105.2
6492.030638218243,26478.3
6492.210385508255,27076.8
6492.390132798267,27408.9
6492.569880088278,25628.1
6492.749627378291,24584.8
6492.929374668302,23942.7
6493.109121958314,24940.5
6493.288869248326,26515.9
6493.468616538338,27146.1
6493.64836382835,27423.7
6493.828111118361,27774.9
6494.007858408373,27723.0
6494.187605698386,28267.5
6494.367352988397,27955.1
6494.547100278409,28301.1
6494.72684756842,28711.9
6494.906594858432,28868.3
6495.086342148445,29279.2
6495.266089438456,29516.2
6495.445836728468,28792.5
6495.6255840184795,26944.3
6495.805331308492,25965.1
6495.985078598504,26042.6
6496.164825888515,28428.6
6496.344573178527,30406.0
6496.524320468539,30976.5
6496.704067758551,31136.8
6496.883815048563,30509.7
6497.063562338574,30997.0
6497.243309628586,30649.9
6497.423056918598,29584.6
6497.60280420861,29563.9
6497.782551498622,30276.5
6497.962298788633,31125.4
6498.142046078646,32114.1
6498.321793368657,32812.1
6498.501540658669,32812.6
6498.681287948681,32376.6
6498.861035238693,33269.5
6499.040782528705,33139.5
6499.220529818716,33093.8
6499.400277108728,33519.1
6499.58002439874,33695.5
6499.759771688752,33699.7
6499.939518978764,33585.4
6500.119266268775,33780.3
6500.299013558787,33596.6
6500.4787608487995,34356.7
6500.658508138811,35045.9
6500.838255428823,34878.2
6501.018002718834,35008.5
6501.197750008847,35278.1
6501.3774972988585,35029.9
6501.55724458887,35183.6
6501.736991878882,34442.9
6501.916739168893,35011.5
6502.096486458906,35315.9
6502.276233748918,35483.3
6502.455981038929,35718.3
6502.635728328941,35893.7
6502.815475618953,35895.7
6502.995222908965,35835.6
6503.174970198977,36453.5
6503.354717488988,36338.5
6503.534464779001,35611.0
6503.714212069012,35482.6
6503.893959359024,36095.3
6504.073706649036,35957.1
6504.253453939047,35610.0
6504.43320122906,36537.5
6504.612948519071,37696.5
6504.792695809083,38033.4
6504.972443099095,37637.8
6505.152190389107,38018.6
6505.331937679119,38591.4
6505.51168496913,38559.9
6505.691432259142,38663.3
6505.8711795491545,38776.1
6506.050926839166,38581.1
6506.230674129178,39148.3
6506.410421419189,39698.8
6506.590168709202,39781.9
6506.7699159992135,39723.4
6506.949663289225,40182.9
6507.129410579237,40369.5
6507.309157869248,40093.2
6507.488905159261,40016.2
6507.6686524492725,40242.0
6507.848399739284,40646.9
6508.028147029296,40963.2
6508.207894319308,40327.7
6508.38764160932,39699.9
6508.5673888993315,39145.3
6508.747136189343,39724.0
6508.926883479356,41121.3
6509.106630769367,42466.7
6509.286378059379,43320.3
6509.4661253493905,43120.9
6509.645872639402,43202.6
6509.825619929415,44342.3
6510.005367219426,44571.4
6510.185114509438,44322.7
6510.3648617994495,44191.2
6510.544609089462,43932.2
6510.724356379474,43603.1
6510.904103669485,43315.2
6511.083850959497,43467.6
6511.263598249509,44540.9
6511.443345539521,44455.2
6511.623092829533,44314.9
6511.802840119544,43810.6
6511.982587409556,42484.8
6512.162334699568,42135.9
6512.34208198958,43114.9
6512.521829279592,44556.1
6512.701576569603,46369.8
6512.881323859616,47002.4
6513.061071149627,46022.1
6513.240818439639,45844.8
6513.420565729651,46360.5
6513.600313019663,45558.8
6513.780060309675,45668.4
6513.959807599686,46297.9
6514.139554889698,45878.4
6514.31930217971,44381.8
6514.499049469722,41224.3
6514.678796759734,40138.1
6514.858544049745,40838.8
6515.038291339757,44171.8
6515.21803862977,46782.0
6515.397785919781,47670.9
6515.577533209793,46517.6
6515.757280499804,45492.6
6515.937027789817,45988.6
6516.116775079829,45341.6
6516.29652236984,42769.3
6516.476269659852,38310.2
6516.656016949864,37427.7
6516.835764239876,40811.4
6517.015511529888,44161.1
6517.195258819899,46344.1
6517.375006109911,48516.9
6517.554753399923,49869.7
6517.734500689935,49680.7
6517.914247979947,49179.4
6518.093995269958,48827.5
6518.273742559971,49441.9
6518.453489849982,51444.6
6518.633237139994,51969.4
6518.812984430006,52275.8
6518.992731720018,51270.7
6519.17247901003,49026.9
6519.352226300041,48103.2
6519.531973590053,48385.5
6519.711720880065,49371.8
6519.891468170077,52130.0
6520.071215460089,53861.3
6520.2509627501,53837.0
6520.430710040112,54075.3
6520.6104573301245,54480.3
6520.790204620136,54942.6
6520.969951910148,55385.9
6521.149699200159,55770.5
6521.329446490172,55712.0
6521.5091937801835,54780.9
6521.688941070195,55336.7
6521.868688360207,55572.9
6522.048435650218,54754.0
6522.228182940231,55627.8
6522.4079302302425,56437.2
6522.587677520254,56218.4
6522.767424810266,56545.5
6522.947172100278,56438.7
6523.12691939029,55498.9
6523.3066666803015,55374.7
6523.486413970313,53253.4
6523.666161260326,51912.4
6523.845908550337,52515.4
6524.025655840349,53144.5
6524.2054031303605,56054.8
6524.385150420372,58589.9
6524.564897710385,59694.5
6524.744645000396,59968.6
6524.924392290408,59282.3
6525.1041395804195,59460.1
6525.283886870432,59439.0
6525.463634160444,59907.2
6525.643381450455,60318.4
6525.823128740467,60293.9
6526.0028760304795,59963.0
6526.182623320491,60508.3
6526.362370610503,61317.4
6526.542117900514,61659.6
6526.721865190526,61821.1
6526.9016124805385,62083.2
6527.08135977055,62197.2
6527.261107060562,60864.1
6527.440854350573,60759.3
6527.620601640586,61581.6
6527.8003489305975,62195.5
6527.980096220609,63276.1
6528.159843510621,64078.8
6528.339590800633,63934.2
6528.519338090645,63706.5
6528.6990853806565,63382.9
6528.878832670668,62849.9
6529.058579960681,63550.8
6529.238327250692,64529.5
6529.418074540704,64789.6
6529.5978218307155,64243.2
6529.777569120727,64775.4
6529.95731641074,65915.3
6530.137063700751,65544.4
6530.316810990763,64111.5
6530.4965582807745,63485.8
6530.676305570787,63982.4
6530.856052860799,65044.9
6531.03580015081,65979.2
6531.215547440822,66560.6
6531.395294730834,66579.1
6531.575042020846,66078.5
6531.754789310858,67239.1
6531.934536600869,66084.5
6532.114283890881,62370.5
6532.294031180893,60217.9
6532.473778470905,60984.3
6532.653525760917,64016.9
6532.833273050928,67189.8
6533.013020340941,67728.9
6533.192767630952,68363.9
6533.372514920964,68446.1
6533.552262210976,69070.1
6533.732009500988,67258.4
6533.911756791,65581.7
6534.091504081011,65156.1
6534.271251371023,66151.9
6534.450998661035,68138.5
6534.630745951047,68709.3
6534.810493241059,68640.5
6534.99024053107,69673.3
6535.169987821082,70386.6
6535.349735111095,70734.9
6535.529482401106,70871.0
6535.709229691118,70644.7
6535.888976981129,70378.5
6536.068724271142,69821.3
6536.248471561154,70112.4
6536.428218851165,70615.9
6536.607966141177,70110.6
6536.787713431188,69910.1
6536.967460721201,70289.6
6537.147208011213,71291.3
6537.326955301224,71845.2
6537.506702591236,72672.0
6537.686449881248,72853.3
6537.86619717126,72890.9
6538.045944461272,73092.3
6538.225691751283,73502.2
6538.405439041296,73419.0
6538.585186331307,72839.6
6538.764933621319,72947.1
6538.944680911331,73331.7
6539.124428201343,73826.4
6539.304175491355,74981.5
6539.483922781366,73940.3
6539.663670071378,74422.0
6539.84341736139,75298.6
6540.023164651402,74434.0
6540.202911941414,74135.2
6540.382659231425,74271.2
6540.562406521437,74523.2
6540.7421538114495,75598.1
6540.921901101461,76691.3
6541.101648391473,76574.4
6541.281395681484,75449.1
6541.461142971497,76736.2
6541.6408902615085,76481.2
6541.82063755152,76243.5
6542.000384841532,73964.2
6542.180132131543,73444.1
6542.359879421556,73334.7
6542.5396267115675,73372.8
6542.719374001579,75256.8
6542.899121291591,76688.1
6543.078868581603,76899.3
6543.258615871615,77106.9
6543.4383631616265,75414.1
6543.618110451638,72091.4
6543.797857741651,67637.8
6543.977605031662,66927.1
6544.157352321674,69690.0
6544.3370996116855,74731.7
6544.516846901697,78386.6
6544.69659419171,79128.1
6544.876341481721,78785.1
6545.056088771733,78209.6
6545.2358360617445,78293.1
6545.415583351757,78696.7
6545.595330641769,77205.3
6545.77507793178,76538.1
6545.954825221792,77064.7
6546.134572511804,78525.3
6546.314319801816,80304.2
6546.494067091828,80233.4
6546.673814381839,79600.9
6546.853561671851,80087.7
6547.033308961863,80276.7
6547.213056251875,80403.3
6547.392803541887,79138.4
6547.572550831898,75493.5
6547.752298121911,73886.7
6547.932045411922,76621.1
6548.111792701934,79893.2
6548.291539991946,77828.8
6548.471287281958,73050.9
6548.65103457197,71437.1
6548.830781861981,73468.6
6549.010529151993,78162.5
6549.190276442005,79983.3
6549.370023732017,80660.0
6549.549771022029,81467.5
6549.72951831204,81559.1
6549.909265602052,81744.4
6550.089012892065,81515.3
6550.268760182076,81539.9
6550.448507472088,82207.0
6550.6282547620995,82805.1
6550.808002052112,82843.4
6550.987749342124,83036.5
6551.167496632135,83527.2
6551.347243922147,83084.4
6551.5269912121585,82238.9
6551.706738502171,82436.5
6551.886485792183,81233.8
6552.066233082194,80642.0
6552.245980372206,79339.6
6552.425727662218,73712.5
6552.60547495223,70311.7
6552.785222242242,72585.0
6552.964969532253,77688.7
6553.144716822266,82012.1
6553.324464112277,83123.8
6553.504211402289,80737.9
6553.683958692301,78977.7
6553.863705982313,79402.6
6554.043453272325,80459.6
6554.223200562336,82336.0
6554.402947852348,82943.4
6554.58269514236,82768.1
6554.762442432372,82850.7
6554.942189722384,82746.6
6555.121937012395,83843.5
6555.301684302407,84486.0
6555.4814315924195,83487.0
6555.661178882431,82786.9
6555.840926172443,84582.8
6556.020673462454,82908.6
6556.200420752467,83898.1
6556.3801680424785,85306.6
6556.55991533249,85580.2
6556.739662622502,85203.8
6556.919409912513,84995.6
6557.099157202526,85334.2
6557.278904492538,88112.0
6557.458651782549,94849.4
6557.638399072561,103473.0
6557.818146362573,110614.0
6557.997893652585,117655.0
6558.177640942597,131129.0
6558.357388232608,144643.0
6558.537135522621,159071.0
6558.716882812632,176250.0
6558.896630102644,191986.0
6559.076377392656,204373.0
6559.256124682667,214844.0
6559.43587197268,220630.0
6559.615619262691,222633.0
6559.795366552703,222221.0
6559.975113842715,217335.0
6560.154861132727,208515.0
6560.334608422739,199037.0
6560.51435571275,191730.0
6560.694103002762,186027.0
6560.8738502927745,177140.0
6561.053597582786,164985.0
6561.233344872798,147764.0
6561.413092162809,125992.0
6561.592839452822,104205.0
6561.7725867428335,87319.2
6561.952334032845,78710.4
6562.132081322857,77679.1
6562.311828612868,80425.8
6562.491575902881,88959.3
6562.6713231928925,104843.0
6562.851070482904,126670.0
6563.030817772916,150498.0
6563.210565062928,167525.0
6563.39031235294,177746.0
6563.5700596429515,188305.0
6563.749806932963,194952.0
6563.929554222976,194378.0
6564.109301512987,191399.0
6564.289048802999,195471.0
6564.4687960930105,207600.0
6564.648543383022,214744.0
6564.828290673035,214969.0
6565.008037963046,210654.0
6565.187785253058,203992.0
6565.3675325430695,195471.0
6565.547279833082,183882.0
6565.727027123094,171825.0
6565.906774413105,159630.0
6566.086521703117,145374.0
6566.266268993129,133417.0
6566.446016283141,124600.0
6566.625763573153,116509.0
6566.805510863164,109623.0
6566.985258153176,104582.0
6567.165005443188,101380.0
6567.3447527332,97240.0
6567.524500023212,94233.7
6567.704247313223,92412.4
6567.883994603236,91098.8
6568.063741893247,90281.7
6568.243489183259,89930.9
6568.423236473271,88349.0
6568.602983763283,87369.7
6568.782731053295,87023.5
6568.962478343306,87235.7
6569.142225633318,88737.7
6569.32197292333,88518.9
6569.501720213342,88779.4
6569.681467503354,90456.0
6569.861214793365,90761.3
6570.040962083377,91747.4
6570.22070937339,90943.5
6570.400456663401,91078.7
6570.580203953413,91239.5
6570.759951243424,91284.9
6570.939698533437,91363.4
6571.119445823449,91394.0
6571.29919311346,92000.8
6571.478940403472,90772.5
6571.658687693483,89175.8
6571.838434983496,86271.5
6572.018182273508,82885.8
6572.197929563519,82953.0
6572.377676853531,86036.6
6572.557424143543,89368.7
6572.737171433555,90998.6
6572.916918723567,91495.4
6573.096666013578,90749.6
6573.276413303591,92246.3
6573.456160593602,91258.7
6573.635907883614,92527.2
6573.815655173626,92905.6
6573.995402463637,92848.4
6574.17514975365,93258.4
6574.354897043661,93263.2
6574.534644333673,88834.8
6574.714391623685,83042.0
6574.894138913697,80926.3
6575.073886203709,84054.2
6575.25363349372,89765.1
6575.433380783732,93589.9
6575.6131280737445,93471.1
6575.792875363756,92982.6
6575.972622653768,93838.0
6576.152369943779,93222.6
6576.332117233792,92590.8
6576.5118645238035,92420.7
6576.691611813815,93194.0
6576.871359103827,93211.5
6577.051106393838,92958.0
6577.230853683851,93448.9
6577.4106009738625,93112.1
6577.590348263874,92843.3
6577.770095553886,93968.3
6577.949842843898,94711.0
6578.12959013391,94154.6
6578.3093374239215,93685.4
6578.489084713933,94282.3
6578.668832003946,94549.1
6578.848579293957,93651.7
6579.028326583969,92745.8
6579.2080738739805,92495.9
6579.387821163992,93610.5
6579.567568454005,94574.0
6579.747315744016,94499.4
6579.927063034028,95159.7
6580.1068103240395,95008.6
6580.286557614052,94479.9
6580.466304904064,92664.4
6580.646052194075,90249.9
6580.825799484087,89251.5
6581.0055467740995,90583.7
6581.185294064111,93119.3
6581.365041354123,94187.4
6581.544788644134,94432.0
6581.724535934146,95359.0
6581.9042832241585,95624.4
6582.08403051417,94744.2
6582.263777804182,94002.0
6582.443525094193,93634.3
6582.623272384206,93826.4
6582.8030196742175,94881.9
6582.982766964229,95359.0
6583.162514254241,94056.4
6583.342261544253,91898.2
6583.522008834265,92538.1
6583.7017561242765,94507.5
6583.881503414288,94838.1
6584.061250704301,95922.2
6584.240997994312,96243.7
6584.420745284324,96651.5
6584.6004925743355,96643.3
6584.780239864347,96614.3
6584.95998715436,97073.3
6585.139734444371,96420.8
6585.319481734383,96450.9
6585.4992290243945,96111.7
6585.678976314407,96668.0
6585.858723604419,97251.6
6586.03847089443,96354.2
6586.218218184442,94700.5
6586.397965474454,92195.7
6586.577712764466,91161.1
6586.757460054478,92702.6
6586.937207344489,94354.8
6587.116954634501,97406.6
6587.296701924513,98318.0
6587.476449214525,97582.8
6587.656196504537,98484.5
6587.835943794548,98587.0
6588.015691084561,97908.6
6588.195438374572,97576.5
6588.375185664584,97177.0
6588.554932954596,97737.8
6588.734680244608,98543.3
6588.91442753462,98136.6
6589.094174824631,97202.0
6589.273922114643,97089.5
6589.453669404655,97516.3
6589.633416694667,98098.5
6589.813163984679,98492.8
6589.99291127469,98668.7
6590.172658564702,98651.7
6590.352405854715,99765.1
6590.532153144726,100877.0
6590.711900434738,101070.0
6590.891647724749,99588.0
6591.071395014762,99323.1
6591.251142304774,99218.7
6591.430889594785,100126.0
6591.610636884797,99310.2
6591.790384174808,98523.4
6591.970131464821,99794.1
6592.149878754833,99862.5
6592.329626044844,99689.4
6592.509373334856,100165.0
6592.689120624868,100161.0
6592.86886791488,100109.0
6593.048615204892,99045.1
6593.228362494903,98448.1
6593.408109784916,99700.8
6593.587857074927,100473.0
6593.767604364939,100906.0
6593.947351654951,100907.0
6594.127098944962,98506.0
6594.306846234975,96564.1
6594.486593524986,98050.3
6594.666340814998,98145.0
6594.84608810501,100144.0
6595.025835395022,100738.0
6595.205582685034,100975.0
6595.385329975045,99702.9
6595.565077265057,99228.4
6595.7448245550695,100182.0
6595.924571845081,99202.4
6596.104319135093,98137.2
6596.284066425104,98397.5
6596.463813715116,99138.7
6596.6435610051285,99862.4
6596.82330829514,99013.9
6597.003055585152,99700.5
6597.182802875163,98479.2
6597.362550165176,99571.6
6597.5422974551875,100047.0
6597.722044745199,99070.3
6597.901792035211,99477.4
6598.081539325223,99590.4
6598.261286615235,100174.0
6598.4410339052465,99116.1
6598.620781195258,99405.1
6598.800528485271,99299.9
6598.980275775282,98076.6
6599.160023065294,96925.9
6599.3397703553055,95460.1
6599.519517645317,96104.6
6599.69926493533,97477.8
6599.879012225341,98240.8
6600.058759515353,99619.6
6600.2385068053645,99769.6
6600.418254095377,99264.2
6600.598001385389,99814.9
6600.7777486754,98532.5
6600.957495965412,98369.6
6601.137243255424,100588.0
6601.316990545436,98492.4
6601.496737835448,98425.9
6601.676485125459,99181.3
6601.856232415471,98319.8
6602.035979705483,97756.7
6602.215726995495,97293.5
6602.395474285507,97930.6
6602.575221575518,99665.6
6602.754968865531,98405.0
6602.934716155542,99136.8
6603.114463445554,99494.3
6603.294210735566,99607.3
6603.473958025578,98919.4
6603.65370531559,99543.0
6603.833452605601,101355.0
6604.013199895613,100284.0
6604.192947185625,98346.2
6604.372694475637,98435.2
6604.552441765649,100108.0
6604.7321890556605,99251.6
6604.911936345672,98696.9
6605.091683635685,98620.1
6605.271430925696,97818.8
6605.451178215708,97988.4
6605.6309255057195,97323.9
6605.810672795732,99570.0
6605.990420085744,99379.0
6606.170167375755,99350.2
6606.349914665767,99311.4
6606.5296619557785,98032.7
6606.709409245791,97355.6
6606.889156535803,98967.5
6607.068903825814,100404.0
6607.248651115826,99374.9
6607.428398405838,98924.9
6607.60814569585,99050.0
6607.787892985862,99592.2
6607.967640275873,98983.7
6608.147387565886,97966.9
6608.327134855897,98786.5
6608.506882145909,98579.5
6608.686629435921,97642.0
6608.866376725933,98784.0
6609.046124015945,98817.2
6609.225871305956,97603.5
6609.405618595968,97347.6
6609.58536588598,96145.2
6609.765113175992,96221.3
6609.944860466004,97488.9
6610.124607756015,97887.6
6610.304355046027,98248.5
6610.4841023360395,98537.1
6610.663849626051,97880.2
6610.843596916063,98314.2
6611.023344206074,98969.6
6611.203091496087,97323.7
6611.382838786099,96993.2
6611.56258607611,97757.7
6611.742333366122,97250.4
6611.922080656133,95839.1
6612.101827946146,95767.7
6612.281575236158,96479.9
6612.461322526169,95470.4
6612.641069816181,93598.4
6612.820817106193,93337.8
6613.000564396205,93615.5
6613.180311686217,94811.2
6613.360058976228,96014.3
6613.539806266241,95791.9
6613.719553556252,95127.4
6613.899300846264,95773.2
6614.079048136276,97423.0
6614.258795426287,97355.7
6614.4385427163,97346.9
6614.618290006311,97267.8
6614.798037296323,96065.5
6614.977784586335,95668.0
6615.157531876347,97649.1
6615.337279166359,96233.5
6615.51702645637,96123.8
6615.696773746382,96711.1
6615.8765210363945,96783.0
6616.056268326406,95204.2
6616.236015616418,95304.3
6616.415762906429,95478.7
6616.595510196441,96202.3
6616.7752574864535,96546.5
6616.955004776465,95428.7
6617.134752066477,95875.6
6617.314499356488,95757.9
6617.494246646501,95942.7
6617.6739939365125,94636.7
6617.853741226524,96248.7
6618.033488516536,95796.6
6618.213235806548,95006.7
6618.39298309656,95136.0
6618.5727303865715,95985.0
6618.752477676583,94473.2
6618.932224966595,94447.5
6619.111972256607,95479.8
6619.291719546619,94681.7
6619.4714668366305,93900.5
6619.651214126642,93052.5
6619.830961416655,93211.8
6620.010708706666,94683.3
6620.190455996678,93029.8
6620.3702032866895,93403.8
6620.549950576702,95475.2
6620.729697866714,93418.3
6620.909445156725,92789.0
6621.089192446737,93280.0
6621.2689397367485,94012.6
6621.448687026761,93232.4
6621.628434316773,94493.8
6621.808181606784,93418.9
6621.987928896796,92572.2
6622.167676186808,93322.6
6622.34742347682,93535.0
6622.527170766832,93927.5
6622.706918056843,93464.6
6622.886665346856,92257.3
6623.066412636867,93167.8
6623.246159926879,94275.0
6623.425907216891,93911.5
6623.605654506903,93588.8
6623.785401796915,93005.8
6623.965149086926,93464.2
6624.144896376938,93040.3
6624.32464366695,92461.6
6624.504390956962,92478.6
6624.684138246974,93546.8
6624.863885536985,93769.6
6625.043632826997,92393.3
6625.22338011701,92625.2
6625.403127407021,93600.6
6625.582874697033,91614.3
6625.762621987044,91548.4
6625.942369277057,91195.8
6626.122116567069,90429.3
6626.30186385708,91424.3
6626.481611147092,92438.5
6626.661358437103,91383.8
6626.841105727116,92298.0
6627.020853017128,91503.8
6627.200600307139,91180.7
6627.380347597151,92595.7
6627.560094887163,92022.7
6627.739842177175,91126.5
6627.919589467187,90313.5
6628.099336757198,89965.2
6628.279084047211,90802.4
6628.458831337222,90993.6
6628.638578627234,89723.4
6628.818325917246,89306.2
6628.998073207257,91211.0
6629.17782049727,90885.4
6629.357567787281,89593.9
6629.537315077293,90546.6
6629.717062367305,91482.7
6629.896809657317,90583.4
6630.076556947329,90290.1
6630.25630423734,90444.0
6630.436051527352,90270.6
6630.6157988173645,90374.4
6630.795546107376,89754.5
6630.975293397388,90269.6
6631.155040687399,90352.3
6631.334787977412,90209.5
6631.5145352674235,89691.5
6631.694282557435,89215.6
6631.874029847447,88667.0
6632.053777137458,88585.4
6632.233524427471,88035.6
6632.4132717174825,87928.4
6632.593019007494,88189.3
6632.772766297506,89470.8
6632.952513587518,88962.4
6633.13226087753,88112.4
6633.3120081675415,88385.7
6633.491755457553,88408.2
6633.671502747566,88653.3
6633.851250037577,88652.8
6634.030997327589,88896.9
6634.2107446176005,88193.1
6634.390491907612,88252.5
6634.570239197625,87830.2
6634.749986487636,87586.6
6634.929733777648,87736.5
6635.1094810676595,88325.8
6635.289228357672,88039.4
6635.468975647684,87658.5
6635.648722937695,87643.5
6635.828470227707,87867.4
6636.0082175177195,87916.5
6636.187964807731,87949.4
6636.367712097743,87524.2
6636.547459387754,87599.7
6636.727206677766,87164.2
6636.9069539677785,86983.8
6637.08670125779,88045.4
6637.266448547802,87198.8
6637.446195837813,87002.2
6637.625943127826,85803.5
6637.8056904178375,86346.3
6637.985437707849,87756.6
6638.165184997861,86580.7
6638.344932287873,86400.9
6638.524679577885,85887.4
6638.7044268678965,85995.2
6638.884174157908,85991.9
6639.06392144792,86175.8
6639.243668737932,85530.4
6639.423416027944,85560.3
6639.6031633179555,86007.6
6639.782910607967,85056.5
6639.96265789798,85415.6
6640.142405187991,84359.3
6640.322152478003,84778.6
6640.5018997680145,85755.9
6640.681647058027,86286.3
6640.861394348039,85874.2
6641.04114163805,84884.0
6641.220888928062,84345.5
6641.4006362180735,85643.2
6641.580383508086,86351.0
6641.760130798098,84911.4
6641.939878088109,84406.8
6642.119625378121,84058.0
6642.299372668133,83601.7
6642.479119958145,83510.3
6642.658867248157,83573.6
6642.838614538168,82833.4
6643.018361828181,82908.4
6643.198109118192,83566.1
6643.377856408204,82701.3
6643.557603698216,82722.6
6643.737350988227,83751.4
6643.91709827824,83752.6
6644.096845568251,81968.5
6644.276592858263,83156.3
6644.456340148275,82466.2
6644.636087438287,82001.5
6644.815834728299,84029.0
6644.99558201831,83556.4
6645.175329308322,81151.6
6645.355076598335,82163.2
6645.534823888346,82310.9
6645.714571178358,82283.3
6645.894318468369,82241.8
6646.074065758382,81957.8
6646.253813048394,81417.3
6646.433560338405,81376.5
6646.613307628417,81694.2
6646.793054918428,81739.2
6646.972802208441,80998.2
6647.152549498453,81294.4
6647.332296788464,81104.3
6647.512044078476,80174.6
6647.691791368488,80560.2
6647.8715386585,80945.9
6648.051285948512,80791.2
6648.231033238523,79625.6
6648.410780528536,79638.9
6648.590527818547,81027.0
6648.770275108559,80791.2
6648.950022398571,79719.0
6649.129769688582,80473.1
6649.309516978595,79957.1
6649.489264268606,80075.3
6649.669011558618,79853.2
6649.84875884863,79507.3
6650.028506138642,79598.0
6650.208253428654,79166.3
6650.388000718665,79443.7
6650.567748008677,79064.6
6650.7474952986895,78841.9
6650.927242588701,79305.2
6651.106989878713,78461.8
6651.286737168724,78016.8
6651.466484458736,78948.6
6651.6462317487485,77791.5
6651.82597903876,77452.1
6652.005726328772,77692.9
6652.185473618783,77429.6
6652.365220908796,77091.1
6652.5449681988075,77805.2
6652.724715488819,77203.8
6652.904462778831,76664.8
6653.084210068843,76811.4
6653.263957358855,77023.6
6653.4437046488665,77765.9
6653.623451938878,77153.0
6653.803199228891,76261.0
6653.982946518902,76727.3
6654.162693808914,76144.5
6654.3424410989255,74638.2
6654.522188388937,75608.9
6654.70193567895,75967.7
6654.881682968961,75690.8
6655.061430258973,76713.7
6655.2411775489845,76037.3
6655.420924838997,77644.7
6655.600672129009,76046.5
6655.78041941902,75925.2
6655.960166709032,75687.0
6656.139913999044,75633.9
6656.319661289056,75750.5
6656.499408579068,75325.9
6656.679155869079,75003.1
6656.858903159091,75270.2
6657.038650449103,74715.7
6657.218397739115,73786.0
6657.398145029127,73964.5
6657.577892319138,74866.9
6657.757639609151,74486.2
6657.937386899162,74102.2
6658.117134189174,73037.3
6658.296881479186,73275.3
6658.476628769198,73040.0
6658.65637605921,73341.1
6658.836123349221,72866.1
6659.015870639233,74080.4
6659.195617929245,73780.0
6659.375365219257,72726.5
6659.555112509269,71841.9
6659.7348597992805,71443.1
6659.914607089292,73439.6
6660.094354379305,73292.9
6660.274101669316,72132.2
6660.453848959328,71707.3
6660.6335962493395,72056.2
6660.813343539352,73359.8
6660.993090829364,72010.5
6661.172838119375,71344.9
6661.352585409387,71152.3
6661.5323326993985,71903.1
6661.712079989411,71042.7
6661.891827279423,71695.8
6662.071574569434,71986.7
6662.251321859446,71703.4
6662.431069149458,70993.1
6662.61081643947,70295.2
6662.790563729482,70045.8
6662.970311019493,70607.5
6663.150058309506,71481.1
6663.329805599517,70669.2
6663.509552889529,70147.8
6663.689300179541,69756.0
6663.869047469552,69258.6
6664.048794759565,68891.5
6664.228542049576,69324.3
6664.408289339588,70309.0
6664.5880366296,70238.7
6664.767783919612,70370.9
6664.947531209624,68148.8
6665.127278499635,68557.9
6665.307025789647,68952.6
6665.4867730796595,68232.1
6665.666520369671,68244.1
6665.846267659683,68209.6
6666.026014949694,67684.4
6666.205762239706,68093.8
6666.385509529719,68699.4
6666.56525681973,67667.7
6666.745004109742,66872.0
6666.924751399753,66957.2
6667.104498689766,67505.6
6667.284245979778,67967.0
6667.463993269789,66217.0
6667.643740559801,66446.8
6667.823487849813,66250.6
6668.003235139825,67058.1
6668.182982429837,66645.4
6668.362729719848,65995.1
6668.542477009861,65344.6
6668.722224299872,65199.5
6668.901971589884,66658.0
6669.081718879896,65202.2
6669.261466169907,65090.7
6669.44121345992,64706.5
6669.620960749931,65111.2
6669.800708039943,65663.9
6669.980455329955,65389.9
6670.160202619967,63957.8
6670.339949909979,63765.7
6670.51969719999,63059.1
6670.699444490002,62619.1
6670.8791917800145,61436.4
6671.058939070026,61450.5
6671.238686360038,61182.2
6671.418433650049,61854.8
6671.598180940061,62004.1
6671.7779282300735,60014.3
6671.957675520085,60131.3
6672.137422810097,60573.0
6672.317170100108,60181.7
6672.496917390121,60116.2
6672.6766646801325,59225.9
6672.856411970144,59049.9
6673.036159260156,59592.2
6673.215906550168,59706.0
6673.39565384018,59067.6
6673.5754011301915,59093.6
6673.755148420203,59159.5
6673.934895710215,58118.1
6674.114643000227,59016.1
6674.294390290239,58724.0
6674.4741375802505,58483.8
6674.653884870262,57786.2
6674.833632160275,57332.7
6675.013379450286,56505.1
6675.193126740298,56289.8
6675.3728740303095,57547.4
6675.552621320322,57188.9
6675.732368610334,56000.9
6675.912115900345,56326.4
6676.091863190357,55428.8
6676.271610480369,55207.1
6676.451357770381,56075.9
6676.631105060393,55038.9
6676.810852350404,54084.4
6676.990599640416,53946.8
6677.170346930428,52396.5
6677.35009422044,52383.2
6677.529841510452,51874.9
6677.709588800463,51583.9
6677.889336090476,51967.6
6678.069083380487,52682.4
6678.248830670499,53420.5
6678.428577960511,53463.5
6678.608325250523,54042.0
6678.788072540535,55074.9
6678.967819830546,54686.8
6679.147567120558,53579.1
6679.32731441057,53351.9
6679.507061700582,53504.6
6679.686808990594,53358.5
6679.866556280605,53488.0
6680.046303570617,53444.1
6680.22605086063,53405.2
6680.405798150641,52966.7
6680.585545440653,53371.1
6680.765292730664,53723.7
6680.945040020677,53002.3
6681.124787310689,52230.7
6681.3045346007,52139.1
6681.484281890712,53381.2
6681.664029180723,53432.8
6681.843776470736,53088.0
6682.023523760748,52812.9
6682.203271050759,51527.3
6682.383018340771,51750.2
6682.562765630783,52114.5
6682.742512920795,52810.1
6682.922260210807,52329.0
6683.102007500818,52120.0
6683.281754790831,51736.8
6683.461502080842,52596.9
6683.641249370854,51856.0
6683.820996660866,50733.2
6684.000743950877,50990.9
6684.18049124089,51772.1
6684.360238530901,52897.4
6684.539985820913,51602.9
6684.719733110925,52034.5
6684.899480400937,52183.2
6685.079227690949,52076.5
6685.25897498096,52297.7
6685.438722270972,52453.0
6685.6184695609845,52157.0
6685.798216850996,52300.5
6685.977964141008,51548.2
6686.157711431019,50649.0
6686.337458721031,51635.9
6686.5172060110435,51259.4
6686.696953301055,50694.9
6686.876700591067,50367.9
6687.056447881078,50819.6
6687.236195171091,49902.8
6687.4159424611025,50615.3
6687.595689751114,51183.0
6687.775437041126,50379.8
6687.955184331138,49533.4
6688.13493162115,49097.3
6688.3146789111615,49047.3
6688.494426201173,47806.1
6688.674173491185,49354.2
6688.853920781197,48953.9
6689.033668071209,49081.1
6689.2134153612205,49679.1
6689.393162651232,49521.5
6689.572909941245,48168.2
6689.752657231256,48423.9
6689.932404521268,48322.9
6690.11215181128,48958.4
6690.291899101292,47741.6
6690.471646391304,47575.7
6690.651393681315,47652.2
6690.831140971327,46909.7
6691.010888261339,46820.3
6691.190635551351,47831.3
6691.370382841363,47885.2
6691.550130131374,46806.4
6691.729877421386,47128.7
6691.9096247113985,47256.9
6692.08937200141,46572.4
6692.269119291422,45681.5
6692.448866581433,45915.1
6692.628613871446,45869.7
6692.8083611614575,46009.8
6692.988108451469,45528.2
6693.167855741481,44930.9
6693.347603031493,44721.4
6693.527350321505,45203.4
6693.7070976115165,44749.5
6693.886844901528,44317.2
6694.06659219154,44744.1
6694.246339481552,43731.1
6694.426086771564,43869.9
6694.6058340615755,43956.4
6694.785581351587,43492.5
6694.9653286416,43952.2
6695.145075931611,43312.2
6695.324823221623,42931.1
6695.5045705116345,43840.1
6695.684317801647,43340.1
6695.864065091659,42710.0
6696.04381238167,42237.3
6696.223559671682,42247.5
6696.4033069616935,42049.5
6696.583054251706,42518.7
6696.762801541718,41698.5
6696.942548831729,41791.3
6697.122296121741,42014.7
6697.302043411753,41642.0
6697.481790701765,41188.3
6697.661537991777,42093.6
6697.841285281788,41224.2
6698.021032571801,41526.6
6698.200779861812,40643.7
6698.380527151824,40437.6
6698.560274441836,41034.3
6698.740021731848,40662.8
6698.91976902186,39829.3
6699.099516311871,39596.3
6699.279263601883,38872.3
6699.459010891895,38596.6
6699.638758181907,39984.8
6699.818505471919,39815.2
6699.99825276193,38885.5
6700.178000051942,38524.2
6700.357747341955,38644.2
6700.537494631966,38499.2
6700.717241921978,38449.5
6700.896989211989,38110.4
6701.076736502002,38038.1
6701.256483792014,37768.7
6701.436231082025,37548.1
6701.615978372037,37691.6
6701.795725662048,37690.7
6701.975472952061,37274.7
6702.155220242073,37468.2
6702.334967532084,37038.2
6702.514714822096,36317.4
6702.694462112108,36609.8
6702.87420940212,37024.8
6703.053956692132,36593.7
6703.233703982143,36970.4
6703.413451272156,35694.5
6703.593198562167,35989.5
6703.772945852179,35465.5
6703.952693142191,34712.4
6704.132440432202,35171.8
6704.312187722215,35260.4
6704.491935012226,34901.9
6704.671682302238,34382.9
6704.85142959225,34693.0
6705.031176882262,34884.6
6705.210924172274,34419.4
6705.390671462285,34425.8
6705.570418752297,34223.0
6705.7501660423095,33948.0
6705.929913332321,34145.6
6706.109660622333,33200.3
6706.289407912344,33332.2
6706.469155202356,33492.3
6706.6489024923685,33096.6
6706.82864978238,32998.1
6707.008397072392,33390.6
6707.188144362403,33220.7
6707.367891652416,33119.8
6707.5476389424275,32781.9
6707.727386232439,32474.6
6707.907133522451,32037.9
6708.086880812463,31869.5
6708.266628102475,32158.3
6708.4463753924865,31876.7
6708.626122682498,31343.1
6708.80586997251,31407.4
6708.985617262522,31156.1
6709.165364552534,30166.8
6709.3451118425455,30291.5
6709.524859132557,30884.0
6709.70460642257,30895.0
6709.884353712581,30177.3
6710.064101002593,30287.0
6710.2438482926045,30415.0
6710.423595582617,29683.2
6710.603342872629,29679.4
6710.78309016264,29556.7
6710.962837452652,29472.4
6711.1425847426635,29672.6
6711.322332032676,29479.0
6711.502079322688,28540.0
6711.681826612699,29085.2
6711.861573902711,29314.7
6712.041321192723,28843.3
6712.221068482735,28338.5
6712.400815772747,28181.3
6712.580563062758,28625.8
6712.760310352771,27892.1
6712.940057642782,27795.7
6713.119804932794,27455.1
6713.299552222806,26826.3
6713.479299512817,27774.9
6713.65904680283,27177.9
6713.838794092841,27393.3
6714.018541382853,27107.9
6714.198288672865,26690.2
6714.378035962877,26479.4
6714.557783252889,26257.7
6714.7375305429005,25963.5
6714.917277832912,26451.6
6715.097025122925,25852.1
6715.276772412936,26168.4
6715.456519702948,25983.9
6715.6362669929595,25308.5
6715.816014282972,25023.5
6715.995761572984,25266.4
6716.175508862995,25584.2
6716.355256153007,25323.2
6716.5350034430185,24951.2
6716.714750733031,25065.0
6716.894498023043,24909.4
6717.074245313054,24366.0
6717.253992603066,23957.0
6717.433739893078,23952.5
6717.61348718309,23662.9
6717.793234473102,23817.0
6717.972981763113,23569.2
6718.152729053126,24419.2
6718.332476343137,23449.4
6718.512223633149,23068.9
6718.691970923161,22611.7
6718.871718213172,23272.5
6719.051465503185,22704.1
6719.231212793196,23098.0
6719.410960083208,22877.6
6719.59070737322,22496.4
6719.770454663232,22297.5
6719.950201953244,22475.3
6720.129949243255,22357.4
6720.309696533267,21541.0
6720.4894438232795,21756.7
6720.669191113291,21862.3
6720.848938403303,21892.1
6721.028685693314,21295.3
6721.208432983326,21422.0
6721.388180273339,21467.3
6721.56792756335,21589.1
6721.747674853362,20893.0
6721.927422143373,20820.5
6722.107169433386,21211.6
6722.286916723398,20544.9
6722.466664013409,20330.9
6722.646411303421,20234.7
6722.826158593433,20007.7
6723.005905883445,20080.1
6723.185653173457,20152.9
6723.365400463468,19791.8
6723.545147753481,18525.0
6723.724895043492,19125.6
6723.904642333504,19709.0
6724.084389623516,18833.2
6724.264136913527,18911.7
6724.44388420354,18524.5
6724.623631493551,18823.1
6724.803378783563,18554.1
6724.983126073575,18525.6
6725.162873363587,18113.8
6725.342620653599,18417.4
6725.52236794361,18053.8
6725.702115233622,18047.7
6725.8818625236345,17806.8
6726.061609813646,18064.8
6726.241357103658,17748.7
6726.421104393669,17703.4
6726.600851683681,17922.3
6726.7805989736935,17857.5
6726.960346263705,17200.2
6727.140093553717,17655.5
6727.319840843728,17190.0
6727.499588133741,16944.7
6727.6793354237525,17002.1
6727.859082713764,16706.8
6728.038830003776,16580.7
6728.218577293788,16350.4
6728.3983245838,16909.0
6728.5780718738115,15883.3
6728.757819163823,16278.5
6728.937566453835,15858.8
6729.117313743847,15979.7
6729.297061033859,16168.1
6729.4768083238705,16066.6
6729.656555613882,15786.3
6729.836302903895,16149.6
6730.016050193906,15759.8
6730.195797483918,15254.4
6730.3755447739295,14954.8
6730.555292063942,15186.5
6730.735039353954,15044.1
6730.914786643965,14990.4
6731.094533933977,14626.4
6731.2742812239885,14479.8
6731.454028514001,14793.6
6731.633775804013,14610.3
6731.813523094024,14327.0
6731.993270384036,13552.0
6732.173017674048,13797.0
6732.35276496406,14044.8
6732.532512254072,13805.6
6732.712259544083,13133.9
6732.892006834096,13319.3
6733.071754124107,13677.6
6733.251501414119,13418.7
6733.431248704131,12212.0
6733.610995994142,12059.5
