7606.9779272032,-70.7081
7607.187738231077,623.092
7607.397549258953,772.792
7607.60736028683,370.96
7607.817171314707,741.253
7608.026982342583,1230.06
7608.23679337046,1753.05
7608.446604398337,2472.72
7608.656415426213,1953.34
7608.86622645409,2082.19
7609.0760374819665,1321.36
7609.285848509843,922.598
7609.49565953772,351.786
7609.705470565596,782.457
7609.915281593473,2077.12
7610.12509262135,1710.26
7610.334903649227,421.887
7610.544714677104,1098.11
7610.754525704981,2221.69
7610.964336732857,3069.43
7611.174147760734,4317.88
7611.3839587886105,4463.35
7611.593769816487,3882.54
7611.803580844364,2720.74
7612.01339187224,426.572
7612.223202900117,246.707
7612.433013927994,2792.17
7612.64282495587,3212.23
7612.852635983747,1790.72
7613.062447011624,1376.77
7613.2722580395,2275.55
7613.482069067377,3891.03
7613.6918800952535,6266.63
7613.90169112313,8301.24
7614.111502151007,8718.33
7614.321313178883,8697.14
7614.53112420676,7066.86
7614.740935234637,5565.48
7614.950746262513,3696.51
7615.16055729039,2263.6
7615.370368318267,3325.8
7615.580179346143,5030.94
7615.78999037402,4639.29
7615.999801401897,4728.98
7616.209612429773,6238.82
7616.41942345765,7747.7
7616.629234485527,11545.0
7616.839045513404,14556.9
7617.048856541281,15530.0
7617.258667569157,16239.9
7617.468478597034,16763.3
7617.678289624911,18174.1
7617.888100652787,17670.8
7618.097911680664,17710.0
7618.3077227085405,18536.6
7618.517533736417,18920.6
7618.727344764294,18044.8
7618.93715579217,16995.9
7619.146966820047,17311.8
7619.356777847924,17851.5
7619.5665888758,16730.0
7619.776399903677,15522.2
7619.986210931554,14528.7
7620.19602195943,13575.8
7620.405832987307,10585.2
7620.6156440151835,6777.26
7620.82545504306,4923.75
7621.035266070937,4826.81
7621.245077098813,5936.91
7621.45488812669,8388.37
7621.664699154567,10538.0
7621.874510182443,12857.6
7622.08432121032,14368.0
7622.294132238197,14164.6
7622.503943266073,11987.3
7622.71375429395,8286.29
7622.9235653218275,4947.41
7623.133376349704,3475.74
7623.343187377581,2837.92
7623.552998405457,2657.87
7623.762809433334,4009.88
7623.972620461211,4254.13
7624.182431489087,3404.99
7624.392242516964,2729.11
7624.602053544841,2651.16
7624.811864572717,4412.77
7625.021675600594,7440.51
7625.2314866284705,9997.63
7625.441297656347,12798.6
7625.651108684224,13081.7
7625.8609197121,12107.1
7626.070730739977,11324.1
7626.280541767854,9719.21
7626.49035279573,6047.32
7626.700163823607,2267.43
7626.909974851484,1916.69
7627.11978587936,732.984
7627.329596907237,1876.67
7627.539407935114,2773.37
7627.74921896299,2357.55
7627.959029990867,1828.46
7628.1688410187435,2077.93
7628.37865204662,3501.44
7628.588463074497,5748.36
7628.798274102373,8175.3
7629.00808513025,10397.7
7629.217896158128,12807.5
7629.427707186004,13182.6
7629.637518213881,13216.6
7629.8473292417575,12969.7
7630.057140269634,11292.0
7630.266951297511,8736.27
7630.476762325387,5861.62
7630.686573353264,3960.09
7630.896384381141,2400.0
7631.106195409017,1166.75
7631.316006436894,973.191
7631.525817464771,2156.85
7631.735628492647,1929.71
7631.945439520524,1129.65
7632.1552505484005,2623.17
7632.365061576277,4351.88
7632.574872604154,6024.1
7632.7846836320305,9009.68
7632.994494659907,11912.4
7633.204305687784,15096.7
7633.41411671566,16846.4
7633.623927743537,16087.8
7633.833738771414,14199.7
7634.04354979929,12845.3
7634.253360827167,11843.7
7634.463171855044,9540.13
7634.67298288292,6321.17
7634.882793910797,3609.83
7635.0926049386735,2918.69
7635.30241596655,2348.4
7635.512226994428,1686.07
7635.722038022304,1561.16
7635.931849050181,1747.59
7636.141660078058,2352.12
7636.351471105934,3410.78
7636.561282133811,5648.18
7636.7710931616875,8154.73
7636.980904189564,11512.3
7637.190715217441,14305.8
7637.400526245317,16391.4
7637.610337273194,18283.9
7637.820148301071,18749.1
7638.029959328947,17836.2
7638.239770356824,17266.2
7638.449581384701,15600.7
7638.659392412577,13984.8
7638.869203440454,10286.3
7639.079014468331,7509.83
7639.288825496207,5305.65
7639.498636524084,2934.49
7639.7084475519605,2268.26
7639.918258579837,2704.68
7640.128069607714,2751.82
7640.33788063559,3928.36
7640.547691663467,3495.66
7640.757502691344,5042.26
7640.96731371922,8240.13
7641.177124747097,11502.8
7641.386935774974,14817.9
7641.59674680285,17548.4
7641.806557830727,19531.7
7642.016368858604,21141.8
7642.226179886481,21272.2
7642.435990914358,20960.8
7642.645801942234,20782.1
7642.855612970111,20162.5
7643.065423997988,19573.8
7643.275235025864,17479.2
7643.485046053741,13680.0
7643.694857081618,9633.4
7643.904668109494,6601.2
7644.114479137371,4940.98
7644.3242901652475,3545.27
7644.534101193124,3543.52
7644.743912221001,4177.17
7644.953723248877,5134.19
7645.163534276754,5048.69
7645.373345304631,6200.48
7645.583156332507,9643.52
7645.792967360384,14094.2
7646.002778388261,18174.7
7646.212589416137,20885.2
7646.422400444014,23989.7
7646.6322114718905,24660.2
7646.842022499767,24747.1
7647.051833527644,24595.4
7647.26164455552,24539.1
7647.471455583397,24300.1
7647.681266611274,24503.2
7647.89107763915,24022.6
7648.100888667027,20612.3
7648.3106996949045,16162.1
7648.520510722781,11569.4
7648.730321750658,7946.32
7648.9401327785345,6228.14
7649.149943806411,5643.77
7649.359754834288,6321.36
7649.569565862164,7112.38
7649.779376890041,6850.06
7649.989187917918,6613.63
7650.198998945794,8362.25
7650.408809973671,12832.2
7650.618621001548,17946.9
7650.828432029424,21096.3
7651.038243057301,25268.5
7651.2480540851775,27239.9
7651.457865113054,27142.3
7651.667676140931,27884.1
7651.877487168807,28999.8
7652.087298196684,29260.8
7652.297109224561,29397.1
7652.506920252437,29087.6
7652.716731280314,27808.6
7652.926542308191,26957.4
7653.136353336067,24345.1
7653.346164363944,20898.0
7653.5559753918205,15860.0
7653.765786419697,12259.7
7653.975597447574,11044.9
7654.1854084754505,10165.0
7654.395219503327,10063.8
7654.605030531205,10321.4
7654.814841559081,10312.8
7655.024652586958,11299.2
7655.234463614835,13107.1
7655.444274642711,17569.4
7655.654085670588,22974.0
7655.8638966984645,26421.0
7656.073707726341,29255.2
7656.283518754218,31722.1
7656.493329782094,32518.1
7656.703140809971,32835.0
7656.912951837848,33113.7
7657.122762865724,35315.1
7657.332573893601,33519.9
7657.542384921478,33404.9
7657.752195949354,34067.1
7657.962006977231,33177.6
7658.1718180051075,31946.4
7658.381629032984,30487.2
7658.591440060861,27190.8
7658.801251088737,22814.1
7659.011062116614,19319.6
7659.220873144491,16418.5
7659.430684172367,15249.4
7659.640495200244,14787.6
7659.850306228121,14918.1
7660.060117255997,15273.0
7660.269928283874,16314.6
7660.479739311751,17862.7
7660.689550339627,21819.8
7660.899361367505,26850.4
7661.109172395381,29244.9
7661.318983423258,32849.5
7661.528794451135,34587.6
7661.738605479011,36207.2
7661.948416506888,36173.2
7662.158227534765,35031.5
7662.368038562641,35474.0
7662.577849590518,36633.0
7662.7876606183945,36542.3
7662.997471646271,35643.5
7663.207282674148,35279.9
7663.417093702024,35212.6
7663.626904729901,34324.8
7663.836715757778,32961.9
7664.046526785654,28619.1
7664.256337813531,24015.4
7664.466148841408,20842.9
7664.675959869284,19329.0
7664.885770897161,19187.9
7665.095581925038,19810.6
7665.305392952914,19882.7
7665.515203980791,19208.9
7665.7250150086675,19934.1
7665.934826036544,22280.4
7666.144637064421,24631.3
7666.354448092297,29580.9
7666.564259120174,32503.9
7666.774070148051,35015.9
7666.983881175927,36074.4
7667.193692203805,36442.9
7667.4035032316815,37181.6
7667.613314259558,38186.7
7667.823125287435,37958.1
7668.032936315311,36226.6
7668.242747343188,36983.8
7668.452558371065,37657.5
7668.662369398941,37996.5
7668.872180426818,37690.2
7669.081991454695,38746.7
7669.291802482571,38220.4
7669.501613510448,36033.8
7669.7114245383245,34571.6
7669.921235566201,32170.1
7670.131046594078,28574.1
7670.3408576219545,26746.8
7670.550668649831,26128.2
7670.760479677708,25776.6
7670.970290705584,25516.2
7671.180101733461,25057.5
7671.389912761338,25872.2
7671.599723789214,27259.2
7671.809534817091,28819.2
7672.019345844968,31291.9
7672.229156872844,34112.5
7672.438967900721,37218.3
7672.6487789285975,38991.5
7672.858589956474,38055.2
7673.068400984351,38013.6
7673.278212012227,39146.1
7673.488023040105,40537.4
7673.697834067982,39821.6
7673.907645095858,38508.5
7674.117456123735,38608.1
7674.3272671516115,38750.5
7674.537078179488,38973.7
7674.746889207365,40079.8
7674.956700235241,40130.5
7675.166511263118,38943.8
7675.376322290995,38904.0
7675.586133318871,38446.5
7675.795944346748,36132.3
7676.005755374625,33988.1
7676.215566402501,31246.5
7676.425377430378,30671.9
7676.635188458255,30695.8
7676.844999486131,30440.5
7677.054810514008,29682.9
7677.2646215418845,29045.0
7677.474432569761,29904.0
7677.684243597638,31600.7
7677.894054625514,33270.4
7678.103865653391,35650.3
7678.313676681268,38054.0
7678.523487709144,39623.2
7678.733298737021,38930.1
7678.943109764898,40557.5
7679.152920792774,41146.3
7679.362731820651,40588.8
7679.5725428485275,41189.6
7679.782353876404,41422.6
7679.992164904282,40730.0
7680.201975932158,40651.7
7680.411786960035,41120.8
7680.621597987912,41215.9
7680.831409015788,40940.8
7681.041220043665,40487.2
7681.251031071542,40228.6
7681.460842099418,40413.9
7681.670653127295,41580.8
7681.8804641551715,39172.4
7682.090275183048,36902.4
7682.300086210925,36153.1
7682.509897238801,36092.0
7682.719708266678,35589.4
7682.929519294555,34729.8
7683.139330322431,34117.6
7683.349141350308,33634.1
7683.558952378185,34532.9
7683.768763406061,35308.1
7683.978574433938,35650.8
7684.1883854618145,37049.7
7684.398196489691,38364.5
7684.608007517568,40610.3
7684.817818545444,42124.2
7685.027629573321,41908.3
7685.237440601198,41802.0
7685.447251629074,42964.1
7685.657062656951,43066.9
7685.866873684828,42564.3
7686.076684712705,43164.5
7686.286495740582,42800.2
7686.496306768458,42998.5
7686.706117796335,42964.5
7686.915928824212,41851.1
7687.125739852088,42717.6
7687.335550879965,43655.2
7687.545361907842,43468.4
7687.755172935718,43804.4
7687.964983963595,44429.2
7688.174794991472,44399.6
7688.384606019348,42630.0
7688.594417047225,40206.4
7688.8042280751015,38898.3
7689.014039102978,38255.8
7689.223850130855,38305.8
7689.433661158731,38704.4
7689.643472186608,39176.1
7689.853283214485,39636.5
7690.063094242361,40177.2
7690.272905270238,40356.4
7690.482716298115,40897.0
7690.692527325991,41363.6
7690.902338353868,42577.5
7691.1121493817445,44022.3
7691.321960409621,43963.2
7691.531771437498,43308.3
7691.741582465374,43176.6
7691.951393493251,43514.1
7692.161204521128,44216.2
7692.371015549004,43957.2
7692.580826576882,43927.9
7692.790637604759,43720.0
7693.000448632635,43691.7
7693.210259660512,44262.3
7693.4200706883885,43949.1
7693.629881716265,42569.9
7693.839692744142,42680.1
7694.049503772018,43445.9
7694.259314799895,43656.2
7694.469125827772,43840.3
7694.678936855648,43096.7
7694.888747883525,42767.9
7695.098558911402,43027.8
7695.308369939278,42392.1
7695.518180967155,43485.1
7695.7279919950315,41697.4
7695.937803022908,41436.7
7696.147614050785,42051.9
7696.357425078661,41678.3
7696.567236106538,39817.8
7696.777047134415,41763.0
7696.986858162291,41556.3
7697.196669190168,40935.3
7697.406480218045,41666.4
7697.616291245921,43051.7
7697.826102273798,43753.7
7698.035913301675,42677.2
7698.245724329551,42158.5
7698.455535357428,42596.3
7698.6653463853045,42474.3
7698.875157413182,42978.9
7699.084968441059,43308.9
7699.294779468935,43493.1
7699.504590496812,44216.7
7699.714401524689,45500.7
7699.924212552565,45881.7
7700.134023580442,45377.6
7700.3438346083185,45318.3
7700.553645636195,47004.9
7700.763456664072,46825.4
7700.973267691948,45421.4
7701.183078719825,44703.0
7701.392889747702,43893.9
7701.602700775578,43556.0
7701.812511803455,44419.9
7702.022322831332,45362.5
7702.232133859208,45417.9
7702.441944887085,45532.1
7702.6517559149615,44051.9
7702.861566942838,43199.9
7703.071377970715,42733.0
7703.2811889985915,43402.3
7703.491000026468,43625.1
7703.700811054345,44010.7
7703.910622082221,42859.5
7704.120433110098,44112.9
7704.330244137975,44604.1
7704.540055165851,44587.1
7704.749866193728,45276.2
7704.959677221605,44977.1
7705.169488249482,44593.8
7705.379299277359,44689.5
7705.589110305235,44890.5
7705.798921333112,44912.0
7706.008732360989,45249.9
7706.218543388865,45010.6
7706.428354416742,44675.5
7706.638165444619,45378.5
7706.847976472495,46008.8
7707.057787500372,45544.0
7707.2675985282485,45934.7
7707.477409556125,45831.9
7707.687220584002,46810.5
7707.897031611878,46725.0
7708.106842639755,46735.4
7708.316653667632,46853.9
7708.526464695508,47829.5
7708.736275723385,48182.6
7708.946086751262,47495.5
7709.155897779138,48608.6
7709.365708807015,49055.1
7709.575519834892,48369.1
7709.785330862768,48229.8
7709.995141890645,47642.1
7710.2049529185215,48439.5
7710.414763946398,48502.0
7710.624574974275,48715.0
7710.834386002151,48566.2
7711.044197030028,49146.5
7711.254008057905,48545.7
7711.463819085782,47889.0
7711.673630113659,49299.8
7711.8834411415355,50115.5
7712.093252169412,49089.0
7712.303063197289,48332.4
7712.512874225165,50356.6
7712.722685253042,50194.2
7712.932496280919,48123.3
7713.142307308795,47765.2
7713.352118336672,46691.9
7713.561929364549,46393.4
7713.771740392425,46803.8
7713.981551420302,46072.5
7714.191362448179,44912.2
7714.401173476055,46129.0
7714.610984503932,46045.6
7714.8207955318085,45856.8
7715.030606559685,45143.0
7715.240417587562,44085.0
7715.450228615438,46128.1
7715.660039643315,46801.4
7715.869850671192,45859.6
7716.079661699068,45007.4
7716.289472726945,45835.1
7716.499283754822,46328.0
7716.709094782698,45217.6
7716.918905810575,44638.8
7717.1287168384515,45776.7
7717.338527866328,46022.3
7717.548338894205,45495.9
7717.758149922081,45261.6
7717.967960949959,44282.9
7718.177771977836,44078.5
7718.387583005712,45221.8
7718.597394033589,46915.1
7718.8072050614655,46129.2
7719.017016089342,46075.9
7719.226827117219,47068.7
7719.4366381450955,44849.2
7719.646449172972,45579.4
7719.856260200849,44889.9
7720.066071228725,45203.7
7720.275882256602,45402.1
7720.485693284479,44649.4
7720.695504312355,44933.8
7720.905315340232,45428.4
7721.115126368109,46000.7
7721.324937395985,46108.3
7721.534748423862,45904.5
7721.7445594517385,45829.3
7721.954370479615,45834.0
7722.164181507492,45595.5
7722.373992535368,45415.3
7722.583803563245,44915.4
7722.793614591122,44861.1
7723.003425618998,46413.8
7723.213236646875,46468.7
7723.423047674752,45748.4
7723.632858702628,46730.5
7723.842669730505,45643.8
7724.052480758382,44793.1
7724.262291786259,45111.1
7724.472102814136,45393.2
7724.681913842012,44741.4
7724.891724869889,45182.3
7725.101535897766,44028.5
7725.311346925642,44936.2
7725.521157953519,45904.4
7725.730968981396,44968.1
7725.940780009272,45067.4
7726.150591037149,46188.0
7726.3604020650255,46454.3
7726.570213092902,45990.2
7726.780024120779,45571.0
7726.989835148655,45132.5
7727.199646176532,44671.9
7727.409457204409,46106.1
7727.619268232285,46582.2
7727.829079260162,45536.9
7728.038890288039,45947.9
7728.248701315915,46070.8
7728.458512343792,45444.1
7728.6683233716685,45817.1
7728.878134399545,46107.5
7729.087945427422,45911.2
7729.297756455298,46235.2
7729.507567483175,45899.4
7729.717378511052,44721.1
7729.927189538928,44353.9
7730.137000566805,44627.8
7730.346811594682,46115.7
7730.556622622559,46620.6
7730.766433650436,45850.9
7730.9762446783125,45900.0
7731.186055706189,45697.3
7731.395866734066,45444.3
7731.605677761942,46948.7
7731.815488789819,45427.2
7732.025299817696,45443.2
7732.235110845572,46117.1
7732.444921873449,46445.9
7732.654732901326,46575.8
7732.864543929202,46375.5
7733.074354957079,45248.3
7733.2841659849555,45514.2
7733.493977012832,45682.2
7733.703788040709,45126.3
7733.913599068585,45634.8
7734.123410096462,45277.2
7734.333221124339,46452.5
7734.543032152215,46812.6
7734.752843180092,45003.0
7734.962654207969,44248.2
7735.172465235845,44937.6
7735.382276263722,44604.8
7735.592087291599,43675.1
7735.801898319475,45758.3
7736.011709347352,46231.6
7736.2215203752285,45316.7
7736.431331403105,45449.3
7736.641142430982,45245.9
7736.850953458859,44528.9
7737.060764486736,43482.9
7737.270575514613,43681.0
7737.480386542489,44020.9
7737.690197570366,44885.4
7737.9000085982425,44481.9
7738.109819626119,44251.2
7738.319630653996,42524.7
7738.529441681872,44641.4
7738.739252709749,44822.8
7738.949063737626,44177.4
7739.158874765502,44010.5
7739.368685793379,44933.7
7739.578496821256,45814.5
7739.788307849132,44961.4
7739.998118877009,44957.9
7740.2079299048855,44457.4
7740.417740932762,42594.8
7740.627551960639,44516.3
7740.837362988515,44522.3
7741.047174016392,44472.6
7741.256985044269,45341.3
7741.466796072145,44533.5
7741.676607100022,43905.3
7741.886418127899,44835.2
7742.096229155775,44040.0
7742.306040183652,44497.5
7742.515851211529,44852.2
7742.725662239405,42847.4
7742.935473267282,44519.7
7743.1452842951585,43641.1
7743.355095323036,43129.7
7743.564906350913,45245.9
7743.774717378789,43391.5
7743.984528406666,43162.1
7744.194339434543,44918.8
7744.404150462419,44028.4
7744.613961490296,43926.7
7744.8237725181725,44188.0
7745.033583546049,43128.1
7745.243394573926,42635.9
7745.453205601802,42476.6
7745.663016629679,43330.5
7745.872827657556,44619.7
7746.082638685432,44096.6
7746.292449713309,43613.8
7746.502260741186,43853.3
7746.712071769062,43069.9
7746.921882796939,43408.8
7747.131693824816,43085.9
7747.341504852692,42913.0
7747.551315880569,44393.3
7747.7611269084455,44493.6
7747.970937936322,42966.6
7748.180748964199,43736.5
7748.390559992075,45526.9
7748.600371019952,44385.7
7748.810182047829,43002.6
7749.019993075705,43517.0
7749.229804103582,42722.5
7749.4396151314595,43464.6
7749.649426159336,41424.6
7749.859237187213,41914.7
7750.069048215089,43091.0
7750.278859242966,43477.7
7750.488670270843,42986.5
7750.698481298719,42697.8
7750.908292326596,43111.9
7751.118103354473,43165.0
7751.327914382349,43075.7
7751.537725410226,42859.9
7751.7475364381025,42870.4
7751.957347465979,43064.4
7752.167158493856,42284.5
7752.3769695217325,43886.4
7752.586780549609,42988.1
7752.796591577486,43141.9
7753.006402605362,42856.1
7753.216213633239,42338.4
7753.426024661116,43496.2
7753.635835688992,42557.6
7753.845646716869,43337.2
7754.055457744746,42498.2
7754.265268772622,43309.2
7754.475079800499,44517.9
7754.6848908283755,42675.5
7754.894701856252,42675.2
7755.104512884129,41723.9
7755.314323912005,42532.1
7755.524134939882,42673.7
7755.733945967759,42938.8
7755.943756995636,42684.7
7756.153568023513,42952.6
7756.3633790513895,43670.1
7756.573190079266,43956.2
7756.783001107143,44439.8
7756.992812135019,44791.9
7757.202623162896,43492.4
7757.412434190773,42696.3
7757.622245218649,42804.8
7757.832056246526,42739.9
7758.041867274403,42826.6
7758.251678302279,42743.5
7758.461489330156,42293.8
7758.671300358033,40722.7
7758.881111385909,43041.3
7759.090922413786,42182.5
7759.3007334416625,40668.8
7759.510544469539,41096.0
7759.720355497416,42271.0
7759.930166525292,41820.9
7760.139977553169,40903.3
7760.349788581046,41187.8
7760.559599608922,42148.0
7760.769410636799,41774.4
7760.979221664676,41604.1
7761.189032692552,41218.9
7761.398843720429,41049.2
7761.6086547483055,41375.3
7761.818465776182,40982.3
7762.02827680406,39607.3
7762.238087831936,41509.6
7762.447898859813,41938.5
7762.65770988769,40712.2
7762.867520915566,41229.7
7763.077331943443,41802.6
7763.28714297132,41762.3
7763.496953999196,40939.2
7763.706765027073,41256.6
7763.9165760549495,40236.5
7764.126387082826,40634.3
7764.336198110703,40512.8
7764.546009138579,40573.5
7764.755820166456,40648.2
7764.965631194333,40584.8
7765.175442222209,39538.3
7765.385253250086,40577.8
7765.595064277963,41701.4
7765.804875305839,39552.2
7766.014686333716,39553.9
7766.2244973615925,40192.4
7766.434308389469,40478.5
7766.644119417346,41159.8
7766.853930445222,40488.6
7767.063741473099,39550.0
7767.273552500976,40287.0
7767.483363528852,41013.7
7767.693174556729,40314.3
7767.902985584606,39643.9
7768.112796612482,39577.0
7768.322607640359,39903.1
7768.5324186682365,40765.1
7768.742229696113,41624.5
7768.95204072399,42812.3
7769.161851751866,42837.7
7769.371662779743,43232.7
7769.58147380762,43116.3
7769.791284835496,44516.6
7770.001095863373,44492.0
7770.21090689125,45300.0
7770.420717919126,45312.2
7770.630528947003,45343.4
7770.8403399748795,45832.2
7771.050151002756,46676.9
7771.259962030633,47297.6
7771.469773058509,48562.2
7771.679584086386,47914.8
7771.889395114263,48820.7
7772.099206142139,49086.2
7772.309017170016,50120.8
7772.518828197893,51210.8
7772.728639225769,51224.0
7772.938450253646,51503.1
7773.1482612815225,50421.3
7773.358072309399,49833.9
7773.567883337276,49414.2
7773.7776943651525,48344.4
7773.987505393029,48214.0
7774.197316420906,48757.7
7774.407127448782,47155.7
7774.616938476659,45884.7
7774.826749504537,46705.7
7775.036560532413,45073.3
7775.24637156029,44274.7
7775.4561825881665,45445.7
7775.665993616043,44658.4
7775.87580464392,44186.5
7776.085615671796,45375.1
7776.295426699673,44118.4
7776.50523772755,42069.2
7776.715048755426,42042.4
7776.924859783303,41324.7
7777.13467081118,40387.5
7777.344481839056,40186.7
7777.554292866933,40029.9
7777.7641038948095,38468.0
7777.973914922686,37025.0
7778.183725950563,38389.7
7778.393536978439,39324.4
7778.603348006316,38721.9
7778.813159034193,38067.8
7779.022970062069,38543.2
7779.232781089946,38623.1
7779.442592117823,37651.3
7779.652403145699,37267.1
7779.862214173576,38011.4
7780.072025201453,38757.0
7780.281836229329,38969.0
7780.491647257206,37242.1
7780.7014582850825,37881.1
7780.911269312959,37580.4
7781.121080340836,36674.8
7781.330891368713,37068.5
7781.54070239659,37685.8
7781.750513424467,37213.1
7781.960324452343,37402.9
7782.17013548022,37490.3
7782.3799465080965,36881.1
7782.589757535973,37696.3
7782.79956856385,37691.3
7783.009379591726,36123.1
7783.219190619603,36081.2
7783.42900164748,35987.0
7783.638812675356,36679.1
7783.848623703233,36750.8
7784.05843473111,37241.0
7784.268245758986,38167.5
7784.478056786863,36952.1
7784.68786781474,36167.2
7784.897678842616,36858.3
7785.107489870493,35996.7
7785.3173008983695,37171.8
7785.527111926246,36975.2
7785.736922954123,36759.6
7785.946733981999,36908.6
7786.156545009876,35984.3
7786.366356037753,36828.6
7786.576167065629,36695.6
7786.785978093506,36750.1
7786.995789121383,36721.3
7787.205600149259,36575.2
7787.415411177137,36361.4
7787.625222205013,36879.1
7787.83503323289,36716.9
7788.044844260767,35405.7
7788.254655288643,35312.0
7788.46446631652,35873.7
7788.674277344397,35471.1
7788.884088372273,33741.3
7789.09389940015,35542.8
7789.3037104280265,35776.4
7789.513521455903,36220.4
7789.72333248378,35979.6
7789.933143511656,36568.9
7790.142954539533,35668.5
7790.35276556741,34903.7
7790.562576595286,34699.9
7790.772387623163,34072.7
7790.98219865104,35192.1
7791.192009678916,35314.6
7791.401820706793,35484.4
7791.61163173467,34689.0
7791.821442762546,35592.0
7792.031253790423,35516.1
7792.2410648182995,35302.7
7792.450875846176,34822.7
7792.660686874053,34179.9
7792.870497901929,33609.4
7793.080308929806,33200.7
7793.290119957683,33412.7
7793.499930985559,33455.4
7793.709742013436,35058.2
7793.9195530413135,34401.3
7794.12936406919,33638.4
7794.339175097067,34303.0
7794.548986124943,34833.5
7794.75879715282,34514.0
7794.968608180697,33898.3
7795.178419208573,34723.1
7795.38823023645,34602.0
7795.598041264327,34804.5
7795.807852292203,34957.8
7796.01766332008,34119.2
7796.227474347957,33820.0
7796.437285375833,34199.6
7796.64709640371,34280.0
7796.8569074315865,33421.1
7797.066718459463,34299.1
7797.27652948734,34692.8
7797.486340515216,33367.9
7797.696151543093,32868.6
7797.90596257097,33035.2
7798.115773598846,33997.5
7798.325584626723,33065.8
7798.5353956546,33256.4
7798.745206682476,33733.6
7798.955017710353,31965.1
7799.1648287382295,32502.0
7799.374639766106,33253.4
7799.584450793983,33365.6
7799.794261821859,32597.0
7800.004072849737,32348.9
7800.213883877614,32949.5
7800.42369490549,32653.7
7800.633505933367,32792.5
7800.8433169612435,33146.3
7801.05312798912,32932.2
7801.262939016997,32522.0
7801.4727500448735,32059.8
7801.68256107275,31628.9
7801.892372100627,32232.2
7802.102183128503,32343.4
7802.31199415638,32031.6
7802.521805184257,30770.0
7802.731616212133,31276.2
7802.94142724001,32300.8
7803.151238267887,31892.5
7803.361049295763,31080.3
7803.57086032364,31713.5
7803.7806713515165,32483.0
7803.990482379393,31420.2
7804.20029340727,30385.8
7804.410104435146,31137.4
7804.619915463023,30960.4
7804.8297264909,30677.9
7805.039537518776,30246.7
7805.249348546653,31080.1
7805.45915957453,31840.2
7805.668970602406,31210.1
7805.878781630283,30109.7
7806.0885926581595,31074.9
7806.298403686036,30484.5
7806.508214713914,31752.4
7806.71802574179,31781.7
7806.927836769667,30759.6
7807.137647797544,30301.4
7807.34745882542,31490.3
7807.557269853297,30767.9
7807.767080881174,30809.6
7807.97689190905,30511.1
7808.186702936927,30622.2
7808.3965139648035,30757.2
7808.60632499268,30499.5
7808.816136020557,30068.9
7809.025947048433,30350.5
7809.23575807631,29929.3
7809.445569104187,29385.3
7809.655380132063,28670.4
7809.86519115994,29165.1
7810.075002187817,29820.0
7810.284813215693,29394.7
7810.49462424357,29849.4
7810.7044352714465,29714.0
7810.914246299323,28788.6
7811.1240573272,31066.8
7811.333868355076,29562.8
7811.543679382953,29850.4
7811.75349041083,31249.1
7811.963301438706,29366.7
7812.173112466583,28078.7
7812.38292349446,29102.7
7812.592734522336,29635.9
7812.802545550214,29737.6
7813.0123565780905,28946.1
7813.222167605967,29134.3
7813.431978633844,29293.0
7813.64178966172,28834.9
7813.851600689597,29450.4
7814.061411717474,28621.3
7814.27122274535,28610.4
7814.481033773227,28478.8
7814.690844801104,27060.3
7814.90065582898,27924.0
7815.110466856857,28032.3
7815.3202778847335,26922.9
7815.53008891261,27294.4
7815.739899940487,27601.7
7815.949710968363,27673.6
7816.15952199624,27660.5
7816.369333024117,28049.7
7816.579144051993,27262.7
7816.78895507987,27365.9
7816.998766107747,27618.8
7817.208577135623,28396.0
7817.4183881635,27290.4
7817.628199191377,27646.1
7817.838010219253,27308.7
7818.04782124713,27833.3
7818.2576322750065,26562.1
7818.467443302883,26569.7
7818.67725433076,26706.2
7818.887065358636,26909.4
7819.096876386513,28171.7
7819.306687414391,27450.7
7819.516498442267,28179.4
7819.726309470144,27267.1
7819.9361204980205,26166.3
7820.145931525897,26727.2
7820.355742553774,26189.0
7820.56555358165,27112.6
7820.775364609527,26489.4
7820.985175637404,26398.9
7821.19498666528,26412.0
7821.404797693157,26322.8
7821.614608721034,26787.8
7821.82441974891,26959.1
7822.034230776787,26185.5
7822.2440418046635,26585.4
7822.45385283254,24945.8
7822.663663860417,25646.4
7822.8734748882935,26701.1
7823.08328591617,26078.1
7823.293096944047,25955.6
7823.502907971923,25824.6
7823.7127189998,26756.3
7823.922530027677,26202.4
7824.132341055553,25434.0
7824.34215208343,24544.6
7824.551963111307,24559.1
7824.761774139183,25115.0
7824.97158516706,26034.1
7825.1813961949365,26111.0
7825.391207222814,25667.0
7825.601018250691,26088.1
7825.810829278567,25246.2
7826.020640306444,25222.5
7826.230451334321,25766.8
7826.440262362197,25230.8
7826.650073390074,25871.7
7826.8598844179505,23533.6
7827.069695445827,24613.9
7827.279506473704,24405.6
7827.48931750158,25699.2
7827.699128529457,25368.3
7827.908939557334,24344.3
7828.11875058521,23995.7
7828.328561613087,25244.7
7828.538372640964,24332.1
7828.74818366884,24749.8
7828.957994696717,24676.8
7829.167805724594,24408.2
7829.37761675247,24342.3
7829.587427780347,23921.9
7829.7972388082235,23970.6
7830.0070498361,23760.8
7830.216860863977,24131.9
7830.426671891853,24572.9
7830.63648291973,23407.2
7830.846293947607,22421.8
7831.056104975483,22532.9
7831.26591600336,24145.7
7831.475727031237,22961.8
7831.685538059113,22039.1
7831.895349086991,23048.2
7832.105160114867,22377.2
7832.314971142744,23292.3
7832.524782170621,23430.3
7832.734593198497,23493.5
7832.944404226374,23362.8
7833.154215254251,24397.2
7833.364026282127,23834.9
7833.573837310004,22131.4
7833.783648337881,22621.3
7833.993459365757,23402.2
7834.203270393634,23493.5
7834.4130814215105,22997.0
7834.622892449387,22586.5
7834.832703477264,23234.2
7835.04251450514,22519.4
7835.252325533017,22083.3
7835.462136560894,23226.7
7835.67194758877,21622.3
7835.881758616647,21723.7
7836.091569644524,22487.7
7836.3013806724,22498.5
7836.511191700277,22359.4
7836.7210027281535,23090.3
7836.93081375603,22262.2
7837.140624783907,21757.6
7837.350435811783,21823.4
7837.56024683966,21649.5
7837.770057867537,20915.8
7837.979868895414,20554.4
7838.189679923291,21669.7
7838.3994909511675,20156.7
7838.609301979044,20312.6
7838.819113006921,21207.8
7839.0289240347975,21583.2
7839.238735062674,20999.6
7839.448546090551,20783.2
7839.658357118427,20808.8
7839.868168146304,20156.1
7840.077979174181,20553.2
7840.287790202057,21127.3
7840.497601229934,20997.1
7840.707412257811,20528.1
7840.917223285687,19124.0
7841.127034313564,20656.2
7841.3368453414405,20515.6
7841.546656369317,19146.2
7841.756467397194,21382.1
7841.96627842507,20598.8
7842.176089452947,19954.6
7842.385900480824,20359.9
7842.5957115087,19643.7
7842.805522536577,18853.9
7843.015333564454,19212.2
7843.22514459233,18313.7
7843.434955620207,19272.6
7843.6447666480835,19001.9
7843.85457767596,19230.4
7844.064388703837,20258.0
7844.274199731713,19560.4
7844.484010759591,19966.3
7844.693821787468,19378.4
7844.903632815344,21317.0
7845.113443843221,18928.9
7845.323254871098,19014.1
7845.533065898974,18655.3
7845.742876926851,18208.3
7845.9526879547275,18715.6
7846.162498982604,17563.5
7846.372310010481,18879.8
7846.582121038357,18484.4
7846.791932066234,18453.2
7847.001743094111,19160.0
7847.211554121987,18688.6
7847.421365149864,19180.3
7847.631176177741,19103.9
7847.840987205617,18297.9
7848.050798233494,18263.3
7848.2606092613705,18686.6
7848.470420289247,19113.8
7848.680231317124,18615.4
7848.890042345,16838.8
7849.099853372877,16791.8
7849.309664400754,18359.3
7849.51947542863,17716.1
7849.729286456507,17405.2
7849.939097484384,16948.4
7850.14890851226,17392.7
7850.358719540137,17136.1
7850.568530568014,16177.4
7850.778341595891,16996.1
7850.988152623768,17205.7
7851.197963651644,17882.5
7851.407774679521,17571.6
7851.617585707398,16364.6
7851.827396735274,17671.3
7852.037207763151,17694.8
7852.247018791028,16826.7
7852.456829818904,16138.3
7852.666640846781,16770.7
7852.8764518746575,17963.3
7853.086262902534,16960.4
7853.296073930411,16437.6
7853.505884958287,16768.9
7853.715695986164,15746.4
7853.925507014041,15383.4
7854.135318041917,15494.3
7854.345129069794,15023.5
7854.554940097671,15612.9
7854.764751125547,15609.3
7854.974562153424,15217.7
7855.1843731813005,14507.3
7855.394184209177,15753.6
7855.603995237054,15865.2
7855.8138062649305,15420.0
7856.023617292807,15775.7
7856.233428320684,15659.4
7856.44323934856,15309.9
7856.653050376437,15104.0
7856.862861404314,14459.2
7857.07267243219,14686.4
7857.282483460068,15020.6
7857.4922944879445,14450.0
7857.702105515821,14410.5
7857.911916543698,14908.3
7858.121727571574,14670.9
7858.331538599451,14673.4
7858.541349627328,14003.8
7858.751160655204,14089.6
7858.960971683081,14427.5
7859.170782710958,15691.8
7859.380593738834,15724.0
7859.590404766711,13681.0
7859.8002157945875,14636.9
7860.010026822464,14895.7
7860.219837850341,13667.1
7860.429648878217,13315.5
7860.639459906094,14174.5
7860.849270933971,14129.5
7861.059081961847,13298.4
7861.268892989724,13526.2
7861.478704017601,14969.2
7861.688515045477,13410.7
7861.898326073354,13181.6
7862.108137101231,13481.7
7862.317948129107,13318.8
7862.527759156984,13126.1
7862.7375701848605,13346.8
7862.947381212737,12746.6
7863.157192240614,13741.6
7863.367003268491,12401.1
7863.576814296368,12384.2
7863.786625324245,12741.0
7863.996436352121,13232.6
7864.206247379998,12995.2
7864.4160584078745,12195.1
7864.625869435751,12734.4
7864.835680463628,12994.3
7865.045491491504,13384.2
7865.255302519381,11824.3
7865.465113547258,11985.1
7865.674924575134,13312.5
7865.884735603011,12798.7
7866.094546630888,12301.6
7866.304357658764,11825.0
7866.514168686641,11665.1
7866.723979714518,12367.6
7866.933790742394,13039.4
7867.143601770271,12593.4
7867.3534127981475,12670.0
7867.563223826024,12023.1
7867.773034853901,12887.4
7867.982845881777,12091.0
7868.192656909654,11743.4
7868.402467937531,11129.7
7868.612278965407,11354.0
7868.822089993284,11084.5
7869.031901021161,10259.6
7869.241712049037,11158.2
7869.451523076914,11141.1
7869.6613341047905,11162.4
7869.871145132667,11772.5
7870.080956160545,10568.1
7870.290767188421,10954.1
7870.500578216298,10946.3
7870.710389244175,10256.4
7870.920200272051,10565.3
7871.130011299928,10396.5
7871.3398223278045,10906.3
7871.549633355681,11427.1
7871.759444383558,9702.45
7871.9692554114345,10927.4
7872.179066439311,9910.51
7872.388877467188,10549.5
7872.598688495064,11233.0
7872.808499522941,9424.86
7873.018310550818,9287.37
7873.228121578694,9939.65
7873.437932606571,11750.6
7873.647743634448,11134.6
7873.857554662324,10157.2
7874.067365690201,10737.5
7874.2771767180775,10910.4
7874.486987745954,10858.5
7874.696798773831,10314.9
7874.906609801707,10347.4
7875.116420829584,10547.7
7875.326231857461,9322.04
7875.536042885337,9940.67
7875.745853913214,10238.8
7875.9556649410915,9012.25
7876.165475968968,9133.41
7876.375286996845,10066.0
7876.585098024721,9675.46
7876.794909052598,8985.26
7877.004720080475,9356.1
7877.214531108351,8246.36
7877.424342136228,8779.54
7877.634153164105,10048.9
7877.843964191981,10417.9
7878.053775219858,10462.7
7878.263586247735,10866.4
7878.473397275611,11028.4
7878.683208303488,10583.7
7878.8930193313645,9634.42
7879.102830359241,10053.7
7879.312641387118,9214.08
7879.522452414994,9103.29
7879.732263442871,8599.21
7879.942074470748,9033.39
7880.151885498624,8493.36
7880.361696526501,7497.21
7880.571507554378,8632.66
7880.781318582254,8867.56
7880.991129610131,8018.22
7881.2009406380075,8462.66
7881.410751665884,9049.52
7881.620562693761,7446.56
7881.830373721637,8692.25
7882.040184749514,8016.47
7882.249995777391,7135.43
7882.459806805267,8428.96
7882.669617833145,8169.08
7882.879428861022,8896.69
7883.089239888898,9270.08
7883.299050916775,7096.23
7883.5088619446515,8376.75
7883.718672972528,8815.47
7883.928484000405,8323.64
7884.138295028281,8918.0
7884.348106056158,8196.13
7884.557917084035,7875.57
7884.767728111911,9092.34
7884.977539139788,8331.88
7885.187350167665,8063.46
7885.397161195541,8318.06
7885.606972223418,7677.33
7885.8167832512945,8946.6
7886.026594279171,8590.34
7886.236405307048,6917.87
7886.446216334924,7788.65
7886.656027362801,7027.46
7886.865838390678,7549.18
7887.075649418554,7749.57
7887.285460446431,7124.63
7887.495271474308,7250.69
7887.705082502184,6822.12
7887.914893530061,7331.15
7888.124704557938,7308.25
7888.334515585814,7584.07
7888.544326613692,7576.91
7888.754137641568,8027.34
7888.963948669445,8161.07
7889.173759697322,7463.47
7889.383570725198,9802.65
7889.593381753075,6552.19
7889.803192780952,7395.37
7890.013003808828,7269.58
7890.222814836705,7224.49
7890.4326258645815,7761.97
7890.642436892458,7232.43
7890.852247920335,7200.03
7891.062058948211,7074.06
7891.271869976088,7792.21
7891.481681003965,7892.36
7891.691492031841,5970.69
7891.901303059718,6920.14
7892.111114087595,6517.26
7892.320925115471,6281.11
7892.530736143348,6962.79
7892.7405471712245,7296.94
7892.950358199101,7594.46
7893.160169226978,6305.54
7893.369980254854,5853.07
7893.579791282731,5806.77
7893.789602310608,6214.86
7893.999413338484,5814.26
7894.209224366361,6368.33
7894.419035394238,6661.35
7894.628846422114,6630.47
7894.838657449991,6239.93
7895.048468477868,5588.67
