6486.2042331614,103877.0
6486.384005501667,103452.0
6486.563777841933,96406.5
6486.7435501822,92650.9
6486.923322522466,94944.3
6487.103094862733,99157.1
6487.282867202999,101961.0
6487.462639543266,102832.0
6487.642411883532,104187.0
6487.822184223799,104733.0
6488.001956564065,105028.0
6488.181728904332,105375.0
6488.361501244598,106874.0
6488.541273584865,109029.0
6488.721045925131,110090.0
6488.900818265398,107791.0
6489.080590605665,104053.0
6489.260362945931,107453.0
6489.440135286198,110457.0
6489.619907626464,114517.0
6489.799679966731,117738.0
6489.979452306997,117520.0
6490.159224647264,116121.0
6490.33899698753,112761.0
6490.518769327797,103872.0
6490.698541668063,95892.6
6490.87831400833,95479.6
6491.058086348596,105835.0
6491.237858688863,118516.0
6491.417631029129,123733.0
6491.597403369396,124119.0
6491.777175709662,125164.0
6491.9569480499285,126116.0
6492.1367203901955,126746.0
6492.3164927304615,126461.0
6492.496265070728,121939.0
6492.6760374109945,113409.0
6492.855809751261,104916.0
6493.035582091527,104653.0
6493.215354431794,111423.0
6493.39512677206,119705.0
6493.574899112327,127565.0
6493.754671452593,129827.0
6493.93444379286,132647.0
6494.114216133126,130350.0
6494.293988473393,129289.0
6494.473760813659,129887.0
6494.653533153926,132378.0
6494.833305494193,135058.0
6495.013077834459,135211.0
6495.192850174726,136690.0
6495.372622514992,135768.0
6495.552394855259,125866.0
6495.732167195525,115044.0
6495.911939535792,112199.0
6496.091711876058,120547.0
6496.271484216325,135002.0
6496.451256556591,143836.0
6496.631028896858,143662.0
6496.810801237124,143266.0
6496.990573577391,142449.0
6497.170345917657,142051.0
6497.350118257924,136466.0
6497.52989059819,132316.0
6497.709662938457,136221.0
6497.889435278724,142506.0
6498.06920761899,147424.0
6498.248979959257,152030.0
6498.428752299523,151311.0
6498.60852463979,151321.0
6498.788296980056,153742.0
6498.968069320323,153979.0
6499.147841660589,153611.0
6499.327614000856,153938.0
6499.507386341122,153193.0
6499.687158681389,152677.0
6499.866931021655,155096.0
6500.046703361922,157500.0
6500.226475702188,157575.0
6500.4062480424545,160485.0
6500.5860203827215,163080.0
6500.7657927229875,163567.0
6500.945565063254,161716.0
6501.1253374035205,159342.0
6501.305109743787,159878.0
6501.484882084053,161485.0
6501.66465442432,160355.0
6501.844426764586,162639.0
6502.024199104853,166193.0
6502.203971445119,167792.0
6502.383743785386,166064.0
6502.563516125652,163670.0
6502.743288465919,165356.0
6502.923060806185,169038.0
6503.102833146452,169042.0
6503.282605486718,167394.0
6503.462377826985,166369.0
6503.642150167252,165956.0
6503.821922507518,166008.0
6504.001694847785,166088.0
6504.181467188051,167365.0
6504.361239528318,169939.0
6504.541011868584,174717.0
6504.720784208851,179814.0
6504.900556549117,178727.0
6505.080328889384,178024.0
6505.26010122965,181450.0
6505.439873569917,186151.0
6505.619645910183,187513.0
6505.79941825045,184423.0
6505.979190590716,183163.0
6506.158962930983,184857.0
6506.33873527125,186350.0
6506.518507611516,189105.0
6506.698279951783,188310.0
6506.878052292049,187251.0
6507.057824632316,188134.0
6507.237596972582,191055.0
6507.417369312849,190501.0
6507.597141653115,186542.0
6507.776913993382,183846.0
6507.956686333648,187064.0
6508.136458673915,191913.0
6508.316231014181,184650.0
6508.496003354448,175683.0
6508.675775694714,174610.0
6508.8555480349805,183151.0
6509.035320375247,193847.0
6509.2150927155135,198442.0
6509.39486505578,199886.0
6509.5746373960465,202605.0
6509.754409736313,202333.0
6509.934182076579,199308.0
6510.113954416846,200525.0
6510.293726757112,201245.0
6510.473499097379,201999.0
6510.653271437645,204608.0
6510.833043777912,207269.0
6511.012816118178,206675.0
6511.192588458445,204965.0
6511.372360798711,205683.0
6511.552133138978,205610.0
6511.731905479244,201226.0
6511.911677819511,193575.0
6512.091450159778,186181.0
6512.271222500044,190370.0
6512.450994840311,200624.0
6512.630767180577,211018.0
6512.810539520844,213423.0
6512.99031186111,214635.0
6513.170084201377,219719.0
6513.349856541643,216518.0
6513.52962888191,212175.0
6513.709401222176,213002.0
6513.889173562443,212969.0
6514.068945902709,210959.0
6514.248718242976,206244.0
6514.428490583242,193204.0
6514.608262923509,177876.0
6514.788035263775,175431.0
6514.967807604042,191349.0
6515.147579944309,213737.0
6515.327352284575,223827.0
6515.507124624842,219400.0
6515.686896965108,209329.0
6515.866669305375,203610.0
6516.046441645641,205094.0
6516.226213985908,194562.0
6516.405986326174,168121.0
6516.585758666441,149959.0
6516.765531006707,157338.0
6516.945303346974,181988.0
6517.12507568724,204788.0
6517.3048480275065,216207.0
6517.484620367773,229045.0
6517.6643927080395,229877.0
6517.844165048306,223120.0
6518.023937388572,220289.0
6518.203709728839,227060.0
6518.383482069105,234453.0
6518.563254409372,234651.0
6518.743026749638,234422.0
6518.922799089905,232723.0
6519.102571430171,221722.0
6519.282343770438,207796.0
6519.462116110704,203483.0
6519.641888450971,214456.0
6519.821660791237,235754.0
6520.001433131504,249384.0
6520.18120547177,252984.0
6520.360977812037,253086.0
6520.540750152303,252205.0
6520.72052249257,254571.0
6520.900294832837,256207.0
6521.080067173103,259600.0
6521.25983951337,261490.0
6521.439611853636,259342.0
6521.619384193903,256005.0
6521.799156534169,252317.0
6521.978928874436,249725.0
6522.158701214702,250497.0
6522.338473554969,255069.0
6522.518245895235,260341.0
6522.698018235502,262748.0
6522.877790575768,265598.0
6523.057562916035,265401.0
6523.237335256301,257900.0
6523.417107596568,247094.0
6523.596879936835,232444.0
6523.776652277101,223741.0
6523.956424617368,229660.0
6524.136196957634,247990.0
6524.315969297901,266139.0
6524.495741638167,271633.0
6524.675513978434,272715.0
6524.8552863187,277333.0
6525.035058658967,276666.0
6525.214830999233,278998.0
6525.3946033395,280497.0
6525.574375679766,277038.0
6525.7541480200325,276940.0
6525.9339203602985,278867.0
6526.1136927005655,279567.0
6526.2934650408315,283054.0
6526.473237381098,286285.0
6526.653009721365,286378.0
6526.832782061631,286766.0
6527.012554401898,288840.0
6527.192326742164,287138.0
6527.372099082431,285912.0
6527.551871422697,284257.0
6527.731643762964,286564.0
6527.91141610323,292801.0
6528.091188443497,297045.0
6528.270960783763,297251.0
6528.45073312403,296989.0
6528.630505464296,299479.0
6528.810277804563,298285.0
6528.990050144829,299294.0
6529.169822485096,299473.0
6529.349594825363,299794.0
6529.529367165629,301383.0
6529.709139505896,301617.0
6529.888911846162,303575.0
6530.068684186429,305726.0
6530.248456526695,302102.0
6530.428228866962,294825.0
6530.608001207228,291947.0
6530.787773547495,299163.0
6530.967545887761,305929.0
6531.147318228028,305479.0
6531.327090568294,309103.0
6531.506862908561,307954.0
6531.686635248827,307377.0
6531.866407589094,308399.0
6532.046179929361,293902.0
6532.225952269627,270676.0
6532.405724609894,263319.0
6532.58549695016,277775.0
6532.765269290427,305645.0
6532.945041630693,320474.0
6533.12481397096,319631.0
6533.304586311226,319307.0
6533.484358651493,320184.0
6533.664130991759,311672.0
6533.843903332026,298072.0
6534.023675672292,289356.0
6534.2034480125585,294460.0
6534.3832203528245,308937.0
6534.5629926930915,315748.0
6534.7427650333575,316022.0
6534.922537373624,320428.0
6535.102309713891,321384.0
6535.282082054157,327794.0
6535.461854394424,336097.0
6535.64162673469,337887.0
6535.821399074957,330839.0
6536.001171415223,328454.0
6536.18094375549,333452.0
6536.360716095756,332934.0
6536.540488436023,323180.0
6536.720260776289,316104.0
6536.900033116556,323286.0
6537.079805456822,338300.0
6537.259577797089,342434.0
6537.439350137355,341895.0
6537.619122477622,344535.0
6537.798894817888,347731.0
6537.978667158155,349670.0
6538.158439498422,348822.0
6538.338211838688,348558.0
6538.517984178955,352243.0
6538.697756519221,354279.0
6538.877528859488,352455.0
6539.057301199754,351596.0
6539.237073540021,350965.0
6539.416845880287,352142.0
6539.596618220554,353108.0
6539.77639056082,357233.0
6539.956162901087,360267.0
6540.135935241353,353592.0
6540.31570758162,349085.0
6540.495479921886,353375.0
6540.675252262153,357724.0
6540.85502460242,360330.0
6541.034796942686,361276.0
6541.214569282953,360784.0
6541.394341623219,363983.0
6541.574113963486,366066.0
6541.753886303752,366053.0
6541.933658644019,357392.0
6542.113430984285,340570.0
6542.2932033245515,330986.0
6542.472975664818,337943.0
6542.6527480050845,356651.0
6542.8325203453505,365633.0
6543.0122926856175,365359.0
6543.1920650258835,369232.0
6543.37183736615,366340.0
6543.551609706417,341884.0
6543.731382046683,311424.0
6543.91115438695,298377.0
6544.090926727216,311830.0
6544.270699067483,353168.0
6544.450471407749,377277.0
6544.630243748016,387323.0
6544.810016088282,384540.0
6544.989788428549,377351.0
6545.169560768815,380409.0
6545.349333109082,386444.0
6545.529105449348,380504.0
6545.708877789615,371847.0
6545.888650129881,374004.0
6546.068422470148,380776.0
6546.248194810414,387286.0
6546.427967150681,391719.0
6546.607739490948,394271.0
6546.787511831214,390548.0
6546.967284171481,393189.0
6547.147056511747,395312.0
6547.326828852014,384813.0
6547.50660119228,366962.0
6547.686373532547,355225.0
6547.866145872813,361583.0
6548.04591821308,382665.0
6548.225690553346,380760.0
6548.405462893613,347229.0
6548.585235233879,329580.0
6548.765007574146,339228.0
6548.944779914412,367253.0
6549.124552254679,391454.0
6549.304324594946,402583.0
6549.484096935212,406819.0
6549.663869275479,414298.0
6549.843641615745,417301.0
6550.023413956012,415695.0
6550.203186296278,417241.0
6550.382958636545,418331.0
6550.562730976811,418174.0
6550.7425033170775,420184.0
6550.922275657344,422216.0
6551.1020479976105,422773.0
6551.2818203378765,420399.0
6551.4615926781435,418303.0
6551.6413650184095,416026.0
6551.821137358676,413995.0
6552.000909698942,411675.0
6552.180682039209,403811.0
6552.360454379476,372302.0
6552.540226719742,341450.0
6552.719999060009,339345.0
6552.899771400275,375375.0
6553.079543740542,415451.0
6553.259316080808,427917.0
6553.439088421075,419078.0
6553.618860761341,404767.0
6553.798633101608,400296.0
6553.978405441874,406888.0
6554.158177782141,424059.0
6554.337950122407,435687.0
6554.517722462674,436781.0
6554.69749480294,439900.0
6554.877267143207,441738.0
6555.057039483474,442137.0
6555.23681182374,443512.0
6555.416584164007,449372.0
6555.596356504273,453505.0
6555.77612884454,457249.0
6555.955901184806,463372.0
6556.135673525073,468407.0
6556.315445865339,471207.0
6556.495218205606,472793.0
6556.674990545872,476588.0
6556.854762886139,459795.0
6557.034535226405,432482.0
6557.214307566672,432250.0
6557.394079906938,454191.0
6557.573852247205,485741.0
6557.753624587471,495897.0
6557.933396927738,490856.0
6558.113169268005,489391.0
6558.292941608271,499490.0
6558.472713948538,519951.0
6558.652486288804,542472.0
6558.832258629071,556528.0
6559.012030969337,571876.0
6559.1918033096035,597710.0
6559.37157564987,611946.0
6559.5513479901365,622857.0
6559.7311203304025,649447.0
6559.910892670669,673162.0
6560.0906650109355,698061.0
6560.270437351202,703235.0
6560.450209691468,725565.0
6560.629982031735,780721.0
6560.809754372002,874470.0
6560.989526712268,1.00726e+06
6561.169299052535,1.17625e+06
6561.349071392801,1.34824e+06
6561.528843733068,1.48957e+06
6561.708616073334,1.5747e+06
6561.888388413601,1.61057e+06
6562.068160753867,1.64342e+06
6562.247933094134,1.69531e+06
6562.4277054344,1.77159e+06
6562.607477774667,1.86973e+06
6562.787250114933,2.00435e+06
6562.9670224552,2.13249e+06
6563.146794795466,2.16352e+06
6563.326567135733,2.11254e+06
6563.506339475999,2.10093e+06
6563.686111816266,2.11062e+06
6563.865884156533,2.01871e+06
6564.045656496799,1.84893e+06
6564.225428837066,1.75086e+06
6564.405201177332,1.7761e+06
6564.584973517599,1.82447e+06
6564.764745857865,1.77849e+06
6564.944518198132,1.66454e+06
6565.124290538398,1.56136e+06
6565.304062878665,1.45733e+06
6565.483835218931,1.36183e+06
6565.663607559198,1.28656e+06
6565.843379899464,1.23412e+06
6566.023152239731,1.16471e+06
6566.202924579997,1.08339e+06
6566.382696920264,1.01098e+06
6566.562469260531,943220.0
6566.742241600797,884753.0
6566.922013941064,833120.0
6567.10178628133,777528.0
6567.281558621597,727409.0
6567.461330961863,686510.0
6567.6411033021295,653379.0
6567.820875642396,625610.0
6568.0006479826625,607226.0
6568.1804203229285,592817.0
6568.360192663195,564013.0
6568.5399650034615,532128.0
6568.719737343728,512114.0
6568.899509683994,502641.0
6569.079282024261,503519.0
6569.259054364527,510787.0
6569.438826704794,510956.0
6569.618599045061,509014.0
6569.798371385327,508725.0
6569.978143725594,504600.0
6570.15791606586,502825.0
6570.337688406127,503876.0
6570.517460746393,495886.0
6570.69723308666,487374.0
6570.877005426926,488161.0
6571.056777767193,489155.0
6571.236550107459,489928.0
6571.416322447726,494139.0
6571.596094787992,487293.0
6571.775867128259,458240.0
6571.955639468525,423472.0
6572.135411808792,413315.0
6572.315184149059,436896.0
6572.494956489325,472790.0
6572.674728829592,489485.0
6572.854501169858,492898.0
6573.034273510125,490561.0
6573.214045850391,485657.0
6573.393818190658,484982.0
6573.573590530924,484235.0
6573.753362871191,484891.0
6573.933135211457,487552.0
6574.112907551724,488690.0
6574.29267989199,492254.0
6574.472452232257,468798.0
6574.652224572523,419458.0
6574.83199691279,389606.0
6575.011769253057,400602.0
6575.191541593323,443202.0
6575.37131393359,481396.0
6575.551086273856,490520.0
6575.730858614123,492167.0
6575.910630954389,492080.0
6576.0904032946555,485528.0
6576.2701756349215,489137.0
6576.4499479751885,492194.0
6576.6297203154545,490666.0
6576.809492655721,491161.0
6576.9892649959875,492420.0
6577.169037336254,499929.0
6577.34880967652,506107.0
6577.528582016787,503563.0
6577.708354357053,501920.0
6577.88812669732,499882.0
6578.067899037587,496730.0
6578.247671377853,493064.0
6578.42744371812,495158.0
6578.607216058386,496355.0
6578.786988398653,493540.0
6578.966760738919,490183.0
6579.146533079186,488130.0
6579.326305419452,492409.0
6579.506077759719,492847.0
6579.685850099985,492048.0
6579.865622440252,496924.0
6580.045394780518,498060.0
6580.225167120785,496625.0
6580.404939461051,488629.0
6580.584711801318,474645.0
6580.764484141584,460221.0
6580.944256481851,466294.0
6581.124028822118,488008.0
6581.303801162384,499440.0
6581.483573502651,502089.0
6581.663345842917,506115.0
6581.843118183184,508812.0
6582.02289052345,503900.0
6582.202662863717,498329.0
6582.382435203983,502568.0
6582.56220754425,499963.0
6582.741979884516,498385.0
6582.921752224783,492863.0
6583.101524565049,483413.0
6583.281296905316,476615.0
6583.461069245582,468266.0
6583.640841585849,471299.0
6583.820613926116,481717.0
6584.000386266382,492656.0
6584.180158606649,496146.0
6584.359930946915,492592.0
6584.5397032871815,492045.0
6584.7194756274475,490255.0
6584.8992479677145,492801.0
6585.0790203079805,489341.0
6585.258792648247,483104.0
6585.4385649885135,480839.0
6585.61833732878,483941.0
6585.798109669046,485147.0
6585.977882009313,491097.0
6586.157654349579,480585.0
6586.337426689846,456076.0
6586.517199030113,436711.0
6586.696971370379,443115.0
6586.876743710646,462453.0
6587.056516050912,478350.0
6587.236288391179,487802.0
6587.416060731445,491761.0
6587.595833071712,491538.0
6587.775605411978,489559.0
6587.955377752245,486075.0
6588.135150092511,484453.0
6588.314922432778,482710.0
6588.494694773044,480238.0
6588.674467113311,483707.0
6588.854239453577,484445.0
6589.034011793844,487480.0
6589.21378413411,491407.0
6589.393556474377,488935.0
6589.573328814644,490330.0
6589.75310115491,490470.0
6589.932873495177,490615.0
6590.112645835443,492288.0
6590.29241817571,491626.0
6590.472190515976,489916.0
6590.651962856243,493054.0
6590.831735196509,488593.0
6591.011507536776,486987.0
6591.191279877042,489610.0
6591.371052217309,490905.0
6591.550824557575,487679.0
6591.730596897842,489442.0
6591.910369238108,490880.0
6592.090141578375,490876.0
6592.269913918642,493744.0
6592.449686258908,489465.0
6592.6294585991745,486721.0
6592.809230939441,484069.0
6592.9890032797075,482235.0
6593.1687756199735,480245.0
6593.3485479602405,481577.0
6593.5283203005065,487215.0
6593.708092640773,489402.0
6593.8878649810395,487015.0
6594.067637321306,479945.0
6594.247409661572,474910.0
6594.427182001839,472890.0
6594.606954342105,474746.0
6594.786726682372,483072.0
6594.966499022638,492149.0
6595.146271362905,492764.0
6595.326043703172,487044.0
6595.505816043438,491109.0
6595.685588383705,490661.0
6595.865360723971,487898.0
6596.045133064238,487175.0
6596.224905404504,487218.0
6596.404677744771,488405.0
6596.584450085037,489250.0
6596.764222425304,487428.0
6596.94399476557,486162.0
6597.123767105837,488024.0
6597.303539446103,488063.0
6597.48331178637,493157.0
6597.663084126636,491237.0
6597.842856466903,492485.0
6598.02262880717,491445.0
6598.202401147436,491123.0
6598.382173487703,493106.0
6598.561945827969,493291.0
6598.741718168236,490167.0
6598.921490508502,483404.0
6599.101262848769,472261.0
6599.281035189035,459803.0
6599.460807529302,459692.0
6599.640579869568,472664.0
6599.820352209835,480878.0
6600.000124550101,484065.0
6600.179896890368,488296.0
6600.359669230634,487162.0
6600.539441570901,484971.0
6600.719213911167,484336.0
6600.898986251434,489522.0
6601.0787585917005,494119.0
6601.258530931967,490824.0
6601.4383032722335,487632.0
6601.6180756124995,479160.0
6601.7978479527665,472231.0
6601.9776202930325,463614.0
6602.157392633299,462616.0
6602.337164973565,468817.0
6602.516937313832,474625.0
6602.696709654098,482671.0
6602.876481994365,483435.0
6603.056254334631,481298.0
6603.236026674898,485906.0
6603.415799015164,481373.0
6603.595571355431,479052.0
6603.775343695698,483451.0
6603.955116035964,485915.0
6604.134888376231,482896.0
6604.314660716497,484062.0
6604.494433056764,481254.0
6604.67420539703,480034.0
6604.853977737297,480651.0
6605.033750077563,478573.0
6605.21352241783,477407.0
6605.393294758096,475783.0
6605.573067098363,473744.0
6605.752839438629,477579.0
6605.932611778896,482091.0
6606.112384119162,483856.0
6606.292156459429,480456.0
6606.471928799695,483287.0
6606.651701139962,485160.0
6606.831473480229,487555.0
6607.011245820495,483877.0
6607.191018160762,482438.0
6607.370790501028,481558.0
6607.550562841295,482321.0
6607.730335181561,484149.0
6607.910107521828,482088.0
6608.089879862094,482220.0
6608.269652202361,482987.0
6608.449424542627,482036.0
6608.629196882894,487080.0
6608.80896922316,485880.0
6608.988741563427,482044.0
6609.168513903693,484721.0
6609.34828624396,481643.0
6609.5280585842265,480718.0
6609.707830924493,478198.0
6609.8876032647595,474359.0
6610.0673756050255,479688.0
6610.247147945292,485743.0
6610.4269202855585,486230.0
6610.606692625825,485196.0
6610.786464966091,481283.0
6610.966237306358,477609.0
6611.146009646624,477675.0
6611.325781986891,474128.0
6611.505554327157,469595.0
6611.685326667424,474536.0
6611.86509900769,477051.0
6612.044871347957,472774.0
6612.224643688223,468889.0
6612.40441602849,464422.0
6612.584188368757,458998.0
6612.763960709023,461709.0
6612.94373304929,476344.0
6613.123505389556,480968.0
6613.303277729823,473367.0
6613.483050070089,469569.0
6613.662822410356,471662.0
6613.842594750622,469682.0
6614.022367090889,468780.0
6614.202139431155,476057.0
6614.381911771422,476176.0
6614.561684111688,474933.0
6614.741456451955,475555.0
6614.921228792221,473084.0
6615.101001132488,474139.0
6615.280773472755,474099.0
6615.460545813021,469230.0
6615.640318153288,469603.0
6615.820090493554,474463.0
6615.999862833821,472453.0
6616.179635174087,469416.0
6616.359407514354,470464.0
6616.53917985462,470952.0
6616.718952194887,474601.0
6616.898724535153,476653.0
6617.07849687542,470823.0
6617.258269215686,466061.0
6617.438041555953,468520.0
6617.617813896219,468523.0
6617.797586236486,467759.0
6617.9773585767525,468026.0
6618.157130917019,466304.0
6618.3369032572855,464769.0
6618.5166755975515,465326.0
6618.696447937818,469230.0
6618.8762202780845,468162.0
6619.055992618351,464172.0
6619.235764958617,465347.0
6619.415537298884,465158.0
6619.59530963915,466520.0
6619.775081979417,463634.0
6619.954854319683,464359.0
6620.13462665995,467033.0
6620.314399000216,466282.0
6620.494171340483,464950.0
6620.673943680749,464725.0
6620.853716021016,463441.0
6621.033488361283,460839.0
6621.213260701549,461350.0
6621.393033041816,463611.0
6621.572805382082,462309.0
6621.752577722349,457579.0
6621.932350062615,456203.0
6622.112122402882,459484.0
6622.291894743148,458255.0
6622.471667083415,462673.0
6622.651439423681,462903.0
6622.831211763948,459365.0
6623.010984104214,456174.0
6623.190756444481,457461.0
6623.370528784747,461778.0
6623.550301125014,459515.0
6623.73007346528,457369.0
6623.909845805547,456420.0
6624.089618145814,457986.0
6624.26939048608,459649.0
6624.449162826347,457731.0
6624.628935166613,458215.0
6624.80870750688,456481.0
6624.988479847146,457750.0
6625.168252187413,457610.0
6625.348024527679,459029.0
6625.527796867946,459633.0
6625.707569208212,458588.0
6625.887341548479,454761.0
6626.067113888745,451541.0
6626.246886229012,448134.0
6626.426658569278,447397.0
6626.6064309095445,447316.0
6626.7862032498115,452336.0
6626.9659755900775,460374.0
6627.145747930344,459744.0
6627.3255202706105,452621.0
6627.505292610877,450162.0
6627.685064951143,451205.0
6627.86483729141,448354.0
6628.044609631676,447092.0
6628.224381971943,446663.0
6628.404154312209,447194.0
6628.583926652476,445409.0
6628.763698992742,443464.0
6628.943471333009,446753.0
6629.123243673275,447903.0
6629.303016013542,447310.0
6629.482788353809,447382.0
6629.662560694075,448175.0
6629.842333034342,447753.0
6630.022105374608,446523.0
6630.201877714875,447685.0
6630.381650055141,446617.0
6630.561422395408,445688.0
6630.741194735674,445489.0
6630.920967075941,445209.0
6631.100739416207,442753.0
6631.280511756474,439931.0
6631.46028409674,446807.0
6631.640056437007,446392.0
6631.819828777273,443741.0
6631.99960111754,439557.0
6632.179373457806,439440.0
6632.359145798073,440031.0
6632.53891813834,437067.0
6632.718690478606,435169.0
6632.898462818873,435650.0
6633.078235159139,434662.0
6633.258007499406,437122.0
6633.437779839672,439203.0
6633.617552179939,444393.0
6633.797324520205,441913.0
6633.977096860472,436363.0
6634.156869200738,435420.0
6634.336641541005,438888.0
6634.516413881271,437896.0
6634.696186221538,435269.0
6634.875958561804,433079.0
6635.0557309020705,436849.0
6635.235503242337,437053.0
6635.4152755826035,434465.0
6635.59504792287,432136.0
6635.7748202631365,433657.0
6635.954592603403,432628.0
6636.134364943669,432091.0
6636.314137283936,431802.0
6636.493909624202,435569.0
6636.673681964469,433052.0
6636.853454304735,430079.0
6637.033226645002,429331.0
6637.212998985268,428511.0
6637.392771325535,429396.0
6637.572543665801,432878.0
6637.752316006068,430047.0
6637.932088346334,427478.0
6638.111860686601,426233.0
6638.291633026868,425553.0
6638.471405367134,427213.0
6638.651177707401,427873.0
6638.830950047667,426577.0
6639.010722387934,425994.0
6639.1904947282,423641.0
6639.370267068467,422583.0
6639.550039408733,422070.0
6639.729811749,422443.0
6639.909584089266,424128.0
6640.089356429533,425525.0
6640.269128769799,423878.0
6640.448901110066,421015.0
6640.628673450332,419946.0
6640.808445790599,420892.0
6640.988218130866,419258.0
6641.167990471132,415030.0
6641.347762811399,417432.0
6641.527535151665,413362.0
6641.707307491932,411155.0
6641.887079832198,412394.0
6642.066852172465,412289.0
6642.246624512731,404375.0
6642.426396852998,409466.0
6642.606169193264,412787.0
6642.785941533531,415494.0
6642.965713873797,410892.0
6643.145486214064,405080.0
6643.32525855433,407510.0
6643.5050308945965,408618.0
6643.684803234863,406686.0
6643.8645755751295,405227.0
6644.044347915396,406848.0
6644.2241202556625,406863.0
6644.403892595929,407201.0
6644.583664936195,408693.0
6644.763437276462,408073.0
6644.943209616728,408196.0
6645.122981956995,410063.0
6645.302754297261,407308.0
6645.482526637528,404423.0
6645.662298977794,404466.0
6645.842071318061,406837.0
6646.021843658327,407267.0
6646.201615998594,402511.0
6646.38138833886,400131.0
6646.561160679127,404488.0
6646.740933019393,407824.0
6646.92070535966,406550.0
6647.100477699927,405327.0
6647.280250040193,402226.0
6647.46002238046,400375.0
6647.639794720726,400499.0
6647.819567060993,402533.0
6647.999339401259,402058.0
6648.179111741526,401852.0
6648.358884081792,401969.0
6648.538656422059,401522.0
6648.718428762325,395457.0
6648.898201102592,392731.0
6649.077973442858,394930.0
6649.257745783125,397102.0
6649.437518123392,396143.0
6649.617290463658,397344.0
6649.797062803925,397999.0
6649.976835144191,393469.0
6650.156607484458,392400.0
6650.336379824724,395673.0
6650.516152164991,398393.0
6650.695924505257,395786.0
6650.875696845524,396248.0
6651.05546918579,393461.0
6651.235241526057,388840.0
6651.415013866323,388138.0
6651.59478620659,389892.0
6651.774558546856,394453.0
6651.9543308871225,390359.0
6652.134103227389,387743.0
6652.3138755676555,382877.0
6652.493647907922,385621.0
6652.673420248188,387143.0
6652.853192588455,384872.0
6653.032964928721,381918.0
6653.212737268988,382112.0
6653.392509609254,386522.0
6653.572281949521,384422.0
6653.752054289787,380713.0
6653.931826630054,377430.0
6654.11159897032,376848.0
6654.291371310587,378102.0
6654.471143650853,384091.0
6654.65091599112,381524.0
6654.830688331386,374997.0
6655.010460671653,380391.0
6655.190233011919,380034.0
6655.370005352186,377462.0
6655.549777692453,375203.0
6655.729550032719,376579.0
6655.909322372986,374527.0
6656.089094713252,373548.0
6656.268867053519,374598.0
6656.448639393785,376121.0
6656.628411734052,372746.0
6656.808184074318,371450.0
6656.987956414585,373744.0
6657.167728754851,369638.0
6657.347501095118,368890.0
6657.527273435384,367527.0
6657.707045775651,369366.0
6657.886818115917,370420.0
6658.066590456184,368038.0
6658.246362796451,369774.0
6658.426135136717,369589.0
6658.605907476984,368578.0
6658.78567981725,369686.0
6658.965452157517,371325.0
6659.145224497783,365912.0
6659.32499683805,363139.0
6659.504769178316,360539.0
6659.684541518583,360967.0
6659.864313858849,361656.0
6660.044086199116,356773.0
6660.223858539382,356337.0
6660.4036308796485,363650.0
6660.5834032199145,359606.0
6660.7631755601815,356010.0
6660.942947900448,351469.0
6661.122720240714,353305.0
6661.302492580981,355656.0
6661.482264921247,358338.0
6661.662037261514,353017.0
6661.84180960178,348533.0
6662.021581942047,347570.0
6662.201354282313,345940.0
6662.38112662258,350519.0
6662.560898962846,350734.0
6662.740671303113,349062.0
6662.920443643379,352103.0
6663.100215983646,352424.0
6663.279988323912,349692.0
6663.459760664179,346377.0
6663.639533004445,344072.0
6663.819305344712,345126.0
6663.999077684979,345386.0
6664.178850025245,343660.0
6664.358622365512,343061.0
6664.538394705778,344306.0
6664.718167046045,339868.0
6664.897939386311,341245.0
6665.077711726578,342656.0
6665.257484066844,339657.0
6665.437256407111,337863.0
6665.617028747377,337061.0
6665.796801087644,335763.0
6665.97657342791,338219.0
6666.156345768177,338519.0
6666.336118108443,336020.0
6666.51589044871,337111.0
6666.695662788976,336913.0
6666.875435129243,336065.0
6667.05520746951,333984.0
6667.234979809776,335808.0
6667.414752150043,334809.0
6667.594524490309,332990.0
6667.774296830576,333309.0
6667.954069170842,332096.0
6668.133841511109,330351.0
6668.313613851375,329807.0
6668.493386191642,331243.0
6668.673158531908,333041.0
6668.8529308721745,329528.0
6669.0327032124405,325073.0
6669.2124755527075,326936.0
6669.3922478929735,327533.0
6669.57202023324,329207.0
6669.751792573507,325618.0
6669.931564913773,322551.0
6670.11133725404,322115.0
6670.291109594306,321397.0
6670.470881934573,322681.0
6670.650654274839,323712.0
6670.830426615106,320258.0
6671.010198955372,316823.0
6671.189971295639,316193.0
6671.369743635905,320269.0
6671.549515976172,320722.0
6671.729288316438,318565.0
6671.909060656705,313910.0
6672.088832996971,310532.0
6672.268605337238,311746.0
6672.448377677505,315787.0
6672.628150017771,318149.0
6672.807922358038,310968.0
6672.987694698304,310046.0
6673.167467038571,312408.0
6673.347239378837,313718.0
6673.527011719104,311723.0
6673.70678405937,309201.0
6673.886556399637,307134.0
6674.066328739903,304771.0
6674.24610108017,303002.0
6674.425873420436,301667.0
6674.605645760703,300250.0
6674.785418100969,300083.0
6674.965190441236,300466.0
6675.144962781502,298763.0
6675.324735121769,300672.0
6675.504507462036,296717.0
6675.684279802302,295071.0
6675.864052142569,295785.0
6676.043824482835,296098.0
6676.223596823102,296637.0
6676.403369163368,299283.0
6676.583141503635,299649.0
6676.762913843901,305417.0
6676.9426861841675,314719.0
6677.122458524434,316069.0
6677.3022308647005,319958.0
6677.4820032049665,321951.0
6677.6617755452335,324553.0
6677.8415478854995,324754.0
6678.021320225766,320747.0
6678.2010925660325,313051.0
6678.380864906299,309800.0
6678.560637246566,308178.0
6678.740409586832,305272.0
6678.920181927099,301854.0
6679.099954267365,301191.0
6679.279726607632,300122.0
6679.459498947898,298838.0
6679.639271288165,299913.0
6679.819043628431,300420.0
6679.998815968698,300929.0
6680.178588308964,302371.0
6680.358360649231,301118.0
6680.538132989497,302032.0
6680.717905329764,302683.0
6680.89767767003,303658.0
6681.077450010297,305171.0
6681.257222350564,302958.0
6681.43699469083,303298.0
6681.616767031097,303348.0
6681.796539371363,300097.0
6681.97631171163,297853.0
6682.156084051896,292494.0
6682.335856392163,286515.0
6682.515628732429,286633.0
6682.695401072696,287015.0
6682.875173412962,284127.0
6683.054945753229,281568.0
6683.234718093495,280164.0
6683.414490433762,274530.0
6683.594262774028,270359.0
6683.774035114295,271684.0
6683.953807454562,266834.0
6684.133579794828,263570.0
6684.313352135095,262592.0
6684.493124475361,263844.0
6684.672896815628,264156.0
6684.852669155894,262844.0
6685.032441496161,261339.0
6685.212213836427,260656.0
6685.3919861766935,258586.0
6685.57175851696,258345.0
6685.7515308572265,258551.0
6685.9313031974925,259918.0
6686.1110755377595,257337.0
6686.2908478780255,255042.0
6686.470620218292,254366.0
6686.650392558558,255275.0
6686.830164898825,254061.0
6687.009937239092,250770.0
6687.189709579358,253935.0
6687.369481919625,253621.0
6687.549254259891,249447.0
6687.729026600158,250086.0
6687.908798940424,248279.0
6688.088571280691,246186.0
6688.268343620957,246510.0
6688.448115961224,244207.0
6688.62788830149,245532.0
6688.807660641757,243499.0
6688.987432982023,245331.0
6689.16720532229,246106.0
6689.346977662556,244519.0
6689.526750002823,242686.0
6689.706522343089,244352.0
6689.886294683356,242415.0
6690.066067023623,239927.0
6690.245839363889,240766.0
6690.425611704156,240912.0
6690.605384044422,241474.0
6690.785156384689,239554.0
6690.964928724955,237865.0
6691.144701065222,234657.0
6691.324473405488,234982.0
6691.504245745755,235577.0
6691.684018086021,233720.0
6691.863790426288,232095.0
6692.043562766554,230238.0
6692.223335106821,232084.0
6692.403107447087,233253.0
6692.582879787354,232401.0
6692.762652127621,232007.0
6692.942424467887,228041.0
6693.122196808154,227358.0
6693.30196914842,227903.0
6693.481741488687,228741.0
6693.661513828953,226412.0
6693.8412861692195,224431.0
6694.021058509486,222193.0
6694.2008308497525,223061.0
6694.3806031900185,222478.0
6694.5603755302855,221231.0
6694.7401478705515,220308.0
6694.919920210818,218483.0
6695.099692551084,221578.0
6695.279464891351,221308.0
6695.459237231618,217337.0
6695.639009571884,213683.0
6695.818781912151,214691.0
6695.998554252417,213435.0
6696.178326592684,212522.0
6696.35809893295,211944.0
6696.537871273217,216383.0
6696.717643613483,217106.0
6696.89741595375,211050.0
6697.077188294016,209385.0
6697.256960634283,209162.0
6697.436732974549,209005.0
6697.616505314816,205546.0
6697.796277655082,203797.0
6697.976049995349,202495.0
6698.155822335615,203268.0
6698.335594675882,204224.0
6698.515367016149,204455.0
6698.695139356415,203869.0
6698.874911696682,200988.0
6699.054684036948,199026.0
6699.234456377215,199508.0
6699.414228717481,197701.0
6699.594001057748,195432.0
6699.773773398014,196444.0
6699.953545738281,196299.0
6700.133318078547,194800.0
6700.313090418814,194033.0
6700.49286275908,194054.0
6700.672635099347,192376.0
6700.852407439613,190476.0
6701.03217977988,190887.0
6701.211952120147,190141.0
6701.391724460413,191078.0
6701.57149680068,189909.0
6701.751269140946,188895.0
6701.931041481213,186287.0
6702.110813821479,186742.0
6702.2905861617455,186876.0
6702.470358502012,184940.0
6702.6501308422785,181771.0
6702.8299031825445,181846.0
6703.009675522811,185033.0
6703.1894478630775,183594.0
6703.369220203344,182490.0
6703.54899254361,180127.0
6703.728764883877,179558.0
6703.908537224144,179283.0
6704.08830956441,176316.0
6704.268081904677,176799.0
6704.447854244943,178227.0
6704.62762658521,175743.0
6704.807398925476,174046.0
6704.987171265743,173733.0
6705.166943606009,174810.0
6705.346715946276,175821.0
6705.526488286542,174724.0
6705.706260626809,173113.0
6705.886032967075,171945.0
6706.065805307342,168518.0
6706.245577647608,167504.0
6706.425349987875,169475.0
6706.605122328141,168731.0
6706.784894668408,167315.0
6706.964667008675,166459.0
6707.144439348941,164051.0
6707.324211689208,164628.0
6707.503984029474,163691.0
6707.683756369741,161690.0
6707.863528710007,163051.0
6708.043301050274,161559.0
6708.22307339054,159992.0
6708.402845730807,160747.0
6708.582618071073,160064.0
6708.76239041134,158925.0
6708.942162751606,156529.0
6709.121935091873,156424.0
6709.301707432139,155917.0
6709.481479772406,153748.0
6709.661252112672,152846.0
6709.841024452939,153376.0
6710.020796793206,152652.0
6710.200569133472,151544.0
6710.380341473739,149669.0
6710.560113814005,145687.0
6710.7398861542715,146388.0
6710.9196584945375,148062.0
6711.0994308348045,148101.0
6711.2792031750705,148353.0
6711.458975515337,145429.0
6711.6387478556035,145092.0
6711.81852019587,145120.0
6711.998292536136,145913.0
6712.178064876403,143918.0
6712.357837216669,143088.0
6712.537609556936,141934.0
6712.717381897203,141466.0
6712.897154237469,139825.0
6713.076926577736,140025.0
6713.256698918002,139410.0
6713.436471258269,136679.0
6713.616243598535,135898.0
6713.796015938802,135199.0
6713.975788279068,134118.0
6714.155560619335,135191.0
6714.335332959601,133315.0
6714.515105299868,131889.0
6714.694877640134,133649.0
6714.874649980401,133861.0
6715.054422320667,132002.0
6715.234194660934,131656.0
6715.413967001201,131271.0
6715.593739341467,129762.0
6715.773511681734,130172.0
6715.953284022,129657.0
6716.133056362267,128570.0
6716.312828702533,126286.0
6716.4926010428,126559.0
6716.672373383066,126274.0
6716.852145723333,126434.0
6717.031918063599,125271.0
6717.211690403866,125732.0
6717.391462744132,125461.0
6717.571235084399,123702.0
6717.751007424665,121114.0
6717.930779764932,119546.0
6718.110552105198,118721.0
6718.290324445465,120271.0
6718.470096785732,119675.0
6718.649869125998,118077.0
6718.829641466265,115970.0
6719.009413806531,114994.0
6719.1891861467975,115553.0
6719.3689584870635,114272.0
6719.5487308273305,114106.0
6719.7285031675965,113353.0
6719.908275507863,112295.0
6720.0880478481295,112992.0
6720.267820188396,111853.0
6720.447592528662,112032.0
6720.627364868929,111428.0
6720.807137209195,110485.0
6720.986909549462,108238.0
6721.166681889728,107902.0
6721.346454229995,109177.0
6721.526226570262,107002.0
6721.705998910528,105497.0
6721.885771250795,104764.0
6722.065543591061,103111.0
6722.245315931328,102925.0
6722.425088271594,103686.0
6722.604860611861,103783.0
6722.784632952127,102260.0
6722.964405292394,100360.0
6723.14417763266,100579.0
6723.323949972927,100776.0
6723.503722313193,101272.0
6723.68349465346,98754.5
6723.863266993726,98550.1
6724.043039333993,97113.6
6724.22281167426,96219.4
6724.402584014526,94774.0
6724.582356354793,94603.2
6724.762128695059,93516.6
6724.941901035326,93875.0
6725.121673375592,93536.0
6725.301445715859,93902.8
6725.481218056125,92462.6
6725.660990396392,90485.5
6725.840762736658,89342.2
6726.020535076925,90725.2
6726.200307417191,90726.2
6726.380079757458,91955.7
6726.559852097724,90732.3
6726.739624437991,88877.2
6726.919396778258,88092.6
6727.099169118524,87693.5
6727.2789414587905,86276.7
6727.458713799057,86430.0
6727.6384861393235,85094.9
6727.8182584795895,84502.5
6727.9980308198565,83501.1
6728.1778031601225,81469.6
6728.357575500389,82530.0
6728.5373478406555,83758.8
6728.717120180922,82470.6
6728.896892521188,80968.3
6729.076664861455,82294.1
6729.256437201721,81097.0
6729.436209541988,78969.0
6729.615981882254,77488.9
6729.795754222521,78490.2
6729.975526562788,78903.9
6730.155298903054,75923.1
6730.335071243321,76010.7
6730.514843583587,76251.9
6730.694615923854,76090.7
6730.87438826412,76217.4
6731.054160604387,75541.2
6731.233932944653,73563.4
6731.41370528492,72795.8
6731.593477625186,72119.4
6731.773249965453,71622.7
6731.953022305719,70949.5
6732.132794645986,70778.6
6732.312566986252,70467.3
6732.492339326519,70600.3
6732.672111666785,69301.1
6732.851884007052,68169.8
6733.031656347319,62537.9
