7605.8157437598,4055.81
7606.025255937144,5329.08
7606.234768114488,5954.92
7606.444280291832,4843.36
7606.653792469176,3281.88
7606.863304646519,3332.86
7607.072816823864,4305.43
7607.2823290012075,4252.14
7607.491841178551,4067.49
7607.701353355896,4445.37
7607.910865533239,3781.78
7608.120377710583,4795.11
7608.3298898879275,6307.63
7608.539402065271,8102.57
7608.748914242615,8788.07
7608.958426419958,6549.77
7609.167938597303,4104.3
7609.377450774647,3569.88
7609.58696295199,4886.83
7609.796475129335,5967.59
7610.005987306678,5895.96
7610.215499484022,5118.91
7610.425011661367,5134.32
7610.63452383871,7580.23
7610.844036016054,11135.5
7611.053548193398,12508.2
7611.263060370742,12978.7
7611.472572548086,12536.5
7611.682084725429,9836.16
7611.891596902774,6202.27
7612.101109080118,5381.46
7612.310621257461,6638.72
7612.520133434805,7786.01
7612.729645612149,9137.0
7612.939157789493,7683.51
7613.148669966837,6763.75
7613.358182144181,9935.01
7613.567694321525,14654.7
7613.7772064988685,18623.0
7613.986718676213,20800.7
7614.196230853557,21083.1
7614.4057430309,19536.9
7614.615255208244,15367.3
7614.8247673855885,11210.0
7615.034279562932,9770.56
7615.243791740276,10336.7
7615.45330391762,12557.5
7615.662816094964,14711.6
7615.872328272308,14130.8
7616.081840449652,13336.6
7616.291352626996,16746.4
7616.5008648043395,21475.9
7616.710376981683,26622.8
7616.919889159028,28811.4
7617.129401336371,30359.1
7617.338913513715,32562.3
7617.5484256910595,33019.3
7617.757937868403,32294.4
7617.967450045747,33166.5
7618.17696222309,34678.4
7618.386474400435,35310.6
7618.595986577779,33085.7
7618.805498755122,33473.1
7619.015010932467,33516.0
7619.22452310981,33737.2
7619.434035287154,34507.5
7619.643547464499,33685.9
7619.853059641842,31113.1
7620.062571819186,27082.5
7620.27208399653,25288.8
7620.481596173874,20945.0
7620.691108351218,16030.0
7620.900620528561,13383.6
7621.110132705906,14291.3
7621.31964488325,18460.1
7621.529157060593,23966.1
7621.738669237938,28083.4
7621.948181415281,28968.4
7622.157693592625,28490.9
7622.367205769969,27752.0
7622.576717947313,25386.3
7622.786230124657,19412.1
7622.9957423020005,13585.3
7623.205254479345,10882.3
7623.414766656689,10298.8
7623.624278834032,11852.3
7623.833791011376,13596.2
7624.0433031887205,12643.4
7624.252815366064,10097.4
7624.462327543408,10331.4
7624.671839720752,13216.8
7624.881351898096,17462.7
7625.09086407544,22010.2
7625.300376252784,26063.7
7625.509888430128,29285.7
7625.7194006074715,29445.3
7625.928912784815,28774.7
7626.13842496216,25712.1
7626.347937139503,21594.2
7626.557449316847,15798.7
7626.7669614941915,10724.2
7626.976473671535,8665.27
7627.185985848879,8627.52
7627.395498026223,9768.52
7627.605010203567,9408.05
7627.814522380911,9598.97
7628.024034558254,8959.17
7628.233546735599,9908.85
7628.443058912942,13023.7
7628.652571090286,17989.6
7628.862083267631,23343.7
7629.071595444974,27241.2
7629.281107622318,29557.5
7629.490619799662,29470.4
7629.700131977006,30287.0
7629.90964415435,29676.2
7630.119156331693,25447.8
7630.328668509038,21275.2
7630.538180686382,16781.3
7630.747692863725,11774.7
7630.95720504107,8924.63
7631.166717218413,7680.23
7631.376229395757,8412.03
7631.585741573101,9376.08
7631.795253750445,9652.72
7632.004765927789,10049.2
7632.2142781051325,11382.1
7632.423790282477,14519.4
7632.633302459821,19792.7
7632.842814637164,25564.6
7633.052326814509,30114.6
7633.2618389918525,33487.9
7633.471351169196,34347.4
7633.68086334654,33833.2
7633.890375523884,32134.9
7634.099887701228,30318.5
7634.309399878572,27848.0
7634.518912055916,22835.9
7634.72842423326,16840.9
7634.9379364106035,13091.5
7635.147448587948,11301.2
7635.356960765292,10939.6
7635.566472942635,9587.09
7635.775985119979,8574.09
7635.9854972973235,9611.86
7636.195009474667,10501.9
7636.404521652011,13071.3
7636.614033829355,18087.1
7636.823546006699,23455.6
7637.033058184043,29620.6
7637.242570361386,33686.5
7637.452082538731,36864.2
7637.661594716074,37580.0
7637.871106893418,38848.2
7638.080619070763,37990.9
7638.290131248106,36760.6
7638.49964342545,35297.2
7638.709155602794,31663.2
7638.918667780138,27046.7
7639.128179957482,20237.6
7639.337692134825,15210.1
7639.54720431217,11833.0
7639.756716489514,11107.0
7639.966228666857,11906.0
7640.175740844202,11406.1
7640.385253021545,12083.8
7640.594765198889,13806.0
7640.804277376234,15560.7
7641.013789553577,20918.9
7641.223301730921,26615.8
7641.4328139082645,32614.5
7641.642326085609,38392.4
7641.851838262953,41412.8
7642.061350440296,42078.5
7642.270862617641,42533.7
7642.4803747949845,43662.6
7642.689886972328,43227.9
7642.899399149672,41179.8
7643.108911327016,39985.2
7643.31842350436,35930.6
7643.527935681704,30680.3
7643.737447859048,25023.3
7643.946960036392,19080.4
7644.1564722137355,16224.1
7644.36598439108,15217.7
7644.575496568424,14817.9
7644.785008745767,15628.9
7644.994520923111,16266.4
7645.2040331004555,17030.0
7645.413545277799,20194.9
7645.623057455143,26109.7
7645.832569632487,32588.7
7646.042081809831,39449.1
7646.251593987175,43787.4
7646.461106164519,45622.6
7646.670618341863,46278.1
7646.880130519206,47015.5
7647.08964269655,47859.4
7647.299154873895,46818.6
7647.508667051238,47139.5
7647.718179228582,47431.7
7647.927691405926,44748.9
7648.13720358327,41765.9
7648.346715760614,37555.3
7648.556227937957,30706.6
7648.765740115302,24628.2
7648.975252292646,21696.9
7649.184764469989,19480.1
7649.394276647334,18179.4
7649.603788824677,20178.6
7649.813301002021,19932.9
7650.022813179366,22608.6
7650.232325356709,27084.9
7650.441837534053,31034.0
7650.6513497113965,37196.3
7650.860861888741,44112.0
7651.070374066085,47713.5
7651.279886243428,50215.2
7651.489398420773,53470.0
7651.6989105981165,54183.1
7651.90842277546,55554.2
7652.117934952805,55286.5
7652.327447130148,55924.7
7652.536959307492,53998.8
7652.746471484836,53584.6
7652.95598366218,52977.7
7653.165495839524,49659.5
7653.3750080168675,45418.1
7653.584520194212,39418.4
7653.794032371556,33582.3
7654.003544548899,29569.2
7654.213056726243,27279.4
7654.4225689035875,27286.7
7654.632081080931,27247.1
7654.841593258275,28575.8
7655.051105435619,28648.4
7655.260617612963,31681.1
7655.470129790307,38763.3
7655.679641967651,44310.5
7655.889154144995,49554.0
7656.098666322338,53599.3
7656.308178499682,56355.2
7656.517690677027,56767.9
7656.72720285437,58715.9
7656.936715031714,60489.2
7657.146227209058,59276.1
7657.355739386402,59677.7
7657.565251563746,60665.7
7657.77476374109,60047.5
7657.984275918434,60498.2
7658.193788095778,59503.3
7658.403300273121,56179.7
7658.612812450466,52705.8
7658.822324627809,47179.8
7659.031836805153,42771.0
7659.241348982498,39047.2
7659.450861159841,36999.2
7659.660373337185,34889.8
7659.8698855145285,34542.8
7660.079397691873,36329.6
7660.288909869217,37251.6
7660.49842204656,39647.9
7660.707934223905,43082.7
7660.9174464012485,47910.4
7661.126958578592,53705.0
7661.336470755937,58446.7
7661.54598293328,62153.9
7661.755495110624,63158.8
7661.965007287968,63100.1
7662.174519465312,63396.0
7662.384031642656,63722.2
7662.5935438199995,64344.2
7662.803055997344,64383.5
7663.012568174688,63328.5
7663.222080352031,62968.8
7663.431592529376,62890.5
7663.6411047067195,61597.4
7663.850616884063,60118.2
7664.060129061407,57015.3
7664.269641238751,51800.7
7664.479153416095,48015.9
7664.688665593439,45992.7
7664.898177770783,43322.9
7665.107689948127,41672.0
7665.31720212547,42366.6
7665.526714302814,43136.3
7665.736226480159,44861.4
7665.945738657502,47196.1
7666.155250834846,49638.5
7666.36476301219,52759.1
7666.574275189534,56632.2
7666.783787366878,61871.0
7666.993299544222,65211.7
7667.202811721566,65943.4
7667.41232389891,66445.8
7667.621836076253,66502.4
7667.831348253598,67094.3
7668.040860430941,66245.3
7668.250372608285,65547.6
7668.45988478563,64146.2
7668.669396962973,65922.9
7668.878909140317,66498.8
7669.088421317661,65295.3
7669.297933495005,64349.6
7669.507445672349,63824.1
7669.716957849692,62945.1
7669.926470027037,60367.8
7670.1359822043805,56589.4
7670.345494381724,54360.9
7670.555006559069,53646.6
7670.764518736412,52683.8
7670.974030913756,50910.8
7671.1835430911,50347.7
7671.393055268444,51670.7
7671.602567445788,53081.6
7671.8120796231315,55720.4
7672.021591800476,58170.9
7672.23110397782,60047.0
7672.440616155163,63011.9
7672.650128332508,65327.5
7672.8596405098515,67381.1
7673.069152687195,69505.8
7673.278664864539,68366.5
7673.488177041883,69347.8
7673.697689219227,69562.3
7673.907201396571,68216.6
7674.116713573915,68750.1
7674.326225751259,70651.9
7674.535737928602,70733.8
7674.745250105947,69922.2
7674.954762283291,70753.3
7675.164274460634,71185.1
7675.373786637978,69556.8
7675.583298815322,68358.0
7675.792810992666,66532.4
7676.00232317001,64414.3
7676.211835347354,62908.4
7676.421347524698,60625.1
7676.630859702042,59725.5
7676.840371879385,56753.1
7677.04988405673,57387.7
7677.259396234073,58446.3
7677.468908411417,59201.0
7677.678420588762,61157.5
7677.887932766105,62479.0
7678.097444943449,66351.9
7678.306957120793,68161.7
7678.516469298137,70841.3
7678.725981475481,69972.9
7678.935493652824,71623.8
7679.145005830169,71504.5
7679.3545180075125,72109.3
7679.564030184856,71865.0
7679.773542362201,72022.6
7679.983054539544,73410.2
7680.192566716888,74074.9
7680.402078894233,73614.3
7680.611591071576,73161.0
7680.82110324892,73362.0
7681.0306154262635,72999.7
7681.240127603608,72216.9
7681.449639780952,72913.3
7681.659151958295,72618.0
7681.86866413564,71481.0
7682.0781763129835,69487.4
7682.287688490327,66513.3
7682.497200667672,65535.9
7682.706712845015,65714.4
7682.916225022359,64724.2
7683.125737199703,64215.4
7683.335249377047,64424.6
7683.544761554391,64979.7
7683.754273731734,67337.6
7683.963785909079,68388.9
7684.173298086423,67874.7
7684.382810263766,70224.1
7684.59232244111,71770.7
7684.801834618454,72756.2
7685.011346795798,74197.2
7685.220858973142,74787.7
7685.430371150486,75122.0
7685.63988332783,75589.2
7685.849395505174,75261.5
7686.058907682518,74168.6
7686.268419859862,74189.9
7686.477932037205,75633.9
7686.687444214549,76097.6
7686.896956391894,75381.6
7687.106468569237,75829.2
7687.315980746581,76559.0
7687.525492923925,74352.0
7687.735005101269,75000.9
7687.944517278613,75034.4
7688.154029455957,73993.1
7688.363541633301,73111.7
7688.5730538106445,72222.9
7688.782565987988,71760.3
7688.992078165333,70902.5
7689.201590342676,69008.1
7689.41110252002,68416.4
7689.6206146973645,69503.2
7689.830126874708,69038.7
7690.039639052052,68599.7
7690.2491512293955,71657.0
7690.45866340674,73233.2
7690.668175584084,74107.4
7690.877687761427,74217.9
7691.087199938772,74740.7
7691.2967121161155,76182.7
7691.506224293459,76723.0
7691.715736470804,77705.9
7691.925248648147,77818.5
7692.134760825491,76682.1
7692.344273002835,76364.9
7692.553785180179,76182.2
7692.763297357523,75777.4
7692.972809534866,77599.2
7693.182321712211,79075.6
7693.391833889555,76573.7
7693.601346066898,76369.0
7693.810858244243,79163.7
7694.020370421586,79258.6
7694.22988259893,79114.9
7694.439394776274,78626.5
7694.648906953618,77807.9
7694.858419130962,76677.5
7695.067931308306,76183.6
7695.27744348565,75946.4
7695.486955662994,75084.9
7695.696467840337,74137.9
7695.905980017681,73726.2
7696.115492195026,73781.9
7696.325004372369,74400.6
7696.534516549713,75548.0
7696.744028727057,75879.1
7696.953540904401,74286.2
7697.163053081745,74450.4
7697.372565259089,75923.8
7697.582077436433,73251.3
7697.7915896137765,73588.4
7698.00110179112,74586.9
7698.210613968465,76692.6
7698.420126145808,76609.2
7698.629638323152,75684.3
7698.8391505004965,75279.1
7699.04866267784,76265.1
7699.258174855184,77084.4
7699.467687032528,77793.9
7699.677199209872,78280.5
7699.886711387216,77579.5
7700.096223564559,78455.1
7700.305735741904,78429.8
7700.5152479192475,78511.7
7700.724760096591,77538.2
7700.934272273936,75972.4
7701.143784451279,76789.1
7701.353296628623,77577.1
7701.562808805967,78221.6
7701.772320983311,77244.2
7701.981833160655,75448.4
7702.191345337998,76646.3
7702.400857515343,77617.2
7702.610369692687,76289.6
7702.81988187003,75127.0
7703.029394047375,75061.1
7703.238906224718,74914.8
7703.448418402062,75864.0
7703.657930579406,77789.0
7703.86744275675,78279.5
7704.076954934094,79138.4
7704.286467111438,79084.3
7704.495979288782,79358.2
7704.705491466126,79248.0
7704.915003643469,79748.6
7705.124515820814,79357.4
7705.334027998158,81064.9
7705.543540175501,81115.3
7705.753052352845,79817.3
7705.962564530189,79839.5
7706.172076707533,80742.2
7706.381588884877,80486.1
7706.591101062221,79736.4
7706.800613239565,82439.3
7707.0101254169085,83059.7
7707.219637594253,82060.7
7707.429149771597,82645.4
7707.63866194894,82308.7
7707.848174126284,83629.9
7708.0576863036285,82741.1
7708.267198480972,82515.8
7708.476710658316,83975.1
7708.68622283566,85290.3
7708.895735013004,85461.7
7709.105247190348,85613.7
7709.314759367691,85048.7
7709.524271545036,83164.9
7709.7337837223795,83830.0
7709.943295899723,83286.4
7710.152808077068,82403.0
7710.362320254411,82547.7
7710.571832431755,82822.1
7710.7813446090995,82036.6
7710.990856786443,81823.0
7711.200368963787,81571.3
7711.40988114113,81423.1
7711.619393318475,82042.0
7711.828905495819,82589.1
7712.038417673162,82540.5
7712.247929850507,83267.2
7712.45744202785,84968.4
7712.666954205194,82326.6
7712.876466382539,83082.9
7713.085978559882,83822.3
7713.295490737226,82858.4
7713.50500291457,84117.1
7713.714515091914,85180.6
7713.924027269258,84543.5
7714.133539446601,84347.7
7714.343051623946,83150.0
7714.55256380129,83619.3
7714.762075978633,83726.8
7714.971588155977,84399.4
7715.181100333321,83346.9
7715.390612510665,82024.7
7715.600124688009,82022.3
7715.809636865353,81830.9
7716.019149042697,80921.6
7716.2286612200405,81148.4
7716.438173397385,81592.3
7716.647685574729,79565.4
7716.857197752072,78639.1
7717.066709929416,79348.0
7717.2762221067605,78559.1
7717.485734284104,78648.0
7717.695246461448,77884.8
7717.904758638792,78747.4
7718.114270816136,80262.9
7718.32378299348,79969.2
7718.533295170824,79293.4
7718.742807348168,78838.0
7718.9523195255115,77459.3
7719.161831702855,77569.1
7719.3713438802,77891.1
7719.580856057543,77908.0
7719.790368234887,78515.5
7719.9998804122315,78896.3
7720.209392589575,78138.3
7720.418904766919,77803.1
7720.628416944262,77220.1
7720.837929121607,76611.3
7721.047441298951,77166.8
7721.256953476294,76730.3
7721.466465653639,76177.7
7721.675977830982,76736.4
7721.885490008326,77032.5
7722.095002185671,77378.5
7722.304514363014,78149.8
7722.514026540358,79007.5
7722.723538717702,78393.6
7722.933050895046,78278.8
7723.14256307239,78319.2
7723.352075249733,78586.4
7723.561587427078,78530.9
7723.771099604422,78473.1
7723.980611781765,77544.3
7724.19012395911,77849.7
7724.399636136453,77884.0
7724.609148313797,75894.0
7724.818660491141,77014.3
7725.028172668485,75488.4
7725.237684845829,77144.6
7725.4471970231725,77571.4
7725.656709200517,76686.5
7725.866221377861,75434.4
7726.075733555204,76120.9
7726.285245732548,76903.9
7726.4947579098925,76641.3
7726.704270087236,76311.3
7726.91378226458,77153.5
7727.123294441924,76497.0
7727.332806619268,76559.6
7727.542318796612,77493.6
7727.751830973956,78172.4
7727.9613431513,78095.5
7728.1708553286435,76982.5
7728.380367505987,76841.4
7728.589879683332,75184.7
7728.799391860675,76782.6
7729.008904038019,78011.5
7729.2184162153635,76037.9
7729.427928392707,75720.5
7729.637440570051,76902.1
7729.846952747395,76939.0
7730.056464924739,76511.1
7730.265977102083,76642.8
7730.475489279426,76769.3
7730.685001456771,77249.1
7730.894513634114,76558.7
7731.104025811458,77312.9
7731.313537988803,77572.6
7731.523050166146,76592.7
7731.73256234349,75899.9
7731.942074520834,76880.2
7732.151586698178,76440.3
7732.361098875522,75674.0
7732.570611052865,77258.9
7732.78012323021,76279.1
7732.989635407554,76596.7
7733.199147584897,77995.8
7733.408659762242,76738.7
7733.618171939585,77300.1
7733.827684116929,77320.8
7734.037196294273,76701.2
7734.246708471617,75865.5
7734.456220648961,75331.9
7734.6657328263045,75329.6
7734.875245003649,74650.6
7735.084757180993,75697.6
7735.294269358336,78375.1
7735.503781535681,79089.9
7735.7132937130245,77146.2
7735.922805890368,75293.6
7736.132318067712,75366.6
7736.341830245056,76442.7
7736.5513424224,77503.1
7736.760854599744,77136.0
7736.970366777088,74898.5
7737.179878954432,74478.2
7737.3893911317755,74159.6
7737.598903309119,74830.4
7737.808415486464,73931.4
7738.017927663807,74077.1
7738.227439841151,75456.1
7738.4369520184955,75202.3
7738.646464195839,74809.2
7738.855976373183,74130.6
7739.065488550527,74111.2
7739.275000727871,74523.6
7739.484512905215,73596.3
7739.694025082558,72699.4
7739.903537259903,74624.4
7740.113049437246,75622.7
7740.32256161459,75100.8
7740.532073791935,74120.2
7740.741585969278,73731.1
7740.951098146622,74262.9
7741.1606103239665,73135.2
7741.37012250131,73294.6
7741.579634678654,73326.1
7741.789146855997,73401.0
7741.998659033342,75252.0
7742.208171210686,74640.2
7742.417683388029,73727.8
7742.627195565374,74907.8
7742.836707742717,75287.1
7743.046219920061,74424.5
7743.255732097405,74082.2
7743.465244274749,71862.6
7743.674756452093,72761.9
7743.8842686294365,73690.2
7744.093780806781,74014.3
7744.303292984125,73655.1
7744.512805161468,73671.1
7744.722317338813,73765.9
7744.9318295161565,73345.6
7745.1413416935,74977.8
7745.350853870844,73472.9
7745.560366048188,72624.9
7745.769878225532,73067.9
7745.979390402876,73589.2
7746.18890258022,75294.5
7746.398414757564,73247.9
7746.6079269349075,71710.6
7746.817439112252,72554.9
7747.026951289596,72636.4
7747.236463466939,71383.1
7747.445975644283,71376.7
7747.6554878216275,72113.8
7747.864999998971,73963.2
7748.074512176315,75190.8
7748.284024353659,74075.2
7748.493536531003,74608.5
7748.703048708347,73413.2
7748.91256088569,72923.4
7749.122073063035,71972.4
7749.331585240378,73049.1
7749.541097417722,74530.7
7749.750609595067,72169.9
7749.96012177241,71074.7
7750.169633949754,72379.6
7750.3791461270985,74917.3
7750.588658304442,75214.8
7750.798170481786,72875.6
7751.007682659129,72207.3
7751.217194836474,71404.7
7751.426707013818,71211.1
7751.636219191161,72757.9
7751.845731368506,73277.4
7752.055243545849,72704.4
7752.264755723193,72919.6
7752.474267900538,73487.1
7752.683780077881,72271.7
7752.893292255225,71682.0
7753.1028044325685,70906.3
7753.312316609913,71148.5
7753.521828787257,71570.3
7753.7313409646,70260.1
7753.940853141945,72091.1
7754.1503653192885,72340.8
7754.359877496632,72730.7
7754.569389673976,70404.3
7754.77890185132,70142.1
7754.988414028664,69870.0
7755.197926206008,70486.2
7755.407438383352,70305.8
7755.616950560696,70182.1
7755.8264627380395,69402.7
7756.035974915384,70792.7
7756.245487092728,69588.8
7756.454999270071,70819.7
7756.664511447415,71400.0
7756.8740236247595,70346.0
7757.083535802103,69894.0
7757.293047979447,70417.5
7757.502560156791,71887.0
7757.712072334135,71021.8
7757.921584511479,71019.9
7758.131096688823,69449.3
7758.340608866167,68871.3
7758.55012104351,69267.8
7758.759633220854,68182.4
7758.969145398199,68098.9
7759.178657575542,70024.8
7759.388169752886,70057.4
7759.5976819302305,70431.9
7759.807194107574,69930.2
7760.016706284918,68966.4
7760.226218462261,70039.3
7760.435730639606,69055.5
7760.64524281695,68050.1
7760.854754994293,69173.3
7761.064267171638,69040.3
7761.273779348981,69842.5
7761.483291526325,68681.5
7761.69280370367,69090.7
7761.902315881013,69393.2
7762.111828058357,69039.3
7762.3213402357005,68873.9
7762.530852413045,67642.0
7762.740364590389,67409.2
7762.949876767732,69711.9
7763.159388945077,68702.9
7763.3689011224205,67210.8
7763.578413299764,66699.7
7763.787925477109,69467.8
7763.997437654452,69063.2
7764.206949831796,68390.8
7764.41646200914,68299.3
7764.625974186484,67759.5
7764.835486363828,68832.2
7765.0449985411715,68632.6
7765.254510718516,66810.1
7765.46402289586,66639.7
7765.673535073203,67963.6
7765.883047250547,68919.8
7766.0925594278915,68783.2
7766.302071605235,68988.5
7766.511583782579,68357.8
7766.721095959923,68264.7
7766.930608137267,69395.5
7767.140120314611,69309.5
7767.349632491955,69480.3
7767.559144669299,68038.7
7767.768656846642,68994.0
7767.978169023986,70732.9
7768.187681201331,71104.4
7768.397193378674,69990.0
7768.606705556018,69644.6
7768.8162177333625,69804.4
7769.025729910706,69696.4
7769.23524208805,68658.0
7769.444754265394,68835.2
7769.654266442738,69680.7
7769.863778620082,70128.7
7770.073290797425,69575.4
7770.28280297477,71260.7
7770.492315152113,69678.3
7770.701827329457,69234.0
7770.911339506802,68424.9
7771.120851684145,67835.5
7771.330363861489,67907.5
7771.5398760388325,67154.2
7771.749388216177,65982.4
7771.958900393521,65864.2
7772.168412570864,67565.6
7772.377924748209,67473.5
7772.5874369255525,67537.1
7772.796949102896,68388.0
7773.006461280241,67802.8
7773.215973457584,66040.3
7773.425485634928,66398.6
7773.634997812272,66052.8
7773.844509989616,66340.4
7774.05402216696,66418.1
7774.2635343443035,66373.9
7774.473046521648,65787.6
7774.682558698992,66218.5
7774.892070876335,66105.5
7775.10158305368,66969.4
7775.3110952310235,67226.0
7775.520607408367,67281.9
7775.730119585711,65971.9
7775.939631763055,65598.2
7776.149143940399,67415.8
7776.358656117743,67148.7
7776.568168295087,66343.6
7776.777680472431,66085.3
7776.987192649774,66511.8
7777.196704827119,66957.9
7777.406217004463,66053.7
7777.615729181806,66307.5
7777.82524135915,67413.8
7778.0347535364945,66548.9
7778.244265713838,66785.0
7778.453777891182,65982.4
7778.663290068526,63749.9
7778.87280224587,64955.7
7779.082314423214,66748.7
7779.291826600557,64990.2
7779.501338777902,64524.8
7779.710850955245,65832.8
7779.920363132589,65392.8
7780.129875309934,66061.0
7780.339387487277,66591.6
7780.548899664621,66922.3
7780.758411841965,65907.0
7780.967924019309,63762.9
7781.177436196653,62358.0
7781.386948373996,62540.7
7781.596460551341,62207.0
7781.8059727286845,61068.6
7782.015484906028,61423.5
7782.224997083373,62468.7
7782.434509260716,62467.2
7782.64402143806,61948.3
7782.853533615405,63034.8
7783.063045792748,61454.6
7783.272557970092,61851.5
7783.4820701474355,61285.2
7783.69158232478,60473.9
7783.901094502124,61280.2
7784.110606679467,61109.5
7784.320118856812,63666.9
7784.5296310341555,62913.1
7784.739143211499,60823.6
7784.948655388844,60542.0
7785.158167566187,60957.9
7785.367679743531,61030.3
7785.577191920875,62497.8
7785.786704098219,61317.1
7785.996216275563,60150.3
7786.205728452906,60979.2
7786.415240630251,61437.9
7786.624752807595,61344.0
7786.834264984938,61823.4
7787.043777162282,61211.7
7787.2532893396265,61063.1
7787.46280151697,61832.9
7787.672313694314,60793.1
7787.881825871658,58888.4
7788.091338049002,57696.0
7788.300850226346,59224.1
7788.51036240369,59065.1
7788.719874581034,58112.4
7788.929386758377,58843.1
7789.138898935721,59428.1
7789.348411113066,59667.6
7789.557923290409,58856.6
7789.767435467753,58996.1
7789.976947645097,58972.9
7790.186459822441,58917.8
7790.395971999785,57952.1
7790.605484177129,57486.8
7790.814996354473,58245.4
7791.0245085318165,58700.7
7791.23402070916,59316.0
7791.443532886505,58424.4
7791.653045063848,57370.0
7791.862557241192,56494.9
7792.072069418537,57055.6
7792.28158159588,57632.2
7792.491093773224,57499.3
7792.7006059505675,58282.2
7792.910118127912,58036.2
7793.119630305256,58213.8
7793.329142482599,58849.5
7793.538654659944,58633.8
7793.7481668372875,56552.7
7793.957679014631,56141.4
7794.167191191976,57869.0
7794.376703369319,58491.8
7794.586215546663,57864.6
7794.795727724007,56783.2
7795.005239901351,56700.8
7795.214752078695,55588.9
7795.424264256038,57015.8
7795.633776433383,56714.4
7795.843288610727,55847.7
7796.05280078807,56442.5
7796.262312965415,57329.3
7796.4718251427585,56449.5
7796.681337320102,56087.9
7796.890849497446,56661.9
7797.10036167479,56845.9
7797.309873852134,56486.2
7797.519386029478,57363.7
7797.728898206822,54849.0
7797.938410384166,54627.8
7798.147922561509,54617.8
7798.357434738853,54835.4
7798.566946916198,54906.1
7798.776459093541,56207.9
7798.985971270885,54898.8
7799.195483448229,54904.3
7799.404995625573,57153.0
7799.614507802917,55966.0
7799.824019980261,54843.6
7800.033532157605,54611.9
7800.2430443349485,53523.3
7800.452556512292,53110.8
7800.662068689637,53356.1
7800.87158086698,54352.6
7801.081093044324,55563.3
7801.290605221669,55931.0
7801.500117399012,55092.6
7801.709629576356,54063.6
7801.9191417537,54093.2
7802.128653931044,54016.4
7802.338166108388,53011.6
7802.547678285731,53103.9
7802.757190463076,51993.5
7802.9667026404195,52558.5
7803.176214817763,54403.9
7803.385726995108,52649.8
7803.595239172451,52563.4
7803.804751349795,53133.9
7804.014263527139,52991.1
7804.223775704483,52145.1
7804.433287881827,51909.2
7804.64280005917,52410.5
7804.852312236515,51670.7
7805.061824413859,52836.4
7805.271336591202,53167.3
7805.480848768547,52477.5
7805.6903609458905,53072.6
7805.899873123234,51272.8
7806.109385300578,50301.8
7806.318897477922,51357.7
7806.528409655266,50910.6
7806.73792183261,50151.6
7806.947434009954,51559.9
7807.156946187298,51202.4
7807.366458364641,51305.0
7807.575970541986,50749.2
7807.78548271933,48257.7
7807.994994896673,49468.0
7808.204507074017,50805.3
7808.414019251361,50015.7
7808.623531428705,49724.5
7808.833043606049,50925.0
7809.042555783393,50876.5
7809.252067960737,50338.2
7809.4615801380805,51075.4
7809.671092315424,50817.9
7809.880604492769,50096.5
7810.090116670112,48757.5
7810.299628847456,49011.7
7810.509141024801,48848.9
7810.718653202144,48639.0
7810.928165379488,48679.6
7811.137677556832,47325.1
7811.347189734176,47305.9
7811.55670191152,47770.2
7811.766214088863,49528.1
7811.975726266208,49287.5
7812.1852384435515,48339.4
7812.394750620895,48591.3
7812.60426279824,49502.6
7812.813774975583,47584.7
7813.023287152927,48144.1
7813.2327993302715,47582.7
7813.442311507615,46722.2
7813.651823684959,47210.3
7813.861335862302,48406.2
7814.070848039647,48063.8
7814.280360216991,46669.3
7814.489872394334,47967.4
7814.699384571679,47017.0
7814.9088967490225,46985.1
7815.118408926366,47753.7
7815.32792110371,46911.7
7815.537433281054,46775.0
7815.746945458398,46982.6
7815.956457635742,47769.7
7816.165969813086,46067.8
7816.37548199043,45543.0
7816.584994167773,45286.8
7816.794506345118,46211.1
7817.004018522462,45576.5
7817.213530699805,45937.4
7817.423042877149,45377.8
7817.632555054493,45515.7
7817.842067231837,45592.9
7818.051579409181,44703.1
7818.261091586525,44895.9
7818.470603763869,45466.7
7818.6801159412125,45443.4
7818.889628118557,47000.3
7819.099140295901,44575.3
7819.308652473244,45107.9
7819.518164650588,45394.9
7819.727676827933,45131.9
7819.937189005276,43508.6
7820.14670118262,43990.2
7820.356213359964,44962.9
7820.565725537308,44248.5
7820.775237714652,43833.5
7820.984749891995,44532.1
7821.19426206934,43453.1
7821.4037742466835,43923.4
7821.613286424027,45041.3
7821.822798601372,44367.7
7822.032310778715,42538.8
7822.241822956059,42678.7
7822.4513351334035,43031.3
7822.660847310747,43948.4
7822.870359488091,42463.8
7823.079871665434,43595.3
7823.289383842779,42045.4
7823.498896020123,42124.4
7823.708408197466,41947.2
7823.917920374811,42671.2
7824.1274325521545,43121.8
7824.336944729498,42168.2
7824.546456906843,43634.5
7824.755969084186,44279.9
7824.96548126153,41392.3
7825.174993438874,41826.5
7825.384505616218,41497.9
7825.594017793562,41544.0
7825.803529970905,41210.0
7826.01304214825,41513.2
7826.222554325594,42142.8
7826.432066502937,41667.0
7826.641578680281,42426.3
7826.851090857625,42062.4
7827.060603034969,42178.9
7827.270115212313,41974.6
7827.479627389657,41398.4
7827.689139567001,40972.3
7827.8986517443445,41051.0
7828.108163921689,39818.2
7828.317676099033,39732.1
7828.527188276376,39429.9
7828.73670045372,40137.7
7828.946212631065,40010.1
7829.155724808408,40570.9
7829.365236985752,41819.3
7829.574749163096,40783.0
7829.78426134044,40830.0
7829.993773517784,41561.2
7830.203285695128,40196.4
7830.412797872472,40437.6
7830.6223100498155,40500.2
7830.831822227159,38492.0
7831.041334404504,38864.3
7831.250846581847,40099.1
7831.460358759191,40278.4
7831.6698709365355,39483.3
7831.879383113879,37725.4
7832.088895291223,36759.8
7832.298407468566,39131.3
7832.507919645911,39689.0
7832.717431823255,39576.6
7832.926944000598,38059.4
7833.136456177943,38168.0
7833.3459683552865,40001.9
7833.55548053263,38620.0
7833.764992709975,37171.1
7833.974504887318,37815.1
7834.184017064662,39385.0
7834.393529242006,38174.0
7834.60304141935,37892.7
7834.812553596694,37548.5
7835.022065774037,38381.3
7835.231577951382,38267.8
7835.441090128726,36782.7
7835.650602306069,37313.6
7835.860114483414,37735.0
7836.069626660757,35362.5
7836.279138838101,35901.9
7836.488651015445,38238.9
7836.698163192789,38681.1
7836.907675370133,36692.8
7837.1171875474765,37572.5
7837.326699724821,36107.6
7837.536211902165,35697.4
7837.745724079508,36020.4
7837.955236256852,36803.3
7838.164748434197,36820.0
7838.37426061154,35583.2
7838.583772788884,35138.2
7838.793284966228,35520.4
7839.002797143572,35614.4
7839.212309320916,35439.5
7839.42182149826,36799.0
7839.631333675604,34466.7
7839.8408458529475,35334.9
7840.050358030291,34751.6
7840.259870207636,33652.8
7840.469382384979,32899.5
7840.678894562323,32924.8
7840.8884067396675,33654.1
7841.097918917011,32242.3
7841.307431094355,33384.9
7841.516943271699,34556.3
7841.726455449043,34443.2
7841.935967626387,35433.7
7842.14547980373,35244.9
7842.354991981075,33004.5
7842.5645041584185,33242.9
7842.774016335762,33326.5
7842.983528513107,33186.5
7843.19304069045,33082.0
7843.402552867794,33844.5
7843.612065045138,33136.4
7843.821577222482,33488.4
7844.031089399826,33205.6
7844.240601577169,32776.7
7844.450113754514,31613.3
7844.659625931858,31209.9
7844.869138109201,32041.8
7845.078650286546,32648.8
7845.288162463889,32594.4
7845.497674641233,32516.1
7845.707186818577,33167.2
7845.916698995921,32955.9
7846.126211173265,33618.6
7846.3357233506085,32642.6
7846.545235527953,30331.9
7846.754747705297,31003.7
7846.96425988264,31672.9
7847.173772059985,30854.3
7847.383284237329,31007.7
7847.592796414672,31259.2
7847.802308592016,30356.7
7848.01182076936,31218.8
7848.221332946704,30019.8
7848.430845124048,29412.3
7848.640357301392,29714.6
7848.849869478736,29497.7
7849.0593816560795,29872.4
7849.268893833423,29755.1
7849.478406010768,31105.5
7849.687918188111,30299.9
7849.897430365455,30503.1
7850.1069425427995,28847.5
7850.316454720143,28350.8
7850.525966897487,28626.9
7850.735479074831,28093.2
7850.944991252175,28344.8
7851.154503429519,30180.9
7851.364015606862,29104.2
7851.573527784207,28879.0
7851.7830399615505,29823.8
7851.992552138894,29560.2
7852.202064316239,28133.7
7852.411576493582,27814.9
7852.621088670926,27998.0
7852.8306008482705,28075.9
7853.040113025614,27486.4
7853.249625202958,27551.9
7853.459137380301,27950.2
7853.668649557646,28950.3
7853.87816173499,28526.0
7854.087673912333,27603.7
7854.297186089678,26650.9
7854.506698267021,26221.9
7854.716210444365,27179.0
7854.925722621709,26798.0
7855.135234799053,26856.8
7855.344746976397,26769.3
7855.5542591537405,27004.0
7855.763771331085,27125.0
7855.973283508429,26379.4
7856.182795685772,26221.7
7856.392307863117,27540.5
7856.601820040461,26165.0
7856.811332217804,26638.0
7857.020844395148,27131.8
7857.230356572492,27332.9
7857.439868749836,24729.2
7857.64938092718,26862.3
7857.858893104524,26055.2
7858.068405281868,24700.6
7858.2779174592115,25617.3
7858.487429636556,26778.8
7858.6969418139,25099.3
7858.906453991243,26741.6
7859.115966168587,25446.9
7859.3254783459315,25595.7
7859.534990523275,24961.3
7859.744502700619,23098.9
7859.954014877963,24338.9
7860.163527055307,25212.2
7860.373039232651,24534.9
7860.582551409995,25853.9
7860.792063587339,27056.4
7861.0015757646825,25183.1
7861.211087942026,24403.5
7861.420600119371,24328.0
7861.630112296714,24405.5
7861.839624474058,23738.1
7862.0491366514025,24536.4
7862.258648828746,25043.9
7862.46816100609,24276.3
7862.677673183434,24130.9
7862.887185360778,23131.2
7863.096697538122,23689.2
7863.306209715465,23069.0
7863.51572189281,23599.5
7863.725234070153,24437.8
7863.934746247497,24796.6
7864.144258424842,24693.5
7864.353770602185,22526.2
7864.563282779529,21444.5
7864.7727949568725,21891.4
7864.982307134217,22542.1
7865.191819311561,22971.4
7865.401331488904,22856.9
7865.610843666249,23538.8
7865.820355843593,22217.1
7866.029868020936,22195.6
7866.23938019828,22123.4
7866.448892375624,21318.8
7866.658404552968,22079.0
7866.867916730312,22964.3
7867.077428907656,22267.6
7867.286941085,21289.0
7867.4964532623435,22757.4
7867.705965439688,22691.6
7867.915477617032,22588.2
7868.124989794375,22714.0
7868.33450197172,21799.3
7868.5440141490635,20620.7
7868.753526326407,21535.7
7868.963038503751,21324.7
7869.172550681095,20836.8
7869.382062858439,21776.7
7869.591575035783,21853.5
7869.801087213127,21474.5
7870.010599390471,19795.4
7870.2201115678145,19790.5
7870.429623745158,20199.0
7870.639135922503,19842.3
7870.848648099846,20367.1
7871.05816027719,19621.3
7871.2676724545345,19456.9
7871.477184631878,20271.7
7871.686696809222,19379.8
7871.896208986565,21003.3
7872.10572116391,18989.4
7872.315233341254,19493.0
7872.524745518597,18439.6
7872.734257695942,19189.5
7872.943769873285,19131.6
7873.153282050629,17571.0
7873.362794227974,18909.9
7873.572306405317,19921.6
7873.781818582661,19437.7
7873.991330760005,19601.0
7874.200842937349,20141.6
7874.410355114693,19241.0
7874.619867292036,19340.6
7874.829379469381,18613.9
7875.038891646725,16594.4
7875.248403824068,16685.2
7875.457916001413,18087.4
7875.667428178756,18522.0
7875.8769403561,16495.4
7876.086452533444,17147.2
7876.295964710788,16153.7
7876.505476888132,16333.5
7876.7149890654755,14927.6
7876.92450124282,15906.3
7877.134013420164,16999.1
7877.343525597507,17449.6
7877.553037774852,17061.0
7877.7625499521955,17754.4
7877.972062129539,16576.1
7878.181574306883,16031.0
7878.391086484227,16118.1
7878.600598661571,15683.6
7878.810110838915,16776.3
7879.019623016259,16043.2
7879.229135193603,17055.9
7879.4386473709465,16687.0
7879.648159548291,14680.2
7879.857671725635,15479.6
7880.067183902978,16002.4
7880.276696080322,15514.0
7880.4862082576665,15926.7
7880.69572043501,15900.1
7880.905232612354,14424.0
7881.114744789698,14810.7
7881.324256967042,13682.9
7881.533769144386,14595.0
7881.743281321729,15812.9
7881.952793499074,15318.4
7882.162305676417,14861.6
7882.371817853761,14657.5
7882.581330031106,15022.1
7882.790842208449,14485.1
7883.000354385793,15035.3
7883.209866563137,13715.8
7883.419378740481,14948.1
7883.628890917825,15114.5
7883.838403095168,14595.7
7884.047915272513,13511.6
7884.257427449857,13766.2
7884.4669396272,14205.9
7884.676451804545,14081.0
7884.885963981888,13365.6
7885.095476159232,13392.4
7885.304988336577,13789.1
7885.51450051392,13954.1
7885.724012691264,12729.6
7885.9335248686075,12968.7
7886.143037045952,14319.4
7886.352549223296,12827.3
7886.562061400639,13046.5
7886.771573577984,12187.6
7886.9810857553275,11842.4
7887.190597932671,11653.6
7887.400110110015,12035.0
7887.609622287359,13711.0
7887.819134464703,12641.3
7888.028646642047,11740.2
7888.238158819391,12938.5
7888.447670996735,12343.6
7888.657183174078,13731.9
7888.866695351423,12774.1
7889.076207528767,12017.3
7889.28571970611,11001.8
7889.495231883454,12262.2
7889.7047440607985,12140.2
7889.914256238142,11877.2
7890.123768415486,11448.0
7890.33328059283,12040.1
7890.542792770174,11597.9
7890.752304947518,11790.1
7890.961817124862,10996.7
7891.171329302206,10332.6
7891.380841479549,10530.5
7891.590353656893,9936.21
7891.799865834238,12033.0
7892.009378011581,11419.8
7892.218890188925,10595.1
7892.428402366269,10268.8
7892.637914543613,9123.16
7892.847426720957,9000.42
7893.0569388983,9657.32
7893.266451075645,9518.82
7893.475963252989,9532.1
