7605.0888998304,7066.88
7605.298908052471,6303.24
7605.5089162745435,4769.84
7605.718924496615,4027.26
7605.928932718687,4780.6
7606.138940940758,5837.06
7606.348949162831,5847.7
7606.558957384902,5009.23
7606.768965606974,4375.43
7606.978973829046,4380.78
7607.188982051118,5421.58
7607.398990273189,6304.07
7607.608998495261,7176.1
7607.819006717333,5892.63
7608.029014939405,3865.39
7608.239023161476,5459.73
7608.449031383549,8829.98
7608.65903960562,9276.13
7608.869047827692,8918.78
7609.0790560497635,7157.95
7609.289064271836,5569.13
7609.499072493907,5221.05
7609.709080715979,5784.47
7609.919088938051,6253.43
7610.129097160123,6433.91
7610.339105382194,6593.58
7610.5491136042665,6109.94
7610.759121826338,8421.25
7610.96913004841,11463.2
7611.179138270481,14308.9
7611.389146492554,16151.0
7611.599154714625,14795.2
7611.809162936697,10751.6
7612.019171158769,7151.02
7612.229179380841,5764.49
7612.439187602912,8319.18
7612.649195824984,9913.61
7612.859204047056,9514.4
7613.069212269127,10118.2
7613.279220491199,10228.9
7613.489228713271,11480.9
7613.699236935343,16590.2
7613.909245157414,21455.1
7614.1192533794865,24367.8
7614.329261601558,24344.5
7614.53926982363,21719.0
7614.749278045701,18002.6
7614.959286267774,14811.0
7615.169294489845,12396.5
7615.379302711917,12816.4
7615.589310933989,15395.2
7615.799319156061,15593.2
7616.009327378132,16624.2
7616.219335600204,17058.1
7616.429343822276,19528.3
7616.639352044348,24318.1
7616.849360266419,30470.0
7617.059368488492,34636.0
7617.269376710563,35599.2
7617.479384932635,36631.5
7617.6893931547065,38018.7
7617.899401376779,37749.4
7618.10940959885,38394.6
7618.319417820922,37895.2
7618.529426042994,37139.2
7618.739434265066,37824.4
7618.949442487137,38728.8
7619.1594507092095,38658.4
7619.369458931281,37950.5
7619.579467153353,36731.5
7619.789475375424,36139.2
7619.999483597497,34958.5
7620.209491819568,33629.3
7620.41950004164,28848.2
7620.629508263712,23548.5
7620.839516485783,18937.9
7621.049524707855,15271.8
7621.2595329299265,17083.8
7621.469541151999,22397.5
7621.67954937407,28087.8
7621.889557596142,30193.1
7622.099565818214,32728.5
7622.309574040286,32788.9
7622.519582262357,30453.1
7622.7295904844295,27522.4
7622.939598706501,22464.9
7623.149606928573,16564.8
7623.3596151506445,13634.6
7623.569623372717,13071.8
7623.779631594788,13929.3
7623.98963981686,15107.0
7624.199648038932,13917.9
7624.409656261004,12070.7
7624.619664483075,12023.7
7624.8296727051475,14692.0
7625.039680927219,20593.4
7625.249689149291,26918.8
7625.459697371362,31345.0
7625.669705593435,33873.0
7625.879713815506,34221.8
7626.089722037578,33511.0
7626.29973025965,30441.8
7626.509738481722,25277.5
7626.719746703793,19207.2
7626.929754925865,12978.8
7627.139763147937,10085.7
7627.349771370009,9436.77
7627.55977959208,9996.43
7627.769787814153,11076.4
7627.979796036224,11466.7
7628.189804258296,11488.3
7628.3998124803675,11919.5
7628.609820702439,15953.7
7628.819828924511,23785.9
7629.029837146582,29113.8
7629.239845368655,33281.1
7629.449853590726,35028.1
7629.659861812798,36699.3
7629.86987003487,36183.3
7630.079878256942,34095.6
7630.289886479013,30065.4
7630.499894701085,23572.0
7630.709902923157,17976.9
7630.919911145229,14471.6
7631.1299193673,11137.2
7631.339927589373,10815.8
7631.549935811444,12095.5
7631.759944033516,12335.7
7631.9699522555875,10827.8
7632.17996047766,10726.2
7632.389968699731,13779.0
7632.599976921803,19282.0
7632.809985143875,26017.7
7633.019993365947,31060.8
7633.230001588018,35253.5
7633.4400098100905,39508.7
7633.650018032162,39376.1
7633.860026254234,39472.0
7634.070034476305,39488.8
7634.280042698378,36121.4
7634.490050920449,30754.7
7634.700059142521,25262.6
7634.910067364593,20345.1
7635.120075586665,16941.7
7635.330083808736,12640.4
7635.540092030808,11582.3
7635.75010025288,12074.5
7635.960108474952,11626.8
7636.170116697023,10987.7
7636.380124919095,12610.5
7636.590133141167,16378.2
7636.800141363238,21634.3
7637.0101495853105,29629.7
7637.220157807382,35302.0
7637.430166029454,40811.7
7637.640174251525,44408.0
7637.850182473598,44851.9
7638.060190695669,45335.7
7638.270198917741,45984.2
7638.480207139813,44123.6
7638.690215361885,40386.3
7638.900223583956,36181.8
7639.110231806028,30087.0
7639.3202400281,22801.7
7639.530248250172,16832.2
7639.740256472243,14142.3
7639.950264694316,14029.0
7640.160272916387,15019.6
7640.370281138459,14799.4
7640.5802893605305,14106.6
7640.790297582603,16123.2
7641.000305804674,20683.7
7641.210314026746,27348.9
7641.420322248818,34906.7
7641.63033047089,41722.6
7641.840338692961,46798.4
7642.0503469150335,48832.5
7642.260355137105,48805.0
7642.470363359177,49446.2
7642.680371581248,50070.0
7642.890379803321,49424.4
7643.100388025392,48628.7
7643.310396247464,44560.7
7643.520404469536,39356.2
7643.730412691608,33130.1
7643.940420913679,26566.6
7644.1504291357505,21535.1
7644.360437357823,18987.7
7644.570445579894,17753.2
7644.780453801966,17807.5
7644.990462024038,18528.9
7645.20047024611,18285.5
7645.410478468181,21023.9
7645.6204866902535,24683.1
7645.830494912325,31274.0
7646.040503134397,40340.2
7646.250511356468,48242.3
7646.460519578541,51680.3
7646.670527800612,53123.6
7646.880536022684,55219.2
7647.090544244756,56499.1
7647.300552466828,56432.1
7647.510560688899,55975.5
7647.720568910971,56390.9
7647.930577133043,54293.1
7648.140585355115,51330.7
7648.350593577186,46366.3
7648.560601799259,39861.6
7648.77061002133,33948.3
7648.980618243402,28979.0
7649.1906264654735,25029.8
7649.400634687546,23705.3
7649.610642909617,24978.5
7649.820651131689,25179.5
7650.030659353761,24269.6
7650.240667575833,26845.9
7650.450675797904,31844.6
7650.6606840199765,39248.8
7650.870692242048,47279.2
7651.08070046412,53375.4
7651.2907086861915,57796.1
7651.500716908264,59878.5
7651.710725130335,59529.6
7651.920733352406,61902.1
7652.130741574479,64049.5
7652.34074979655,62512.5
7652.550758018622,61977.6
7652.760766240694,61903.1
7652.970774462766,60019.7
7653.180782684837,55674.8
7653.390790906909,50992.1
7653.600799128981,46529.2
7653.810807351053,41063.8
7654.020815573124,36973.8
7654.230823795197,32730.8
7654.440832017268,30950.9
7654.65084023934,31915.1
7654.8608484614115,32854.5
7655.070856683484,33171.9
7655.280864905555,35357.4
7655.490873127627,39415.0
7655.700881349699,44941.3
7655.910889571771,52090.8
7656.120897793842,58336.9
7656.3309060159145,63241.3
7656.540914237986,67339.5
7656.750922460058,66222.1
7656.960930682129,67434.1
7657.170938904202,66971.8
7657.380947126273,66519.0
7657.590955348345,66476.8
7657.800963570417,66762.2
7658.010971792489,66873.0
7658.22098001456,65301.9
7658.430988236632,63688.4
7658.640996458704,60847.5
7658.851004680776,55098.7
7659.061012902847,49942.8
7659.27102112492,46312.8
7659.481029346991,42570.4
7659.691037569062,40794.4
7659.9010457911345,41420.8
7660.111054013206,41279.2
7660.321062235278,41697.6
7660.531070457349,43520.1
7660.741078679422,45301.0
7660.951086901493,51100.8
7661.161095123565,58801.8
7661.371103345637,66673.8
7661.581111567709,69240.3
7661.79111978978,70785.1
7662.001128011852,70293.7
7662.211136233924,71127.2
7662.421144455996,71741.2
7662.631152678067,71423.8
7662.84116090014,71868.8
7663.051169122211,71815.6
7663.261177344283,72327.8
7663.4711855663545,72219.5
7663.681193788427,71436.2
7663.891202010498,70977.1
7664.10121023257,67024.6
7664.311218454642,62320.8
7664.521226676714,59011.5
7664.731234898785,55259.9
7664.9412431208575,52855.5
7665.151251342929,51523.0
7665.361259565001,49481.4
7665.571267787072,49269.4
7665.781276009145,50666.1
7665.991284231216,52563.7
7666.201292453288,55419.0
7666.41130067536,58916.9
7666.621308897432,64236.9
7666.831317119503,68345.8
7667.041325341575,72552.1
7667.251333563647,74141.8
7667.461341785718,74445.0
7667.67135000779,75868.6
7667.881358229862,75850.8
7668.091366451934,75209.2
7668.301374674005,75766.5
7668.5113828960775,75632.5
7668.721391118149,75312.4
7668.931399340221,76511.5
7669.141407562292,74587.8
7669.351415784365,74156.4
7669.561424006436,74701.1
7669.771432228508,72789.5
7669.98144045058,70133.2
7670.191448672652,67470.3
7670.401456894723,63144.2
7670.611465116795,60598.6
7670.821473338867,61476.8
7671.031481560939,59565.1
7671.24148978301,59328.5
7671.451498005083,60429.7
7671.661506227154,62326.7
7671.871514449226,64056.1
7672.0815226712975,66016.1
7672.29153089337,68986.0
7672.501539115441,71349.3
7672.711547337513,74516.4
7672.921555559585,77627.5
7673.131563781657,77954.5
7673.341572003728,78171.7
7673.5515802258005,78286.4
7673.761588447872,78116.9
7673.971596669944,79742.0
7674.1816048920155,79010.2
7674.391613114088,79061.6
7674.601621336159,79742.4
7674.811629558231,78245.4
7675.021637780303,78696.0
7675.231646002374,79372.7
7675.441654224446,78321.6
7675.651662446518,77220.4
7675.86167066859,75020.2
7676.071678890661,72544.1
7676.281687112733,71330.9
7676.491695334805,69660.6
7676.701703556877,66849.3
7676.911711778948,66612.9
7677.121720001021,65380.9
7677.331728223092,65084.1
7677.541736445164,65886.6
7677.7517446672355,68981.2
7677.961752889308,70683.5
7678.171761111379,72680.1
7678.381769333451,76260.9
7678.591777555523,78916.5
7678.801785777595,80481.6
7679.011793999666,79814.0
7679.2218022217385,82228.0
7679.43181044381,81296.9
7679.641818665882,82025.4
7679.851826887953,80687.4
7680.061835110026,81761.5
7680.271843332097,82464.2
7680.481851554169,82368.2
7680.691859776241,82298.6
7680.901867998313,81180.3
7681.111876220384,81180.9
7681.321884442456,81648.1
7681.531892664528,80839.3
7681.7419008866,81006.1
7681.951909108671,79695.3
7682.161917330744,78451.4
7682.371925552815,77817.0
7682.581933774887,76057.9
7682.7919419969585,75887.5
7683.00195021903,74604.1
7683.211958441102,73907.5
7683.421966663173,73220.7
7683.631974885246,73479.1
7683.841983107317,75737.1
7684.051991329389,77014.9
7684.261999551461,77282.8
7684.472007773533,78859.3
7684.682015995604,80378.9
7684.892024217676,82469.3
7685.102032439748,84792.5
7685.31204066182,83229.0
7685.522048883891,83589.0
7685.732057105964,83279.9
7685.942065328035,81932.8
7686.152073550107,82952.8
7686.3620817721785,83615.5
7686.572089994251,83337.3
7686.782098216322,83286.0
7686.992106438394,83857.1
7687.202114660466,84667.1
7687.412122882538,85304.3
7687.622131104609,85067.1
7687.8321393266815,84446.2
7688.042147548753,85157.0
7688.252155770825,83945.7
7688.462163992896,82719.9
7688.672172214969,81330.8
7688.88218043704,79976.5
7689.092188659112,80971.0
7689.302196881184,80214.3
7689.512205103256,77678.0
7689.722213325327,79117.3
7689.932221547399,79614.1
7690.142229769471,79653.1
7690.352237991543,81129.1
7690.562246213614,80915.9
7690.772254435686,80560.2
7690.982262657758,81250.1
7691.192270879829,82868.4
7691.4022791019015,83647.7
7691.612287323973,85083.7
7691.822295546045,86329.0
7692.032303768116,86012.6
7692.242311990189,85913.6
7692.45232021226,86001.1
7692.662328434332,86289.4
7692.872336656404,85651.9
7693.082344878476,85636.3
7693.292353100547,87055.6
7693.502361322619,88029.7
7693.712369544691,87104.6
7693.922377766763,85507.3
7694.132385988834,85599.1
7694.342394210907,86431.6
7694.552402432978,86305.2
7694.76241065505,86963.0
7694.9724188771215,87178.0
7695.182427099194,85922.0
7695.392435321265,84273.0
7695.602443543337,85043.5
7695.812451765409,85701.4
7696.022459987481,83892.2
7696.232468209552,83361.3
7696.4424764316245,83050.4
7696.652484653696,83578.9
7696.862492875768,83431.1
7697.072501097839,82575.9
7697.282509319912,84488.4
7697.492517541983,86296.1
7697.702525764055,86689.4
7697.912533986127,87375.9
7698.122542208199,86117.2
7698.33255043027,88054.3
7698.5425586523415,87267.5
7698.752566874414,86231.3
7698.962575096485,86463.1
7699.172583318557,87355.3
7699.382591540629,85814.3
7699.592599762701,85978.3
7699.802607984772,85964.3
7700.0126162068445,85661.1
7700.222624428916,87302.2
7700.432632650988,87770.4
7700.6426408730595,88170.4
7700.852649095132,88915.3
7701.062657317203,88545.5
7701.272665539275,88212.4
7701.482673761347,86476.0
7701.692681983419,85830.4
7701.90269020549,87426.1
7702.1126984275625,87917.8
7702.322706649634,88161.5
7702.532714871706,86507.0
7702.742723093777,84963.0
7702.95273131585,84847.3
7703.162739537921,86168.5
7703.372747759993,86180.5
7703.582755982065,86583.8
7703.792764204137,87520.9
7704.002772426208,85956.0
7704.21278064828,87044.1
7704.422788870352,88427.6
7704.632797092424,87125.9
7704.842805314495,87847.1
7705.052813536568,89981.4
7705.262821758639,89910.7
7705.472829980711,89033.1
7705.6828382027825,89350.4
7705.892846424855,88944.9
7706.102854646926,89708.2
7706.312862868997,90048.7
7706.52287109107,88340.0
7706.732879313141,88778.7
7706.942887535213,87559.1
7707.152895757285,87148.1
7707.362903979357,89064.0
7707.572912201428,90130.6
7707.7829204235,89567.4
7707.992928645572,90657.5
7708.202936867644,89054.3
7708.412945089715,86966.3
7708.622953311788,87257.6
7708.832961533859,88395.7
7709.042969755931,89145.0
7709.2529779780025,88530.2
7709.462986200075,88145.6
7709.672994422146,88249.6
7709.883002644218,88333.7
7710.09301086629,88622.9
7710.303019088362,87533.4
7710.513027310433,86979.5
7710.7230355325055,86532.6
7710.933043754577,87471.8
7711.143051976649,88894.9
7711.35306019872,88658.6
7711.563068420793,88955.1
7711.773076642864,88862.1
7711.983084864936,88429.7
7712.193093087008,89105.6
7712.40310130908,89534.2
7712.613109531151,88947.3
7712.823117753223,90375.8
7713.033125975295,89758.0
7713.243134197367,87944.5
7713.453142419438,89063.4
7713.663150641511,88936.9
7713.873158863582,88374.9
7714.083167085653,89496.2
7714.2931753077255,88791.8
7714.503183529797,88190.0
7714.713191751869,88911.4
7714.92319997394,90215.9
7715.133208196013,89541.1
7715.343216418084,89967.4
7715.553224640156,89787.6
7715.763232862228,88999.4
7715.9732410843,89126.0
7716.183249306371,88684.8
7716.393257528443,88275.5
7716.603265750515,89544.8
7716.813273972587,89060.0
7717.023282194658,88162.7
7717.233290416731,88727.5
7717.443298638802,87739.6
7717.653306860874,88292.6
7717.8633150829455,88543.3
7718.073323305018,88619.5
7718.283331527089,88969.3
7718.493339749161,88228.1
7718.703347971233,89116.0
7718.913356193305,90107.1
7719.123364415376,89791.4
7719.3333726374485,89737.3
7719.54338085952,89287.8
7719.753389081592,89462.8
7719.963397303663,88655.2
7720.173405525736,87828.8
7720.383413747807,87746.5
7720.593421969879,88039.0
7720.803430191951,88655.4
7721.013438414023,88906.8
7721.223446636094,88987.1
7721.433454858166,88579.9
7721.643463080238,88245.2
7721.853471302309,88682.5
7722.063479524381,90250.1
7722.273487746453,89649.2
7722.483495968525,88641.5
7722.693504190596,87251.5
7722.9035124126685,88580.5
7723.11352063474,88155.6
7723.323528856812,87897.5
7723.5335370788835,87793.9
7723.743545300956,89028.4
7723.953553523027,89741.0
7724.163561745099,88845.7
7724.373569967171,89427.9
7724.583578189243,89403.4
7724.793586411314,87866.2
7725.0035946333865,87023.4
7725.213602855458,87913.4
7725.42361107753,87662.3
7725.633619299601,88014.4
7725.843627521674,89243.0
7726.053635743745,87860.3
7726.263643965817,88411.5
7726.473652187889,88551.8
7726.683660409961,88202.4
7726.893668632032,87234.1
7727.103676854104,86596.3
7727.313685076176,87520.0
7727.523693298248,88844.1
7727.733701520319,89689.4
7727.943709742392,88505.5
7728.153717964463,86542.1
7728.363726186535,88252.9
7728.5737344086065,88677.6
7728.783742630679,89444.9
7728.99375085275,89211.5
7729.203759074822,87408.6
7729.413767296894,88274.6
7729.623775518965,87394.4
7729.833783741037,86913.2
7730.043791963109,86636.0
7730.253800185181,86604.4
7730.463808407252,88087.2
7730.673816629324,88823.0
7730.883824851396,87641.8
7731.093833073468,87874.7
7731.303841295539,86757.6
7731.513849517612,85244.7
7731.723857739683,87406.3
7731.933865961755,86953.7
7732.1438741838265,86880.1
7732.353882405899,87076.2
7732.56389062797,86688.5
7732.773898850042,87053.9
7732.983907072114,88349.9
7733.193915294186,87835.6
7733.403923516257,85109.4
7733.6139317383295,85684.8
7733.823939960401,86383.4
7734.033948182473,84547.0
7734.243956404544,86413.0
7734.453964626617,85318.7
7734.663972848688,86190.9
7734.87398107076,86177.6
7735.083989292832,86416.8
7735.293997514904,87147.4
7735.504005736975,88541.0
7735.714013959047,87856.2
7735.924022181119,87951.3
7736.134030403191,86069.9
7736.344038625262,86494.5
7736.554046847335,86269.0
7736.764055069406,85565.8
7736.974063291478,84549.7
7737.1840715135495,84286.6
7737.394079735621,85447.8
7737.604087957693,86359.9
7737.814096179764,85277.1
7738.024104401837,84622.3
7738.234112623908,84143.5
7738.44412084598,84405.2
7738.654129068052,84129.6
7738.864137290124,85603.7
7739.074145512195,85913.3
7739.284153734267,85933.5
7739.494161956339,87351.7
7739.704170178411,85811.7
7739.914178400482,84518.7
7740.124186622555,86628.8
7740.334194844626,86596.8
7740.544203066698,85090.6
7740.7542112887695,85978.4
7740.964219510842,84230.9
7741.174227732913,83184.0
7741.384235954985,85227.4
7741.594244177057,86465.1
7741.804252399129,86805.6
7742.0142606212,86031.2
7742.2242688432725,84403.8
7742.434277065344,84259.7
7742.644285287416,84487.0
7742.854293509487,84595.1
7743.06430173156,84133.1
7743.274309953631,83978.6
7743.484318175703,83879.9
7743.694326397775,84653.8
7743.904334619847,83904.7
7744.114342841918,85328.9
7744.32435106399,84469.9
7744.534359286062,85209.9
7744.744367508134,82904.9
7744.954375730205,82965.0
7745.164383952277,83182.9
7745.374392174349,82884.9
7745.58440039642,84574.3
7745.7944086184925,82900.5
7746.004416840564,82397.1
7746.214425062636,83027.1
7746.424433284707,84218.0
7746.63444150678,82665.4
7746.844449728851,82557.8
7747.054457950923,84588.9
7747.264466172995,83034.7
7747.474474395067,82240.1
7747.684482617138,83010.1
7747.89449083921,83372.9
7748.104499061282,81975.6
7748.314507283354,82604.6
7748.524515505425,84154.7
7748.734523727498,82860.0
7748.944531949569,83408.6
7749.154540171641,83973.7
7749.3645483937125,82166.2
7749.574556615785,81834.4
7749.784564837856,81119.5
7749.994573059928,80196.0
7750.204581282,78884.2
7750.414589504072,80882.1
7750.624597726143,83239.6
7750.8346059482155,83092.0
7751.044614170287,80811.6
7751.254622392359,80974.8
7751.4646306144305,82747.7
7751.674638836503,82982.7
7751.884647058574,83204.0
7752.094655280646,83271.2
7752.304663502718,81596.3
7752.51467172479,81181.2
7752.724679946861,81633.7
7752.934688168933,81209.6
7753.144696391005,82551.7
7753.354704613076,83248.9
7753.564712835148,82059.1
7753.77472105722,82097.2
7753.984729279292,81928.5
7754.194737501363,80532.3
7754.404745723436,81760.6
7754.614753945507,81064.4
7754.824762167579,79747.0
7755.0347703896505,78972.7
7755.244778611723,79480.1
7755.454786833794,80582.1
7755.664795055866,80528.1
7755.874803277938,79742.3
7756.08481150001,79098.9
7756.294819722081,79140.7
7756.5048279441535,79370.1
7756.714836166225,80425.5
7756.924844388297,81241.4
7757.134852610368,79680.2
7757.344860832441,79245.2
7757.554869054512,79708.0
7757.764877276584,79687.9
7757.974885498656,80198.9
7758.184893720728,80197.9
7758.394901942799,78797.3
7758.604910164871,78717.0
7758.814918386943,79816.8
7759.024926609015,80428.0
7759.234934831086,79056.7
7759.444943053159,78110.9
7759.65495127523,79059.6
7759.864959497302,79580.2
7760.0749677193735,81102.8
7760.284975941446,79868.3
7760.494984163517,77328.4
7760.704992385588,77016.5
7760.915000607661,76937.2
7761.125008829732,77900.3
7761.335017051804,80037.1
7761.545025273876,79555.4
7761.755033495948,77846.5
7761.965041718019,78027.0
7762.175049940091,77307.1
7762.385058162163,77867.6
7762.595066384235,78454.4
7762.805074606306,77296.0
7763.015082828379,76315.7
7763.22509105045,78976.0
7763.435099272522,78909.4
7763.6451074945935,76172.4
7763.855115716666,78217.3
7764.065123938737,77715.8
7764.275132160809,76472.1
7764.485140382881,76806.5
7764.695148604953,77997.5
7764.905156827024,77464.1
7765.1151650490965,76648.2
7765.325173271168,76502.1
7765.53518149324,75419.5
7765.745189715311,74421.0
7765.955197937384,74401.5
7766.165206159455,75028.2
7766.375214381527,75487.2
7766.585222603599,75577.4
7766.795230825671,76348.6
7767.005239047742,77074.1
7767.215247269814,76016.8
7767.425255491886,74655.7
7767.635263713958,75400.5
7767.845271936029,75104.0
7768.055280158102,74374.8
7768.265288380173,75227.5
7768.475296602244,76594.3
7768.6853048243165,75714.8
7768.895313046388,75088.2
7769.10532126846,74799.8
7769.315329490531,74280.7
7769.525337712604,75482.5
7769.735345934675,75525.4
7769.945354156747,75381.8
7770.155362378819,72122.6
7770.365370600891,71572.4
7770.575378822962,71682.9
7770.785387045034,71341.9
7770.995395267106,71799.5
7771.205403489178,67856.6
7771.415411711249,65131.5
7771.625419933322,63115.0
7771.835428155393,59984.3
7772.045436377465,59385.0
7772.2554445995365,58843.9
7772.465452821609,60373.9
7772.67546104368,62954.1
7772.885469265752,63419.4
7773.095477487824,65298.3
7773.305485709896,65038.3
7773.515493931967,63635.0
7773.7255021540395,62862.8
7773.935510376111,60747.5
7774.145518598183,58614.2
7774.355526820254,58490.4
7774.565535042327,58813.4
7774.775543264398,58151.2
7774.98555148647,57558.7
7775.195559708542,58864.5
7775.405567930614,59515.3
7775.615576152685,62265.4
7775.825584374757,63202.7
7776.035592596829,65836.7
7776.2456008189,66947.0
7776.455609040972,68581.4
7776.665617263044,68275.4
7776.875625485116,69402.5
7777.085633707187,71413.1
7777.29564192926,71527.9
7777.505650151331,71022.6
7777.715658373403,71027.0
7777.9256665954745,70979.4
7778.135674817547,70569.3
7778.345683039618,70869.6
7778.55569126169,70459.9
7778.765699483762,70192.5
7778.975707705834,69819.0
7779.185715927905,70553.4
7779.3957241499775,69402.2
7779.605732372049,70230.9
7779.815740594121,70639.0
7780.025748816192,70690.4
7780.235757038265,69753.0
7780.445765260336,71221.0
7780.655773482408,70868.7
7780.86578170448,69763.6
7781.075789926552,70353.9
7781.285798148623,69974.7
7781.495806370695,70546.0
7781.705814592767,69288.1
7781.915822814839,68920.1
7782.12583103691,69254.0
7782.335839258983,69894.2
7782.545847481054,69282.3
7782.755855703126,68509.5
7782.9658639251975,68852.2
7783.17587214727,69738.9
7783.385880369341,68893.3
7783.595888591413,68708.1
7783.805896813485,67701.9
7784.015905035556,68517.3
7784.225913257628,68094.2
7784.4359214797,67839.9
7784.645929701772,69227.9
7784.855937923843,67613.7
7785.065946145915,67484.1
7785.275954367987,68910.0
7785.485962590059,67590.2
7785.69597081213,66291.0
7785.905979034203,68310.2
7786.115987256274,68027.1
7786.325995478346,69119.2
7786.5360037004175,68086.7
7786.74601192249,67432.2
7786.956020144561,67969.7
7787.166028366633,68292.9
7787.376036588705,68410.9
7787.586044810777,68757.3
7787.796053032848,68101.1
7788.0060612549205,65283.7
7788.216069476992,66106.7
7788.426077699064,66324.7
7788.636085921135,66658.5
7788.846094143208,67755.3
7789.056102365279,66962.8
7789.266110587351,65887.3
7789.476118809423,65796.9
7789.686127031495,66201.4
7789.896135253566,65489.0
7790.106143475638,65221.9
7790.31615169771,65199.3
7790.526159919782,66758.3
7790.736168141853,66956.7
7790.946176363926,67013.7
7791.156184585997,66457.9
7791.366192808069,66434.9
7791.5762010301405,65879.4
7791.786209252212,65815.8
7791.996217474284,65175.9
7792.206225696355,64392.2
7792.416233918428,64047.8
7792.626242140499,65214.2
7792.836250362571,66481.7
7793.046258584643,66074.3
7793.256266806715,65724.9
7793.466275028786,65595.4
7793.676283250858,64738.8
7793.88629147293,64414.3
7794.096299695002,63947.5
7794.306307917073,64685.5
7794.516316139146,64002.0
7794.726324361217,63638.1
7794.936332583289,62946.9
7795.1463408053605,64648.5
7795.356349027433,63974.1
7795.566357249504,61730.6
7795.776365471576,62898.8
7795.986373693648,63657.9
7796.19638191572,62095.4
7796.406390137791,61984.4
7796.6163983598635,63259.8
7796.826406581935,62845.6
7797.036414804007,63123.0
7797.246423026078,63308.5
7797.456431248151,63027.1
7797.666439470222,62769.7
7797.876447692294,60845.3
7798.086455914366,62003.0
7798.296464136438,62863.0
7798.506472358509,61498.7
7798.716480580581,61664.8
7798.926488802653,61685.4
7799.136497024725,61793.7
7799.346505246796,62323.3
7799.556513468868,62202.7
7799.76652169094,60986.7
7799.976529913011,61743.5
7800.1865381350835,61378.8
7800.396546357155,61431.6
7800.606554579227,60772.3
7800.8165628012985,61067.2
7801.026571023371,60444.6
7801.236579245442,60899.9
7801.446587467514,61216.9
7801.656595689586,60488.4
7801.866603911658,58941.5
7802.076612133729,60112.8
7802.2866203558015,60318.3
7802.496628577873,57818.7
7802.706636799945,57890.9
7802.916645022016,60409.2
7803.126653244089,60481.0
7803.33666146616,59168.8
7803.546669688232,58095.2
7803.756677910304,59217.0
7803.966686132376,59129.1
7804.176694354447,59611.8
7804.386702576519,58504.7
7804.596710798591,59009.1
7804.806719020663,59815.2
7805.016727242734,60167.0
7805.226735464807,60103.1
7805.436743686878,58819.9
7805.64675190895,55622.3
7805.8567601310215,57304.0
7806.066768353094,58507.4
7806.276776575165,58138.0
7806.486784797237,57869.7
7806.696793019309,56469.6
7806.906801241381,57144.3
7807.116809463452,58248.9
7807.326817685524,57878.7
7807.536825907596,58009.3
7807.746834129667,57659.8
7807.956842351739,56069.4
7808.166850573811,56449.0
7808.376858795883,57972.8
7808.586867017954,57968.4
7808.796875240027,56723.0
7809.006883462098,55259.0
7809.21689168417,55505.0
7809.4268999062415,55498.9
7809.636908128314,55005.7
7809.846916350385,56992.3
7810.056924572457,56910.7
7810.266932794529,57719.6
7810.476941016601,57042.0
7810.686949238672,54406.8
7810.8969574607445,54377.6
7811.106965682816,54428.1
7811.316973904888,54632.9
7811.526982126959,55671.3
7811.736990349032,55402.2
7811.946998571103,53689.9
7812.157006793175,53747.9
7812.367015015247,53994.0
7812.577023237319,53946.1
7812.78703145939,54132.1
7812.997039681462,54988.9
7813.207047903534,55226.9
7813.417056125606,54424.6
7813.627064347677,54629.3
7813.83707256975,53180.0
7814.047080791821,53593.3
7814.257089013893,52276.4
7814.4670972359645,52102.2
7814.677105458037,51653.1
7814.887113680108,53726.6
7815.097121902179,53654.8
7815.307130124252,52033.4
7815.517138346323,52766.2
7815.727146568395,52255.6
7815.937154790467,52327.3
7816.147163012539,51159.6
7816.35717123461,51523.0
7816.567179456682,51342.8
7816.777187678754,52899.3
7816.987195900826,51862.0
7817.197204122897,52434.3
7817.40721234497,50927.7
7817.617220567041,51187.1
7817.827228789113,50698.1
7818.0372370111845,49810.7
7818.247245233257,50791.8
7818.457253455328,52076.2
7818.6672616774,50563.2
7818.877269899472,50010.2
7819.087278121544,50608.0
7819.297286343615,49463.8
7819.5072945656875,50471.8
7819.717302787759,50463.3
7819.927311009831,48418.6
7820.137319231902,49478.6
7820.347327453975,48668.2
7820.557335676046,50310.6
7820.767343898118,48973.6
7820.97735212019,47359.9
7821.187360342262,48702.7
7821.397368564333,48588.9
7821.607376786405,48673.9
7821.817385008477,47893.4
7822.027393230549,48537.5
7822.23740145262,48861.9
7822.447409674693,49896.4
7822.657417896764,48743.4
7822.867426118835,47775.0
7823.0774343409075,47522.3
7823.28744256298,48419.4
7823.497450785051,46541.3
7823.707459007122,47577.9
7823.917467229195,48026.8
7824.127475451266,47288.3
7824.337483673338,47285.0
7824.54749189541,47253.1
7824.757500117482,48645.6
7824.967508339553,47581.9
7825.177516561625,46779.3
7825.387524783697,47186.0
7825.597533005769,46804.1
7825.80754122784,46376.3
7826.017549449913,47276.0
7826.227557671984,47225.4
7826.437565894056,45043.1
7826.6475741161275,47152.3
7826.8575823382,46506.0
7827.067590560271,44750.4
7827.277598782343,43942.3
7827.487607004415,45964.1
7827.697615226487,45643.8
7827.907623448558,47378.9
7828.1176316706305,46715.2
7828.327639892702,45651.5
7828.537648114774,44410.9
7828.7476563368455,44685.1
7828.957664558918,44409.7
7829.167672780989,46335.1
7829.377681003061,45890.2
7829.587689225133,44686.8
7829.797697447205,43700.7
7830.007705669276,43610.3
7830.2177138913485,43190.9
7830.42772211342,43278.2
7830.637730335491,44261.1
7830.847738557563,43414.5
7831.057746779636,44595.0
7831.267755001707,44314.6
7831.477763223778,44837.0
7831.687771445851,43749.2
7831.897779667922,42851.6
7832.107787889994,43534.6
7832.3177961120655,43582.3
7832.527804334138,43901.4
7832.737812556209,43217.4
7832.947820778281,42025.5
7833.157829000353,43166.2
7833.367837222425,41464.0
7833.577845444496,42186.8
7833.7878536665685,41458.3
7833.99786188864,41166.6
7834.207870110712,42296.2
7834.417878332783,42670.1
7834.627886554856,43481.5
7834.837894776927,42037.0
7835.047902998999,40527.5
7835.257911221071,40854.2
7835.467919443143,39810.5
7835.677927665214,40885.7
7835.887935887286,41042.7
7836.097944109358,41129.8
7836.30795233143,41098.0
7836.517960553501,40053.7
7836.727968775574,41081.6
7836.937976997645,38463.0
7837.147985219717,39741.6
7837.3579934417885,41294.4
7837.568001663861,40356.8
7837.778009885932,39600.4
7837.988018108004,40051.1
7838.198026330076,38184.7
7838.408034552147,39538.9
7838.618042774219,40274.8
7838.8280509962915,39648.7
7839.038059218363,39821.6
7839.248067440434,41014.5
7839.458075662506,40080.9
7839.668083884578,39987.5
7839.87809210665,37315.2
7840.088100328721,36603.8
7840.298108550794,37414.7
7840.508116772865,38736.2
7840.718124994937,39260.6
7840.9281332170085,38900.1
7841.138141439081,37954.0
7841.348149661152,39067.9
7841.558157883224,37200.2
7841.768166105296,38736.0
7841.978174327368,38750.1
7842.188182549439,38020.9
7842.3981907715115,37989.3
7842.608198993583,37116.9
7842.818207215655,37556.2
7843.028215437726,37517.2
7843.238223659799,36476.0
7843.44823188187,36464.9
7843.658240103942,36813.9
7843.868248326014,36697.3
7844.078256548086,37362.4
7844.288264770157,35719.3
7844.498272992229,36609.0
7844.708281214301,37191.4
7844.918289436373,36128.3
7845.128297658444,36076.2
7845.338305880517,36681.5
7845.548314102588,37742.6
7845.75832232466,35709.9
7845.9683305467315,37012.3
7846.178338768803,37155.5
7846.388346990875,35642.3
7846.598355212947,34129.1
7846.808363435019,35346.5
7847.01837165709,35158.3
7847.228379879162,35904.3
7847.438388101234,35227.3
7847.648396323306,34465.0
7847.858404545377,34569.0
7848.068412767449,33245.7
7848.278420989521,34167.1
7848.488429211593,33587.0
7848.698437433664,33151.1
7848.908445655737,32649.1
7849.118453877808,33511.6
7849.32846209988,34650.1
7849.5384703219515,34379.3
7849.748478544024,33946.5
7849.958486766095,32637.0
7850.168494988167,33231.7
7850.378503210239,33549.5
7850.588511432311,32873.3
7850.798519654382,32179.2
7851.0085278764545,32999.9
7851.218536098526,32657.2
7851.428544320598,32783.8
7851.6385525426695,33097.5
7851.848560764742,31930.5
7852.058568986813,32271.2
7852.268577208885,33548.9
7852.478585430957,30994.0
7852.688593653029,32952.3
7852.8986018751,31580.2
7853.1086100971725,30986.2
7853.318618319244,32106.8
7853.528626541316,32615.2
7853.738634763387,32455.1
7853.94864298546,30557.8
7854.158651207531,32000.3
7854.368659429603,30780.1
7854.578667651675,30993.7
7854.788675873746,30296.2
7854.998684095818,30150.2
7855.2086923178895,29827.7
7855.418700539962,30750.5
7855.628708762033,30078.1
7855.838716984105,28709.8
7856.048725206177,28850.4
7856.258733428249,31571.0
7856.46874165032,30308.2
7856.6787498723925,29854.4
7856.888758094464,29598.8
7857.098766316536,29817.3
7857.308774538607,30642.9
7857.51878276068,30823.4
7857.728790982751,29759.1
7857.938799204823,27754.0
7858.148807426895,29666.0
7858.358815648967,28224.4
7858.568823871038,28080.1
7858.77883209311,29905.8
7858.988840315182,28198.0
7859.198848537254,29101.4
7859.408856759325,28999.8
7859.618864981398,27478.8
7859.828873203469,26967.5
7860.038881425541,27815.1
7860.2488896476125,27741.0
7860.458897869685,28206.2
7860.668906091756,28110.1
7860.878914313828,27534.1
7861.0889225359,26954.7
7861.298930757972,26713.6
7861.508938980043,28308.0
7861.718947202115,27540.3
7861.928955424187,26616.1
7862.138963646259,27479.9
7862.34897186833,27504.9
7862.558980090402,26778.8
7862.768988312474,26274.0
7862.978996534545,26398.1
7863.189004756618,25308.8
7863.399012978689,26991.5
7863.609021200761,27499.1
7863.8190294228325,26704.1
7864.029037644905,26077.3
7864.239045866976,26166.9
7864.449054089048,26934.3
7864.65906231112,26508.1
7864.869070533192,25102.8
7865.079078755263,24406.4
7865.2890869773355,25989.9
7865.499095199407,25254.8
7865.709103421479,24409.9
7865.91911164355,25893.5
7866.129119865623,25889.9
7866.339128087694,25705.3
7866.549136309766,25329.8
7866.759144531838,24086.5
7866.96915275391,24014.6
7867.179160975981,25109.4
7867.389169198053,24083.1
7867.599177420125,23059.9
7867.809185642197,24007.1
7868.019193864268,24197.0
7868.229202086341,22892.5
7868.439210308412,22086.6
7868.649218530484,23406.2
7868.8592267525555,23032.5
7869.069234974628,22880.0
7869.279243196699,23274.8
7869.48925141877,23401.5
7869.699259640843,22615.2
7869.909267862915,22153.3
7870.119276084986,22315.5
7870.329284307058,23484.8
7870.53929252913,22484.5
7870.749300751201,21720.5
7870.959308973273,21976.3
7871.169317195345,21488.9
7871.379325417417,22408.0
7871.589333639488,21721.0
7871.799341861561,22216.2
7872.009350083632,22142.6
7872.219358305704,21100.6
7872.4293665277755,20074.9
7872.639374749848,21427.4
7872.849382971919,21948.0
7873.059391193991,21329.4
7873.269399416063,22282.2
7873.479407638135,21771.3
7873.689415860206,21234.7
7873.8994240822785,20210.2
7874.10943230435,21449.2
7874.319440526422,19777.9
7874.529448748493,21038.6
7874.739456970566,20711.2
7874.949465192637,22348.4
7875.159473414709,21052.9
7875.369481636781,20376.5
7875.579489858853,21171.7
7875.789498080924,21358.7
7875.999506302996,20769.2
7876.209514525068,19207.5
7876.41952274714,19055.7
7876.629530969211,18902.6
7876.839539191284,18009.8
7877.049547413355,18352.1
7877.259555635426,18349.1
7877.4695638574985,19700.3
7877.679572079571,18758.6
7877.889580301642,18245.5
7878.0995885237135,19700.2
7878.309596745786,18188.8
7878.519604967857,17332.9
7878.729613189929,18248.1
7878.939621412001,18649.1
7879.149629634073,17738.2
7879.359637856144,18359.7
7879.5696460782165,18575.5
7879.779654300288,17967.0
7879.98966252236,17022.2
7880.199670744431,17738.1
7880.409678966504,17433.5
7880.619687188575,17202.2
7880.829695410647,17870.3
7881.039703632719,16399.3
7881.249711854791,17021.5
7881.459720076862,16558.0
7881.669728298934,16886.3
7881.879736521006,16089.9
7882.089744743078,15195.5
7882.299752965149,16132.8
7882.509761187222,16452.2
7882.719769409293,16103.4
7882.929777631365,17217.9
7883.1397858534365,17543.1
7883.349794075509,17165.5
7883.55980229758,16052.8
7883.769810519652,16400.8
7883.979818741724,16062.0
7884.189826963796,15975.4
7884.399835185867,15359.0
7884.6098434079395,15621.5
7884.819851630011,14494.3
7885.029859852082,14343.8
7885.239868074154,13912.2
7885.449876296227,15287.0
7885.659884518298,16684.6
7885.869892740369,16557.2
7886.079900962442,15488.5
7886.289909184513,15581.3
7886.499917406585,14909.6
7886.7099256286565,15512.8
7886.919933850729,14721.3
7887.1299420728,14735.3
7887.339950294872,14127.4
7887.549958516944,14701.8
7887.759966739016,14518.4
7887.969974961087,12913.0
7888.1799831831595,12788.8
7888.389991405231,13520.3
7888.599999627303,14605.9
7888.810007849374,14704.5
7889.020016071447,13658.2
7889.230024293518,13187.0
7889.44003251559,12384.9
7889.650040737662,13408.8
7889.860048959734,12743.0
7890.070057181805,13697.6
7890.280065403877,13216.3
7890.490073625949,12352.7
7890.700081848021,12329.6
7890.910090070092,12032.9
7891.120098292165,12099.9
7891.330106514236,14491.0
7891.540114736308,12918.1
7891.7501229583795,13915.5
7891.960131180452,12751.8
7892.170139402523,12166.7
7892.380147624595,13637.2
7892.590155846667,12454.9
7892.800164068738,13813.1
7893.01017229081,13192.6
7893.2201805128825,11163.9
7893.430188734954,10355.4
