6488.593351123,50541.7
6488.772606818757,51046.7
6488.951862514514,49926.8
6489.131118210272,49338.5
6489.310373906029,49780.0
6489.489629601786,50748.9
6489.668885297543,51895.1
6489.848140993301,52057.4
6490.027396689058,51210.9
6490.206652384815,51162.1
6490.385908080572,51431.6
6490.565163776329,51831.0
6490.744419472087,52066.4
6490.9236751678445,52051.1
6491.102930863602,52950.3
6491.282186559359,54411.6
6491.461442255116,54222.6
6491.640697950874,55268.9
6491.819953646631,55859.9
6491.999209342388,55668.3
6492.178465038145,56080.8
6492.357720733903,56159.2
6492.53697642966,55179.5
6492.716232125417,54567.5
6492.895487821174,54731.5
6493.074743516931,55608.5
6493.253999212689,56468.6
6493.4332549084465,56250.0
6493.612510604204,57712.5
6493.791766299961,58816.5
6493.971021995719,58314.2
6494.150277691476,58659.0
6494.329533387233,59123.0
6494.50878908299,60416.0
6494.688044778747,59084.4
6494.867300474505,58628.8
6495.046556170262,59708.7
6495.225811866019,60904.2
6495.405067561776,61023.7
6495.5843232575335,59994.2
6495.7635789532915,59819.1
6495.942834649049,61082.4
6496.122090344806,61229.7
6496.301346040563,61809.2
6496.480601736321,63293.9
6496.659857432078,63735.3
6496.839113127835,63587.9
6497.018368823592,63415.4
6497.197624519349,62870.6
6497.376880215107,64168.8
6497.556135910864,64463.7
6497.735391606621,64319.8
6497.914647302378,65626.3
6498.093902998136,66760.1
6498.2731586938935,66360.9
6498.452414389651,65798.5
6498.631670085408,66106.6
6498.810925781165,66701.1
6498.990181476923,67297.6
6499.16943717268,66462.2
6499.348692868437,67219.3
6499.527948564194,69508.8
6499.707204259951,69825.8
6499.886459955709,68413.1
6500.065715651466,68099.0
6500.244971347223,68640.2
6500.42422704298,69173.6
6500.603482738738,70237.0
6500.7827384344955,70728.9
6500.961994130253,71397.5
6501.14124982601,72868.1
6501.320505521767,72849.1
6501.499761217525,70896.8
6501.679016913282,70330.4
6501.858272609039,71981.6
6502.037528304796,73190.8
6502.216784000554,73216.4
6502.396039696311,73632.6
6502.575295392068,73763.4
6502.754551087825,72856.0
6502.933806783582,72859.9
6503.11306247934,74904.5
6503.2923181750975,76551.9
6503.471573870855,76688.5
6503.650829566612,77282.2
6503.830085262369,76218.1
6504.009340958127,76519.6
6504.188596653884,76343.6
6504.367852349641,77587.8
6504.547108045398,79540.8
6504.726363741156,79021.7
6504.905619436913,78863.3
6505.08487513267,78432.3
6505.264130828427,79412.5
6505.4433865241845,79038.5
6505.6226422199425,78660.2
6505.8018979157,79456.5
6505.981153611457,80152.4
6506.160409307214,80666.2
6506.339665002972,81215.6
6506.518920698729,81186.8
6506.698176394486,82344.9
6506.877432090243,82346.9
6507.056687786,82028.8
6507.235943481758,82854.8
6507.415199177515,83261.6
6507.594454873272,83402.0
6507.773710569029,83671.1
6507.9529662647865,84375.7
6508.1322219605445,85888.4
6508.311477656302,83839.9
6508.490733352059,83777.0
6508.669989047816,85049.8
6508.849244743574,86370.7
6509.028500439331,86131.4
6509.207756135088,86464.6
6509.387011830845,87128.8
6509.566267526602,86425.9
6509.74552322236,87689.4
6509.924778918117,88632.1
6510.104034613874,89435.7
6510.283290309631,87843.8
6510.462546005389,87798.8
6510.6418017011465,90027.7
6510.821057396904,91811.2
6511.000313092661,92071.7
6511.179568788418,91407.7
6511.358824484176,91161.8
6511.538080179933,92387.6
6511.71733587569,93166.4
6511.896591571447,92740.6
6512.075847267204,93092.7
6512.255102962962,93657.8
6512.434358658719,93879.5
6512.613614354476,94999.2
6512.792870050233,96548.4
6512.972125745991,96677.5
6513.1513814417485,96246.9
6513.330637137506,96820.6
6513.509892833263,95431.3
6513.68914852902,96046.2
6513.868404224778,96672.5
6514.047659920535,96648.8
6514.226915616292,96340.8
6514.406171312049,95682.8
6514.585427007807,95755.4
6514.764682703564,95734.3
6514.943938399321,97483.5
6515.123194095078,99804.0
6515.302449790835,100812.0
6515.4817054865935,100335.0
6515.660961182351,99595.4
6515.840216878108,100283.0
6516.019472573865,100618.0
6516.198728269622,99202.5
6516.37798396538,98893.0
6516.557239661137,98655.7
6516.736495356894,98431.4
6516.915751052651,101126.0
6517.095006748409,102812.0
6517.274262444166,104160.0
6517.453518139923,105607.0
6517.63277383568,106049.0
6517.8120295314375,106582.0
6517.9912852271955,107310.0
6518.170540922953,106487.0
6518.34979661871,106007.0
6518.529052314467,107051.0
6518.708308010225,107801.0
6518.887563705982,109251.0
6519.066819401739,109261.0
6519.246075097496,109022.0
6519.425330793253,109331.0
6519.604586489011,108930.0
6519.783842184768,109728.0
6519.963097880525,111437.0
6520.142353576282,113079.0
6520.3216092720395,113359.0
6520.5008649677975,112751.0
6520.680120663555,113571.0
6520.859376359312,112863.0
6521.038632055069,112669.0
6521.217887750827,115262.0
6521.397143446584,115869.0
6521.576399142341,113894.0
6521.755654838098,113902.0
6521.934910533855,115244.0
6522.114166229613,115233.0
6522.29342192537,116304.0
6522.472677621127,117016.0
6522.651933316884,117115.0
6522.831189012642,116963.0
6523.0104447083995,116115.0
6523.189700404157,116261.0
6523.368956099914,117307.0
6523.548211795671,116081.0
6523.727467491429,116471.0
6523.906723187186,116234.0
6524.085978882943,116987.0
6524.2652345787,118586.0
6524.444490274457,120245.0
6524.623745970215,120988.0
6524.803001665972,120490.0
6524.982257361729,120365.0
6525.161513057486,121498.0
6525.340768753244,123247.0
6525.5200244490015,124818.0
6525.699280144759,124132.0
6525.878535840516,124054.0
6526.057791536273,123358.0
6526.237047232031,124789.0
6526.416302927788,125976.0
6526.595558623545,124310.0
6526.774814319302,124219.0
6526.95407001506,126150.0
6527.133325710817,125871.0
6527.312581406574,125785.0
6527.491837102331,126179.0
6527.6710927980885,127496.0
6527.8503484938465,128428.0
6528.029604189604,129236.0
6528.208859885361,129271.0
6528.388115581118,128718.0
6528.567371276875,128469.0
6528.746626972633,128941.0
6528.92588266839,129943.0
6529.105138364147,129741.0
6529.284394059904,131817.0
6529.463649755662,132963.0
6529.642905451419,130819.0
6529.822161147176,130548.0
6530.001416842933,131712.0
6530.1806725386905,131776.0
6530.3599282344485,132475.0
6530.539183930206,134585.0
6530.718439625963,135557.0
6530.89769532172,134715.0
6531.076951017478,133583.0
6531.256206713235,134502.0
6531.435462408992,135355.0
6531.614718104749,134488.0
6531.793973800506,135596.0
6531.973229496264,135121.0
6532.152485192021,134061.0
6532.331740887778,134719.0
6532.510996583535,135371.0
6532.6902522792925,136531.0
6532.8695079750505,136914.0
6533.048763670808,137608.0
6533.228019366565,139204.0
6533.407275062322,139225.0
6533.58653075808,139566.0
6533.765786453837,139794.0
6533.945042149594,140003.0
6534.124297845351,139321.0
6534.303553541108,138513.0
6534.482809236866,139351.0
6534.662064932623,141450.0
6534.84132062838,143465.0
6535.020576324137,141180.0
6535.199832019895,142048.0
6535.3790877156525,143000.0
6535.55834341141,142890.0
6535.737599107167,143704.0
6535.916854802924,144187.0
6536.096110498682,143020.0
6536.275366194439,143852.0
6536.454621890196,144951.0
6536.633877585953,143325.0
6536.81313328171,145106.0
6536.992388977468,146280.0
6537.171644673225,146520.0
6537.350900368982,146691.0
6537.5301560647395,146208.0
6537.7094117604975,145822.0
6537.888667456255,147211.0
6538.067923152012,147290.0
6538.247178847769,146515.0
6538.426434543526,148373.0
6538.605690239284,150397.0
6538.784945935041,149890.0
6538.964201630798,150350.0
6539.143457326555,151750.0
6539.322713022313,150125.0
6539.50196871807,149742.0
6539.681224413827,148813.0
6539.860480109584,150751.0
6540.0397358053415,152746.0
6540.2189915010995,152831.0
6540.398247196857,152732.0
6540.577502892614,151699.0
6540.756758588371,151205.0
6540.936014284128,153144.0
6541.115269979886,153381.0
6541.294525675643,154006.0
6541.4737813714,154005.0
6541.653037067157,154318.0
6541.832292762915,154054.0
6542.011548458672,155840.0
6542.190804154429,152848.0
6542.370059850186,152081.0
6542.5493155459435,155310.0
6542.7285712417015,155911.0
6542.907826937459,155985.0
6543.087082633216,154694.0
6543.266338328973,155749.0
6543.445594024731,155250.0
6543.624849720488,154287.0
6543.804105416245,153549.0
6543.983361112002,150986.0
6544.162616807759,153671.0
6544.341872503517,158610.0
6544.521128199274,158371.0
6544.700383895031,157178.0
6544.879639590788,158619.0
6545.0588952865455,159361.0
6545.2381509823035,159446.0
6545.417406678061,158219.0
6545.596662373818,156817.0
6545.775918069575,158359.0
6545.955173765333,157657.0
6546.13442946109,157777.0
6546.313685156847,157688.0
6546.492940852604,159477.0
6546.672196548361,160582.0
6546.851452244119,160085.0
6547.030707939876,161189.0
6547.209963635633,162657.0
6547.38921933139,160998.0
6547.568475027148,158808.0
6547.7477307229055,160593.0
6547.926986418663,162038.0
6548.10624211442,162521.0
6548.285497810177,159534.0
6548.464753505935,158630.0
6548.644009201692,158642.0
6548.823264897449,158714.0
6549.002520593206,161418.0
6549.181776288963,163818.0
6549.361031984721,164043.0
6549.540287680478,164065.0
6549.719543376235,163371.0
6549.8987990719925,162082.0
6550.0780547677505,162136.0
6550.257310463508,165223.0
6550.436566159265,167791.0
6550.615821855022,165881.0
6550.795077550779,165021.0
6550.974333246537,165904.0
6551.153588942294,166422.0
6551.332844638051,166226.0
6551.512100333808,164115.0
6551.691356029566,162340.0
6551.870611725323,164783.0
6552.04986742108,167842.0
6552.229123116837,166597.0
6552.4083788125945,163461.0
6552.5876345083525,161874.0
6552.76689020411,164526.0
6552.946145899867,164953.0
6553.125401595624,165931.0
6553.304657291381,169303.0
6553.483912987139,169104.0
6553.663168682896,166537.0
6553.842424378653,166407.0
6554.02168007441,167996.0
6554.200935770168,168360.0
6554.380191465925,167294.0
6554.559447161682,167636.0
6554.738702857439,170011.0
6554.9179585531965,171105.0
6555.0972142489545,172743.0
6555.276469944712,174673.0
6555.455725640469,173163.0
6555.634981336226,172591.0
6555.814237031984,175173.0
6555.993492727741,175572.0
6556.172748423498,176767.0
6556.352004119255,178580.0
6556.531259815012,180274.0
6556.71051551077,182409.0
6556.889771206527,182799.0
6557.069026902284,182025.0
6557.248282598041,183509.0
6557.4275382937985,189489.0
6557.6067939895565,194913.0
6557.786049685314,196305.0
6557.965305381071,199038.0
6558.144561076828,200827.0
6558.323816772586,204744.0
6558.503072468343,210689.0
6558.6823281641,217071.0
6558.861583859857,222403.0
6559.040839555614,228336.0
6559.220095251372,234596.0
6559.399350947129,239362.0
6559.578606642886,244968.0
6559.7578623386435,251606.0
6559.937118034401,257616.0
6560.116373730159,263950.0
6560.295629425916,264774.0
6560.474885121673,264574.0
6560.65414081743,266847.0
6560.833396513188,265778.0
6561.012652208945,265694.0
6561.191907904702,263477.0
6561.371163600459,259558.0
6561.550419296216,252563.0
6561.729674991974,244624.0
6561.908930687731,232837.0
6562.088186383488,214861.0
6562.2674420792455,193341.0
6562.4466977750035,168283.0
6562.625953470761,149639.0
6562.805209166518,145203.0
6562.984464862275,152490.0
6563.163720558032,172038.0
6563.34297625379,196627.0
6563.522231949547,217693.0
6563.701487645304,235365.0
6563.880743341061,247575.0
6564.059999036819,252581.0
6564.239254732576,257465.0
6564.418510428333,262754.0
6564.59776612409,266623.0
6564.7770218198475,268810.0
6564.9562775156055,269301.0
6565.135533211363,268661.0
6565.31478890712,265749.0
6565.494044602877,263481.0
6565.673300298634,262826.0
6565.852555994392,256754.0
6566.031811690149,247763.0
6566.211067385906,239941.0
6566.390323081663,233492.0
6566.569578777421,233295.0
6566.748834473178,229803.0
6566.928090168935,223901.0
6567.107345864692,217602.0
6567.2866015604495,212302.0
6567.4658572562075,209289.0
6567.645112951965,206399.0
6567.824368647722,202591.0
6568.003624343479,198764.0
6568.182880039236,197112.0
6568.362135734994,196894.0
6568.541391430751,193316.0
6568.720647126508,190212.0
6568.899902822265,188146.0
6569.079158518023,187542.0
6569.25841421378,187158.0
6569.437669909537,186689.0
6569.616925605294,187098.0
6569.796181301052,185292.0
6569.97543699681,184240.0
6570.154692692567,183721.0
6570.333948388324,185359.0
6570.513204084081,187330.0
6570.692459779839,186042.0
6570.871715475596,183640.0
6571.050971171353,182493.0
6571.23022686711,183945.0
6571.409482562867,185853.0
6571.588738258625,184421.0
6571.767993954382,183176.0
6571.947249650139,180043.0
6572.1265053458965,180335.0
6572.3057610416545,181412.0
6572.485016737412,182844.0
6572.664272433169,183377.0
6572.843528128926,183712.0
6573.022783824683,185354.0
6573.202039520441,186124.0
6573.381295216198,184518.0
6573.560550911955,183762.0
6573.739806607712,184515.0
6573.919062303469,184226.0
6574.098317999227,186086.0
6574.277573694984,187178.0
6574.456829390741,184205.0
6574.6360850864985,181283.0
6574.8153407822565,179475.0
6574.994596478014,182124.0
6575.173852173771,186291.0
6575.353107869528,186854.0
6575.532363565285,184991.0
6575.711619261043,184746.0
6575.8908749568,185499.0
6576.070130652557,189977.0
6576.249386348314,188983.0
6576.428642044071,187061.0
6576.607897739829,187888.0
6576.787153435586,188171.0
6576.966409131343,188765.0
6577.1456648271005,188616.0
6577.3249205228585,187903.0
6577.504176218616,188185.0
6577.683431914373,189287.0
6577.86268761013,191689.0
6578.041943305887,191882.0
6578.221199001645,190110.0
6578.400454697402,191001.0
6578.579710393159,190297.0
6578.758966088916,189798.0
6578.938221784674,190683.0
6579.117477480431,190022.0
6579.296733176188,190491.0
6579.475988871945,191380.0
6579.6552445677025,193288.0
6579.8345002634605,194933.0
6580.013755959218,194262.0
6580.193011654975,194450.0
6580.372267350732,192287.0
6580.55152304649,191027.0
6580.730778742247,192509.0
6580.910034438004,192912.0
6581.089290133761,192375.0
6581.268545829518,193741.0
6581.447801525276,194898.0
6581.627057221033,193378.0
6581.80631291679,192784.0
6581.9855686125475,194144.0
6582.164824308305,194818.0
6582.344080004063,194631.0
6582.52333569982,192698.0
6582.702591395577,192803.0
6582.881847091334,193643.0
6583.061102787092,194998.0
6583.240358482849,194936.0
6583.419614178606,192932.0
6583.598869874363,194281.0
6583.77812557012,195025.0
6583.957381265878,196973.0
6584.136636961635,195366.0
6584.315892657392,194600.0
6584.4951483531495,195956.0
6584.674404048907,195290.0
6584.853659744665,196254.0
6585.032915440422,196322.0
6585.212171136179,197601.0
6585.391426831936,199087.0
6585.570682527694,197535.0
6585.749938223451,196003.0
6585.929193919208,195351.0
6586.108449614965,195560.0
6586.287705310722,196684.0
6586.46696100648,195621.0
6586.646216702237,194188.0
6586.825472397994,196796.0
6587.0047280937515,198617.0
6587.1839837895095,197501.0
6587.363239485267,196700.0
6587.542495181024,194757.0
6587.721750876781,194890.0
6587.901006572538,197793.0
6588.080262268296,197360.0
6588.259517964053,200097.0
6588.43877365981,200009.0
6588.618029355567,198394.0
6588.797285051325,197804.0
6588.976540747082,198359.0
6589.155796442839,200029.0
6589.335052138596,199430.0
6589.5143078343535,198119.0
6589.6935635301115,197458.0
6589.872819225869,198649.0
6590.052074921626,199177.0
6590.231330617383,197454.0
6590.41058631314,197196.0
6590.589842008898,198863.0
6590.769097704655,199626.0
6590.948353400412,198660.0
6591.127609096169,197608.0
6591.306864791927,198479.0
6591.486120487684,198924.0
6591.665376183441,197176.0
6591.8446318791985,198585.0
6592.023887574956,200297.0
6592.203143270714,199851.0
6592.382398966471,198532.0
6592.561654662228,199316.0
6592.740910357985,199905.0
6592.920166053742,199882.0
6593.0994217495,196437.0
6593.278677445257,196955.0
6593.457933141014,197390.0
6593.637188836771,199300.0
6593.816444532529,197896.0
6593.995700228286,197570.0
6594.174955924043,198517.0
6594.3542116198005,197852.0
6594.533467315558,198959.0
6594.712723011316,198759.0
6594.891978707073,199741.0
6595.07123440283,200342.0
6595.250490098587,200989.0
6595.429745794345,198935.0
6595.609001490102,196904.0
6595.788257185859,198288.0
6595.967512881616,200464.0
6596.146768577373,200523.0
6596.326024273131,199589.0
6596.505279968888,199986.0
6596.684535664645,198555.0
6596.8637913604025,197146.0
6597.0430470561605,197727.0
6597.222302751918,198692.0
6597.401558447675,198695.0
6597.580814143432,199021.0
6597.760069839189,198676.0
6597.939325534947,200096.0
6598.118581230704,198994.0
6598.297836926461,199030.0
6598.477092622218,199627.0
6598.656348317975,198955.0
6598.835604013733,198355.0
6599.01485970949,199346.0
6599.194115405247,198248.0
6599.3733711010045,197069.0
6599.5526267967625,199778.0
6599.73188249252,199222.0
6599.911138188277,199554.0
6600.090393884034,199221.0
6600.269649579791,197710.0
6600.448905275549,195339.0
6600.628160971306,197284.0
6600.807416667063,201292.0
6600.98667236282,200728.0
6601.165928058577,198992.0
6601.345183754335,198726.0
6601.524439450092,198917.0
6601.703695145849,199305.0
6601.8829508416065,200259.0
6602.062206537365,199743.0
6602.241462233122,196829.0
6602.420717928879,197791.0
6602.599973624636,199057.0
6602.779229320393,196689.0
6602.958485016151,196768.0
6603.137740711908,198207.0
6603.316996407665,198973.0
6603.496252103422,198617.0
6603.67550779918,198889.0
6603.854763494937,200825.0
6604.034019190694,199493.0
6604.2132748864515,197896.0
6604.392530582209,196473.0
6604.571786277967,194285.0
6604.751041973724,195099.0
6604.930297669481,198865.0
6605.109553365238,198610.0
6605.288809060996,195088.0
6605.468064756753,194003.0
6605.64732045251,195663.0
6605.826576148267,195616.0
6606.005831844024,196735.0
6606.185087539782,198060.0
6606.364343235539,197809.0
6606.543598931296,195023.0
6606.7228546270535,195683.0
6606.902110322811,195483.0
6607.081366018569,197034.0
6607.260621714326,197758.0
6607.439877410083,196364.0
6607.61913310584,195015.0
6607.798388801598,195970.0
6607.977644497355,196131.0
6608.156900193112,196730.0
6608.336155888869,197984.0
6608.515411584626,197454.0
6608.694667280384,195538.0
6608.873922976141,196082.0
6609.053178671898,197428.0
6609.2324343676555,198206.0
6609.411690063413,195948.0
6609.590945759171,197552.0
6609.770201454928,197557.0
6609.949457150685,196101.0
6610.128712846442,194116.0
6610.3079685422,193887.0
6610.487224237957,194873.0
6610.666479933714,195155.0
6610.845735629471,193747.0
6611.024991325228,194073.0
6611.204247020986,194933.0
6611.383502716743,195757.0
6611.5627584125,194127.0
6611.7420141082575,194122.0
6611.9212698040155,195615.0
6612.100525499773,195006.0
6612.27978119553,193621.0
6612.459036891287,194812.0
6612.638292587044,194355.0
6612.817548282802,193159.0
6612.996803978559,193584.0
6613.176059674316,194644.0
6613.355315370073,195805.0
6613.53457106583,194424.0
6613.713826761588,192017.0
6613.893082457345,192873.0
6614.0723381531025,194298.0
6614.25159384886,193654.0
6614.430849544618,192403.0
6614.610105240375,191160.0
6614.789360936132,190868.0
6614.968616631889,193766.0
6615.147872327646,195399.0
6615.327128023404,193543.0
6615.506383719161,191963.0
6615.685639414918,192719.0
6615.864895110675,192749.0
6616.044150806433,191865.0
6616.22340650219,193469.0
6616.402662197947,193360.0
6616.5819178937045,192051.0
6616.761173589462,190795.0
6616.94042928522,190432.0
6617.119684980977,190617.0
6617.298940676734,189572.0
6617.478196372491,188724.0
6617.657452068248,190339.0
6617.836707764006,190204.0
6618.015963459763,187582.0
6618.19521915552,191099.0
6618.374474851277,192468.0
6618.553730547035,189848.0
6618.732986242792,189513.0
6618.912241938549,189459.0
6619.0914976343065,188363.0
6619.270753330064,188468.0
6619.450009025822,188297.0
6619.629264721579,187399.0
6619.808520417336,188519.0
6619.987776113093,190346.0
6620.167031808851,188665.0
6620.346287504608,186801.0
6620.525543200365,186220.0
6620.704798896122,188164.0
6620.884054591879,189191.0
6621.063310287637,187857.0
6621.242565983394,187341.0
6621.421821679151,187978.0
6621.6010773749085,188133.0
6621.7803330706665,186945.0
6621.959588766424,187012.0
6622.138844462181,185778.0
6622.318100157938,187700.0
6622.497355853695,187849.0
6622.676611549453,186551.0
6622.85586724521,184889.0
6623.035122940967,186231.0
6623.214378636724,186341.0
6623.393634332481,186594.0
6623.572890028239,186523.0
6623.752145723996,187373.0
6623.9314014197535,186728.0
6624.110657115511,185466.0
6624.289912811269,186459.0
6624.469168507026,184908.0
6624.648424202783,184526.0
6624.82767989854,183503.0
6625.006935594297,185198.0
6625.186191290055,186402.0
6625.365446985812,184362.0
6625.544702681569,183580.0
6625.723958377326,183329.0
6625.903214073083,183241.0
6626.082469768841,183593.0
6626.261725464598,183192.0
6626.4409811603555,182585.0
6626.620236856113,183471.0
6626.799492551871,184441.0
6626.978748247628,183443.0
6627.158003943385,182730.0
6627.337259639142,183064.0
6627.516515334899,182146.0
6627.695771030657,182184.0
6627.875026726414,182854.0
6628.054282422171,181978.0
6628.233538117928,180832.0
6628.412793813686,181454.0
6628.592049509443,180814.0
6628.7713052052,181093.0
6628.9505609009575,181593.0
6629.129816596715,181289.0
6629.309072292473,180161.0
6629.48832798823,179307.0
6629.667583683987,180022.0
6629.846839379744,182535.0
6630.026095075502,183049.0
6630.205350771259,179884.0
6630.384606467016,178605.0
6630.563862162773,178173.0
6630.74311785853,178326.0
6630.922373554288,180999.0
6631.101629250045,181833.0
6631.280884945802,178491.0
6631.4601406415595,177317.0
6631.639396337317,178168.0
6631.818652033075,178007.0
6631.997907728832,179046.0
6632.177163424589,179683.0
6632.356419120346,177422.0
6632.535674816104,177779.0
6632.714930511861,179303.0
6632.894186207618,177552.0
6633.073441903375,176820.0
6633.252697599132,177187.0
6633.43195329489,177583.0
6633.611208990647,177654.0
6633.790464686404,177134.0
6633.9697203821615,176871.0
6634.148976077919,176610.0
6634.328231773677,175891.0
6634.507487469434,177836.0
6634.686743165191,174378.0
6634.865998860948,172929.0
6635.045254556706,174729.0
6635.224510252463,176860.0
6635.40376594822,177757.0
6635.583021643977,176872.0
6635.762277339734,173776.0
6635.941533035492,173231.0
6636.120788731249,172231.0
6636.3000444270065,173160.0
6636.479300122764,175395.0
6636.658555818522,175321.0
6636.837811514279,174068.0
6637.017067210036,174515.0
6637.196322905793,173446.0
6637.37557860155,174918.0
6637.554834297308,174209.0
6637.734089993065,173622.0
6637.913345688822,172086.0
6638.092601384579,171493.0
6638.271857080336,171802.0
6638.451112776094,172555.0
6638.630368471851,172596.0
6638.8096241676085,172101.0
6638.988879863366,170949.0
6639.168135559124,171441.0
6639.347391254881,172595.0
6639.526646950638,171294.0
6639.705902646395,170363.0
6639.885158342152,170251.0
6640.06441403791,170759.0
6640.243669733667,170906.0
6640.422925429424,170703.0
6640.602181125181,169668.0
6640.781436820939,168743.0
6640.960692516696,168328.0
6641.139948212453,167774.0
6641.3192039082105,167592.0
6641.498459603968,166347.0
6641.677715299726,166645.0
6641.856970995483,168978.0
6642.03622669124,168351.0
6642.215482386997,167943.0
6642.394738082754,165631.0
6642.573993778512,166638.0
6642.753249474269,165875.0
6642.932505170026,166074.0
6643.111760865783,167556.0
6643.291016561541,165271.0
6643.470272257298,165469.0
6643.649527953055,165863.0
6643.8287836488125,166137.0
6644.00803934457,165558.0
6644.187295040328,164641.0
6644.366550736085,163942.0
6644.545806431842,163775.0
6644.725062127599,163454.0
6644.904317823357,165437.0
6645.083573519114,166023.0
6645.262829214871,165314.0
6645.442084910628,163644.0
6645.621340606385,163252.0
6645.800596302143,162815.0
6645.9798519979,161354.0
6646.1591076936575,160914.0
6646.338363389415,160811.0
6646.517619085172,164033.0
6646.69687478093,164621.0
6646.876130476687,163008.0
6647.055386172444,160198.0
6647.234641868201,160716.0
6647.413897563959,161786.0
6647.593153259716,160088.0
6647.772408955473,159587.0
6647.95166465123,160398.0
6648.130920346987,160189.0
6648.310176042745,159418.0
6648.489431738502,160098.0
6648.6686874342595,161077.0
6648.847943130017,162564.0
6649.027198825775,159356.0
6649.206454521532,157639.0
6649.385710217289,157016.0
6649.564965913046,157085.0
6649.744221608803,159882.0
6649.923477304561,159237.0
6650.102733000318,161354.0
6650.281988696075,158112.0
6650.461244391832,155022.0
6650.640500087589,157409.0
6650.819755783347,160325.0
6650.999011479104,158318.0
6651.1782671748615,157472.0
6651.357522870619,157106.0
6651.536778566377,157110.0
6651.716034262134,155993.0
6651.895289957891,154966.0
6652.074545653648,154857.0
6652.253801349405,154903.0
6652.433057045163,154283.0
6652.61231274092,154653.0
6652.791568436677,155108.0
6652.970824132434,155042.0
6653.150079828192,156224.0
6653.329335523949,154453.0
6653.508591219706,153921.0
6653.6878469154635,152849.0
6653.867102611221,153052.0
6654.046358306979,153112.0
6654.225614002736,152585.0
6654.404869698493,153165.0
6654.58412539425,152406.0
6654.763381090007,151110.0
6654.942636785765,150695.0
6655.121892481522,152658.0
6655.301148177279,153412.0
6655.480403873036,152458.0
6655.659659568794,148861.0
6655.838915264551,149015.0
6656.018170960308,149880.0
6656.1974266560655,148871.0
6656.376682351823,149348.0
6656.555938047581,148208.0
6656.735193743338,149015.0
6656.914449439095,150431.0
6657.093705134852,149542.0
6657.27296083061,148128.0
6657.452216526367,146486.0
6657.631472222124,147572.0
6657.810727917881,148192.0
6657.989983613638,148517.0
6658.169239309396,145982.0
6658.348495005153,143871.0
6658.5277507009105,145942.0
6658.707006396668,148144.0
6658.886262092425,146710.0
6659.065517788183,144677.0
6659.24477348394,145732.0
6659.424029179697,143639.0
6659.603284875454,143720.0
6659.782540571212,143173.0
6659.961796266969,143538.0
6660.141051962726,143671.0
6660.320307658483,143751.0
6660.49956335424,142388.0
6660.678819049998,141773.0
6660.858074745755,144594.0
6661.0373304415125,143030.0
6661.21658613727,140947.0
6661.395841833028,141119.0
6661.575097528785,142985.0
6661.754353224542,141446.0
6661.933608920299,141753.0
6662.112864616056,140755.0
6662.292120311814,140575.0
6662.471376007571,141638.0
6662.650631703328,141043.0
6662.829887399085,140241.0
6663.009143094842,140624.0
6663.1883987906,139315.0
6663.367654486357,137871.0
6663.5469101821145,137727.0
6663.726165877872,137819.0
6663.90542157363,137835.0
6664.084677269387,138888.0
6664.263932965144,138604.0
6664.443188660901,137454.0
6664.622444356658,137857.0
6664.801700052416,136957.0
6664.980955748173,135927.0
6665.16021144393,135783.0
6665.339467139687,137523.0
6665.518722835445,135963.0
6665.697978531202,135141.0
6665.877234226959,135213.0
6666.0564899227165,135872.0
6666.235745618474,136675.0
6666.415001314232,136942.0
6666.594257009989,135172.0
6666.773512705746,134488.0
6666.952768401503,133325.0
6667.13202409726,132168.0
6667.311279793018,134331.0
6667.490535488775,134160.0
6667.669791184532,133165.0
6667.849046880289,132664.0
6668.028302576047,132028.0
6668.207558271804,132452.0
6668.3868139675615,130217.0
6668.566069663319,130810.0
6668.745325359076,131158.0
6668.924581054834,131489.0
6669.103836750591,131395.0
6669.283092446348,130114.0
6669.462348142105,130439.0
6669.641603837863,131510.0
6669.82085953362,129640.0
6670.000115229377,127588.0
6670.179370925134,128324.0
6670.358626620891,127696.0
6670.537882316649,127327.0
6670.717138012406,127563.0
6670.8963937081635,126824.0
6671.075649403921,127172.0
6671.254905099678,127690.0
6671.434160795436,126329.0
6671.613416491193,125658.0
6671.79267218695,125427.0
6671.971927882707,125141.0
6672.151183578465,125401.0
6672.330439274222,124220.0
6672.509694969979,123964.0
6672.688950665736,123844.0
6672.868206361493,123963.0
6673.047462057251,123263.0
6673.226717753008,122720.0
6673.4059734487655,121853.0
6673.585229144523,120916.0
6673.764484840281,122219.0
6673.943740536038,121927.0
6674.122996231795,122032.0
6674.302251927552,120541.0
6674.481507623309,120014.0
6674.660763319067,119613.0
6674.840019014824,120108.0
6675.019274710581,119683.0
6675.198530406338,118081.0
6675.377786102095,118061.0
6675.557041797853,118177.0
6675.73629749361,115579.0
6675.9155531893675,114244.0
6676.094808885125,115659.0
6676.274064580883,115137.0
6676.45332027664,114666.0
6676.632575972397,113272.0
6676.811831668154,113544.0
6676.991087363911,112813.0
6677.170343059669,112135.0
6677.349598755426,111799.0
6677.528854451183,112278.0
6677.70811014694,111707.0
6677.887365842698,110670.0
6678.066621538455,109584.0
6678.2458772342125,109038.0
6678.42513292997,110106.0
6678.604388625727,109524.0
6678.783644321485,109718.0
6678.962900017242,109824.0
6679.142155712999,108573.0
6679.321411408756,109264.0
6679.500667104513,107653.0
6679.679922800271,107692.0
6679.859178496028,108711.0
6680.038434191785,107644.0
6680.217689887542,108281.0
6680.3969455833,108192.0
6680.576201279057,107619.0
6680.7554569748145,108605.0
6680.934712670572,108544.0
6681.113968366329,108532.0
6681.293224062087,109222.0
6681.472479757844,109167.0
6681.651735453601,108820.0
6681.830991149358,108253.0
6682.010246845116,107138.0
6682.189502540873,107703.0
6682.36875823663,107838.0
6682.548013932387,106044.0
6682.727269628144,106746.0
6682.906525323902,107083.0
6683.085781019659,107515.0
6683.2650367154165,106241.0
6683.444292411174,104502.0
6683.623548106931,105711.0
6683.802803802689,106487.0
6683.982059498446,106529.0
6684.161315194203,106499.0
6684.34057088996,103883.0
6684.519826585718,103483.0
6684.699082281475,103269.0
6684.878337977232,103761.0
6685.057593672989,104310.0
6685.236849368746,102702.0
6685.416105064504,102936.0
6685.595360760261,103468.0
6685.7746164560185,102411.0
6685.953872151776,101581.0
6686.133127847534,100960.0
6686.312383543291,100552.0
6686.491639239048,100315.0
6686.670894934805,99332.0
6686.850150630562,101272.0
6687.02940632632,100167.0
6687.208662022077,100000.0
6687.387917717834,100282.0
6687.567173413591,100510.0
6687.746429109348,98577.6
6687.925684805106,96256.8
6688.104940500863,97683.0
6688.2841961966205,97695.5
6688.463451892378,95254.6
6688.642707588136,96811.4
6688.821963283893,97049.4
6689.00121897965,96293.5
6689.180474675407,97011.2
6689.359730371164,96358.1
6689.538986066922,96331.4
6689.718241762679,95757.2
6689.897497458436,94109.3
6690.076753154193,94688.6
6690.25600884995,94373.3
6690.435264545708,93460.8
6690.6145202414655,93758.1
6690.793775937223,93863.0
6690.97303163298,93369.1
6691.152287328738,93097.0
6691.331543024495,91965.4
6691.510798720252,92013.8
6691.690054416009,92161.4
6691.869310111766,91705.9
6692.048565807524,92182.2
6692.227821503281,90806.4
6692.407077199038,91572.0
6692.586332894795,89153.4
6692.765588590553,89494.6
6692.94484428631,91223.3
6693.1240999820675,89126.8
6693.303355677825,88294.2
6693.482611373582,88324.3
6693.66186706934,88900.0
6693.841122765097,89136.1
6694.020378460854,89528.5
6694.199634156611,88586.3
6694.378889852369,87945.6
6694.558145548126,88450.8
6694.737401243883,87679.7
6694.91665693964,85216.3
6695.095912635397,84373.2
6695.275168331155,87074.1
6695.454424026912,87222.3
6695.6336797226695,85402.6
6695.812935418427,85257.7
6695.992191114184,84623.0
6696.171446809942,84377.9
6696.350702505699,84379.8
6696.529958201456,83059.2
6696.709213897213,84146.4
6696.888469592971,83561.7
6697.067725288728,83304.5
6697.246980984485,83899.9
6697.426236680242,82713.1
6697.605492375999,81519.1
6697.784748071757,81607.2
6697.964003767514,81452.9
6698.1432594632715,80263.9
6698.322515159029,80092.9
6698.501770854786,79822.8
6698.681026550544,79526.1
6698.860282246301,78301.7
6699.039537942058,78867.5
6699.218793637815,80634.3
6699.398049333573,79801.9
6699.57730502933,80271.3
6699.756560725087,78143.5
6699.935816420844,76938.6
6700.115072116601,77306.9
6700.294327812359,77476.1
6700.4735835081165,76321.3
6700.652839203874,75748.7
6700.832094899631,76067.4
6701.011350595389,75670.3
6701.190606291146,75984.0
6701.369861986903,75591.8
6701.54911768266,74421.5
6701.728373378417,74513.9
6701.907629074175,74739.7
6702.086884769932,74096.9
6702.266140465689,74713.6
6702.445396161446,74071.8
6702.624651857204,72967.0
6702.803907552961,72479.5
6702.9831632487185,72325.8
6703.162418944476,71985.3
6703.341674640233,71209.5
6703.520930335991,70937.9
6703.700186031748,69528.6
6703.879441727505,70484.1
6704.058697423262,70953.9
6704.237953119019,70489.0
6704.417208814777,69699.1
6704.596464510534,67720.8
6704.775720206291,69175.9
6704.954975902048,68458.8
6705.134231597806,68061.0
6705.313487293563,67679.3
6705.4927429893205,67286.0
6705.671998685078,66831.9
6705.851254380835,65954.5
6706.030510076593,65881.6
6706.20976577235,67285.5
6706.389021468107,66983.3
6706.568277163864,67202.4
6706.747532859621,65799.5
6706.926788555379,65020.0
6707.106044251136,65456.5
6707.285299946893,64450.3
6707.46455564265,65058.8
6707.643811338408,64546.1
6707.823067034165,64037.2
6708.0023227299225,63978.8
6708.18157842568,63640.8
6708.360834121437,62434.2
6708.540089817195,61646.7
6708.719345512952,62503.5
6708.898601208709,61633.5
6709.077856904466,61157.2
6709.257112600224,61025.0
6709.436368295981,61405.0
6709.615623991738,60731.4
6709.794879687495,60334.2
6709.974135383252,59701.3
6710.15339107901,59288.1
6710.332646774767,59507.2
6710.511902470525,59462.5
6710.691158166282,58822.9
6710.87041386204,58471.8
6711.049669557797,58537.9
6711.228925253554,57854.8
6711.408180949311,57226.1
6711.587436645068,57438.6
6711.766692340826,56576.0
6711.945948036583,56247.8
6712.12520373234,55645.7
6712.304459428097,56355.3
6712.483715123854,55880.3
6712.662970819612,55708.3
6712.8422265153695,54422.5
6713.021482211127,54652.0
6713.200737906884,55320.5
6713.379993602642,54865.1
6713.559249298399,54532.7
6713.738504994156,54186.4
6713.917760689913,53986.0
6714.09701638567,53048.1
6714.276272081428,53228.5
6714.455527777185,52052.4
6714.634783472942,52318.9
6714.814039168699,51876.9
6714.993294864456,51294.3
6715.172550560214,51617.4
6715.3518062559715,50265.9
6715.531061951729,50266.5
6715.710317647486,51037.6
6715.889573343244,49636.3
6716.068829039001,49414.5
6716.248084734758,49532.5
6716.427340430515,49264.2
6716.606596126272,48980.5
6716.78585182203,48426.4
6716.965107517787,48141.2
6717.144363213544,48145.0
6717.323618909301,47818.7
6717.502874605059,47490.6
6717.682130300816,46441.1
6717.8613859965735,46714.6
6718.040641692331,46593.5
6718.219897388088,47104.6
6718.399153083846,47174.3
6718.578408779603,45301.0
6718.75766447536,45202.2
6718.936920171117,45633.4
6719.116175866875,45011.8
6719.295431562632,44786.0
6719.474687258389,44667.0
6719.653942954146,45106.1
6719.833198649903,44269.1
6720.012454345661,43582.8
6720.191710041418,42735.1
6720.3709657371755,43340.9
6720.550221432933,43082.7
6720.72947712869,42336.7
6720.908732824448,42713.2
6721.087988520205,42834.9
6721.267244215962,42340.2
6721.446499911719,41899.4
6721.625755607477,42071.5
6721.805011303234,41212.2
6721.984266998991,40520.6
6722.163522694748,41697.2
6722.342778390505,40765.3
6722.522034086263,40679.8
6722.7012897820205,39713.8
6722.880545477778,39055.7
6723.059801173535,40100.4
6723.239056869292,38976.1
6723.41831256505,39019.4
6723.597568260807,38691.5
6723.776823956564,38287.0
6723.956079652321,37822.4
6724.135335348079,37066.1
6724.314591043836,37199.4
6724.493846739593,36963.5
6724.67310243535,36245.4
6724.852358131107,36842.7
6725.031613826865,36462.6
6725.2108695226225,35822.2
6725.39012521838,35406.4
6725.569380914137,35936.0
6725.748636609895,36122.0
6725.927892305652,35424.8
6726.107148001409,35218.4
6726.286403697166,35229.7
6726.465659392923,34938.1
6726.644915088681,34697.7
6726.824170784438,34348.7
6727.003426480195,33455.3
6727.182682175952,32884.0
6727.36193787171,33751.6
6727.541193567467,32679.4
6727.7204492632245,33086.8
6727.899704958982,31707.6
6728.078960654739,31595.5
6728.258216350497,32100.2
6728.437472046254,31594.6
6728.616727742011,31924.9
6728.795983437768,31702.6
6728.975239133525,30970.4
6729.154494829283,31142.0
6729.33375052504,31368.3
6729.513006220797,30812.0
6729.692261916554,29984.3
6729.871517612312,30330.7
6730.050773308069,30599.0
6730.2300290038265,30376.3
6730.409284699584,29203.3
6730.588540395341,29808.7
6730.767796091099,28380.8
6730.947051786856,28513.6
6731.126307482613,27988.7
6731.30556317837,28032.6
6731.484818874127,28071.9
6731.664074569885,28202.3
6731.843330265642,28677.7
6732.022585961399,27926.8
6732.201841657156,27024.4
6732.381097352914,26986.1
6732.5603530486715,27274.2
6732.739608744429,26427.6
6732.918864440186,26207.1
6733.098120135943,26819.5
6733.277375831701,26383.4
6733.456631527458,25748.8
6733.635887223215,25634.3
6733.815142918972,24848.0
6733.99439861473,25016.3
6734.173654310487,25076.4
6734.352910006244,24881.8
6734.532165702001,25393.4
6734.711421397758,22793.3
