6485.3322832251,483548.0
6485.512591237555,488230.0
6485.69289925001,494350.0
6485.873207262465,494837.0
6486.05351527492,491617.0
6486.233823287375,488101.0
6486.414131299831,490648.0
6486.594439312285,499917.0
6486.774747324741,505927.0
6486.9550553371955,508802.0
6487.135363349651,514126.0
6487.3156713621065,515102.0
6487.495979374561,517910.0
6487.676287387017,523081.0
6487.856595399471,527194.0
6488.036903411927,532449.0
6488.217211424382,536500.0
6488.397519436837,535174.0
6488.577827449292,534941.0
6488.758135461748,530666.0
6488.938443474202,537110.0
6489.118751486658,550675.0
6489.299059499112,556416.0
6489.479367511568,558240.0
6489.659675524023,559466.0
6489.839983536478,559756.0
6490.0202915489335,562313.0
6490.200599561388,553248.0
6490.380907573844,544356.0
6490.561215586299,549532.0
6490.741523598754,563289.0
6490.921831611209,574057.0
6491.102139623664,582481.0
6491.282447636119,589909.0
6491.462755648575,593959.0
6491.643063661029,595284.0
6491.823371673485,596627.0
6492.0036796859395,605227.0
6492.183987698395,605144.0
6492.3642957108505,598000.0
6492.544603723305,591387.0
6492.7249117357605,592466.0
6492.905219748215,603559.0
6493.085527760671,616256.0
6493.265835773126,621890.0
6493.446143785581,623300.0
6493.626451798036,628418.0
6493.806759810491,634600.0
6493.987067822946,635608.0
6494.167375835402,636383.0
6494.347683847856,636669.0
6494.527991860312,639866.0
6494.708299872767,648581.0
6494.888607885222,654922.0
6495.0689158976775,651925.0
6495.249223910132,642356.0
6495.429531922588,633368.0
6495.609839935043,633311.0
6495.790147947498,646272.0
6495.970455959953,664623.0
6496.150763972408,673822.0
6496.331071984863,677853.0
6496.511379997319,685870.0
6496.691688009773,691180.0
6496.871996022229,691317.0
6497.052304034683,684397.0
6497.232612047139,685415.0
6497.412920059594,686688.0
6497.593228072049,691566.0
6497.7735360845045,700492.0
6497.953844096959,707180.0
6498.134152109415,713858.0
6498.31446012187,721254.0
6498.494768134325,722542.0
6498.67507614678,722297.0
6498.855384159235,722500.0
6499.03569217169,724526.0
6499.216000184146,726467.0
6499.3963081966,733973.0
6499.576616209056,741815.0
6499.75692422151,744000.0
6499.937232233966,744714.0
6500.117540246421,747173.0
6500.297848258876,750534.0
6500.4781562713315,750819.0
6500.658464283787,759314.0
6500.838772296242,765214.0
6501.019080308697,770019.0
6501.199388321152,774758.0
6501.379696333607,776831.0
6501.560004346063,778634.0
6501.740312358517,780801.0
6501.920620370973,781408.0
6502.100928383427,783372.0
6502.281236395883,788083.0
6502.461544408338,795233.0
6502.641852420793,799090.0
6502.822160433248,808501.0
6503.002468445703,812041.0
6503.1827764581585,811668.0
6503.363084470614,811169.0
6503.543392483069,808590.0
6503.723700495524,812297.0
6503.904008507979,817129.0
6504.084316520434,826973.0
6504.26462453289,834181.0
6504.444932545344,841818.0
6504.6252405578,847240.0
6504.805548570254,849750.0
6504.98585658271,854765.0
6505.166164595165,862722.0
6505.34647260762,866776.0
6505.526780620075,870000.0
6505.707088632531,876095.0
6505.8873966449855,867572.0
6506.067704657441,874909.0
6506.248012669896,877474.0
6506.428320682351,878051.0
6506.608628694807,883334.0
6506.788936707261,890896.0
6506.969244719717,895189.0
6507.149552732171,896636.0
6507.329860744627,897726.0
6507.510168757082,894920.0
6507.690476769537,896900.0
6507.870784781992,899581.0
6508.051092794447,900296.0
6508.2314008069025,896531.0
6508.411708819358,903747.0
6508.5920168318125,910893.0
6508.772324844268,921229.0
6508.952632856723,942511.0
6509.132940869178,950328.0
6509.313248881634,941886.0
6509.493556894088,940391.0
6509.673864906544,947729.0
6509.854172918998,954499.0
6510.034480931454,957447.0
6510.214788943909,965336.0
6510.395096956364,970732.0
6510.575404968819,970876.0
6510.755712981274,978356.0
6510.9360209937295,989332.0
6511.116329006185,988667.0
6511.29663701864,984216.0
6511.476945031095,978728.0
6511.657253043551,984587.0
6511.837561056005,993023.0
6512.017869068461,999439.0
6512.198177080915,1.01078e+06
6512.378485093371,1.01853e+06
6512.558793105826,1.02625e+06
6512.739101118281,1.03941e+06
6512.919409130736,1.04357e+06
6513.099717143191,1.03904e+06
6513.280025155646,1.0374e+06
6513.460333168102,1.04128e+06
6513.6406411805565,1.05457e+06
6513.820949193012,1.05821e+06
6514.001257205467,1.05402e+06
6514.181565217922,1.02659e+06
6514.361873230378,1.01175e+06
6514.542181242832,1.03068e+06
6514.722489255288,1.05373e+06
6514.902797267742,1.06896e+06
6515.083105280198,1.07138e+06
6515.263413292653,1.07111e+06
6515.443721305108,1.0752e+06
6515.624029317563,1.07266e+06
6515.804337330018,1.06401e+06
6515.984645342473,1.04063e+06
6516.164953354929,1.01422e+06
6516.3452613673835,1.01353e+06
6516.525569379839,1.04222e+06
6516.705877392294,1.07404e+06
6516.886185404749,1.09071e+06
6517.066493417205,1.10422e+06
6517.246801429659,1.12508e+06
6517.427109442115,1.12953e+06
6517.60741745457,1.13073e+06
6517.787725467025,1.12453e+06
6517.96803347948,1.13815e+06
6518.148341491935,1.15914e+06
6518.32864950439,1.15988e+06
6518.508957516846,1.15028e+06
6518.6892655293,1.14385e+06
6518.869573541756,1.13941e+06
6519.0498815542105,1.14123e+06
6519.230189566666,1.1526e+06
6519.4104975791215,1.17299e+06
6519.590805591576,1.19234e+06
6519.771113604032,1.19765e+06
6519.951421616486,1.19614e+06
6520.131729628942,1.20619e+06
6520.312037641397,1.20532e+06
6520.492345653852,1.19913e+06
6520.672653666307,1.20535e+06
6520.852961678762,1.20743e+06
6521.033269691217,1.21315e+06
6521.213577703673,1.22445e+06
6521.393885716127,1.22386e+06
6521.574193728583,1.21898e+06
6521.7545017410375,1.21061e+06
6521.934809753493,1.22019e+06
6522.1151177659485,1.23586e+06
6522.295425778403,1.22921e+06
6522.475733790859,1.2288e+06
6522.656041803313,1.23715e+06
6522.836349815769,1.22851e+06
6523.016657828224,1.22783e+06
6523.196965840679,1.22613e+06
6523.377273853134,1.21201e+06
6523.55758186559,1.21678e+06
6523.737889878044,1.23168e+06
6523.9181978905,1.25566e+06
6524.0985059029545,1.26961e+06
6524.27881391541,1.27311e+06
6524.459121927865,1.28793e+06
6524.63942994032,1.29345e+06
6524.8197379527755,1.28577e+06
6525.00004596523,1.28909e+06
6525.180353977686,1.29053e+06
6525.360661990141,1.29553e+06
6525.540970002596,1.2916e+06
6525.721278015051,1.30172e+06
6525.901586027506,1.31401e+06
6526.081894039961,1.32485e+06
6526.262202052417,1.32426e+06
6526.442510064871,1.32793e+06
6526.622818077327,1.33177e+06
6526.8031260897815,1.33577e+06
6526.983434102237,1.34355e+06
6527.1637421146925,1.34655e+06
6527.344050127147,1.35364e+06
6527.524358139603,1.3542e+06
6527.704666152057,1.3573e+06
6527.884974164513,1.36663e+06
6528.065282176968,1.38351e+06
6528.245590189423,1.37357e+06
6528.425898201878,1.37338e+06
6528.606206214334,1.37959e+06
6528.786514226788,1.38432e+06
6528.966822239244,1.39325e+06
6529.147130251698,1.401e+06
6529.327438264154,1.3999e+06
6529.507746276609,1.39084e+06
6529.688054289064,1.39952e+06
6529.8683623015195,1.41709e+06
6530.048670313974,1.41669e+06
6530.22897832643,1.40833e+06
6530.409286338885,1.40537e+06
6530.58959435134,1.41231e+06
6530.769902363795,1.42698e+06
6530.95021037625,1.43363e+06
6531.130518388705,1.43399e+06
6531.310826401161,1.43942e+06
6531.491134413615,1.44543e+06
6531.671442426071,1.43498e+06
6531.851750438525,1.40247e+06
6532.032058450981,1.39267e+06
6532.212366463436,1.42063e+06
6532.392674475891,1.45011e+06
6532.5729824883465,1.46119e+06
6532.753290500801,1.47451e+06
6532.933598513257,1.48394e+06
6533.113906525712,1.48218e+06
6533.294214538167,1.4798e+06
6533.474522550622,1.47703e+06
6533.654830563077,1.46978e+06
6533.835138575532,1.46601e+06
6534.015446587988,1.46886e+06
6534.195754600442,1.47749e+06
6534.376062612898,1.49123e+06
6534.556370625353,1.49636e+06
6534.736678637808,1.5017e+06
6534.916986650263,1.50691e+06
6535.097294662718,1.50713e+06
6535.2776026751735,1.51916e+06
6535.457910687629,1.52499e+06
6535.638218700084,1.51853e+06
6535.818526712539,1.51442e+06
6535.998834724994,1.51966e+06
6536.179142737449,1.52089e+06
6536.359450749905,1.5094e+06
6536.539758762359,1.51805e+06
6536.720066774815,1.53451e+06
6536.900374787269,1.54444e+06
6537.080682799725,1.55204e+06
6537.26099081218,1.55742e+06
6537.441298824635,1.55868e+06
6537.62160683709,1.56557e+06
6537.801914849545,1.56763e+06
6537.9822228620005,1.56665e+06
6538.162530874456,1.5715e+06
6538.342838886911,1.57477e+06
6538.523146899366,1.57739e+06
6538.703454911821,1.58037e+06
6538.883762924276,1.57781e+06
6539.064070936732,1.59039e+06
6539.244378949186,1.59379e+06
6539.424686961642,1.59254e+06
6539.604994974096,1.60343e+06
6539.785302986552,1.60321e+06
6539.965610999007,1.602e+06
6540.145919011462,1.60698e+06
6540.326227023917,1.60926e+06
6540.506535036373,1.6039e+06
6540.6868430488275,1.60196e+06
6540.867151061283,1.61096e+06
6541.047459073738,1.6211e+06
6541.227767086193,1.62218e+06
6541.408075098649,1.62071e+06
6541.588383111103,1.62009e+06
6541.768691123559,1.59775e+06
6541.948999136013,1.59019e+06
6542.129307148469,1.6011e+06
6542.309615160924,1.61062e+06
6542.489923173379,1.62207e+06
6542.670231185834,1.61929e+06
6542.850539198289,1.61959e+06
6543.0308472107445,1.61742e+06
6543.2111552232,1.59541e+06
6543.391463235655,1.56587e+06
6543.57177124811,1.5442e+06
6543.752079260565,1.55934e+06
6543.93238727302,1.60647e+06
6544.112695285476,1.6335e+06
6544.29300329793,1.63605e+06
6544.473311310386,1.63875e+06
6544.65361932284,1.63902e+06
6544.833927335296,1.63402e+06
6545.014235347751,1.63421e+06
6545.194543360206,1.63258e+06
6545.374851372661,1.6282e+06
6545.555159385116,1.63418e+06
6545.7354673975715,1.64802e+06
6545.915775410027,1.64982e+06
6546.096083422482,1.64948e+06
6546.276391434937,1.66146e+06
6546.456699447393,1.65824e+06
6546.637007459847,1.65441e+06
6546.817315472303,1.65138e+06
6546.997623484757,1.64493e+06
6547.177931497213,1.63206e+06
6547.358239509668,1.61914e+06
6547.538547522123,1.62251e+06
6547.718855534578,1.63403e+06
6547.899163547033,1.63653e+06
6548.079471559488,1.62732e+06
6548.259779571944,1.61443e+06
6548.4400875843985,1.61316e+06
6548.620395596854,1.63403e+06
6548.800703609309,1.64934e+06
6548.981011621764,1.64896e+06
6549.16131963422,1.66795e+06
6549.341627646674,1.6768e+06
6549.52193565913,1.66935e+06
6549.702243671584,1.66436e+06
6549.88255168404,1.65821e+06
6550.062859696495,1.66096e+06
6550.24316770895,1.65898e+06
6550.423475721405,1.65632e+06
6550.60378373386,1.66442e+06
6550.784091746315,1.67181e+06
6550.964399758771,1.67304e+06
6551.1447077712255,1.65803e+06
6551.325015783681,1.64824e+06
6551.5053237961365,1.65446e+06
6551.685631808591,1.64723e+06
6551.865939821047,1.63767e+06
6552.046247833501,1.61177e+06
6552.226555845957,1.59015e+06
6552.406863858412,1.58634e+06
6552.587171870867,1.60808e+06
6552.767479883322,1.64006e+06
6552.947787895777,1.64446e+06
6553.128095908232,1.63784e+06
6553.308403920688,1.6269e+06
6553.488711933142,1.61603e+06
6553.669019945598,1.61915e+06
6553.8493279580525,1.63144e+06
6554.029635970508,1.63174e+06
6554.2099439829635,1.63208e+06
6554.390251995418,1.64084e+06
6554.570560007874,1.63296e+06
6554.750868020328,1.61965e+06
6554.931176032784,1.61135e+06
6555.111484045239,1.61434e+06
6555.291792057694,1.62624e+06
6555.472100070149,1.62782e+06
6555.652408082604,1.6196e+06
6555.832716095059,1.62674e+06
6556.013024107515,1.63586e+06
6556.193332119969,1.64647e+06
6556.373640132425,1.64284e+06
6556.5539481448795,1.6237e+06
6556.734256157335,1.61594e+06
6556.9145641697905,1.62953e+06
6557.094872182245,1.65436e+06
6557.275180194701,1.68262e+06
6557.455488207155,1.69849e+06
6557.635796219611,1.70468e+06
6557.816104232066,1.71813e+06
6557.996412244521,1.75046e+06
6558.176720256976,1.80969e+06
6558.357028269432,1.85496e+06
6558.537336281886,1.90124e+06
6558.717644294342,1.9448e+06
6558.8979523067965,2.00338e+06
6559.078260319252,2.07158e+06
6559.2585683317075,2.13224e+06
6559.438876344162,2.19946e+06
6559.619184356618,2.31108e+06
6559.799492369072,2.42025e+06
6559.979800381528,2.50397e+06
6560.160108393983,2.5938e+06
6560.340416406438,2.69678e+06
6560.520724418893,2.82327e+06
6560.701032431348,2.96674e+06
6560.881340443803,3.09763e+06
6561.061648456259,3.22937e+06
6561.241956468713,3.34279e+06
6561.422264481169,3.40063e+06
6561.6025724936235,3.46196e+06
6561.782880506079,3.51381e+06
6561.9631885185345,3.56219e+06
6562.143496530989,3.56056e+06
6562.323804543445,3.48854e+06
6562.504112555899,3.39248e+06
6562.684420568355,3.31011e+06
6562.86472858081,3.2334e+06
6563.045036593265,3.16782e+06
6563.22534460572,3.14722e+06
6563.405652618176,3.1494e+06
6563.58596063063,3.12794e+06
6563.766268643086,3.13085e+06
6563.94657665554,3.22651e+06
6564.126884667996,3.37398e+06
6564.307192680451,3.49774e+06
6564.487500692906,3.56974e+06
6564.6678087053615,3.59374e+06
6564.848116717816,3.59152e+06
6565.028424730272,3.54816e+06
6565.208732742727,3.47102e+06
6565.389040755182,3.40863e+06
6565.569348767637,3.32963e+06
6565.749656780092,3.20198e+06
6565.929964792547,3.10235e+06
6566.110272805003,2.98623e+06
6566.290580817457,2.86406e+06
6566.470888829913,2.75162e+06
6566.651196842367,2.63114e+06
6566.831504854823,2.51831e+06
6567.011812867278,2.42106e+06
6567.192120879733,2.32563e+06
6567.3724288921885,2.23756e+06
6567.552736904643,2.17872e+06
6567.733044917099,2.12877e+06
6567.913352929554,2.06369e+06
6568.093660942009,1.99213e+06
6568.273968954464,1.93662e+06
6568.454276966919,1.89565e+06
6568.634584979374,1.86126e+06
6568.81489299183,1.85138e+06
6568.995201004284,1.83753e+06
6569.17550901674,1.8225e+06
6569.355817029195,1.81089e+06
6569.53612504165,1.7994e+06
6569.716433054105,1.77837e+06
6569.89674106656,1.77566e+06
6570.0770490790155,1.78723e+06
6570.257357091471,1.77698e+06
6570.437665103926,1.75487e+06
6570.617973116381,1.75675e+06
6570.798281128836,1.77254e+06
6570.978589141291,1.76926e+06
6571.158897153747,1.76115e+06
6571.339205166201,1.76387e+06
6571.519513178657,1.75041e+06
6571.699821191111,1.73578e+06
6571.880129203567,1.74363e+06
6572.060437216022,1.76787e+06
6572.240745228477,1.7989e+06
6572.421053240932,1.81061e+06
6572.601361253387,1.80928e+06
6572.7816692658425,1.81546e+06
6572.961977278298,1.81182e+06
6573.142285290753,1.82217e+06
6573.322593303208,1.82933e+06
6573.502901315663,1.84223e+06
6573.683209328118,1.85348e+06
6573.863517340574,1.86183e+06
6574.043825353028,1.85455e+06
6574.224133365484,1.82738e+06
6574.404441377939,1.79445e+06
6574.584749390394,1.78198e+06
6574.765057402849,1.81017e+06
6574.945365415304,1.85433e+06
6575.1256734277595,1.88925e+06
6575.305981440215,1.89433e+06
6575.48628945267,1.8863e+06
6575.666597465125,1.88523e+06
6575.84690547758,1.89233e+06
6576.027213490035,1.90295e+06
6576.207521502491,1.91928e+06
6576.387829514945,1.92623e+06
6576.568137527401,1.93012e+06
6576.748445539855,1.92458e+06
6576.928753552311,1.93392e+06
6577.109061564766,1.94416e+06
6577.289369577221,1.94771e+06
6577.469677589676,1.9427e+06
6577.649985602131,1.94205e+06
6577.8302936145865,1.95675e+06
6578.010601627042,1.9735e+06
6578.190909639497,1.98498e+06
6578.371217651952,1.98217e+06
6578.551525664407,1.97515e+06
6578.731833676862,1.97778e+06
6578.912141689318,1.97636e+06
6579.092449701772,1.9713e+06
6579.272757714228,1.97501e+06
6579.453065726682,1.99313e+06
6579.633373739138,2.01235e+06
6579.813681751593,2.01109e+06
6579.993989764048,2.0017e+06
6580.174297776503,1.98693e+06
6580.354605788958,1.98451e+06
6580.5349138014135,1.98232e+06
6580.715221813869,1.99012e+06
6580.895529826324,2.01049e+06
6581.075837838779,2.01354e+06
6581.256145851235,2.0264e+06
6581.436453863689,2.03256e+06
6581.616761876145,2.02399e+06
6581.797069888599,2.02395e+06
6581.977377901055,2.02442e+06
6582.15768591351,2.03027e+06
6582.337993925965,2.03494e+06
6582.51830193842,2.0379e+06
6582.698609950875,2.03868e+06
6582.87891796333,2.03219e+06
6583.059225975786,2.02126e+06
6583.2395339882405,2.02156e+06
6583.419842000696,2.04249e+06
6583.600150013151,2.0657e+06
6583.780458025606,2.06817e+06
6583.960766038062,2.05888e+06
6584.141074050516,2.06539e+06
6584.321382062972,2.07019e+06
6584.501690075426,2.0662e+06
6584.681998087882,2.0709e+06
6584.862306100337,2.05979e+06
6585.042614112792,2.05387e+06
6585.222922125247,2.06615e+06
6585.403230137702,2.06614e+06
6585.583538150157,2.07221e+06
6585.763846162613,2.08766e+06
6585.9441541750675,2.07123e+06
6586.124462187523,2.05518e+06
6586.3047701999785,2.05293e+06
6586.485078212433,2.05806e+06
6586.665386224889,2.06992e+06
6586.845694237343,2.08941e+06
6587.026002249799,2.10719e+06
6587.206310262254,2.1011e+06
6587.386618274709,2.09055e+06
6587.566926287164,2.09118e+06
6587.747234299619,2.10114e+06
6587.927542312074,2.10875e+06
6588.10785032453,2.10433e+06
6588.288158336984,2.0939e+06
6588.46846634944,2.08918e+06
6588.6487743618945,2.10333e+06
6588.82908237435,2.11376e+06
6589.0093903868055,2.12962e+06
6589.18969839926,2.14422e+06
6589.370006411716,2.12832e+06
6589.55031442417,2.12518e+06
6589.730622436626,2.11667e+06
6589.910930449081,2.11921e+06
6590.091238461536,2.12138e+06
6590.271546473991,2.12175e+06
6590.451854486446,2.11341e+06
6590.632162498901,2.1159e+06
6590.812470511357,2.12483e+06
6590.9927785238115,2.12817e+06
6591.173086536267,2.13161e+06
6591.353394548722,2.13091e+06
6591.533702561177,2.12774e+06
6591.714010573633,2.12682e+06
6591.894318586087,2.1212e+06
6592.074626598543,2.12214e+06
6592.254934610998,2.12938e+06
6592.435242623453,2.14551e+06
6592.615550635908,2.13988e+06
6592.795858648363,2.11794e+06
6592.976166660818,2.11553e+06
6593.156474673274,2.12607e+06
6593.336782685728,2.13645e+06
6593.517090698184,2.13978e+06
6593.6973987106385,2.13342e+06
6593.877706723094,2.12301e+06
6594.0580147355495,2.12187e+06
6594.238322748004,2.1172e+06
6594.41863076046,2.12613e+06
6594.598938772914,2.14552e+06
6594.77924678537,2.14788e+06
6594.959554797825,2.13854e+06
6595.13986281028,2.12448e+06
6595.320170822735,2.12744e+06
6595.50047883519,2.1461e+06
6595.680786847645,2.15221e+06
6595.861094860101,2.15164e+06
6596.041402872555,2.14455e+06
6596.221710885011,2.13624e+06
6596.4020188974655,2.13716e+06
6596.582326909921,2.14552e+06
6596.7626349223765,2.14772e+06
6596.942942934831,2.1455e+06
6597.123250947287,2.14147e+06
6597.303558959741,2.13929e+06
6597.483866972197,2.13663e+06
6597.664174984652,2.13008e+06
6597.844482997107,2.13261e+06
6598.024791009562,2.14762e+06
6598.205099022018,2.16166e+06
6598.385407034472,2.15362e+06
6598.565715046928,2.14255e+06
6598.746023059382,2.11838e+06
6598.926331071838,2.10787e+06
6599.106639084293,2.11221e+06
6599.286947096748,2.12371e+06
6599.4672551092035,2.12601e+06
6599.647563121658,2.13934e+06
6599.827871134114,2.13889e+06
6600.008179146569,2.1467e+06
6600.188487159024,2.14894e+06
6600.368795171479,2.1466e+06
6600.549103183934,2.14792e+06
6600.729411196389,2.14003e+06
6600.909719208845,2.12919e+06
6601.090027221299,2.14076e+06
6601.270335233755,2.137e+06
6601.450643246209,2.12726e+06
6601.630951258665,2.12944e+06
6601.81125927112,2.13686e+06
6601.991567283575,2.14484e+06
6602.1718752960305,2.13445e+06
6602.352183308485,2.12317e+06
6602.532491320941,2.12908e+06
6602.712799333396,2.14424e+06
6602.893107345851,2.15164e+06
6603.073415358306,2.14419e+06
6603.253723370761,2.13265e+06
6603.434031383216,2.12128e+06
6603.614339395672,2.11929e+06
6603.794647408126,2.13378e+06
6603.974955420582,2.14038e+06
6604.155263433037,2.13355e+06
6604.335571445492,2.13699e+06
6604.515879457947,2.13641e+06
6604.696187470402,2.13276e+06
6604.8764954828575,2.13986e+06
6605.056803495313,2.13677e+06
6605.237111507768,2.13053e+06
6605.417419520223,2.13236e+06
6605.597727532678,2.13979e+06
6605.778035545133,2.13755e+06
6605.958343557589,2.14904e+06
6606.138651570043,2.14677e+06
6606.318959582499,2.12822e+06
6606.499267594953,2.12209e+06
6606.679575607409,2.13221e+06
6606.859883619864,2.13548e+06
6607.040191632319,2.13253e+06
6607.2204996447745,2.13082e+06
6607.400807657229,2.13119e+06
6607.581115669685,2.14372e+06
6607.76142368214,2.14209e+06
6607.941731694595,2.13506e+06
6608.12203970705,2.12445e+06
6608.302347719505,2.12538e+06
6608.48265573196,2.12863e+06
6608.662963744416,2.13535e+06
6608.84327175687,2.13451e+06
6609.023579769326,2.11761e+06
6609.203887781781,2.12093e+06
6609.384195794236,2.12199e+06
6609.564503806691,2.12857e+06
6609.744811819146,2.14114e+06
6609.9251198316015,2.13203e+06
6610.105427844057,2.13479e+06
6610.285735856512,2.13385e+06
6610.466043868967,2.13386e+06
6610.646351881422,2.11899e+06
6610.826659893877,2.12004e+06
6611.006967906333,2.11989e+06
6611.187275918787,2.11961e+06
6611.367583931243,2.11781e+06
6611.547891943697,2.10769e+06
6611.728199956153,2.10804e+06
6611.908507968608,2.11058e+06
6612.088815981063,2.09873e+06
6612.269123993518,2.10341e+06
6612.449432005973,2.11388e+06
6612.6297400184285,2.10757e+06
6612.810048030884,2.1086e+06
6612.990356043339,2.11332e+06
6613.170664055794,2.1005e+06
6613.350972068249,2.10468e+06
6613.531280080704,2.1123e+06
6613.71158809316,2.11572e+06
6613.891896105614,2.10632e+06
6614.07220411807,2.09601e+06
6614.252512130524,2.09868e+06
6614.43282014298,2.09296e+06
6614.613128155435,2.09348e+06
6614.79343616789,2.08994e+06
6614.973744180345,2.08742e+06
6615.1540521928,2.09434e+06
6615.3343602052555,2.09055e+06
6615.514668217711,2.08304e+06
6615.694976230166,2.08509e+06
6615.875284242621,2.08921e+06
6616.055592255077,2.08446e+06
6616.235900267531,2.07961e+06
6616.416208279987,2.0765e+06
6616.596516292441,2.08194e+06
6616.776824304897,2.07071e+06
6616.957132317352,2.06879e+06
6617.137440329807,2.07504e+06
6617.317748342262,2.07282e+06
6617.498056354717,2.07165e+06
6617.678364367172,2.06928e+06
6617.858672379628,2.06771e+06
6618.0389803920825,2.05543e+06
6618.219288404538,2.05023e+06
6618.399596416993,2.04654e+06
6618.579904429448,2.05143e+06
6618.760212441904,2.05267e+06
6618.940520454358,2.05446e+06
6619.120828466814,2.05528e+06
6619.301136479268,2.05352e+06
6619.481444491724,2.04864e+06
6619.661752504179,2.05531e+06
6619.842060516634,2.05079e+06
6620.022368529089,2.05374e+06
6620.202676541544,2.05568e+06
6620.382984553999,2.05417e+06
6620.563292566455,2.03556e+06
6620.7436005789095,2.03674e+06
6620.923908591365,2.04223e+06
6621.1042166038205,2.04915e+06
6621.284524616275,2.0551e+06
6621.464832628731,2.0481e+06
6621.645140641185,2.04049e+06
6621.825448653641,2.03131e+06
6622.005756666096,2.03067e+06
6622.186064678551,2.03145e+06
6622.366372691006,2.01985e+06
6622.546680703461,2.0218e+06
6622.726988715916,2.02745e+06
6622.907296728372,2.03277e+06
6623.0876047408265,2.03381e+06
6623.267912753282,2.02646e+06
6623.448220765737,2.02249e+06
6623.628528778192,2.02738e+06
6623.808836790648,2.02991e+06
6623.989144803102,2.02781e+06
6624.169452815558,2.02275e+06
6624.349760828012,2.01327e+06
6624.530068840468,2.01632e+06
6624.710376852923,2.01074e+06
6624.890684865378,2.0217e+06
6625.070992877833,2.0183e+06
6625.251300890288,2.00849e+06
6625.431608902743,2.00664e+06
6625.611916915199,2.0173e+06
6625.7922249276535,1.98649e+06
6625.972532940109,1.97806e+06
6626.152840952564,1.99124e+06
6626.333148965019,1.99193e+06
6626.513456977475,1.99519e+06
6626.693764989929,1.99668e+06
6626.874073002385,1.99614e+06
6627.05438101484,2.00216e+06
6627.234689027295,1.99404e+06
6627.41499703975,1.97657e+06
6627.595305052205,1.97953e+06
6627.77561306466,1.97116e+06
6627.955921077116,1.974e+06
6628.13622908957,1.98522e+06
6628.316537102026,1.9903e+06
6628.4968451144805,1.97038e+06
6628.677153126936,1.95928e+06
6628.8574611393915,1.96482e+06
6629.037769151846,1.97601e+06
6629.218077164302,1.96916e+06
6629.398385176756,1.96439e+06
6629.578693189212,1.97283e+06
6629.759001201667,1.97183e+06
6629.939309214122,1.96002e+06
6630.119617226577,1.95174e+06
6630.299925239032,1.95638e+06
6630.480233251487,1.95725e+06
6630.660541263943,1.95316e+06
6630.840849276397,1.94915e+06
6631.021157288853,1.95021e+06
6631.2014653013075,1.95231e+06
6631.381773313763,1.95045e+06
6631.5620813262185,1.95202e+06
6631.742389338673,1.95391e+06
6631.922697351129,1.94899e+06
6632.103005363584,1.93093e+06
6632.283313376039,1.92499e+06
6632.463621388494,1.93617e+06
6632.643929400949,1.93864e+06
6632.824237413404,1.94173e+06
6633.00454542586,1.93853e+06
6633.184853438314,1.93099e+06
6633.36516145077,1.92471e+06
6633.545469463224,1.93966e+06
6633.72577747568,1.9388e+06
6633.906085488135,1.9237e+06
6634.08639350059,1.92319e+06
6634.2667015130455,1.92745e+06
6634.4470095255,1.92461e+06
6634.627317537956,1.91345e+06
6634.807625550411,1.90497e+06
6634.987933562866,1.9042e+06
6635.168241575321,1.90778e+06
6635.348549587776,1.9136e+06
6635.528857600231,1.91121e+06
6635.709165612687,1.89725e+06
6635.889473625141,1.8966e+06
6636.069781637597,1.89672e+06
6636.250089650051,1.89307e+06
6636.430397662507,1.88607e+06
6636.610705674962,1.88599e+06
6636.791013687417,1.89388e+06
6636.9713216998725,1.89786e+06
6637.151629712327,1.89087e+06
6637.331937724783,1.88325e+06
6637.512245737238,1.8902e+06
6637.692553749693,1.8769e+06
6637.872861762148,1.87431e+06
6638.053169774603,1.86873e+06
6638.233477787058,1.86464e+06
6638.413785799514,1.86533e+06
6638.594093811968,1.85263e+06
6638.774401824424,1.84739e+06
6638.954709836879,1.8574e+06
6639.135017849334,1.86908e+06
6639.3153258617895,1.86998e+06
6639.495633874244,1.86169e+06
6639.6759418867,1.84593e+06
6639.856249899155,1.84847e+06
6640.03655791161,1.8588e+06
6640.216865924065,1.85352e+06
6640.39717393652,1.84226e+06
6640.577481948975,1.83709e+06
6640.757789961431,1.83898e+06
6640.938097973885,1.83542e+06
6641.118405986341,1.83043e+06
6641.298713998795,1.83117e+06
6641.479022011251,1.84061e+06
6641.659330023706,1.84973e+06
6641.839638036161,1.8411e+06
6642.0199460486165,1.82907e+06
6642.200254061071,1.81183e+06
6642.380562073527,1.81323e+06
6642.560870085982,1.83325e+06
6642.741178098437,1.82716e+06
6642.921486110892,1.81649e+06
6643.101794123347,1.81324e+06
6643.282102135802,1.80327e+06
6643.462410148258,1.80212e+06
6643.642718160712,1.80737e+06
6643.823026173168,1.80561e+06
6644.003334185623,1.80841e+06
6644.183642198078,1.80366e+06
6644.363950210533,1.79962e+06
6644.544258222988,1.79949e+06
6644.7245662354435,1.80234e+06
6644.904874247899,1.79902e+06
6645.085182260354,1.79356e+06
6645.265490272809,1.79635e+06
6645.445798285264,1.78597e+06
6645.626106297719,1.77683e+06
6645.806414310175,1.76693e+06
6645.986722322629,1.77068e+06
6646.167030335085,1.76432e+06
6646.347338347539,1.76015e+06
6646.527646359995,1.76751e+06
6646.70795437245,1.76717e+06
6646.888262384905,1.76202e+06
6647.06857039736,1.76184e+06
6647.248878409815,1.75423e+06
6647.4291864222705,1.75759e+06
6647.609494434726,1.75306e+06
6647.789802447181,1.74831e+06
6647.970110459636,1.74141e+06
6648.150418472091,1.74476e+06
6648.330726484546,1.737e+06
6648.511034497002,1.73061e+06
6648.691342509456,1.74249e+06
6648.871650521912,1.74876e+06
6649.051958534366,1.73608e+06
6649.232266546822,1.72295e+06
6649.412574559277,1.72039e+06
6649.592882571732,1.72068e+06
6649.773190584187,1.71662e+06
6649.953498596643,1.71504e+06
6650.1338066090975,1.72222e+06
6650.314114621553,1.71756e+06
6650.494422634008,1.71289e+06
6650.674730646463,1.70988e+06
6650.855038658919,1.71002e+06
6651.035346671373,1.71445e+06
6651.215654683829,1.71345e+06
6651.395962696283,1.69767e+06
6651.576270708739,1.69815e+06
6651.756578721194,1.70644e+06
6651.936886733649,1.69584e+06
6652.117194746104,1.67379e+06
6652.297502758559,1.67928e+06
6652.477810771014,1.67909e+06
6652.65811878347,1.68139e+06
6652.8384267959245,1.68271e+06
6653.01873480838,1.67245e+06
6653.199042820835,1.66736e+06
6653.37935083329,1.67535e+06
6653.559658845746,1.68186e+06
6653.7399668582,1.67691e+06
6653.920274870656,1.65931e+06
6654.10058288311,1.65404e+06
6654.280890895566,1.65635e+06
6654.461198908021,1.64924e+06
6654.641506920476,1.64867e+06
6654.821814932931,1.64786e+06
6655.002122945387,1.65513e+06
6655.1824309578415,1.65081e+06
6655.362738970297,1.63056e+06
6655.543046982752,1.63774e+06
6655.723354995207,1.64345e+06
6655.9036630076625,1.63111e+06
6656.083971020117,1.62501e+06
6656.264279032573,1.63143e+06
6656.444587045027,1.62757e+06
6656.624895057483,1.61759e+06
6656.805203069938,1.61844e+06
6656.985511082393,1.61921e+06
6657.165819094848,1.61797e+06
6657.346127107303,1.61693e+06
6657.526435119758,1.61757e+06
6657.706743132214,1.60644e+06
6657.8870511446685,1.60913e+06
6658.067359157124,1.60969e+06
6658.247667169579,1.60194e+06
6658.427975182034,1.58806e+06
6658.60828319449,1.57382e+06
6658.788591206944,1.57637e+06
6658.9688992194,1.5809e+06
6659.149207231854,1.57741e+06
6659.32951524431,1.57586e+06
6659.509823256765,1.57832e+06
6659.69013126922,1.57031e+06
6659.870439281675,1.55783e+06
6660.05074729413,1.55462e+06
6660.231055306585,1.56802e+06
6660.411363319041,1.56832e+06
6660.5916713314955,1.56347e+06
6660.771979343951,1.56476e+06
6660.952287356406,1.55711e+06
6661.132595368861,1.54886e+06
6661.312903381317,1.54793e+06
6661.493211393771,1.54004e+06
6661.673519406227,1.53715e+06
6661.853827418682,1.53995e+06
6662.034135431137,1.53315e+06
6662.214443443592,1.53158e+06
6662.394751456047,1.53014e+06
6662.575059468502,1.53286e+06
6662.755367480958,1.52163e+06
6662.935675493412,1.51767e+06
6663.115983505868,1.51647e+06
6663.2962915183225,1.50582e+06
6663.476599530778,1.50258e+06
6663.6569075432335,1.50971e+06
6663.837215555688,1.50541e+06
6664.017523568144,1.50452e+06
6664.197831580598,1.50022e+06
6664.378139593054,1.49842e+06
6664.558447605509,1.50329e+06
6664.738755617964,1.49596e+06
6664.919063630419,1.48954e+06
6665.099371642874,1.47982e+06
6665.279679655329,1.47385e+06
6665.459987667785,1.46467e+06
6665.640295680239,1.45997e+06
6665.820603692695,1.46608e+06
6666.0009117051495,1.47066e+06
6666.181219717605,1.47072e+06
6666.3615277300605,1.46697e+06
6666.541835742515,1.46716e+06
6666.722143754971,1.45286e+06
6666.902451767426,1.45249e+06
6667.082759779881,1.45085e+06
6667.263067792336,1.44027e+06
6667.443375804791,1.44652e+06
6667.623683817246,1.43968e+06
6667.803991829702,1.43055e+06
6667.984299842156,1.43614e+06
6668.164607854612,1.43152e+06
6668.344915867066,1.43029e+06
6668.525223879522,1.42753e+06
6668.705531891977,1.4099e+06
6668.885839904432,1.40927e+06
6669.0661479168875,1.40729e+06
6669.246455929342,1.40703e+06
6669.426763941798,1.41112e+06
6669.607071954253,1.40497e+06
6669.787379966708,1.39962e+06
6669.967687979163,1.39442e+06
6670.147995991618,1.39786e+06
6670.328304004073,1.39842e+06
6670.508612016529,1.38961e+06
6670.688920028983,1.3753e+06
6670.869228041439,1.37544e+06
6671.0495360538935,1.38544e+06
6671.229844066349,1.38686e+06
6671.4101520788045,1.38071e+06
6671.590460091259,1.36718e+06
6671.7707681037145,1.35797e+06
6671.951076116169,1.351e+06
6672.131384128625,1.34676e+06
6672.31169214108,1.34999e+06
6672.492000153535,1.35504e+06
6672.67230816599,1.34568e+06
6672.852616178445,1.34372e+06
6673.0329241909,1.34813e+06
6673.213232203356,1.34217e+06
6673.39354021581,1.33449e+06
6673.573848228266,1.32057e+06
6673.754156240721,1.3181e+06
6673.934464253176,1.31844e+06
6674.1147722656315,1.3192e+06
6674.295080278086,1.32858e+06
6674.475388290542,1.32763e+06
6674.655696302997,1.30983e+06
6674.836004315452,1.30444e+06
6675.016312327907,1.31031e+06
6675.196620340362,1.30326e+06
6675.376928352817,1.29065e+06
6675.557236365273,1.28394e+06
6675.737544377727,1.28565e+06
6675.917852390183,1.28678e+06
6676.098160402637,1.28342e+06
6676.278468415093,1.28649e+06
6676.458776427548,1.2713e+06
6676.639084440003,1.26284e+06
6676.8193924524585,1.25688e+06
6676.999700464913,1.25351e+06
6677.180008477369,1.24872e+06
6677.360316489824,1.24715e+06
6677.540624502279,1.25048e+06
6677.720932514734,1.24361e+06
6677.90124052719,1.2361e+06
6678.081548539644,1.23221e+06
6678.2618565521,1.2241e+06
6678.442164564554,1.2235e+06
6678.62247257701,1.22171e+06
6678.802780589465,1.22283e+06
6678.98308860192,1.22311e+06
6679.163396614375,1.21504e+06
6679.34370462683,1.20753e+06
6679.5240126392855,1.20099e+06
6679.704320651741,1.20068e+06
6679.884628664196,1.19193e+06
6680.064936676651,1.18441e+06
6680.245244689106,1.18407e+06
6680.425552701561,1.19547e+06
6680.605860714017,1.19286e+06
6680.786168726471,1.18634e+06
6680.966476738927,1.1863e+06
6681.146784751381,1.18421e+06
6681.327092763837,1.17776e+06
6681.507400776292,1.17692e+06
6681.687708788747,1.1775e+06
6681.868016801202,1.16955e+06
6682.048324813657,1.15487e+06
6682.2286328261125,1.15353e+06
6682.408940838568,1.15907e+06
6682.589248851023,1.15967e+06
6682.769556863478,1.15599e+06
6682.949864875933,1.15626e+06
6683.130172888388,1.16107e+06
6683.310480900844,1.15404e+06
6683.490788913298,1.14143e+06
6683.671096925754,1.13933e+06
6683.851404938208,1.14476e+06
6684.031712950664,1.14393e+06
6684.212020963119,1.1398e+06
6684.392328975574,1.14228e+06
6684.572636988029,1.13896e+06
6684.752945000485,1.12743e+06
6684.9332530129395,1.11853e+06
6685.113561025395,1.11663e+06
6685.29386903785,1.1123e+06
6685.474177050305,1.11319e+06
6685.654485062761,1.11012e+06
6685.834793075215,1.10453e+06
6686.015101087671,1.10763e+06
6686.195409100125,1.10816e+06
6686.375717112581,1.09803e+06
6686.556025125036,1.09199e+06
6686.736333137491,1.09672e+06
6686.916641149946,1.08736e+06
6687.096949162401,1.08007e+06
6687.2772571748565,1.08031e+06
6687.457565187312,1.08344e+06
6687.637873199767,1.08931e+06
6687.818181212222,1.07458e+06
6687.998489224677,1.06147e+06
6688.178797237132,1.0575e+06
6688.359105249588,1.05814e+06
6688.539413262042,1.05416e+06
6688.719721274498,1.05361e+06
6688.900029286952,1.05122e+06
6689.080337299408,1.04976e+06
6689.260645311863,1.04624e+06
6689.440953324318,1.04166e+06
6689.621261336773,1.0369e+06
6689.801569349229,1.03317e+06
6689.9818773616835,1.02291e+06
6690.162185374139,1.02569e+06
6690.342493386594,1.0266e+06
6690.522801399049,1.01764e+06
6690.703109411505,1.01269e+06
6690.883417423959,1.00883e+06
6691.063725436415,1.00657e+06
6691.244033448869,1.00483e+06
6691.424341461325,1.00125e+06
6691.60464947378,995175.0
6691.784957486235,989916.0
6691.96526549869,996441.0
6692.145573511145,992704.0
6692.3258815236,992176.0
6692.506189536056,981274.0
6692.6864975485105,974965.0
6692.866805560966,972927.0
6693.047113573421,972443.0
6693.227421585876,974408.0
6693.407729598332,964563.0
6693.588037610786,964735.0
6693.768345623242,958934.0
6693.948653635696,957391.0
6694.128961648152,953530.0
6694.309269660607,946084.0
6694.489577673062,939283.0
6694.669885685517,941021.0
6694.850193697972,939118.0
6695.030501710427,931610.0
6695.210809722883,919594.0
6695.3911177353375,921726.0
6695.571425747793,920606.0
6695.751733760248,920810.0
6695.932041772703,913819.0
6696.112349785159,911566.0
6696.292657797613,912427.0
6696.472965810069,906543.0
6696.653273822524,904785.0
6696.833581834979,901054.0
6697.013889847434,896638.0
6697.194197859889,897647.0
6697.374505872344,889367.0
6697.5548138848,880875.0
6697.735121897254,878228.0
6697.91542990971,874818.0
6698.0957379221645,876951.0
6698.27604593462,875710.0
6698.4563539470755,867899.0
6698.63666195953,864300.0
6698.816969971986,858134.0
6698.99727798444,855072.0
6699.177585996896,856689.0
6699.357894009351,849758.0
6699.538202021806,843175.0
6699.718510034261,836850.0
6699.898818046716,834494.0
6700.079126059171,833071.0
6700.259434071627,829877.0
6700.439742084081,820666.0
6700.620050096537,818914.0
6700.8003581089915,817765.0
6700.980666121447,819531.0
6701.1609741339025,815348.0
6701.341282146357,807713.0
6701.521590158813,807796.0
6701.701898171268,803544.0
6701.882206183723,798143.0
6702.062514196178,795530.0
6702.242822208633,792363.0
6702.423130221088,790177.0
6702.603438233544,784514.0
6702.783746245998,780450.0
6702.964054258454,777374.0
6703.1443622709085,775077.0
6703.324670283364,770165.0
6703.5049782958195,767893.0
6703.685286308274,766696.0
6703.8655943207295,759775.0
6704.045902333184,757972.0
6704.22621034564,752893.0
6704.406518358095,747080.0
6704.58682637055,744658.0
6704.767134383005,742185.0
6704.94744239546,742574.0
6705.127750407915,735768.0
6705.308058420371,725357.0
6705.488366432825,718012.0
6705.668674445281,716791.0
6705.8489824577355,718566.0
6706.029290470191,719224.0
6706.2095984826465,720997.0
6706.389906495101,711747.0
6706.570214507557,702331.0
6706.750522520011,702566.0
6706.930830532467,705228.0
6707.111138544922,701102.0
6707.291446557377,696002.0
6707.471754569832,692464.0
6707.652062582288,685476.0
6707.832370594742,687989.0
6708.012678607198,684779.0
6708.192986619652,674149.0
6708.373294632108,672078.0
6708.553602644563,673814.0
6708.733910657018,667931.0
6708.9142186694735,658907.0
6709.094526681928,658623.0
6709.274834694384,658821.0
6709.455142706839,657879.0
6709.635450719294,652806.0
6709.815758731749,647197.0
6709.996066744204,642097.0
6710.176374756659,641958.0
6710.356682769115,639251.0
6710.536990781569,632072.0
6710.717298794025,628611.0
6710.897606806479,626808.0
6711.077914818935,621781.0
6711.25822283139,620594.0
6711.438530843845,617963.0
6711.6188388563005,614520.0
6711.799146868755,610058.0
6711.979454881211,602982.0
6712.159762893666,605890.0
6712.340070906121,598905.0
6712.520378918576,593730.0
6712.700686931032,588152.0
6712.880994943486,585279.0
6713.061302955942,586876.0
6713.241610968396,585525.0
6713.421918980852,581145.0
6713.602226993307,573519.0
6713.782535005762,571453.0
6713.962843018217,569329.0
6714.143151030672,566610.0
6714.3234590431275,558781.0
6714.503767055583,555369.0
6714.684075068038,553816.0
6714.864383080493,556797.0
6715.044691092948,552032.0
6715.224999105403,545444.0
6715.405307117859,543352.0
6715.585615130313,547724.0
6715.765923142769,544447.0
6715.946231155223,535648.0
6716.126539167679,531239.0
6716.306847180134,531578.0
6716.487155192589,528159.0
6716.667463205044,522474.0
6716.847771217499,519578.0
6717.0280792299545,515037.0
6717.20838724241,511419.0
6717.388695254865,508388.0
6717.56900326732,505898.0
6717.749311279775,507270.0
6717.92961929223,509655.0
6718.109927304686,502257.0
6718.29023531714,496390.0
6718.470543329596,496671.0
6718.65085134205,496806.0
6718.831159354506,491564.0
6719.011467366961,487400.0
6719.191775379416,485758.0
6719.3720833918715,486680.0
6719.552391404327,478817.0
6719.7326994167815,471495.0
6719.913007429237,467633.0
6720.093315441692,464302.0
6720.273623454147,464176.0
6720.453931466603,462102.0
6720.634239479057,458949.0
6720.814547491513,451179.0
6720.994855503967,450123.0
6721.175163516423,449419.0
6721.355471528878,450002.0
6721.535779541333,444510.0
6721.716087553788,441734.0
6721.896395566243,441126.0
6722.0767035786985,436718.0
6722.257011591154,432104.0
6722.437319603609,431224.0
6722.617627616064,427130.0
6722.797935628519,420134.0
6722.978243640974,420970.0
6723.15855165343,420492.0
6723.338859665884,419196.0
6723.51916767834,410170.0
6723.699475690794,406777.0
6723.87978370325,409550.0
6724.060091715705,405777.0
6724.24039972816,402990.0
6724.420707740615,400624.0
6724.601015753071,399167.0
6724.7813237655255,394489.0
6724.961631777981,393164.0
6725.141939790436,390395.0
6725.322247802891,384400.0
6725.502555815347,384098.0
6725.682863827801,380704.0
6725.863171840257,375073.0
6726.043479852711,373562.0
6726.223787865167,372994.0
6726.404095877622,367349.0
6726.584403890077,369381.0
6726.764711902532,369053.0
6726.945019914987,362955.0
6727.125327927442,359226.0
6727.305635939898,355576.0
6727.4859439523525,358206.0
6727.666251964808,358785.0
6727.846559977263,351835.0
6728.026867989718,351276.0
6728.207176002174,349525.0
6728.387484014628,345756.0
6728.567792027084,343621.0
6728.748100039538,343941.0
6728.928408051994,339237.0
6729.108716064449,337133.0
6729.289024076904,333235.0
6729.469332089359,329332.0
6729.649640101814,326273.0
6729.829948114269,322355.0
6730.010256126725,323336.0
6730.1905641391795,321458.0
6730.370872151635,319968.0
6730.5511801640905,317548.0
6730.731488176545,316215.0
6730.911796189001,313369.0
6731.092104201455,309500.0
6731.272412213911,306092.0
6731.452720226366,303889.0
6731.633028238821,300195.0
6731.813336251276,298290.0
6731.993644263731,296467.0
6732.173952276186,296055.0
6732.354260288642,294490.0
6732.534568301096,291453.0
6732.714876313552,287869.0
6732.8951843260065,264814.0
