7607.4476843208,3622.24
7607.65745754267,3157.24
7607.867230764541,3167.22
7608.077003986411,2681.94
7608.286777208281,2618.5
7608.496550430151,3676.82
7608.706323652022,4487.09
7608.916096873892,3922.06
7609.1258700957615,2708.93
7609.335643317632,1992.08
7609.545416539502,1912.69
7609.755189761372,2460.62
7609.964962983242,2536.42
7610.174736205113,2298.88
7610.384509426983,2622.39
7610.594282648853,3204.36
7610.8040558707235,3927.23
7611.013829092593,5635.78
7611.223602314463,6775.24
7611.433375536333,7178.09
7611.643148758204,6318.15
7611.852921980074,4596.36
7612.062695201944,2944.0
7612.272468423815,2836.52
7612.482241645685,3911.04
7612.6920148675545,3717.42
7612.901788089424,3628.15
7613.111561311295,3298.56
7613.321334533165,4344.93
7613.531107755035,6501.43
7613.740880976906,8031.02
7613.950654198776,9552.93
7614.160427420646,10816.7
7614.370200642516,9846.29
7614.579973864386,8610.85
7614.789747086256,7426.52
7614.999520308126,5530.63
7615.209293529997,4993.4
7615.419066751867,5415.86
7615.628839973737,6361.24
7615.838613195607,7519.63
7616.048386417478,8072.46
7616.2581596393475,8743.26
7616.467932861217,9996.88
7616.677706083088,12100.7
7616.887479304958,14817.4
7617.097252526828,16326.2
7617.307025748698,16502.7
7617.516798970569,16376.1
7617.726572192439,16328.2
7617.936345414309,16375.1
7618.146118636179,16457.2
7618.355891858049,16394.1
7618.565665079919,16866.5
7618.775438301789,17653.7
7618.98521152366,17180.5
7619.19498474553,16756.8
7619.4047579674,16407.5
7619.614531189271,15287.8
7619.8243044111405,15147.1
7620.03407763301,15044.8
7620.24385085488,13587.8
7620.453624076751,11072.8
7620.663397298621,8526.54
7620.873170520491,7102.04
7621.082943742362,7218.94
7621.292716964232,8669.75
7621.502490186102,11220.4
7621.7122634079715,13811.5
7621.922036629842,14745.6
7622.131809851712,15284.7
7622.341583073582,14617.4
7622.551356295453,12848.5
7622.761129517323,10561.4
7622.970902739193,7977.97
7623.180675961063,6338.12
7623.3904491829335,6102.95
7623.600222404803,5974.06
7623.809995626673,6901.44
7624.019768848544,6193.0
7624.229542070414,5469.66
7624.439315292284,5102.27
7624.649088514155,6140.98
7624.858861736025,8295.94
7625.068634957895,10811.6
7625.2784081797645,13580.1
7625.488181401635,14593.2
7625.697954623505,14857.2
7625.907727845375,15160.8
7626.117501067246,14235.3
7626.327274289116,11909.7
7626.537047510986,8808.18
7626.746820732856,6495.57
7626.9565939547265,5352.65
7627.166367176596,4566.4
7627.376140398466,5151.67
7627.585913620337,5750.71
7627.795686842207,4839.19
7628.005460064077,4852.71
7628.215233285947,5023.61
7628.425006507818,6481.81
7628.634779729688,9562.57
7628.8445529515575,12637.9
7629.054326173428,14997.3
7629.264099395298,15274.6
7629.473872617168,15369.4
7629.683645839038,16043.4
7629.893419060909,15052.4
7630.103192282779,13461.9
7630.312965504649,11223.4
7630.5227387265195,8351.86
7630.732511948389,6208.24
7630.942285170259,4957.99
7631.152058392129,4717.41
7631.361831614,5425.75
7631.57160483587,5937.21
7631.78137805774,5217.88
7631.991151279611,4899.25
7632.200924501481,5847.22
7632.4106977233505,7223.88
7632.62047094522,9556.22
7632.830244167091,13330.8
7633.040017388961,16254.8
7633.249790610831,17906.9
7633.459563832702,18041.6
7633.669337054572,17570.1
7633.879110276442,17170.1
7634.088883498312,16152.0
7634.298656720182,14497.3
7634.508429942052,12046.1
7634.718203163922,8823.88
7634.927976385793,6548.93
7635.137749607663,4902.79
7635.347522829533,4703.41
7635.557296051403,4719.75
7635.767069273274,5330.97
7635.9768424951435,6041.27
7636.186615717013,6242.76
7636.396388938884,6894.48
7636.606162160754,9276.45
7636.815935382624,12281.6
7637.025708604494,13943.2
7637.235481826365,17417.9
7637.445255048235,19358.1
7637.655028270105,19871.4
7637.864801491975,20396.0
7638.074574713845,19988.1
7638.284347935715,19026.9
7638.494121157585,17728.5
7638.703894379456,15061.5
7638.913667601326,12989.0
7639.123440823196,10347.6
7639.333214045067,7752.44
7639.5429872669365,6359.71
7639.752760488806,6527.38
7639.962533710676,6183.04
7640.172306932547,5950.06
7640.382080154417,6144.31
7640.591853376287,6083.6
7640.801626598158,8424.33
7641.011399820028,11575.7
7641.221173041898,14822.5
7641.4309462637675,17626.2
7641.640719485638,19900.7
7641.850492707508,21079.8
7642.060265929378,21740.6
7642.270039151249,22004.1
7642.479812373119,22005.7
7642.689585594989,22455.6
7642.899358816859,21828.5
7643.1091320387295,20350.5
7643.318905260599,18017.3
7643.528678482469,14688.3
7643.73845170434,12169.7
7643.94822492621,10102.0
7644.15799814808,8777.03
7644.36777136995,8129.89
7644.577544591821,7356.7
7644.787317813691,7693.24
7644.9970910355605,8402.05
7645.206864257431,9355.05
7645.416637479301,11820.0
7645.626410701171,14748.0
7645.836183923041,17259.1
7646.045957144912,20178.3
7646.255730366782,22211.3
7646.465503588652,23529.8
7646.6752768105225,25161.2
7646.885050032392,25119.2
7647.094823254262,25839.0
7647.304596476132,24346.3
7647.514369698003,24313.3
7647.724142919873,24271.6
7647.933916141743,22683.5
7648.143689363614,20070.7
7648.353462585484,17682.2
7648.5632358073535,15192.7
7648.773009029223,12567.4
7648.982782251094,11693.6
7649.192555472964,10605.8
7649.402328694834,10735.1
7649.612101916705,10951.1
7649.821875138575,11629.2
7650.031648360445,12626.5
7650.241421582315,14032.8
7650.451194804185,16979.4
7650.660968026055,20733.1
7650.870741247925,23439.5
7651.080514469796,25438.0
7651.290287691666,26324.8
7651.500060913536,26369.4
7651.709834135406,27901.0
7651.919607357277,28026.0
7652.1293805791465,27550.8
7652.339153801016,27234.7
7652.548927022887,26941.4
7652.758700244757,26712.9
7652.968473466627,25715.6
7653.178246688497,23666.2
7653.388019910368,20671.8
7653.597793132238,18551.5
7653.807566354108,16604.6
7654.017339575978,14813.0
7654.227112797848,14074.4
7654.436886019718,13969.2
7654.646659241588,13702.5
7654.856432463459,14517.9
7655.066205685329,16087.5
7655.275978907199,16940.5
7655.48575212907,20239.2
7655.6955253509395,23658.9
7655.905298572809,25233.0
7656.11507179468,27327.1
7656.32484501655,28577.7
7656.53461823842,29155.0
7656.74439146029,29926.2
7656.954164682161,29858.2
7657.163937904031,29091.9
7657.373711125901,29432.4
7657.583484347771,30362.8
7657.793257569641,29931.7
7658.003030791511,29656.2
7658.212804013381,30053.4
7658.422577235252,28039.3
7658.632350457122,25583.3
7658.842123678992,23196.0
7659.051896900863,20649.8
7659.2616701227325,18369.5
7659.471443344602,16949.6
7659.681216566472,17510.8
7659.890989788343,18135.9
7660.100763010213,19010.0
7660.310536232083,20021.7
7660.520309453954,20689.8
7660.730082675824,22931.3
7660.939855897694,26105.7
7661.1496291195635,28425.0
7661.359402341434,29692.8
7661.569175563304,30882.7
7661.778948785174,31646.4
7661.988722007045,31156.0
7662.198495228915,31404.1
7662.408268450785,31533.5
7662.618041672655,32309.5
7662.8278148945255,32474.5
7663.037588116395,32975.6
7663.247361338265,33213.4
7663.457134560136,31902.7
7663.666907782006,31034.0
7663.876681003876,30200.6
7664.086454225746,27630.9
7664.296227447617,26033.8
7664.506000669487,23836.7
7664.715773891357,22218.7
7664.925547113227,21880.3
7665.135320335097,22069.8
7665.345093556967,22401.0
7665.554866778837,23035.5
7665.764640000708,23531.7
7665.974413222578,23912.2
7666.184186444448,25442.3
7666.393959666319,28040.1
7666.6037328881885,30192.3
7666.813506110058,32286.5
7667.023279331928,33608.7
7667.233052553799,33453.3
7667.442825775669,33744.0
7667.652598997539,33053.6
7667.86237221941,32933.2
7668.07214544128,34075.4
7668.28191866315,34065.6
7668.4916918850195,33792.5
7668.70146510689,34590.8
7668.91123832876,34712.5
7669.12101155063,35036.9
7669.330784772501,34384.7
7669.540557994371,33419.9
7669.750331216241,31687.0
7669.960104438111,29906.5
7670.1698776599815,28650.6
7670.379650881851,27201.3
7670.589424103721,26508.9
7670.799197325592,26698.7
7671.008970547462,26451.5
7671.218743769332,26233.6
7671.428516991202,26885.4
7671.638290213073,27966.7
7671.848063434943,28895.4
7672.0578366568125,29864.2
7672.267609878683,31698.8
7672.477383100553,33808.1
7672.687156322423,34784.0
7672.896929544293,35013.5
7673.106702766164,35566.0
7673.316475988034,36157.2
7673.526249209904,36031.3
7673.7360224317745,35458.3
7673.945795653644,35144.8
7674.155568875514,35117.9
7674.365342097384,35376.3
7674.575115319255,36081.0
7674.784888541125,36492.7
7674.994661762995,35912.4
7675.204434984866,35631.4
7675.414208206736,35443.4
7675.6239814286055,34074.0
7675.833754650475,32656.0
7676.043527872346,32189.0
7676.253301094216,31603.1
7676.463074316086,30839.9
7676.672847537957,30358.7
7676.882620759827,30096.2
7677.092393981697,29694.7
7677.302167203567,29654.3
7677.511940425437,30574.7
7677.721713647307,31408.1
7677.931486869177,33090.7
7678.141260091048,34533.6
7678.351033312918,34998.0
7678.560806534788,35840.9
7678.770579756658,36811.6
7678.980352978529,37149.2
7679.1901262003985,37364.3
7679.399899422268,37197.9
7679.609672644139,36130.4
7679.819445866009,36236.8
7680.029219087879,37166.5
7680.238992309749,37334.6
7680.44876553162,37680.6
7680.65853875349,36932.2
7680.86831197536,36352.8
7681.07808519723,36496.0
7681.2878584191,36430.4
7681.49763164097,36377.8
7681.70740486284,35830.7
7681.917178084711,35908.7
7682.126951306581,35167.6
7682.336724528451,35567.0
7682.546497750322,34210.7
7682.7562709721915,33849.2
7682.966044194061,34066.0
7683.175817415931,33254.9
7683.385590637802,32924.4
7683.595363859672,33688.2
7683.805137081542,34495.0
7684.014910303413,35040.3
7684.224683525283,35850.2
7684.434456747153,36726.3
7684.6442299690225,37072.9
7684.854003190893,38133.1
7685.063776412763,37820.7
7685.273549634633,38016.6
7685.483322856504,37870.9
7685.693096078374,38272.0
7685.902869300244,38376.2
7686.112642522114,38112.0
7686.3224157439845,37972.5
7686.532188965854,37682.2
7686.741962187724,37701.2
7686.951735409595,38032.3
7687.161508631465,37964.5
7687.371281853335,38199.2
7687.581055075205,38505.5
7687.790828297076,38475.5
7688.000601518946,39089.2
7688.2103747408155,38925.7
7688.420147962686,37873.5
7688.629921184556,37289.8
7688.839694406426,36619.1
7689.049467628296,36409.3
7689.259240850167,35986.3
7689.469014072037,34808.8
7689.678787293907,35134.7
7689.8885605157775,36124.2
7690.098333737647,35911.4
7690.308106959517,37053.0
7690.517880181387,38123.0
7690.727653403258,38005.2
7690.937426625128,38144.3
7691.147199846998,38694.7
7691.356973068869,38203.2
7691.566746290739,38742.5
7691.7765195126085,39377.6
7691.986292734479,39125.4
7692.196065956349,39245.2
7692.405839178219,39888.4
7692.615612400089,39527.2
7692.82538562196,38348.1
7693.03515884383,38419.4
7693.2449320657,39246.8
7693.4547052875705,38549.6
7693.66447850944,38371.1
7693.87425173131,39502.3
7694.08402495318,38790.8
7694.293798175051,39276.5
7694.503571396921,39549.1
7694.713344618791,40145.3
7694.923117840662,40042.4
7695.132891062532,39787.3
7695.3426642844015,38716.4
7695.552437506271,38310.7
7695.762210728142,38081.3
7695.971983950012,37930.6
7696.181757171882,38617.9
7696.391530393753,37711.4
7696.601303615623,37843.7
7696.811076837493,38249.6
7697.020850059363,37662.4
7697.230623281233,38867.0
7697.440396503103,39176.1
7697.650169724973,39204.4
7697.859942946844,39110.1
7698.069716168714,38616.7
7698.279489390584,39211.4
7698.489262612454,39305.2
7698.699035834325,39161.3
7698.9088090561945,39243.1
7699.118582278064,39621.9
7699.328355499935,40211.1
7699.538128721805,39952.1
7699.747901943675,39802.0
7699.957675165545,39896.1
7700.167448387416,39581.8
7700.377221609286,39338.5
7700.586994831156,38837.4
7700.796768053026,39830.6
7701.006541274896,40090.4
7701.216314496766,40761.7
7701.426087718636,40213.3
7701.635860940507,40496.5
7701.845634162377,40038.4
7702.055407384247,39710.8
7702.265180606118,39551.8
7702.4749538279875,39560.1
7702.684727049857,39606.1
7702.894500271727,39127.2
7703.104273493598,39302.8
7703.314046715468,38608.5
7703.523819937338,38889.8
7703.733593159209,40642.0
7703.943366381079,40348.3
7704.153139602949,39952.2
7704.3629128248185,39836.0
7704.572686046689,40085.1
7704.782459268559,39816.7
7704.992232490429,39358.9
7705.2020057123,39652.5
7705.41177893417,39874.9
7705.62155215604,40287.0
7705.83132537791,41281.1
7706.0410985997805,41348.3
7706.25087182165,40794.9
7706.46064504352,41119.7
7706.670418265391,40912.3
7706.880191487261,39856.7
7707.089964709131,39604.6
7707.299737931001,39599.2
7707.509511152872,40417.2
7707.719284374742,39924.0
7707.9290575966115,40085.9
7708.138830818482,40048.6
7708.348604040352,41117.8
7708.558377262222,39954.8
7708.768150484092,39995.1
7708.977923705963,40032.7
7709.187696927833,40164.2
7709.397470149703,40010.4
7709.6072433715735,39856.7
7709.817016593443,40004.2
7710.026789815313,40636.0
7710.236563037183,40702.2
7710.446336259054,39690.8
7710.656109480924,39658.5
7710.865882702794,40089.4
7711.075655924665,40433.9
7711.285429146535,40647.2
7711.4952023684045,39883.9
7711.704975590274,40251.2
7711.914748812145,40258.1
7712.124522034015,39553.5
7712.334295255885,41143.4
7712.544068477756,40576.6
7712.753841699626,40664.0
7712.963614921496,40166.4
7713.173388143366,41396.9
7713.383161365236,42002.7
7713.592934587106,40469.7
7713.802707808976,40263.6
7714.012481030847,40245.6
7714.222254252717,39845.7
7714.432027474587,40114.0
7714.641800696457,40507.7
7714.851573918328,40563.8
7715.0613471401975,40438.0
7715.271120362067,41234.4
7715.480893583938,40207.3
7715.690666805808,40140.2
7715.900440027678,40626.1
7716.110213249548,40220.4
7716.319986471419,40257.2
7716.529759693289,39911.6
7716.739532915159,40303.6
7716.949306137029,40011.7
7717.159079358899,39794.8
7717.368852580769,39548.1
7717.578625802639,39881.9
7717.78839902451,40112.7
7717.99817224638,40527.2
7718.20794546825,41029.4
7718.417718690121,41496.8
7718.627491911991,41482.0
7718.8372651338605,41166.7
7719.04703835573,40834.1
7719.256811577601,40248.8
7719.466584799471,39884.2
7719.676358021341,39813.4
7719.886131243212,39827.6
7720.095904465082,40117.6
7720.305677686952,40837.6
7720.515450908822,39768.5
7720.725224130692,40177.1
7720.934997352562,40738.2
7721.144770574432,40546.4
7721.354543796303,39842.5
7721.564317018173,40402.2
7721.774090240043,40833.1
7721.983863461914,40046.8
7722.193636683784,40185.5
7722.4034099056535,40170.1
7722.613183127523,40170.8
7722.822956349394,39520.8
7723.032729571264,38779.4
7723.242502793134,39296.0
7723.452276015005,40070.7
7723.662049236875,39945.4
7723.871822458745,41051.9
7724.081595680615,41062.5
7724.291368902485,40025.7
7724.501142124355,40728.2
7724.710915346225,39947.8
7724.920688568096,39305.3
7725.130461789966,39696.1
7725.340235011836,40398.5
7725.550008233706,40230.1
7725.759781455577,38851.9
7725.9695546774465,38958.4
7726.179327899316,39281.6
7726.389101121187,39300.3
7726.598874343057,39699.5
7726.808647564927,41281.5
7727.018420786797,40948.0
7727.228194008668,40620.6
7727.437967230538,40124.0
7727.647740452408,39834.8
7727.857513674278,40188.8
7728.067286896148,39659.0
7728.277060118018,39612.9
7728.486833339888,40087.7
7728.696606561759,39518.2
7728.906379783629,39301.7
7729.116153005499,40119.1
7729.32592622737,39806.3
7729.5356994492395,39316.2
7729.745472671109,39507.7
7729.955245892979,39722.7
7730.16501911485,40897.8
7730.37479233672,41407.2
7730.58456555859,40400.0
7730.794338780461,40341.7
7731.004112002331,40465.7
7731.213885224201,40141.2
7731.4236584460705,40274.9
7731.633431667941,39839.8
7731.843204889811,39591.1
7732.052978111681,40264.6
7732.262751333552,40207.9
7732.472524555422,40127.4
7732.682297777292,39956.0
7732.892070999162,39752.1
7733.1018442210325,39881.1
7733.311617442902,40497.6
7733.521390664772,39983.0
7733.731163886643,38896.7
7733.940937108513,39869.8
7734.150710330383,39633.9
7734.360483552253,39095.4
7734.570256774124,39704.0
7734.780029995994,40382.8
7734.9898032178635,39105.5
7735.199576439734,39790.2
7735.409349661604,39066.4
7735.619122883474,39191.2
7735.828896105344,40505.0
7736.038669327215,39864.5
7736.248442549085,39723.7
7736.458215770955,39728.8
7736.6679889928255,40345.0
7736.877762214695,40263.8
7737.087535436565,39359.2
7737.297308658435,39807.9
7737.507081880306,39278.1
7737.716855102176,38297.8
7737.926628324046,38595.2
7738.136401545917,39111.1
7738.346174767787,39269.0
7738.5559479896565,39052.0
7738.765721211526,38694.0
7738.975494433397,39279.7
7739.185267655267,39772.9
7739.395040877137,38586.4
7739.604814099008,38434.4
7739.814587320878,39220.9
7740.024360542748,40390.9
7740.234133764618,40866.1
7740.443906986488,39694.0
7740.653680208358,39220.9
7740.863453430228,38402.4
7741.073226652099,38771.0
7741.282999873969,39196.8
7741.492773095839,39061.6
7741.702546317709,39846.5
7741.91231953958,39254.8
7742.1220927614495,38689.4
7742.331865983319,38764.8
7742.54163920519,39347.6
7742.75141242706,39427.0
7742.96118564893,39354.5
7743.1709588708,39728.0
7743.380732092671,38956.8
7743.590505314541,38830.9
7743.800278536411,38708.4
7744.010051758281,39153.3
7744.219824980151,38716.1
7744.429598202021,38576.9
7744.639371423891,39571.8
7744.849144645762,39268.3
7745.058917867632,38890.8
7745.268691089502,38792.3
7745.478464311373,38218.6
7745.6882375332425,37419.6
7745.898010755112,39000.3
7746.107783976982,38965.5
7746.317557198853,38510.1
7746.527330420723,38499.4
7746.737103642593,37981.5
7746.946876864464,38155.9
7747.156650086334,38592.2
7747.366423308204,38597.6
7747.5761965300735,37997.5
7747.785969751944,38341.2
7747.995742973814,38484.0
7748.205516195684,37982.9
7748.415289417555,38140.5
7748.625062639425,37460.3
7748.834835861295,37398.2
7749.044609083165,38091.9
7749.2543823050355,37900.9
7749.464155526905,37439.4
7749.673928748775,37849.1
7749.883701970646,38718.1
7750.093475192516,38116.0
7750.303248414386,37671.8
7750.513021636256,37376.2
7750.722794858127,38187.2
7750.932568079997,38174.6
7751.1423413018665,38089.5
7751.352114523737,38744.3
7751.561887745607,38366.4
7751.771660967477,38101.5
7751.981434189347,39124.5
7752.191207411218,37911.6
7752.400980633088,37449.9
7752.610753854958,37627.6
7752.8205270768285,37770.5
7753.030300298698,37432.7
7753.240073520568,37675.0
7753.449846742438,37395.9
7753.659619964309,36604.9
7753.869393186179,37341.1
7754.079166408049,37169.6
7754.28893962992,37121.9
7754.49871285179,36841.8
7754.7084860736595,37234.6
7754.918259295529,37303.6
7755.1280325174,37412.4
7755.33780573927,36995.5
7755.54757896114,37609.6
7755.757352183011,37422.5
7755.967125404881,36742.5
7756.176898626751,36666.9
7756.386671848621,36402.3
7756.596445070491,37596.4
7756.806218292361,37317.0
7757.015991514231,36906.3
7757.225764736102,36138.9
7757.435537957972,36208.5
7757.645311179842,36450.5
7757.855084401712,36714.6
7758.064857623583,37233.7
7758.2746308454525,36572.9
7758.484404067322,36138.9
7758.694177289193,36299.7
7758.903950511063,37082.3
7759.113723732933,36737.5
7759.323496954803,36827.9
7759.533270176674,36952.2
7759.743043398544,37447.8
7759.952816620414,36959.7
7760.162589842284,36722.6
7760.372363064154,36723.9
7760.582136286024,36543.4
7760.791909507895,37324.6
7761.001682729765,35700.7
7761.211455951635,35426.5
7761.421229173505,35782.6
7761.631002395376,36248.4
7761.8407756172455,36521.0
7762.050548839115,35875.9
7762.260322060986,34254.3
7762.470095282856,35552.2
7762.679868504726,36259.0
7762.889641726596,35833.3
7763.099414948467,35405.8
7763.309188170337,35636.2
7763.518961392207,34837.2
7763.728734614077,34818.7
7763.938507835947,36060.1
7764.148281057817,36159.0
7764.358054279687,34888.8
7764.567827501558,34340.6
7764.777600723428,34901.4
7764.987373945298,35124.4
7765.197147167169,35719.7
7765.4069203890385,35555.6
7765.616693610908,35292.2
7765.826466832778,36101.0
7766.036240054649,35808.5
7766.246013276519,35716.0
7766.455786498389,35112.1
7766.66555972026,34245.1
7766.87533294213,34478.2
7767.085106164,34168.1
7767.2948793858695,34976.7
7767.50465260774,34803.4
7767.71442582961,34257.7
7767.92419905148,33945.8
7768.133972273351,33703.4
7768.343745495221,34408.5
7768.553518717091,34452.6
7768.763291938961,34536.9
7768.9730651608315,34170.5
7769.182838382701,33879.2
7769.392611604571,34392.1
7769.602384826442,34578.6
7769.812158048312,34481.1
7770.021931270182,33751.4
7770.231704492052,33717.9
7770.441477713923,33425.6
7770.651250935793,33453.2
7770.8610241576625,32976.5
7771.070797379533,32533.2
7771.280570601403,31666.7
7771.490343823273,31099.8
7771.700117045143,31435.2
7771.909890267014,31456.9
7772.119663488884,31784.9
7772.329436710754,31941.2
7772.5392099326245,32115.9
7772.748983154494,32522.5
7772.958756376364,32683.2
7773.168529598234,32149.0
7773.378302820105,31387.5
7773.588076041975,31121.0
7773.797849263845,30571.9
7774.007622485716,29953.6
7774.217395707586,29997.4
7774.427168929456,30453.4
7774.6369421513255,31284.8
7774.846715373196,32020.7
7775.056488595066,31483.9
7775.266261816936,30741.2
7775.476035038807,31458.0
7775.685808260677,31459.2
7775.895581482547,32431.2
7776.105354704417,33309.2
7776.3151279262875,32355.1
7776.524901148157,33043.2
7776.734674370027,33270.9
7776.944447591898,32364.0
7777.154220813768,32846.7
7777.363994035638,34124.5
7777.573767257508,33418.6
7777.783540479379,32992.2
7777.993313701249,33399.7
7778.2030869231185,32643.5
7778.412860144989,32711.0
7778.622633366859,32932.2
7778.832406588729,32944.4
7779.042179810599,33751.7
7779.25195303247,33091.9
7779.46172625434,31733.0
7779.67149947621,32551.1
7779.8812726980805,33005.2
7780.09104591995,32506.4
7780.30081914182,32296.2
7780.51059236369,32175.0
7780.720365585561,32022.3
7780.930138807431,31525.4
7781.139912029301,31617.3
7781.349685251172,31751.4
7781.559458473042,31446.7
7781.7692316949115,32394.0
7781.979004916781,31991.3
7782.188778138652,31144.3
7782.398551360522,32647.6
7782.608324582392,32639.6
7782.818097804263,31921.3
7783.027871026133,31838.1
7783.237644248003,31939.8
7783.447417469873,31967.8
7783.657190691743,31238.9
7783.866963913613,32064.3
7784.076737135483,33132.9
7784.286510357354,32277.8
7784.496283579224,31040.7
7784.706056801094,31246.4
7784.915830022964,31345.1
7785.125603244835,31621.9
7785.3353764667045,31811.9
7785.545149688574,32232.9
7785.754922910445,32004.9
7785.964696132315,30668.7
7786.174469354185,30402.1
7786.384242576056,31162.4
7786.594015797926,30628.0
7786.803789019796,30446.4
7787.013562241666,31552.3
7787.223335463536,30932.4
7787.433108685406,30812.0
7787.642881907276,30708.5
7787.852655129147,31493.5
7788.062428351017,31285.4
7788.272201572887,31963.9
7788.481974794757,31309.6
7788.691748016628,31133.6
7788.9015212384975,30728.1
7789.111294460367,30147.0
7789.321067682238,31085.4
7789.530840904108,31072.5
7789.740614125978,30717.6
7789.950387347848,30636.3
7790.160160569719,30592.2
7790.369933791589,31005.9
7790.579707013459,30907.9
7790.789480235329,30886.4
7790.999253457199,30844.4
7791.209026679069,30297.9
7791.418799900939,30282.7
7791.62857312281,31033.1
7791.83834634468,30779.1
7792.04811956655,30114.4
7792.257892788421,30291.6
7792.4676660102905,30246.8
7792.67743923216,30937.0
7792.88721245403,30888.7
7793.096985675901,30768.8
7793.306758897771,30472.7
7793.516532119641,30969.8
7793.726305341512,29099.9
7793.936078563382,30491.8
7794.145851785252,30460.2
7794.3556250071215,29549.8
7794.565398228992,29279.1
7794.775171450862,29277.2
7794.984944672732,29683.7
7795.194717894603,29083.4
7795.404491116473,29096.6
7795.614264338343,29481.5
7795.824037560213,29176.4
7796.0338107820835,28585.8
7796.243584003953,28705.7
7796.453357225823,28908.7
7796.663130447694,29197.0
7796.872903669564,28744.5
7797.082676891434,28530.9
7797.292450113304,28303.2
7797.502223335175,28987.1
7797.711996557045,29567.3
7797.9217697789145,29315.5
7798.131543000785,29052.5
7798.341316222655,28408.7
7798.551089444525,28375.1
7798.760862666395,28482.3
7798.970635888266,28379.8
7799.180409110136,28297.7
7799.390182332006,27707.1
7799.5999555538765,27999.2
7799.809728775746,28860.2
7800.019501997616,28861.2
7800.229275219486,27791.8
7800.439048441357,27639.1
7800.648821663227,27121.0
7800.858594885097,27395.9
7801.068368106968,27455.8
7801.278141328838,27468.7
7801.4879145507075,27259.8
7801.697687772577,28292.0
7801.907460994448,27356.1
7802.117234216318,26526.8
7802.327007438188,26793.6
7802.536780660059,27371.4
7802.746553881929,26898.9
7802.956327103799,26995.2
7803.166100325669,28133.0
7803.375873547539,26898.6
7803.585646769409,26860.0
7803.795419991279,27674.1
7804.00519321315,27670.2
7804.21496643502,27622.6
7804.42473965689,26507.8
7804.63451287876,27068.3
7804.844286100631,27012.2
7805.0540593225005,26785.9
7805.26383254437,27224.8
7805.473605766241,27460.6
7805.683378988111,27172.4
7805.893152209981,26931.9
7806.102925431851,25994.5
7806.312698653722,26238.7
7806.522471875592,25898.0
7806.732245097462,26744.2
7806.942018319332,26579.4
7807.151791541202,26709.3
7807.361564763072,26947.3
7807.571337984942,26920.2
7807.781111206813,26108.1
7807.990884428683,26098.7
7808.200657650553,25952.6
7808.410430872424,26014.3
7808.6202040942935,26494.9
7808.829977316163,26518.0
7809.039750538033,26093.4
7809.249523759904,26369.4
7809.459296981774,25589.1
7809.669070203644,25931.7
7809.878843425515,25814.7
7810.088616647385,25262.4
7810.298389869255,25316.9
7810.5081630911245,26256.2
7810.717936312995,25470.4
7810.927709534865,25280.4
7811.137482756735,26251.2
7811.347255978606,25193.9
7811.557029200476,24462.7
7811.766802422346,24707.7
7811.976575644216,25303.2
7812.1863488660865,25948.3
7812.396122087956,25390.3
7812.605895309826,24699.6
7812.815668531697,24979.9
7813.025441753567,25002.2
7813.235214975437,24953.5
7813.444988197307,25065.3
7813.654761419178,24840.2
7813.864534641048,24395.3
7814.0743078629175,24567.9
7814.284081084788,24870.2
7814.493854306658,24804.0
7814.703627528528,25278.8
7814.913400750398,24710.7
7815.123173972269,24860.7
7815.332947194139,24771.5
7815.542720416009,25189.4
7815.7524936378795,25152.5
7815.962266859749,24760.1
7816.172040081619,24290.7
7816.381813303489,24378.7
7816.59158652536,23781.6
7816.80135974723,24721.7
7817.0111329691,24629.7
7817.220906190971,23532.4
7817.430679412841,24663.4
7817.6404526347105,24396.5
7817.85022585658,23674.9
7818.059999078451,23844.7
7818.269772300321,23979.0
7818.479545522191,24273.1
7818.689318744062,22928.3
7818.899091965932,23141.7
7819.108865187802,24345.3
7819.318638409672,24082.2
7819.528411631542,23942.5
7819.738184853412,23992.7
7819.947958075282,23595.3
7820.157731297153,23319.1
7820.367504519023,23090.3
7820.577277740893,23122.1
7820.787050962763,23015.3
7820.996824184634,23215.9
7821.2065974065035,23057.5
7821.416370628373,22896.4
7821.626143850244,22379.8
7821.835917072114,22475.7
7822.045690293984,22336.6
7822.255463515854,21837.8
7822.465236737725,22386.5
7822.675009959595,22238.4
7822.884783181465,22607.8
7823.094556403335,22784.0
7823.304329625205,22343.5
7823.514102847075,22786.0
7823.723876068945,22236.0
7823.933649290816,21513.8
7824.143422512686,22826.5
7824.353195734556,22974.4
7824.562968956427,22279.1
7824.7727421782965,21765.3
7824.982515400166,22606.6
7825.192288622036,22734.5
7825.402061843907,22241.3
7825.611835065777,21896.3
7825.821608287647,22454.4
7826.031381509518,21324.4
7826.241154731388,21593.4
7826.450927953258,21687.1
7826.660701175128,21745.4
7826.870474396998,21755.1
7827.080247618868,20870.7
7827.290020840738,21465.5
7827.499794062609,22361.4
7827.709567284479,20886.8
7827.919340506349,20715.8
7828.12911372822,21218.1
7828.33888695009,22234.3
7828.548660171959,21143.1
7828.758433393829,20542.0
7828.9682066157,20496.9
7829.17797983757,19972.9
7829.38775305944,20446.3
7829.597526281311,20666.9
7829.807299503181,20359.8
7830.017072725051,19774.0
7830.226845946921,20373.1
7830.436619168791,20588.6
7830.646392390661,20685.9
7830.856165612531,21139.1
7831.065938834402,19988.4
7831.275712056272,20734.7
7831.485485278142,20185.2
7831.695258500012,20556.3
7831.905031721883,19841.0
7832.1148049437525,19138.5
7832.324578165622,19650.1
7832.534351387493,20090.4
7832.744124609363,19615.4
7832.953897831233,20141.8
7833.163671053103,19439.2
7833.373444274974,19114.1
7833.583217496844,19152.1
7833.792990718714,19642.7
7834.002763940584,20069.2
7834.212537162454,20018.0
7834.422310384324,20296.1
7834.632083606194,19676.3
7834.841856828065,19435.1
7835.051630049935,18998.2
7835.261403271805,19842.6
7835.471176493676,18523.0
7835.6809497155455,18857.0
7835.890722937415,19422.8
7836.100496159285,19583.8
7836.310269381156,19260.4
7836.520042603026,19570.4
7836.729815824896,19293.5
7836.939589046767,19251.1
7837.149362268637,18456.2
7837.359135490507,18544.0
7837.5689087123765,18508.5
7837.778681934247,19033.8
7837.988455156117,18582.0
7838.198228377987,17712.5
7838.408001599858,19054.4
7838.617774821728,18469.0
7838.827548043598,17758.4
7839.037321265468,17571.6
7839.2470944873385,18472.1
7839.456867709208,17483.8
7839.666640931078,17712.5
7839.876414152949,18183.7
7840.086187374819,18508.9
7840.295960596689,18414.1
7840.505733818559,18419.6
7840.71550704043,18095.3
7840.9252802623,18287.6
7841.1350534841695,18085.9
7841.34482670604,16950.4
7841.55459992791,17466.8
7841.76437314978,17546.8
7841.97414637165,16721.5
7842.183919593521,17156.8
7842.393692815391,17474.2
7842.603466037261,16964.7
7842.8132392591315,16429.5
7843.023012481001,16648.1
7843.232785702871,16784.6
7843.442558924741,17591.2
7843.652332146612,16862.7
7843.862105368482,17402.3
7844.071878590352,17265.7
7844.281651812223,16688.0
7844.491425034093,17214.6
7844.7011982559625,16552.6
7844.910971477832,16820.7
7845.120744699703,17475.5
7845.330517921573,16987.9
7845.540291143443,16426.8
7845.750064365314,16287.7
7845.959837587184,16024.7
7846.169610809054,16188.9
7846.379384030924,14987.3
7846.589157252794,15723.8
7846.798930474664,16197.2
7847.008703696534,15576.4
7847.218476918405,15886.5
7847.428250140275,15093.1
7847.638023362145,15153.0
7847.847796584015,15244.1
7848.057569805886,15700.3
7848.2673430277555,16245.1
7848.477116249625,16096.4
7848.686889471496,16383.6
7848.896662693366,15554.7
7849.106435915236,15018.6
7849.316209137106,15826.0
7849.525982358977,14931.1
7849.735755580847,15483.9
7849.945528802717,15205.5
7850.155302024587,15504.3
7850.365075246457,16195.6
7850.574848468327,15463.5
7850.784621690197,14373.1
7850.994394912068,15330.0
7851.204168133938,14874.1
7851.413941355808,15260.5
7851.623714577679,15093.5
7851.8334877995485,14356.7
7852.043261021418,14579.1
7852.253034243289,14640.9
7852.462807465159,14650.3
7852.672580687029,14357.2
7852.882353908899,14334.5
7853.09212713077,14409.7
7853.30190035264,15385.4
7853.51167357451,14887.7
7853.72144679638,14800.4
7853.93122001825,14682.8
7854.14099324012,14034.5
7854.35076646199,14158.0
7854.560539683861,13370.5
7854.770312905731,13254.8
7854.980086127601,13808.3
7855.189859349472,13830.6
7855.3996325713415,14010.6
7855.609405793211,13634.0
7855.819179015081,13377.2
7856.028952236952,14211.1
7856.238725458822,14206.4
7856.448498680692,13354.8
7856.658271902563,13904.7
7856.868045124433,13651.7
7857.077818346303,13348.5
7857.2875915681725,12877.7
7857.497364790043,13533.7
7857.707138011913,13208.4
7857.916911233783,13523.9
7858.126684455654,12973.6
7858.336457677524,12002.2
7858.546230899394,12871.5
7858.756004121264,12668.4
7858.9657773431345,12975.0
7859.175550565004,12110.4
7859.385323786874,12282.1
7859.595097008745,13640.7
7859.804870230615,13197.4
7860.014643452485,13115.8
7860.224416674355,12727.7
7860.434189896226,12994.4
7860.643963118096,12354.1
7860.8537363399655,12804.3
7861.063509561836,13367.7
7861.273282783706,12052.3
7861.483056005576,11654.3
7861.692829227446,12190.1
7861.902602449317,12014.0
7862.112375671187,12108.6
7862.322148893057,12591.7
7862.5319221149275,11592.9
7862.741695336797,11803.6
7862.951468558667,12446.3
7863.161241780537,12199.2
7863.371015002408,12895.6
7863.580788224278,12752.2
7863.790561446148,12415.0
7864.000334668019,12754.7
7864.210107889889,11961.8
7864.4198811117585,11984.8
7864.629654333628,11590.8
7864.839427555499,10950.6
7865.049200777369,10752.8
7865.258973999239,11762.9
7865.46874722111,10551.2
7865.67852044298,10852.0
7865.88829366485,11055.6
7866.09806688672,11221.9
7866.30784010859,11176.0
7866.51761333046,11190.2
7866.72738655233,11219.9
7866.937159774201,12132.9
7867.146932996071,11179.0
7867.356706217941,11097.8
7867.566479439811,11009.7
7867.776252661682,11090.3
7867.9860258835515,10777.0
7868.195799105421,10822.8
7868.405572327292,10174.5
7868.615345549162,10732.4
7868.825118771032,11151.1
7869.034891992902,10352.3
7869.244665214773,10674.5
7869.454438436643,10597.7
7869.664211658513,9892.39
7869.873984880383,10172.3
7870.083758102253,10739.7
7870.293531324123,9928.16
7870.503304545993,9930.93
7870.713077767864,10397.4
7870.922850989734,10236.1
7871.132624211604,10336.2
7871.342397433475,9890.38
7871.5521706553445,10185.5
7871.761943877214,9848.63
7871.971717099084,9803.75
7872.181490320955,9973.24
7872.391263542825,10189.1
7872.601036764695,10159.0
7872.810809986566,9176.15
7873.020583208436,9010.95
7873.230356430306,8695.7
7873.4401296521755,8615.14
7873.649902874046,9374.72
7873.859676095916,9564.2
7874.069449317786,8770.22
7874.279222539657,8815.59
7874.488995761527,10007.9
7874.698768983397,9566.81
7874.908542205267,9525.23
7875.1183154271375,9503.73
7875.328088649007,8928.97
7875.537861870877,8783.08
7875.747635092748,8867.03
7875.957408314618,8806.45
7876.167181536488,7831.71
7876.376954758358,8015.43
7876.586727980229,9108.72
7876.796501202099,8358.98
7877.0062744239685,7761.62
7877.216047645839,9825.8
7877.425820867709,9450.31
7877.635594089579,8451.74
7877.845367311449,8496.87
7878.05514053332,8382.06
7878.26491375519,8905.98
7878.47468697706,7972.04
7878.6844601989305,8626.32
7878.8942334208,8206.97
7879.10400664267,8470.64
7879.31377986454,8124.95
7879.523553086411,7371.18
7879.733326308281,8899.45
7879.943099530151,8260.08
7880.152872752022,7728.66
7880.362645973892,7548.56
7880.5724191957615,7532.25
7880.782192417631,6731.75
7880.991965639502,7516.67
7881.201738861372,8075.97
7881.411512083242,8010.61
7881.621285305113,8361.05
7881.831058526983,7820.51
7882.040831748853,8351.36
7882.250604970723,7500.62
7882.460378192593,7666.26
7882.670151414463,7673.88
7882.879924636333,6983.6
7883.089697858204,7252.6
7883.299471080074,7543.55
7883.509244301944,7915.45
7883.719017523814,7400.6
7883.928790745685,7441.68
7884.138563967555,6954.97
7884.3483371894245,6892.14
7884.558110411295,7538.6
7884.767883633165,7485.52
7884.977656855035,6445.81
7885.187430076905,7607.2
7885.397203298776,6526.56
7885.606976520646,7632.16
7885.816749742516,7271.04
7886.0265229643865,7188.77
7886.236296186256,6851.47
7886.446069408126,7206.52
7886.655842629996,7626.43
7886.865615851867,7338.63
7887.075389073737,6495.38
7887.285162295607,6348.51
7887.494935517478,6651.37
7887.704708739348,5906.28
7887.9144819612175,6437.26
7888.124255183087,6508.47
7888.334028404958,7218.53
7888.543801626828,7277.76
7888.753574848698,7016.12
7888.963348070569,6863.9
7889.173121292439,6712.17
7889.382894514309,5929.57
7889.592667736179,5910.24
7889.802440958049,6007.0
7890.012214179919,5679.86
7890.221987401789,6436.43
7890.43176062366,6174.78
7890.64153384553,5591.09
7890.8513070674,6523.28
7891.06108028927,6044.64
7891.270853511141,5647.79
7891.4806267330105,6185.2
7891.69039995488,5388.99
7891.900173176751,4648.57
7892.109946398621,5546.08
7892.319719620491,5442.82
7892.529492842361,5897.6
7892.739266064232,5926.96
7892.949039286102,5570.82
7893.158812507972,5198.79
7893.368585729842,5704.36
7893.578358951712,5650.06
7893.788132173582,5100.64
7893.997905395452,5073.44
7894.207678617323,6050.57
7894.417451839193,6272.02
7894.627225061063,5668.84
7894.836998282934,4945.81
7895.0467715048035,5204.53
7895.256544726673,4439.82
7895.466317948543,4509.13
