6495.6563574529,96685.0
6495.834268804449,94438.9
6496.012180155996,97302.3
6496.190091507545,104372.0
6496.3680028590925,109532.0
6496.545914210641,110218.0
6496.723825562189,110092.0
6496.901736913737,111667.0
6497.079648265285,111147.0
6497.2575596168335,108787.0
6497.435470968382,107653.0
6497.61338231993,108946.0
6497.791293671478,111108.0
6497.969205023026,113576.0
6498.147116374575,117126.0
6498.325027726122,119169.0
6498.502939077671,117154.0
6498.6808504292185,117152.0
6498.858761780767,119590.0
6499.036673132316,120049.0
6499.214584483863,120663.0
6499.392495835412,121380.0
6499.5704071869595,120851.0
6499.748318538508,120712.0
6499.926229890056,120855.0
6500.104141241604,122350.0
6500.282052593152,125318.0
6500.459963944701,125474.0
6500.637875296249,126454.0
6500.815786647797,128407.0
6500.993697999345,126858.0
6501.171609350893,124565.0
6501.349520702442,126760.0
6501.527432053989,128138.0
6501.705343405538,128031.0
6501.8832547570855,128412.0
6502.061166108634,129666.0
6502.239077460183,130432.0
6502.41698881173,129439.0
6502.594900163279,128545.0
6502.772811514827,129666.0
6502.950722866375,130142.0
6503.128634217923,131346.0
6503.306545569471,133178.0
6503.484456921019,132329.0
6503.662368272568,132128.0
6503.840279624116,133274.0
6504.018190975664,133828.0
6504.196102327212,134685.0
6504.37401367876,135415.0
6504.551925030309,136571.0
6504.729836381856,139231.0
6504.907747733405,140531.0
6505.085659084953,141216.0
6505.263570436501,142625.0
6505.44148178805,142661.0
6505.619393139597,141730.0
6505.797304491146,141898.0
6505.975215842694,140092.0
6506.153127194242,141892.0
6506.33103854579,144676.0
6506.508949897338,146446.0
6506.686861248887,145993.0
6506.864772600435,144443.0
6507.042683951983,144547.0
6507.220595303531,146347.0
6507.3985066550795,147909.0
6507.576418006627,147777.0
6507.754329358176,147647.0
6507.932240709723,149156.0
6508.110152061272,150563.0
6508.2880634128205,146704.0
6508.465974764368,141584.0
6508.643886115917,143202.0
6508.821797467464,148828.0
6508.999708819013,153047.0
6509.177620170561,154974.0
6509.355531522109,157229.0
6509.533442873657,156808.0
6509.7113542252055,157569.0
6509.889265576754,159450.0
6510.067176928302,160893.0
6510.24508827985,162804.0
6510.422999631398,162512.0
6510.6009109829465,161058.0
6510.778822334494,160118.0
6510.956733686043,162646.0
6511.13464503759,163039.0
6511.312556389139,162990.0
6511.490467740688,166633.0
6511.668379092235,166360.0
6511.846290443784,159077.0
6512.0242017953315,156355.0
6512.20211314688,156428.0
6512.380024498428,158181.0
6512.557935849976,164575.0
6512.735847201524,167845.0
6512.9137585530725,167342.0
6513.091669904621,168969.0
6513.269581256169,171779.0
6513.447492607717,171225.0
6513.625403959265,169576.0
6513.803315310814,170890.0
6513.981226662361,171459.0
6514.15913801391,169615.0
6514.3370493654575,164959.0
6514.514960717006,155879.0
6514.692872068555,149890.0
6514.870783420102,155101.0
6515.048694771651,167945.0
6515.2266061231985,179082.0
6515.404517474747,179878.0
6515.582428826295,176357.0
6515.760340177843,170965.0
6515.938251529391,169402.0
6516.11616288094,169148.0
6516.294074232488,159176.0
6516.471985584036,145579.0
6516.649896935584,143335.0
6516.827808287132,150599.0
6517.005719638681,165588.0
6517.183630990228,173693.0
6517.361542341777,177922.0
6517.5394536933245,181871.0
6517.717365044873,179806.0
6517.895276396422,175180.0
6518.073187747969,176988.0
6518.251099099518,183379.0
6518.429010451066,187875.0
6518.606921802614,188416.0
6518.784833154162,184880.0
6518.96274450571,184771.0
6519.140655857258,181298.0
6519.318567208807,176293.0
6519.496478560355,176149.0
6519.674389911903,184071.0
6519.852301263451,193978.0
6520.030212614999,196560.0
6520.208123966548,197477.0
6520.386035318095,197938.0
6520.563946669644,198468.0
6520.741858021192,201252.0
6520.91976937274,201300.0
6521.097680724289,201665.0
6521.275592075836,205697.0
6521.453503427385,206992.0
6521.631414778933,202853.0
6521.809326130481,199433.0
6521.987237482029,197526.0
6522.165148833577,200334.0
6522.343060185125,202741.0
6522.520971536674,204870.0
6522.698882888222,205508.0
6522.87679423977,207223.0
6523.054705591318,205985.0
6523.232616942866,201062.0
6523.410528294415,199891.0
6523.588439645962,194494.0
6523.766350997511,189967.0
6523.944262349059,191281.0
6524.122173700607,199259.0
6524.300085052156,210189.0
6524.477996403703,213021.0
6524.655907755252,213959.0
6524.8338191068,218543.0
6525.011730458348,218967.0
6525.189641809896,217640.0
6525.367553161444,217687.0
6525.545464512993,217766.0
6525.723375864541,219816.0
6525.901287216089,220721.0
6526.079198567637,221278.0
6526.2571099191855,222210.0
6526.435021270733,224857.0
6526.612932622282,225386.0
6526.790843973829,222003.0
6526.968755325378,223427.0
6527.1466666769265,227040.0
6527.324578028474,226037.0
6527.502489380023,227444.0
6527.68040073157,226238.0
6527.858312083119,225366.0
6528.036223434667,228614.0
6528.214134786215,230665.0
6528.392046137763,230661.0
6528.5699574893115,230514.0
6528.74786884086,228550.0
6528.925780192408,232609.0
6529.103691543956,235242.0
6529.281602895504,233999.0
6529.4595142470525,232737.0
6529.6374255986,234879.0
6529.815336950149,236910.0
6529.993248301696,237275.0
6530.171159653245,235498.0
6530.349071004794,232551.0
6530.526982356341,232895.0
6530.70489370789,233127.0
6530.8828050594375,233773.0
6531.060716410986,239379.0
6531.238627762534,243413.0
6531.416539114082,243607.0
6531.59445046563,243698.0
6531.7723618171785,243747.0
6531.950273168727,238499.0
6532.128184520275,227706.0
6532.306095871823,220623.0
6532.484007223371,224289.0
6532.66191857492,236053.0
6532.839829926467,246381.0
6533.017741278016,249124.0
6533.1956526295635,248930.0
6533.373563981112,250061.0
6533.551475332661,249474.0
6533.729386684208,245002.0
6533.907298035757,238937.0
6534.0852093873045,237229.0
6534.263120738853,243938.0
6534.441032090401,250464.0
6534.618943441949,253053.0
6534.796854793497,250543.0
6534.974766145046,254135.0
6535.152677496594,258468.0
6535.330588848142,256952.0
6535.50850019969,256161.0
6535.686411551238,257299.0
6535.864322902787,256641.0
6536.042234254334,258269.0
6536.220145605883,261462.0
6536.3980569574305,260688.0
6536.575968308979,254812.0
6536.753879660528,253748.0
6536.931791012075,257562.0
6537.109702363624,262221.0
6537.287613715172,264891.0
6537.46552506672,267495.0
6537.643436418268,269357.0
6537.821347769816,268774.0
6537.999259121364,269311.0
6538.177170472913,270149.0
6538.355081824461,272412.0
6538.532993176009,273772.0
6538.710904527557,272368.0
6538.888815879105,273988.0
6539.066727230654,275215.0
6539.244638582201,275796.0
6539.42254993375,277781.0
6539.600461285298,278254.0
6539.778372636846,277619.0
6539.956283988395,278268.0
6540.134195339942,277918.0
6540.312106691491,281194.0
6540.490018043039,278967.0
6540.667929394587,279043.0
6540.845840746135,281749.0
6541.023752097683,283872.0
6541.201663449231,282032.0
6541.37957480078,282822.0
6541.557486152328,288042.0
6541.735397503876,288614.0
6541.9133088554245,282213.0
6542.091220206972,273831.0
6542.269131558521,273117.0
6542.447042910068,272686.0
6542.624954261617,280577.0
6542.802865613165,287437.0
6542.980776964713,289682.0
6543.158688316262,287903.0
6543.336599667809,287284.0
6543.514511019358,283171.0
6543.692422370906,264804.0
6543.870333722454,248695.0
6544.048245074002,257727.0
6544.2261564255505,276619.0
6544.404067777099,290052.0
6544.581979128647,295012.0
6544.759890480195,296463.0
6544.937801831743,298097.0
6545.1157131832915,297926.0
6545.293624534839,297817.0
6545.471535886388,296492.0
6545.649447237935,294429.0
6545.827358589484,295463.0
6546.005269941033,299866.0
6546.18318129258,305837.0
6546.361092644129,304222.0
6546.5390039956765,304145.0
6546.716915347225,302446.0
6546.894826698773,303932.0
6547.072738050321,306916.0
6547.250649401869,306986.0
6547.4285607534175,299845.0
6547.606472104966,290493.0
6547.784383456514,289744.0
6547.962294808062,298558.0
6548.14020615961,303906.0
6548.318117511159,294087.0
6548.496028862706,280274.0
6548.673940214255,277337.0
6548.8518515658025,287106.0
6549.029762917351,307154.0
6549.2076742689,316413.0
6549.385585620447,317284.0
6549.563496971996,317647.0
6549.7414083235435,318881.0
6549.919319675092,318784.0
6550.09723102664,318100.0
6550.275142378188,321163.0
6550.453053729736,323906.0
6550.630965081285,323064.0
6550.808876432833,320294.0
6550.986787784381,320378.0
6551.164699135929,322892.0
6551.342610487477,324284.0
6551.520521839026,322007.0
6551.698433190573,323312.0
6551.876344542122,322189.0
6552.0542558936695,319592.0
6552.232167245218,316233.0
6552.410078596767,300540.0
6552.587989948314,284931.0
6552.765901299863,289663.0
6552.943812651411,315167.0
6553.121724002959,334973.0
6553.299635354507,334648.0
6553.477546706055,326640.0
6553.655458057603,323000.0
6553.833369409152,320079.0
6554.0112807607,325215.0
6554.189192112248,335564.0
6554.367103463796,340973.0
6554.545014815344,345389.0
6554.722926166893,346547.0
6554.90083751844,341230.0
6555.078748869989,346246.0
6555.256660221537,351636.0
6555.434571573085,354322.0
6555.612482924634,354827.0
6555.790394276181,357933.0
6555.96830562773,359657.0
6556.146216979278,363805.0
6556.324128330826,367562.0
6556.502039682374,368024.0
6556.679951033922,365663.0
6556.85786238547,359928.0
6557.035773737019,356399.0
6557.213685088567,359739.0
6557.391596440115,368915.0
6557.569507791663,384797.0
6557.747419143211,396372.0
6557.92533049476,394798.0
6558.103241846307,393912.0
6558.281153197856,399696.0
6558.459064549404,415894.0
6558.636975900952,430692.0
6558.814887252501,441871.0
6558.992798604048,454686.0
6559.170709955597,469809.0
6559.348621307145,488863.0
6559.526532658693,505204.0
6559.704444010241,518722.0
6559.882355361789,545527.0
6560.060266713337,568614.0
6560.238178064886,584406.0
6560.416089416434,601503.0
6560.594000767982,632617.0
6560.7719121195305,673298.0
6560.949823471078,732274.0
6561.127734822627,827942.0
6561.305646174174,943203.0
6561.483557525723,1.05552e+06
6561.661468877271,1.14776e+06
6561.839380228819,1.21178e+06
6562.017291580368,1.26441e+06
6562.195202931915,1.32817e+06
6562.373114283464,1.42427e+06
6562.551025635012,1.52534e+06
6562.72893698656,1.6094e+06
6562.906848338108,1.59098e+06
6563.0847596896565,1.48892e+06
6563.262671041204,1.33154e+06
6563.440582392753,1.20509e+06
6563.618493744301,1.12986e+06
6563.796405095849,1.07481e+06
6563.9743164473975,1.00995e+06
6564.152227798945,946491.0
6564.330139150494,927752.0
6564.508050502041,939310.0
6564.68596185359,925511.0
6564.863873205139,888757.0
6565.041784556686,852342.0
6565.219695908235,814590.0
6565.3976072597825,774468.0
6565.575518611331,717713.0
6565.753429962879,670609.0
6565.931341314427,628910.0
6566.109252665975,587387.0
6566.2871640175235,555168.0
6566.465075369072,523181.0
6566.64298672062,495418.0
6566.820898072168,482967.0
6566.998809423716,476528.0
6567.176720775265,467682.0
6567.354632126812,457128.0
6567.532543478361,443576.0
6567.7104548299085,427404.0
6567.888366181457,419723.0
6568.066277533006,413836.0
6568.244188884553,413856.0
6568.422100236102,404854.0
6568.6000115876495,396437.0
6568.777922939198,384310.0
6568.955834290746,378589.0
6569.133745642294,385333.0
6569.311656993842,386902.0
6569.489568345391,382128.0
6569.667479696939,380317.0
6569.845391048487,380975.0
6570.023302400035,381258.0
6570.201213751583,377912.0
6570.379125103132,379017.0
6570.557036454679,377614.0
6570.734947806228,374177.0
6570.9128591577755,371317.0
6571.090770509324,371543.0
6571.268681860873,373742.0
6571.44659321242,378322.0
6571.624504563969,372236.0
6571.802415915517,355336.0
6571.980327267065,341393.0
6572.158238618613,340649.0
6572.336149970161,355445.0
6572.514061321709,368852.0
6572.691972673258,370441.0
6572.869884024806,369650.0
6573.047795376354,368478.0
6573.225706727902,370482.0
6573.40361807945,368214.0
6573.581529430999,366847.0
6573.759440782546,365873.0
6573.937352134095,370204.0
6574.115263485643,371554.0
6574.293174837191,368774.0
6574.47108618874,361558.0
6574.648997540287,334534.0
6574.826908891836,317110.0
6575.004820243384,325556.0
6575.182731594932,349023.0
6575.36064294648,368190.0
6575.538554298028,373459.0
6575.716465649576,372567.0
6575.894377001125,371311.0
6576.072288352673,372495.0
6576.250199704221,371496.0
6576.4281110557695,369835.0
6576.606022407317,372983.0
6576.783933758866,367781.0
6576.961845110413,370639.0
6577.139756461962,373916.0
6577.31766781351,374779.0
6577.495579165058,370811.0
6577.673490516607,374567.0
6577.851401868154,374336.0
6578.029313219703,369862.0
6578.207224571251,368772.0
6578.385135922799,370928.0
6578.563047274347,374068.0
6578.7409586258955,373017.0
6578.918869977443,370954.0
6579.096781328992,368346.0
6579.27469268054,363695.0
6579.452604032088,370818.0
6579.6305153836365,376040.0
6579.808426735184,372365.0
6579.986338086733,372970.0
6580.16424943828,373134.0
6580.342160789829,370447.0
6580.520072141377,362856.0
6580.697983492925,355854.0
6580.875894844474,358834.0
6581.0538061960215,362153.0
6581.23171754757,367766.0
6581.409628899118,376224.0
6581.587540250666,378722.0
6581.765451602214,376052.0
6581.9433629537625,372624.0
6582.121274305311,368802.0
6582.299185656859,369645.0
6582.477097008407,373768.0
6582.655008359955,373477.0
6582.832919711504,371464.0
6583.010831063051,366844.0
6583.1887424146,366238.0
6583.3666537661475,364795.0
6583.544565117696,362986.0
6583.722476469244,370127.0
6583.900387820792,375475.0
6584.078299172341,377390.0
6584.2562105238885,375836.0
6584.434121875437,376774.0
6584.612033226985,375023.0
6584.789944578533,376454.0
6584.967855930081,379152.0
6585.14576728163,378766.0
6585.323678633178,375667.0
6585.501589984726,374358.0
6585.679501336274,375807.0
6585.857412687822,375249.0
6586.035324039371,370623.0
6586.213235390918,363723.0
6586.391146742467,356877.0
6586.5690580940145,350832.0
6586.746969445563,354832.0
6586.924880797112,364659.0
6587.102792148659,368865.0
6587.280703500208,376606.0
6587.458614851756,375500.0
6587.636526203304,376287.0
6587.814437554852,374792.0
6587.9923489064,371058.0
6588.170260257948,372552.0
6588.348171609497,372632.0
6588.526082961045,373276.0
6588.703994312593,371830.0
6588.881905664141,371228.0
6589.059817015689,371068.0
6589.237728367238,372475.0
6589.415639718785,375891.0
6589.593551070334,377975.0
6589.771462421882,379040.0
6589.94937377343,377099.0
6590.127285124979,372995.0
6590.305196476526,374243.0
6590.483107828075,377157.0
6590.661019179623,374094.0
6590.838930531171,375657.0
6591.016841882719,377367.0
6591.194753234267,375178.0
6591.372664585815,372005.0
6591.550575937364,371359.0
6591.728487288912,373326.0
6591.90639864046,374682.0
6592.0843099920085,375049.0
6592.262221343556,374140.0
6592.440132695105,375733.0
6592.618044046652,377450.0
6592.795955398201,374955.0
6592.973866749749,372457.0
6593.151778101297,370989.0
6593.329689452846,366063.0
6593.507600804393,367212.0
6593.685512155942,371706.0
6593.86342350749,371527.0
6594.041334859038,368998.0
6594.219246210586,368275.0
6594.397157562134,367598.0
6594.575068913682,366276.0
6594.752980265231,372606.0
6594.930891616779,374277.0
6595.108802968327,372251.0
6595.2867143198755,373685.0
6595.464625671423,375716.0
6595.642537022972,378599.0
6595.820448374519,375811.0
6595.998359726068,375053.0
6596.176271077616,373358.0
6596.354182429164,375056.0
6596.532093780713,377111.0
6596.71000513226,371863.0
6596.887916483809,373908.0
6597.065827835357,374659.0
6597.243739186905,373919.0
6597.421650538453,375094.0
6597.5995618900015,372529.0
6597.777473241549,373632.0
6597.955384593098,377454.0
6598.133295944646,376442.0
6598.311207296194,374838.0
6598.4891186477425,374569.0
6598.66702999929,373376.0
6598.844941350839,371814.0
6599.022852702386,372400.0
6599.200764053935,367349.0
6599.378675405483,359578.0
6599.556586757031,362877.0
6599.73449810858,368580.0
6599.9124094601275,374281.0
6600.090320811676,373471.0
6600.268232163224,372471.0
6600.446143514772,373982.0
6600.62405486632,372094.0
6600.8019662178685,371408.0
6600.979877569416,370966.0
6601.157788920965,376966.0
6601.335700272513,378090.0
6601.513611624061,374614.0
6601.69152297561,370237.0
6601.869434327157,365856.0
6602.047345678706,364994.0
6602.2252570302535,363510.0
6602.403168381802,365931.0
6602.581079733351,366926.0
6602.758991084898,369542.0
6602.936902436447,374218.0
6603.1148137879945,374170.0
6603.292725139543,370504.0
6603.470636491091,367890.0
6603.648547842639,371111.0
6603.826459194187,370665.0
6604.004370545736,368606.0
6604.182281897284,371633.0
6604.360193248832,372212.0
6604.53810460038,368590.0
6604.716015951928,367189.0
6604.893927303477,372276.0
6605.071838655024,373539.0
6605.249750006573,370504.0
6605.4276613581205,369264.0
6605.605572709669,366573.0
6605.783484061218,370116.0
6605.961395412765,368534.0
6606.139306764314,368609.0
6606.317218115862,372040.0
6606.49512946741,369870.0
6606.673040818958,366982.0
6606.850952170506,366052.0
6607.028863522054,373045.0
6607.206774873603,373620.0
6607.384686225151,366156.0
6607.562597576699,362402.0
6607.740508928247,366818.0
6607.918420279795,370391.0
6608.096331631344,370775.0
6608.274242982891,370588.0
6608.45215433444,368984.0
6608.630065685988,368185.0
6608.807977037536,365544.0
6608.985888389085,366428.0
6609.163799740632,368118.0
6609.341711092181,370087.0
6609.519622443729,367922.0
6609.697533795277,367018.0
6609.875445146825,369912.0
6610.053356498373,373145.0
6610.231267849921,367088.0
6610.40917920147,362580.0
6610.587090553018,364281.0
6610.765001904566,364798.0
6610.9429132561145,363577.0
6611.120824607662,362557.0
6611.298735959211,363321.0
6611.476647310758,366609.0
6611.654558662307,364717.0
6611.832470013855,360674.0
6612.010381365403,360836.0
6612.188292716952,365804.0
6612.366204068499,365762.0
6612.544115420048,360884.0
6612.722026771596,360028.0
6612.899938123144,358274.0
6613.077849474692,357356.0
6613.2557608262405,359348.0
6613.433672177788,357311.0
6613.611583529337,357117.0
6613.789494880885,361383.0
6613.967406232433,361177.0
6614.1453175839815,361974.0
6614.323228935529,359956.0
6614.501140287078,357344.0
6614.679051638625,361192.0
6614.856962990174,364487.0
6615.034874341722,362815.0
6615.21278569327,363699.0
6615.390697044819,362851.0
6615.5686083963665,360369.0
6615.746519747915,359888.0
6615.924431099463,363229.0
6616.102342451011,363343.0
6616.280253802559,359732.0
6616.4581651541075,355383.0
6616.636076505655,354075.0
6616.813987857204,361382.0
6616.991899208752,358067.0
6617.1698105603,359514.0
6617.347721911849,361270.0
6617.525633263396,356263.0
6617.703544614945,357218.0
6617.8814559664925,357783.0
6618.059367318041,358058.0
6618.237278669589,358494.0
6618.415190021137,360060.0
6618.593101372686,356740.0
6618.7710127242335,353870.0
6618.948924075782,355265.0
6619.12683542733,354417.0
6619.304746778878,357156.0
6619.482658130426,358872.0
6619.660569481975,353091.0
6619.838480833523,349477.0
6620.016392185071,351141.0
6620.194303536619,354611.0
6620.372214888167,359481.0
6620.550126239716,356840.0
6620.728037591263,353964.0
6620.905948942812,351212.0
6621.0838602943595,351613.0
6621.261771645908,351801.0
6621.439682997456,350924.0
6621.617594349004,349991.0
6621.795505700553,349021.0
6621.973417052101,352796.0
6622.151328403649,354785.0
6622.329239755197,349665.0
6622.507151106745,348942.0
6622.685062458293,350978.0
6622.862973809842,345842.0
6623.04088516139,346460.0
6623.218796512938,351597.0
6623.396707864486,351060.0
6623.574619216034,344838.0
6623.752530567583,344577.0
6623.93044191913,346658.0
6624.108353270679,346715.0
6624.286264622227,350839.0
6624.464175973775,352593.0
6624.642087325324,351559.0
6624.819998676871,349881.0
6624.99791002842,349334.0
6625.175821379968,346497.0
6625.353732731516,346604.0
6625.531644083064,345565.0
6625.709555434612,347752.0
6625.88746678616,348468.0
6626.065378137709,343077.0
6626.243289489257,343477.0
6626.421200840805,342909.0
6626.5991121923535,343161.0
6626.777023543901,341280.0
6626.95493489545,339415.0
6627.132846246997,344183.0
6627.310757598546,345409.0
6627.488668950094,342452.0
6627.666580301642,343234.0
6627.844491653191,345356.0
6628.022403004738,337783.0
6628.200314356287,334316.0
6628.378225707835,336284.0
6628.556137059383,335762.0
6628.734048410931,337863.0
6628.9119597624795,339923.0
6629.089871114027,337762.0
6629.267782465576,339038.0
6629.445693817124,341018.0
6629.623605168672,339161.0
6629.8015165202205,338956.0
6629.979427871768,336063.0
6630.157339223317,335062.0
6630.335250574864,336884.0
6630.513161926413,337058.0
6630.691073277961,339158.0
6630.868984629509,336092.0
6631.046895981058,334493.0
6631.224807332605,334239.0
6631.402718684154,333867.0
6631.580630035702,336141.0
6631.75854138725,337850.0
6631.936452738798,333529.0
6632.1143640903465,330006.0
6632.292275441894,331006.0
6632.470186793443,335003.0
6632.648098144991,332393.0
6632.826009496539,332919.0
6633.003920848088,332690.0
6633.181832199635,330540.0
6633.359743551184,329388.0
6633.537654902731,329554.0
6633.71556625428,329456.0
6633.893477605828,331870.0
6634.071388957376,332499.0
6634.249300308925,329985.0
6634.4272116604725,328365.0
6634.605123012021,326292.0
6634.783034363569,323838.0
6634.960945715117,327968.0
6635.138857066665,333784.0
6635.3167684182135,331486.0
6635.494679769761,326381.0
6635.67259112131,326430.0
6635.850502472858,328008.0
6636.028413824406,324891.0
6636.206325175955,324776.0
6636.384236527502,328556.0
6636.562147879051,327118.0
6636.7400592305985,325566.0
6636.917970582147,326312.0
6637.095881933695,326772.0
6637.273793285243,323855.0
6637.451704636792,321437.0
6637.6296159883395,321867.0
6637.807527339888,322126.0
6637.985438691436,320941.0
6638.163350042984,322993.0
6638.341261394532,321030.0
6638.519172746081,319358.0
6638.697084097628,319568.0
6638.874995449177,320323.0
6639.052906800725,321282.0
6639.230818152273,319634.0
6639.408729503822,320531.0
6639.586640855369,317683.0
6639.764552206918,315893.0
6639.9424635584655,314751.0
6640.120374910014,314564.0
6640.298286261563,316628.0
6640.47619761311,318679.0
6640.654108964659,317561.0
6640.832020316207,315121.0
6641.009931667755,314480.0
6641.187843019303,311682.0
6641.365754370851,310205.0
6641.543665722399,315456.0
6641.721577073948,316899.0
6641.899488425495,309763.0
6642.077399777044,307338.0
6642.255311128592,310545.0
6642.43322248014,312426.0
6642.611133831689,310375.0
6642.789045183236,307349.0
6642.966956534785,309103.0
6643.144867886333,308741.0
6643.322779237881,307670.0
6643.50069058943,309758.0
6643.678601940977,308316.0
6643.856513292526,308084.0
6644.034424644074,312429.0
6644.212335995622,310765.0
6644.39024734717,308970.0
6644.568158698718,307714.0
6644.746070050266,307039.0
6644.923981401815,309921.0
6645.101892753363,308584.0
6645.279804104911,305722.0
6645.4577154564595,306182.0
6645.635626808007,308908.0
6645.813538159556,306357.0
6645.991449511103,303446.0
6646.169360862652,305625.0
6646.3472722142,305971.0
6646.525183565748,303451.0
6646.703094917297,303887.0
6646.881006268844,304813.0
6647.058917620393,301974.0
6647.236828971941,303059.0
6647.414740323489,302437.0
6647.592651675037,301739.0
6647.7705630265855,298226.0
6647.948474378133,301736.0
6648.126385729682,301701.0
6648.30429708123,301209.0
6648.482208432778,296780.0
6648.6601197843265,292148.0
6648.838031135874,297086.0
6649.015942487423,298100.0
6649.19385383897,297003.0
6649.371765190519,296865.0
6649.549676542067,296990.0
6649.727587893615,297328.0
6649.905499245164,293951.0
6650.0834105967115,296021.0
6650.26132194826,301596.0
6650.439233299808,298058.0
6650.617144651356,293868.0
6650.795056002904,294268.0
6650.9729673544525,293415.0
6651.150878706,293951.0
6651.328790057549,292191.0
6651.506701409097,290722.0
6651.684612760645,291343.0
6651.862524112194,292272.0
6652.040435463741,289857.0
6652.21834681529,290371.0
6652.3962581668375,288107.0
6652.574169518386,285963.0
6652.752080869934,287259.0
6652.929992221482,288546.0
6653.107903573031,289210.0
6653.2858149245785,290794.0
6653.463726276127,286496.0
6653.641637627675,283670.0
6653.819548979223,288784.0
6653.997460330771,288503.0
6654.17537168232,289001.0
6654.353283033867,285839.0
6654.531194385416,287415.0
6654.709105736964,282918.0
6654.887017088512,280996.0
6655.064928440061,282619.0
6655.242839791608,282997.0
6655.420751143157,282735.0
6655.5986624947045,282804.0
6655.776573846253,281169.0
6655.954485197801,280201.0
6656.132396549349,281481.0
6656.310307900898,279348.0
6656.488219252446,277816.0
6656.666130603994,279390.0
6656.844041955542,279309.0
6657.02195330709,277076.0
6657.199864658638,276225.0
6657.377776010187,279024.0
6657.555687361735,279184.0
6657.733598713283,277606.0
6657.911510064831,277648.0
6658.089421416379,274437.0
6658.267332767928,274858.0
6658.445244119475,273587.0
6658.623155471024,273862.0
6658.801066822572,275648.0
6658.97897817412,275589.0
6659.156889525668,273111.0
6659.334800877216,272140.0
6659.512712228765,270191.0
6659.690623580313,270415.0
6659.868534931861,269196.0
6660.046446283409,268680.0
6660.224357634957,271129.0
6660.402268986505,267084.0
6660.580180338054,262079.0
6660.758091689602,264155.0
6660.93600304115,266254.0
6661.1139143926985,268505.0
6661.291825744246,268553.0
6661.469737095795,261965.0
6661.647648447342,262689.0
6661.825559798891,264354.0
6662.003471150439,262144.0
6662.181382501987,263814.0
6662.359293853535,267939.0
6662.537205205083,265497.0
6662.715116556632,263523.0
6662.89302790818,262274.0
6663.070939259728,258181.0
6663.248850611276,260792.0
6663.4267619628245,261174.0
6663.604673314372,259226.0
6663.782584665921,260928.0
6663.960496017469,262728.0
6664.138407369017,259910.0
6664.3163187205655,255050.0
6664.494230072113,254995.0
6664.672141423662,254279.0
6664.850052775209,256479.0
6665.027964126758,255528.0
6665.205875478306,253947.0
6665.383786829854,254556.0
6665.561698181403,253291.0
6665.73960953295,252096.0
6665.917520884499,253711.0
6666.095432236047,254246.0
6666.273343587595,254579.0
6666.451254939143,250262.0
6666.6291662906915,250977.0
6666.807077642239,252795.0
6666.984988993788,252868.0
6667.162900345336,249233.0
6667.340811696884,250161.0
6667.518723048433,250673.0
6667.69663439998,247861.0
6667.874545751529,248467.0
6668.052457103076,247211.0
6668.230368454625,244624.0
6668.408279806173,245582.0
6668.586191157721,246835.0
6668.76410250927,246142.0
6668.9420138608175,245053.0
6669.119925212366,244581.0
6669.297836563914,240927.0
6669.475747915462,241418.0
6669.65365926701,241609.0
6669.8315706185585,240713.0
6670.009481970106,243608.0
6670.187393321655,240654.0
6670.365304673203,239716.0
6670.543216024751,242229.0
6670.7211273763,241224.0
6670.899038727847,236019.0
6671.076950079396,235786.0
6671.2548614309435,237785.0
6671.432772782492,236826.0
6671.61068413404,235955.0
6671.788595485588,237852.0
6671.966506837137,234850.0
6672.1444181886845,233327.0
6672.322329540233,231708.0
6672.500240891781,230810.0
6672.678152243329,231970.0
6672.856063594877,230643.0
6673.033974946426,227552.0
6673.211886297973,228244.0
6673.389797649522,225789.0
6673.56770900107,223787.0
6673.745620352618,226461.0
6673.923531704167,226920.0
6674.101443055714,223616.0
6674.279354407263,221773.0
6674.4572657588105,220389.0
6674.635177110359,220697.0
6674.813088461907,220930.0
6674.990999813455,220890.0
6675.168911165004,221349.0
6675.346822516552,219933.0
6675.5247338681,222233.0
6675.702645219648,222304.0
6675.880556571196,219497.0
6676.058467922744,222297.0
6676.236379274293,222447.0
6676.41429062584,224994.0
6676.592201977389,225366.0
6676.770113328937,226141.0
6676.948024680485,226166.0
6677.125936032034,225266.0
6677.303847383581,227918.0
6677.48175873513,228269.0
6677.659670086678,224211.0
6677.837581438226,222513.0
6678.015492789775,220529.0
6678.193404141322,215463.0
6678.371315492871,214526.0
6678.549226844419,213774.0
6678.727138195967,214239.0
6678.905049547515,209879.0
6679.082960899063,210712.0
6679.260872250611,212318.0
6679.43878360216,210595.0
6679.616694953707,208431.0
6679.794606305256,210680.0
6679.9725176568045,213090.0
6680.150429008352,216764.0
6680.328340359901,214248.0
6680.506251711448,211559.0
6680.684163062997,212484.0
6680.862074414545,211655.0
6681.039985766093,210903.0
6681.217897117642,210753.0
6681.395808469189,209974.0
6681.573719820738,205253.0
6681.751631172286,203519.0
6681.929542523834,204741.0
6682.107453875382,201803.0
6682.2853652269305,201847.0
6682.463276578478,202002.0
6682.641187930027,200210.0
6682.819099281575,200687.0
6682.997010633123,201001.0
6683.1749219846715,201412.0
6683.352833336219,199192.0
6683.530744687768,197879.0
6683.708656039315,197861.0
6683.886567390864,198118.0
6684.064478742412,196259.0
6684.24239009396,195138.0
6684.420301445509,195059.0
6684.5982127970565,196735.0
6684.776124148605,198067.0
6684.954035500153,196113.0
6685.131946851701,192524.0
6685.309858203249,191528.0
6685.4877695547975,193020.0
6685.665680906345,191799.0
6685.843592257894,191784.0
6686.021503609442,190725.0
6686.19941496099,190928.0
6686.377326312539,187411.0
6686.555237664086,185617.0
6686.733149015635,187337.0
6686.9110603671825,186085.0
6687.088971718731,185949.0
6687.266883070279,186047.0
6687.444794421827,186566.0
6687.622705773376,185174.0
6687.8006171249235,185776.0
6687.978528476472,185344.0
6688.15643982802,183664.0
6688.334351179568,184682.0
6688.512262531116,183996.0
6688.690173882665,182308.0
6688.868085234212,180143.0
6689.045996585761,181135.0
6689.223907937309,181251.0
6689.401819288857,176536.0
6689.579730640406,178748.0
6689.757641991953,179896.0
6689.935553343502,180293.0
6690.1134646950495,177245.0
6690.291376046598,177064.0
6690.469287398146,177067.0
6690.647198749694,176439.0
6690.825110101243,175678.0
6691.003021452791,176005.0
6691.180932804339,174660.0
6691.358844155887,172682.0
6691.536755507435,172002.0
6691.714666858983,174271.0
6691.892578210532,173373.0
6692.070489562079,172319.0
6692.248400913628,170755.0
6692.426312265176,169580.0
6692.604223616724,169148.0
6692.782134968273,169696.0
6692.96004631982,170503.0
6693.137957671369,170990.0
6693.315869022917,168125.0
6693.493780374465,164933.0
6693.671691726013,165093.0
6693.849603077561,166094.0
6694.02751442911,165267.0
6694.205425780658,163227.0
6694.383337132206,163761.0
6694.561248483754,162345.0
6694.739159835302,162819.0
6694.91707118685,162861.0
6695.094982538399,163259.0
6695.272893889946,164133.0
6695.450805241495,159053.0
6695.6287165930435,157812.0
6695.806627944591,156985.0
6695.98453929614,156364.0
6696.162450647687,158909.0
6696.340361999236,160064.0
6696.518273350784,157148.0
6696.696184702332,156761.0
6696.87409605388,155472.0
6697.052007405428,155020.0
6697.229918756977,152738.0
6697.407830108525,152572.0
6697.585741460073,152174.0
6697.763652811621,151834.0
6697.9415641631695,152062.0
6698.119475514717,149904.0
6698.297386866266,147009.0
6698.475298217814,148373.0
6698.653209569362,148729.0
6698.8311209209105,149519.0
6699.009032272458,148363.0
6699.186943624007,150215.0
6699.364854975554,147710.0
6699.542766327103,147821.0
6699.720677678651,145725.0
6699.898589030199,143760.0
6700.076500381747,143163.0
6700.2544117332955,143974.0
6700.432323084844,142450.0
6700.610234436392,142062.0
6700.78814578794,142256.0
6700.966057139488,140844.0
6701.1439684910365,141612.0
6701.321879842584,140231.0
6701.499791194133,140128.0
6701.677702545681,138139.0
6701.855613897229,137573.0
6702.033525248778,137101.0
6702.211436600325,136228.0
6702.389347951874,136969.0
6702.567259303421,137402.0
6702.74517065497,135816.0
6702.923082006518,134911.0
6703.100993358066,136108.0
6703.278904709615,135249.0
6703.4568160611625,133817.0
6703.634727412711,133780.0
6703.812638764259,132659.0
6703.990550115807,132873.0
6704.168461467355,132455.0
6704.346372818904,131196.0
6704.524284170451,130738.0
6704.702195522,129537.0
6704.880106873548,128898.0
6705.058018225096,128133.0
6705.235929576645,126520.0
6705.413840928192,125018.0
6705.591752279741,127157.0
6705.7696636312885,127405.0
6705.947574982837,125363.0
6706.125486334385,125374.0
6706.303397685933,123395.0
6706.481309037482,121669.0
6706.6592203890295,122009.0
6706.837131740578,122981.0
6707.015043092126,122210.0
6707.192954443674,122541.0
6707.370865795222,121524.0
6707.548777146771,120338.0
6707.726688498318,121659.0
6707.904599849867,120693.0
6708.082511201415,120706.0
6708.260422552963,118998.0
6708.438333904512,118791.0
6708.616245256059,117065.0
6708.794156607608,116348.0
6708.9720679591555,117592.0
6709.149979310704,115074.0
6709.327890662252,113959.0
6709.5058020138,115642.0
6709.683713365349,113921.0
6709.861624716897,113504.0
6710.039536068445,111817.0
6710.217447419993,112158.0
6710.395358771541,112774.0
6710.573270123089,112892.0
6710.751181474638,111208.0
6710.929092826185,110235.0
6711.107004177734,108523.0
6711.284915529282,107886.0
6711.46282688083,106730.0
6711.640738232379,106773.0
6711.818649583926,107932.0
6711.996560935475,105840.0
6712.174472287023,104239.0
6712.352383638571,105699.0
6712.530294990119,106889.0
6712.708206341667,104990.0
6712.886117693216,103641.0
6713.064029044764,104110.0
6713.241940396312,101777.0
6713.41985174786,101004.0
6713.597763099408,101635.0
6713.775674450956,101085.0
6713.953585802505,98921.6
6714.131497154052,98165.6
6714.309408505601,99161.0
6714.4873198571495,99787.5
6714.665231208697,97954.3
6714.843142560246,97306.3
6715.021053911793,97093.6
6715.198965263342,95529.7
6715.37687661489,95391.3
6715.554787966438,95142.2
6715.732699317987,94347.7
6715.910610669534,94237.4
6716.088522021083,94298.4
6716.266433372631,94049.9
6716.444344724179,92192.1
6716.622256075727,90946.4
6716.8001674272755,90910.9
6716.978078778823,91328.5
6717.155990130372,92157.2
6717.333901481919,90032.9
6717.511812833468,88547.5
6717.6897241850165,89019.2
6717.867635536564,88008.1
6718.045546888113,88422.3
6718.22345823966,87917.4
6718.401369591209,87400.0
6718.579280942757,86870.3
6718.757192294305,87001.8
6718.935103645854,85869.8
6719.1130149974015,84891.2
6719.29092634895,83999.4
6719.468837700498,85228.3
6719.646749052046,82354.9
6719.824660403594,81498.3
6720.0025717551425,83038.8
6720.18048310669,82009.0
6720.358394458239,80972.2
6720.536305809787,80775.2
6720.714217161335,80919.4
6720.892128512884,79809.6
6721.070039864431,79855.3
6721.24795121598,79569.7
6721.4258625675275,77705.4
6721.603773919076,77664.7
6721.781685270624,77375.9
6721.959596622172,76835.8
6722.137507973721,77826.6
6722.3154193252685,77346.4
6722.493330676817,75794.1
6722.671242028365,73999.7
6722.849153379913,74151.4
6723.027064731461,74493.5
6723.20497608301,72656.1
6723.382887434557,71746.9
6723.560798786106,72905.5
6723.738710137654,71106.5
6723.916621489202,70661.9
6724.094532840751,70137.3
6724.272444192298,71196.2
6724.450355543847,70434.2
6724.6282668953945,70423.5
6724.806178246943,70085.2
6724.984089598491,69372.1
6725.162000950039,68572.0
6725.339912301588,68906.6
6725.517823653136,67787.7
6725.695735004684,68012.0
6725.873646356232,67852.8
6726.05155770778,66843.6
6726.229469059328,66616.8
6726.407380410877,66312.5
6726.585291762424,65410.9
6726.763203113973,64514.9
6726.941114465521,65099.4
6727.119025817069,64550.8
6727.296937168618,62393.6
6727.474848520165,62269.9
6727.652759871714,63800.1
6727.830671223262,63564.8
6728.00858257481,62787.6
6728.186493926358,61903.3
6728.364405277906,60426.2
6728.542316629455,59884.7
6728.720227981003,59338.8
6728.898139332551,59990.1
6729.076050684099,61101.8
6729.253962035647,59772.3
6729.431873387195,57520.7
6729.609784738744,58731.0
6729.787696090291,57374.2
6729.96560744184,56783.3
6730.1435187933885,55968.3
6730.321430144936,56061.8
6730.499341496485,55958.2
6730.677252848032,55962.0
6730.855164199581,55652.1
6731.033075551129,54045.2
6731.210986902677,53527.5
6731.388898254225,52744.5
6731.566809605773,53076.5
6731.744720957322,51745.2
6731.92263230887,53494.9
6732.100543660418,51792.5
6732.278455011966,50616.0
6732.4563663635145,51755.9
6732.634277715062,51444.9
6732.812189066611,50992.8
6732.990100418158,51151.0
6733.168011769707,51336.1
6733.3459231212555,50251.8
6733.523834472803,49111.4
6733.701745824352,49270.5
6733.879657175899,49316.0
6734.057568527448,47653.7
6734.235479878996,48610.6
6734.413391230544,48540.0
6734.591302582092,47923.4
6734.7692139336405,48203.4
6734.947125285189,47287.1
6735.125036636737,46148.2
6735.302947988285,45737.2
6735.480859339833,45539.0
6735.6587706913815,46201.0
6735.836682042929,43334.1
6736.014593394478,44077.7
6736.192504746026,44100.7
6736.370416097574,43354.7
6736.548327449123,43821.4
6736.72623880067,43218.0
6736.904150152219,43223.2
6737.082061503766,42577.0
6737.259972855315,41394.6
6737.437884206863,41196.5
6737.615795558411,40487.6
6737.793706909959,41263.7
6737.9716182615075,40394.0
6738.149529613056,39939.5
6738.327440964604,39247.2
6738.505352316152,40317.6
6738.6832636677,38749.5
6738.861175019249,38244.7
6739.039086370796,38631.8
6739.216997722345,39055.7
6739.394909073893,38368.9
6739.572820425441,38107.5
6739.75073177699,37446.0
6739.928643128537,34978.6
