7604.0846914469,4827.36
7604.29500066525,5459.87
7604.5053098836,7508.97
7604.71561910195,10191.2
7604.9259283203,11976.2
7605.13623753865,9648.24
7605.3465467569995,5942.22
7605.55685597535,6462.22
7605.7671651937,8192.98
7605.97747441205,8968.21
7606.187783630399,9144.23
7606.39809284875,6963.89
7606.6084020671,5548.99
7606.818711285449,6866.95
7607.029020503799,9171.96
7607.23932972215,10889.4
7607.449638940499,10796.5
7607.659948158849,8180.38
7607.870257377199,8164.28
7608.0805665955495,11734.6
7608.290875813899,15738.2
7608.501185032249,17323.1
7608.711494250599,15529.0
7608.921803468949,11552.3
7609.132112687299,8425.48
7609.342421905649,8344.55
7609.5527311239985,10249.5
7609.763040342348,12269.1
7609.973349560699,11371.5
7610.1836587790485,9327.8
7610.393967997398,9785.9
7610.604277215748,14190.5
7610.814586434099,21577.0
7611.024895652448,28266.8
7611.235204870798,29575.8
7611.445514089148,26167.5
7611.655823307498,18234.4
7611.866132525848,12618.7
7612.076441744198,11307.8
7612.286750962548,14116.0
7612.497060180898,18306.6
7612.707369399248,18253.1
7612.917678617598,16380.0
7613.127987835947,17175.1
7613.338297054298,23296.4
7613.548606272648,32450.8
7613.758915490997,41199.0
7613.969224709347,46839.0
7614.179533927698,47392.9
7614.3898431460475,41995.9
7614.600152364397,32585.4
7614.810461582747,24188.0
7615.020770801098,20266.8
7615.231080019447,22911.8
7615.441389237797,29525.7
7615.651698456147,32976.6
7615.862007674496,31806.4
7616.072316892847,32466.8
7616.282626111197,39392.4
7616.4929353295465,50133.2
7616.703244547896,60882.4
7616.913553766247,66969.7
7617.123862984597,71663.4
7617.334172202946,74636.6
7617.544481421296,76263.3
7617.754790639647,76557.7
7617.965099857996,75425.4
7618.175409076346,75654.2
7618.385718294696,77475.0
7618.5960275130465,77197.5
7618.806336731396,77820.4
7619.016645949746,76274.7
7619.226955168096,75364.8
7619.437264386446,76108.7
7619.647573604796,74693.3
7619.857882823146,71192.1
7620.068192041495,67619.6
7620.278501259846,59865.3
7620.488810478196,46785.7
7620.6991196965455,34516.3
7620.909428914895,29096.1
7621.119738133246,30657.7
7621.330047351596,40309.4
7621.540356569945,53056.8
7621.750665788295,62209.6
7621.960975006645,67938.9
7622.171284224995,68760.9
7622.381593443345,65184.5
7622.591902661695,55609.0
7622.8022118800445,42457.1
7623.012521098395,29397.1
7623.222830316745,21621.9
7623.433139535095,22231.0
7623.643448753444,26881.7
7623.853757971795,28199.0
7624.064067190145,24417.3
7624.274376408494,18974.4
7624.484685626844,20020.7
7624.694994845195,26371.7
7624.9053040635445,36248.1
7625.115613281894,49265.8
7625.325922500244,61002.2
7625.5362317185945,67226.8
7625.746540936944,68114.9
7625.956850155294,64467.9
7626.167159373644,57935.8
7626.377468591994,47624.4
7626.587777810344,34948.7
7626.798087028694,22901.7
7627.0083962470435,17199.4
7627.218705465393,17930.6
7627.429014683744,19890.6
7627.639323902094,20615.7
7627.849633120443,19833.6
7628.059942338793,17472.8
7628.270251557144,19005.8
7628.480560775493,27341.6
7628.690869993843,40332.6
7628.901179212193,52793.8
7629.111488430543,62442.7
7629.321797648893,69548.7
7629.532106867243,73015.2
7629.742416085593,71935.8
7629.952725303943,67617.5
7630.163034522293,59233.3
7630.373343740643,46734.9
7630.583652958992,32663.5
7630.793962177343,22137.9
7631.004271395693,17551.4
7631.2145806140425,18066.4
7631.424889832392,19845.6
7631.635199050743,19725.2
7631.8455082690925,18256.0
7632.055817487442,16529.4
7632.266126705792,20924.1
7632.476435924142,30476.8
7632.686745142492,45031.7
7632.897054360842,58540.9
7633.107363579192,69422.0
7633.3176727975415,76660.5
7633.527982015892,79149.0
7633.738291234242,78984.3
7633.948600452592,75307.6
7634.158909670941,70304.6
7634.369218889292,61999.3
7634.579528107642,50451.6
7634.789837325991,37791.9
7635.000146544341,26489.7
7635.210455762692,19498.2
7635.420764981041,18762.3
7635.631074199391,20808.6
7635.841383417741,20788.8
7636.0516926360915,20113.0
7636.262001854441,20091.2
7636.472311072791,26494.6
7636.682620291141,39691.9
7636.892929509491,55251.3
7637.103238727841,68144.1
7637.313547946191,78947.5
7637.5238571645405,86887.9
7637.734166382891,89186.3
7637.944475601241,88456.6
7638.1547848195905,86975.4
7638.36509403794,84382.8
7638.57540325629,78748.2
7638.785712474641,70038.2
7638.99602169299,57515.5
7639.20633091134,42445.0
7639.41664012969,31222.8
7639.62694934804,26025.8
7639.83725856639,24134.5
7640.04756778474,25613.7
7640.25787700309,27733.1
7640.46818622144,26167.1
7640.67849543979,27270.8
7640.88880465814,35699.3
7641.099113876489,48289.0
7641.30942309484,62591.9
7641.51973231319,78373.4
7641.730041531539,89651.3
7641.940350749889,95694.5
7642.15065996824,101691.0
7642.3609691865895,102883.0
7642.571278404939,101493.0
7642.781587623289,99701.1
7642.99189684164,97326.2
7643.202206059989,91190.2
7643.412515278339,81893.7
7643.622824496689,66392.2
7643.833133715039,49842.9
7644.043442933389,39084.1
7644.253752151739,33450.3
7644.4640613700885,33610.3
7644.674370588438,34642.6
7644.884679806789,34644.3
7645.094989025139,33736.6
7645.305298243488,35934.9
7645.515607461838,45185.5
7645.725916680189,60764.2
7645.936225898538,77340.7
7646.146535116888,91977.1
7646.356844335238,102629.0
7646.5671535535885,107273.0
7646.777462771938,110121.0
7646.987771990288,112740.0
7647.198081208638,113474.0
7647.408390426988,114280.0
7647.618699645338,113635.0
7647.829008863688,109313.0
7648.039318082037,103266.0
7648.249627300388,94493.7
7648.459936518738,80221.6
7648.6702457370875,63561.0
7648.880554955437,51296.1
7649.090864173788,46048.1
7649.301173392138,43735.3
7649.511482610487,43325.9
7649.721791828837,44977.2
7649.932101047187,46368.7
7650.142410265537,50320.0
7650.352719483887,61741.4
7650.563028702237,77932.5
7650.7733379205865,92574.8
7650.983647138937,104761.0
7651.193956357287,116117.0
7651.404265575637,123723.0
7651.614574793986,124082.0
7651.824884012337,124266.0
7652.035193230687,125927.0
7652.245502449036,124199.0
7652.455811667386,124092.0
7652.666120885737,125680.0
7652.8764301040865,123263.0
7653.086739322436,117432.0
7653.297048540786,108582.0
7653.5073577591365,94243.6
7653.717666977486,79084.6
7653.927976195836,67839.8
7654.138285414186,63951.7
7654.348594632536,61814.1
7654.558903850886,62440.1
7654.769213069236,64085.3
7654.9795222875855,63715.2
7655.189831505935,65088.0
7655.400140724286,74928.0
7655.610449942636,91394.9
7655.820759160985,107995.0
7656.031068379335,121862.0
7656.241377597686,129322.0
7656.451686816035,134182.0
7656.661996034385,134368.0
7656.872305252735,135312.0
7657.082614471085,136135.0
7657.292923689435,138678.0
7657.503232907785,140216.0
7657.713542126135,138445.0
7657.923851344485,137876.0
7658.134160562835,138133.0
7658.344469781185,132886.0
7658.554778999534,122381.0
7658.765088217885,109288.0
7658.975397436235,96628.4
7659.1857066545845,87807.2
7659.396015872934,83302.0
7659.606325091285,81849.1
7659.8166343096345,81637.6
7660.026943527984,80884.4
7660.237252746334,82750.2
7660.447561964685,86757.0
7660.657871183034,93366.7
7660.868180401384,106241.0
7661.078489619734,120079.0
7661.2887988380835,136126.0
7661.499108056434,142057.0
7661.709417274784,144811.0
7661.919726493134,146647.0
7662.130035711483,154621.0
7662.340344929834,151254.0
7662.550654148184,146443.0
7662.760963366533,148477.0
7662.971272584883,149302.0
7663.181581803234,150085.0
7663.391891021583,150475.0
7663.602200239933,147984.0
7663.812509458283,144430.0
7664.0228186766335,138592.0
7664.233127894983,128368.0
7664.443437113333,117180.0
7664.653746331683,109599.0
7664.864055550033,107354.0
7665.074364768383,104303.0
7665.284673986733,100594.0
7665.4949832050825,99259.2
7665.705292423433,100468.0
7665.915601641783,103910.0
7666.1259108601325,108856.0
7666.336220078482,118268.0
7666.546529296833,130855.0
7666.756838515183,144088.0
7666.967147733532,150339.0
7667.177456951882,152024.0
7667.387766170232,153008.0
7667.598075388582,153901.0
7667.808384606932,155057.0
7668.018693825282,155966.0
7668.229003043632,157145.0
7668.439312261982,158067.0
7668.649621480332,158526.0
7668.859930698682,158534.0
7669.070239917031,154176.0
7669.280549135382,152956.0
7669.490858353732,152707.0
7669.701167572081,152385.0
7669.911476790431,146838.0
7670.121786008782,135915.0
7670.3320952271315,127395.0
7670.542404445481,123528.0
7670.752713663831,122044.0
7670.963022882182,118569.0
7671.173332100531,115703.0
7671.383641318881,119780.0
7671.593950537231,125400.0
7671.804259755581,128258.0
7672.014568973931,133044.0
7672.224878192281,140751.0
7672.4351874106305,148972.0
7672.64549662898,156295.0
7672.855805847331,161820.0
7673.066115065681,163089.0
7673.27642428403,163547.0
7673.48673350238,164437.0
7673.697042720731,162909.0
7673.90735193908,162089.0
7674.11766115743,163286.0
7674.32797037578,163266.0
7674.5382795941305,165308.0
7674.74858881248,167765.0
7674.95889803083,168440.0
7675.16920724918,166935.0
7675.37951646753,164061.0
7675.58982568588,161801.0
7675.80013490423,157433.0
7676.010444122579,148420.0
7676.22075334093,142345.0
7676.43106255928,141554.0
7676.6413717776295,141674.0
7676.851680995979,138915.0
7677.06199021433,134809.0
7677.27229943268,134706.0
7677.482608651029,137971.0
7677.692917869379,141402.0
7677.903227087729,147193.0
7678.113536306079,154970.0
7678.323845524429,160574.0
7678.534154742779,163071.0
7678.7444639611285,164882.0
7678.954773179479,165629.0
7679.165082397829,167840.0
7679.375391616179,169420.0
7679.585700834528,169253.0
7679.796010052879,168754.0
7680.006319271229,169818.0
7680.216628489578,170446.0
7680.426937707928,169018.0
7680.637246926279,169020.0
7680.8475561446285,165999.0
7681.057865362978,168193.0
7681.268174581328,169457.0
7681.4784837996785,164986.0
7681.688793018028,166468.0
7681.899102236378,167529.0
7682.109411454728,165445.0
7682.319720673078,162522.0
7682.530029891428,160304.0
7682.740339109778,156501.0
7682.9506483281275,154316.0
7683.160957546478,150979.0
7683.371266764828,146374.0
7683.581575983178,149218.0
7683.791885201527,152991.0
7684.002194419877,156669.0
7684.212503638228,160275.0
7684.422812856577,166594.0
7684.633122074927,170737.0
7684.843431293277,173779.0
7685.053740511627,174523.0
7685.264049729977,175004.0
7685.474358948327,177135.0
7685.684668166677,176482.0
7685.894977385027,174264.0
7686.105286603377,174656.0
7686.315595821727,174616.0
7686.525905040076,171004.0
7686.736214258427,169255.0
7686.946523476777,170594.0
7687.1568326951265,170230.0
7687.367141913476,171532.0
7687.577451131827,171662.0
7687.7877603501765,174713.0
7687.998069568526,174097.0
7688.208378786876,172643.0
7688.418688005227,172607.0
7688.628997223576,170788.0
7688.839306441926,167144.0
7689.049615660276,165482.0
7689.259924878626,163800.0
7689.470234096976,160787.0
7689.680543315326,159302.0
7689.890852533676,160214.0
7690.101161752025,165007.0
7690.311470970376,169607.0
7690.521780188726,167577.0
7690.732089407075,168124.0
7690.942398625425,171962.0
7691.152707843776,174778.0
7691.363017062125,175456.0
7691.573326280475,175667.0
7691.783635498825,179552.0
7691.9939447171755,179285.0
7692.204253935525,181019.0
7692.414563153875,178397.0
7692.624872372225,177643.0
7692.835181590575,178572.0
7693.045490808925,179387.0
7693.255800027275,177826.0
7693.4661092456245,175027.0
7693.676418463975,175509.0
7693.886727682325,179102.0
7694.0970369006745,184294.0
7694.307346119024,185561.0
7694.517655337375,184678.0
7694.727964555725,180226.0
7694.938273774074,178117.0
7695.148582992424,176632.0
7695.358892210774,175210.0
7695.569201429124,177658.0
7695.779510647474,177402.0
7695.989819865824,175601.0
7696.200129084174,172865.0
7696.410438302524,173270.0
7696.620747520874,176372.0
7696.831056739224,177297.0
7697.041365957573,179232.0
7697.251675175924,179474.0
7697.461984394274,179062.0
7697.672293612623,182297.0
7697.882602830973,182273.0
7698.092912049324,181535.0
7698.3032212676735,181195.0
7698.513530486023,182262.0
7698.723839704373,183200.0
7698.934148922724,183591.0
7699.144458141073,181442.0
7699.354767359423,179148.0
7699.565076577773,181129.0
7699.775385796123,183916.0
7699.985695014473,182389.0
7700.196004232823,184324.0
7700.4063134511725,184912.0
7700.616622669522,183151.0
7700.826931887873,181964.0
7701.037241106223,181608.0
7701.247550324572,181513.0
7701.457859542922,178342.0
7701.668168761273,176985.0
7701.878477979622,180651.0
7702.088787197972,182175.0
7702.299096416322,183411.0
7702.5094056346725,182503.0
7702.719714853022,180644.0
7702.930024071372,180757.0
7703.140333289722,176892.0
7703.350642508072,178533.0
7703.560951726422,178212.0
7703.771260944772,180459.0
7703.981570163121,181028.0
7704.191879381472,180615.0
7704.402188599822,181377.0
7704.6124978181715,182785.0
7704.822807036521,182608.0
7705.033116254872,179804.0
7705.243425473222,179870.0
7705.453734691571,180469.0
7705.664043909921,180923.0
7705.874353128272,184896.0
7706.084662346621,186587.0
7706.294971564971,184327.0
7706.505280783321,181939.0
7706.7155900016705,180938.0
7706.925899220021,182214.0
7707.136208438371,184970.0
7707.346517656721,189582.0
7707.55682687507,190898.0
7707.767136093421,187222.0
7707.977445311771,185224.0
7708.18775453012,188158.0
7708.39806374847,186291.0
7708.608372966821,181320.0
7708.8186821851705,180892.0
7709.02899140352,180820.0
7709.23930062187,186870.0
7709.449609840221,188965.0
7709.65991905857,187764.0
7709.87022827692,186429.0
7710.08053749527,183082.0
7710.29084671362,181807.0
7710.50115593197,181835.0
7710.71146515032,184703.0
7710.9217743686695,186581.0
7711.13208358702,184516.0
7711.34239280537,187611.0
7711.55270202372,188175.0
7711.763011242069,187418.0
7711.97332046042,185118.0
7712.18362967877,183802.0
7712.393938897119,183360.0
7712.604248115469,184823.0
7712.814557333819,188132.0
7713.024866552169,188077.0
7713.235175770519,185867.0
7713.445484988869,184790.0
7713.655794207219,185398.0
7713.866103425569,185733.0
7714.076412643919,186435.0
7714.286721862269,186985.0
7714.497031080618,186839.0
7714.707340298969,186297.0
7714.917649517319,187082.0
7715.1279587356685,187927.0
7715.338267954018,188527.0
7715.548577172369,189341.0
7715.7588863907185,187946.0
7715.969195609068,184554.0
7716.179504827418,183284.0
7716.389814045769,183572.0
7716.600123264118,183497.0
7716.810432482468,185058.0
7717.020741700818,185550.0
7717.231050919168,184635.0
7717.441360137518,183424.0
7717.651669355868,184610.0
7717.861978574218,184881.0
7718.072287792567,186103.0
7718.282597010918,187035.0
7718.492906229268,184908.0
7718.703215447617,183224.0
7718.913524665967,179990.0
7719.123833884318,181225.0
7719.334143102667,182942.0
7719.544452321017,183862.0
7719.754761539367,184431.0
7719.9650707577175,182059.0
7720.175379976067,180074.0
7720.385689194417,180287.0
7720.595998412767,182442.0
7720.806307631117,184428.0
7721.016616849467,184058.0
7721.226926067817,182925.0
7721.4372352861665,183547.0
7721.647544504517,183523.0
7721.857853722867,181748.0
7722.0681629412165,183433.0
7722.278472159566,185578.0
7722.488781377917,182006.0
7722.699090596267,180217.0
7722.909399814616,181569.0
7723.119709032966,183369.0
7723.330018251316,186345.0
7723.540327469666,184536.0
7723.750636688016,184853.0
7723.960945906366,182299.0
7724.171255124716,180092.0
7724.381564343066,178533.0
7724.591873561416,177015.0
7724.802182779766,178003.0
7725.012491998115,180971.0
7725.222801216466,183770.0
7725.433110434816,181570.0
7725.643419653165,178567.0
7725.853728871515,178308.0
7726.064038089866,180081.0
7726.2743473082155,179044.0
7726.484656526565,176255.0
7726.694965744915,178118.0
7726.905274963266,181276.0
7727.115584181615,182271.0
7727.325893399965,181036.0
7727.536202618315,177753.0
7727.746511836665,178272.0
7727.956821055015,182211.0
7728.167130273365,179884.0
7728.3774394917145,176814.0
7728.587748710065,177731.0
7728.798057928415,178044.0
7729.008367146765,178378.0
7729.218676365114,178092.0
7729.428985583464,176920.0
7729.639294801815,175471.0
7729.849604020164,173342.0
7730.059913238514,171306.0
7730.270222456864,173115.0
7730.4805316752145,178511.0
7730.690840893564,179270.0
7730.901150111914,180154.0
7731.111459330264,181285.0
7731.321768548614,179672.0
7731.532077766964,180500.0
7731.742386985314,181288.0
7731.952696203663,180601.0
7732.163005422014,176816.0
7732.373314640364,178806.0
7732.5836238587135,181661.0
7732.793933077063,182058.0
7733.004242295414,177424.0
7733.214551513764,176612.0
7733.424860732113,177270.0
7733.635169950463,177804.0
7733.845479168814,176877.0
7734.055788387163,174965.0
7734.266097605513,176910.0
7734.476406823863,177073.0
7734.686716042213,177098.0
7734.897025260563,177631.0
7735.107334478913,181728.0
7735.317643697263,180367.0
7735.527952915612,177663.0
7735.738262133963,175693.0
7735.948571352313,172201.0
7736.158880570662,175153.0
7736.369189789012,176809.0
7736.579499007363,176587.0
7736.7898082257125,176202.0
7737.000117444062,176691.0
7737.210426662412,178826.0
7737.420735880763,178253.0
7737.631045099112,177009.0
7737.841354317462,175774.0
7738.051663535812,174324.0
7738.261972754162,175301.0
7738.472281972512,175726.0
7738.682591190862,174815.0
7738.8929004092115,175307.0
7739.103209627562,174771.0
7739.313518845912,173540.0
7739.523828064262,175178.0
7739.734137282611,175199.0
7739.944446500962,173979.0
7740.154755719312,175022.0
7740.365064937661,170320.0
7740.575374156011,171635.0
7740.785683374361,173612.0
7740.995992592711,172256.0
7741.206301811061,171441.0
7741.416611029411,172053.0
7741.626920247761,175247.0
7741.837229466111,174134.0
7742.047538684461,175478.0
7742.257847902811,174972.0
7742.46815712116,172106.0
7742.678466339511,172865.0
7742.888775557861,170343.0
7743.0990847762105,170223.0
7743.30939399456,173790.0
7743.519703212911,172047.0
7743.730012431261,173553.0
7743.94032164961,172865.0
7744.15063086796,172141.0
7744.360940086311,172383.0
7744.57124930466,171804.0
7744.78155852301,171185.0
7744.99186774136,171303.0
7745.20217695971,173316.0
7745.41248617806,169888.0
7745.62279539641,168877.0
7745.83310461476,167093.0
7746.043413833109,167909.0
7746.25372305146,170261.0
7746.46403226981,169941.0
7746.674341488159,172200.0
7746.884650706509,171222.0
7747.09495992486,169667.0
7747.305269143209,170034.0
7747.515578361559,170986.0
7747.725887579909,170787.0
7747.9361967982595,170633.0
7748.146506016609,169071.0
7748.356815234959,168915.0
7748.567124453309,168366.0
7748.777433671659,169769.0
7748.987742890009,170425.0
7749.198052108359,170798.0
7749.4083613267085,169032.0
7749.618670545059,167398.0
7749.828979763409,168142.0
7750.039288981759,168578.0
7750.249598200108,168391.0
7750.459907418459,169062.0
7750.670216636809,167396.0
7750.880525855158,164921.0
7751.090835073508,166660.0
7751.301144291859,165611.0
7751.511453510208,166507.0
7751.721762728558,167688.0
7751.932071946908,166640.0
7752.1423811652585,167599.0
7752.352690383608,167049.0
7752.562999601958,167269.0
7752.773308820308,165904.0
7752.983618038657,166077.0
7753.193927257008,166786.0
7753.404236475358,169983.0
7753.614545693707,168108.0
7753.824854912057,163012.0
7754.035164130408,165379.0
7754.2454733487575,166019.0
7754.455782567107,164828.0
7754.666091785457,166303.0
7754.876401003808,165844.0
7755.086710222157,166089.0
7755.297019440507,167370.0
7755.507328658857,165098.0
7755.717637877207,164029.0
7755.927947095557,163634.0
7756.138256313907,162262.0
7756.3485655322565,163789.0
7756.558874750607,165256.0
7756.769183968957,163126.0
7756.979493187307,162088.0
7757.189802405656,164706.0
7757.400111624007,164546.0
7757.610420842357,161478.0
7757.820730060706,161450.0
7758.031039279056,161907.0
7758.241348497406,163049.0
7758.4516577157565,165006.0
7758.661966934106,164083.0
7758.872276152456,162236.0
7759.082585370806,160900.0
7759.292894589156,160175.0
7759.503203807506,160464.0
7759.713513025856,159558.0
7759.923822244205,159380.0
7760.134131462556,160552.0
7760.344440680906,159542.0
7760.5547498992555,159612.0
7760.765059117605,160288.0
7760.975368335956,159105.0
7761.185677554306,158276.0
7761.395986772655,158155.0
7761.606295991005,161859.0
7761.816605209356,160762.0
7762.026914427705,158705.0
7762.237223646055,161390.0
7762.447532864405,158850.0
7762.657842082755,160093.0
7762.868151301105,161067.0
7763.078460519455,156587.0
7763.288769737805,154235.0
7763.499078956154,153976.0
7763.709388174505,155471.0
7763.919697392855,156141.0
7764.130006611204,156040.0
7764.340315829554,155804.0
7764.550625047905,155331.0
7764.7609342662545,157839.0
7764.971243484604,160590.0
7765.181552702954,159834.0
7765.391861921305,157077.0
7765.602171139654,156039.0
7765.812480358004,157648.0
7766.022789576354,157923.0
7766.233098794704,156267.0
7766.443408013054,155483.0
7766.653717231404,154966.0
7766.8640264497535,156093.0
7767.074335668104,156843.0
7767.284644886454,155707.0
7767.494954104804,158784.0
7767.705263323153,158393.0
7767.915572541504,153950.0
7768.125881759854,152427.0
7768.336190978203,152730.0
7768.546500196553,152760.0
7768.756809414903,152693.0
7768.967118633253,154123.0
7769.177427851603,158045.0
7769.387737069953,156710.0
7769.598046288303,155367.0
7769.808355506653,155351.0
7770.018664725003,154894.0
7770.228973943353,155180.0
7770.439283161702,156651.0
7770.649592380053,155632.0
7770.859901598403,153364.0
7771.0702108167525,152809.0
7771.280520035102,150769.0
7771.490829253453,151651.0
7771.701138471803,152990.0
7771.911447690152,152207.0
7772.121756908502,149648.0
7772.332066126853,147915.0
7772.542375345202,147952.0
7772.752684563552,148857.0
7772.962993781902,149314.0
7773.173303000252,149310.0
7773.383612218602,151285.0
7773.593921436952,150657.0
7773.804230655302,151158.0
7774.014539873652,150836.0
7774.224849092002,146170.0
7774.435158310352,146315.0
7774.645467528701,144164.0
7774.855776747052,144244.0
7775.066085965402,145520.0
7775.276395183751,147171.0
7775.486704402101,146251.0
7775.697013620451,145816.0
7775.9073228388015,146131.0
7776.117632057151,146561.0
7776.327941275501,146597.0
7776.538250493851,148100.0
7776.748559712201,146773.0
7776.958868930551,148705.0
7777.169178148901,148373.0
7777.3794873672505,148063.0
7777.589796585601,146166.0
7777.800105803951,145211.0
7778.010415022301,145574.0
7778.22072424065,144422.0
7778.431033459001,144469.0
7778.641342677351,145507.0
7778.8516518957,148261.0
7779.06196111405,143054.0
7779.272270332401,141715.0
7779.48257955075,143251.0
7779.6928887691,145885.0
7779.90319798745,146262.0
7780.1135072058005,145420.0
7780.32381642415,145772.0
7780.5341256425,144486.0
7780.74443486085,143859.0
7780.954744079199,142557.0
7781.16505329755,142811.0
7781.3753625159,144764.0
7781.585671734249,144984.0
7781.795980952599,143937.0
7782.00629017095,143083.0
7782.2165993892995,140408.0
7782.426908607649,140606.0
7782.637217825999,140607.0
7782.84752704435,137906.0
7783.057836262699,140210.0
7783.268145481049,143426.0
7783.478454699399,142355.0
7783.688763917749,140445.0
7783.899073136099,138059.0
7784.109382354449,137501.0
7784.319691572799,138306.0
7784.530000791149,139372.0
7784.740310009499,142650.0
7784.950619227849,142341.0
7785.160928446198,140767.0
7785.371237664549,138614.0
7785.581546882899,139958.0
7785.791856101248,138792.0
7786.002165319598,137480.0
7786.212474537948,136505.0
7786.4227837562985,137963.0
7786.633092974648,139776.0
7786.843402192998,139393.0
7787.053711411348,140128.0
7787.264020629698,139815.0
7787.474329848048,136512.0
7787.684639066398,134796.0
7787.894948284747,132331.0
7788.105257503098,134622.0
7788.315566721448,138501.0
7788.5258759397975,137813.0
7788.736185158147,138140.0
7788.946494376498,137625.0
7789.156803594848,135218.0
7789.367112813197,134771.0
7789.577422031547,136126.0
7789.787731249898,136575.0
7789.998040468247,134887.0
7790.208349686597,133377.0
7790.418658904947,132675.0
7790.628968123297,133307.0
7790.839277341647,134282.0
7791.049586559997,133922.0
7791.259895778347,134314.0
7791.470204996696,134030.0
7791.680514215047,134224.0
7791.890823433397,131145.0
7792.101132651746,130305.0
7792.311441870096,130749.0
7792.521751088447,133209.0
7792.7320603067965,134231.0
7792.942369525146,132423.0
7793.152678743496,131549.0
7793.362987961847,130041.0
7793.573297180196,129513.0
7793.783606398546,130417.0
7793.993915616896,130899.0
7794.204224835246,130424.0
7794.414534053596,129968.0
7794.624843271946,129972.0
7794.8351524902955,127811.0
7795.045461708646,126839.0
7795.255770926996,128256.0
7795.466080145346,128506.0
7795.676389363695,128424.0
7795.886698582046,128221.0
7796.097007800396,127681.0
7796.307317018745,128661.0
7796.517626237095,129361.0
7796.727935455446,127235.0
7796.938244673795,126360.0
7797.148553892145,125378.0
7797.358863110495,123920.0
7797.5691723288455,125158.0
7797.779481547195,127336.0
7797.989790765545,126310.0
7798.200099983895,126282.0
7798.410409202244,125615.0
7798.620718420595,125550.0
7798.831027638945,126279.0
7799.0413368572945,126115.0
7799.251646075644,125116.0
7799.461955293995,123019.0
7799.672264512345,124173.0
7799.882573730694,123996.0
7800.092882949044,123143.0
7800.303192167395,122067.0
7800.513501385744,123455.0
7800.723810604094,122641.0
7800.934119822444,122622.0
7801.144429040794,123979.0
7801.354738259144,124164.0
7801.565047477494,123069.0
7801.775356695844,121638.0
7801.985665914194,120655.0
7802.195975132544,120608.0
7802.406284350894,119563.0
7802.616593569243,119379.0
7802.826902787594,120502.0
7803.037212005944,121401.0
7803.247521224293,119633.0
7803.457830442643,119949.0
7803.668139660993,121127.0
7803.8784488793435,118868.0
7804.088758097693,116732.0
7804.299067316043,117755.0
7804.509376534393,118636.0
7804.719685752743,117853.0
7804.929994971093,117303.0
7805.140304189443,119020.0
7805.3506134077925,118341.0
7805.560922626143,120267.0
7805.771231844493,121096.0
7805.981541062843,118539.0
7806.191850281192,114880.0
7806.402159499543,114350.0
7806.612468717893,117468.0
7806.822777936242,116458.0
7807.033087154592,116166.0
7807.243396372943,116515.0
7807.453705591292,118087.0
7807.664014809642,117892.0
7807.874324027992,118578.0
7808.0846332463425,118277.0
7808.294942464692,117567.0
7808.505251683042,116423.0
7808.715560901392,114958.0
7808.925870119741,112017.0
7809.136179338092,110836.0
7809.346488556442,112782.0
7809.556797774791,113492.0
7809.767106993141,113123.0
7809.977416211492,112222.0
7810.1877254298415,112849.0
7810.398034648191,114497.0
7810.608343866541,112889.0
7810.818653084892,112694.0
7811.028962303241,113882.0
7811.239271521591,111594.0
7811.449580739941,109645.0
7811.659889958291,111184.0
7811.870199176641,110141.0
7812.080508394991,110884.0
7812.290817613341,110571.0
7812.501126831691,110164.0
7812.711436050041,111131.0
7812.921745268391,110663.0
7813.13205448674,110111.0
7813.342363705091,109744.0
7813.552672923441,108706.0
7813.76298214179,106760.0
7813.97329136014,109336.0
7814.18360057849,108716.0
7814.3939097968405,106542.0
7814.60421901519,108131.0
7814.81452823354,107335.0
7815.02483745189,106306.0
7815.23514667024,104865.0
7815.44545588859,105593.0
7815.65576510694,107438.0
7815.866074325289,108183.0
7816.07638354364,107758.0
7816.28669276199,108425.0
7816.4970019803395,108675.0
7816.707311198689,106153.0
7816.91762041704,106496.0
7817.12792963539,106569.0
7817.338238853739,106121.0
7817.548548072089,100861.0
7817.75885729044,100209.0
7817.969166508789,105033.0
7818.179475727139,107192.0
7818.389784945489,104618.0
7818.6000941638395,104312.0
7818.810403382189,104777.0
7819.020712600539,104517.0
7819.231021818889,105499.0
7819.441331037239,103491.0
7819.651640255589,100648.0
7819.861949473939,98887.0
7820.072258692288,100041.0
7820.282567910639,99988.6
7820.492877128989,101529.0
7820.7031863473385,102181.0
7820.913495565688,103440.0
7821.123804784038,101986.0
7821.334114002389,100526.0
7821.544423220738,100963.0
7821.754732439088,100680.0
7821.965041657438,101159.0
7822.175350875788,99831.8
7822.385660094138,98849.4
7822.595969312488,99761.0
7822.8062785308375,99139.0
7823.016587749188,98401.2
7823.226896967538,99476.2
7823.437206185888,101134.0
7823.647515404237,97490.5
7823.857824622588,95572.1
7824.068133840938,95788.3
7824.278443059287,98996.5
7824.488752277637,97996.0
7824.699061495988,97027.6
7824.9093707143375,95446.6
7825.119679932687,95807.8
7825.329989151037,95548.0
7825.5402983693875,93599.8
7825.750607587737,95496.5
7825.960916806087,96282.3
7826.171226024437,95316.7
7826.381535242786,94932.6
7826.591844461137,95397.8
7826.802153679487,93905.4
7827.0124628978365,91102.5
7827.222772116186,90624.6
7827.433081334537,93534.4
7827.643390552887,93793.5
7827.853699771236,94005.9
7828.064008989586,95380.6
7828.274318207937,95190.5
7828.484627426286,95202.1
7828.694936644636,92913.7
7828.905245862986,92219.4
7829.115555081336,90200.2
7829.325864299686,90464.3
7829.536173518036,93257.7
7829.746482736386,91882.5
7829.956791954736,88897.7
7830.167101173086,89458.0
7830.377410391436,91247.3
7830.587719609785,88830.2
7830.798028828136,88917.1
7831.008338046486,87461.5
7831.218647264835,88859.1
7831.428956483185,88735.2
7831.639265701535,88550.1
7831.8495749198855,91568.7
7832.059884138235,88824.2
7832.270193356585,87142.1
7832.480502574935,87212.3
7832.690811793285,86024.0
7832.901121011635,86185.4
7833.111430229985,86522.8
7833.3217394483345,87427.3
7833.532048666685,86490.9
7833.742357885035,86314.4
7833.952667103385,85856.7
7834.162976321734,86281.8
7834.373285540085,85130.5
7834.583594758435,84808.0
7834.793903976784,85943.9
7835.004213195134,85140.5
7835.214522413485,84953.8
7835.424831631834,85400.2
7835.635140850184,85473.1
7835.845450068534,86402.4
7836.0557592868845,83612.0
7836.266068505234,83935.2
7836.476377723584,83107.6
7836.686686941934,84586.3
7836.896996160283,85206.8
7837.107305378634,81657.2
7837.317614596984,82441.4
7837.527923815333,82642.8
7837.738233033683,80752.8
7837.948542252034,80686.0
7838.1588514703835,80720.6
7838.369160688733,80987.1
7838.579469907083,83399.5
7838.789779125434,80343.0
7839.000088343783,78406.5
7839.210397562133,79283.1
7839.420706780483,77362.2
7839.631015998833,78412.7
7839.841325217183,79450.3
7840.051634435533,80573.3
7840.261943653883,79845.1
7840.472252872233,79255.2
7840.682562090583,77392.8
7840.892871308933,75740.1
7841.103180527282,77285.9
7841.313489745633,77598.5
7841.523798963983,76500.3
7841.734108182332,75194.1
7841.944417400682,76178.8
7842.154726619033,78848.8
7842.3650358373825,77022.3
7842.575345055732,76271.5
7842.785654274082,75043.9
7842.995963492433,75902.3
7843.206272710782,75455.2
7843.416581929132,77903.7
7843.626891147482,75142.4
7843.837200365831,73389.5
7844.047509584182,71930.3
7844.257818802532,72385.8
7844.4681280208815,72619.6
7844.678437239231,72645.8
7844.888746457582,73974.0
7845.099055675932,74977.5
7845.309364894281,72702.4
7845.519674112631,71359.9
7845.729983330982,71495.9
7845.940292549331,71204.6
7846.150601767681,73464.5
7846.360910986031,73706.4
7846.5712202043815,73490.6
7846.781529422731,72368.7
7846.991838641081,69790.9
7847.202147859431,68341.6
7847.412457077781,69427.3
7847.622766296131,69826.0
7847.833075514481,72010.9
7848.04338473283,70548.0
7848.253693951181,69030.0
7848.464003169531,69856.4
7848.6743123878805,68192.9
7848.88462160623,68290.2
7849.09493082458,70439.4
7849.305240042931,68912.6
7849.51554926128,68235.8
7849.72585847963,66852.9
7849.93616769798,66164.6
7850.14647691633,67459.5
7850.35678613468,67263.2
7850.56709535303,68248.2
7850.7774045713795,66697.1
7850.98771378973,65951.7
7851.19802300808,64246.0
7851.40833222643,64431.1
7851.618641444779,63949.7
7851.82895066313,65399.2
7852.03925988148,66447.8
7852.249569099829,65189.1
7852.459878318179,64728.0
7852.67018753653,65412.6
7852.8804967548795,64305.9
7853.090805973229,63764.6
7853.301115191579,63542.1
7853.5114244099295,64665.5
7853.721733628279,64274.2
7853.932042846629,63100.7
7854.142352064979,63646.6
7854.352661283328,63659.2
7854.562970501679,63843.5
7854.773279720029,64325.3
7854.9835889383785,63488.0
7855.193898156728,64015.2
7855.404207375079,63337.8
7855.614516593429,61748.0
7855.824825811778,62076.2
7856.035135030128,62753.6
7856.245444248479,61488.0
7856.455753466828,62044.1
7856.666062685178,61369.8
7856.876371903528,61043.9
7857.086681121878,59781.7
7857.296990340228,60754.4
7857.507299558578,61242.1
7857.717608776928,60655.6
7857.927917995278,58764.2
7858.138227213628,58684.2
7858.348536431978,60885.1
7858.558845650327,59617.3
7858.769154868678,57240.0
7858.979464087028,58384.7
7859.1897733053775,58155.1
7859.400082523727,58604.9
7859.610391742077,57018.2
7859.8207009604275,57922.6
7860.031010178777,56222.4
7860.241319397127,56744.0
7860.451628615478,56514.4
7860.661937833827,55388.2
7860.872247052177,58073.8
7861.082556270527,58490.9
7861.2928654888765,56002.8
7861.503174707227,56200.6
7861.713483925577,54550.3
7861.923793143927,55481.8
7862.134102362276,55494.5
7862.344411580627,54067.2
7862.554720798977,53781.6
7862.765030017326,54162.7
7862.975339235676,54880.8
7863.185648454027,53885.8
7863.395957672376,53383.7
7863.606266890726,52924.4
7863.816576109076,50543.3
7864.0268853274265,51479.6
7864.237194545776,52238.6
7864.447503764126,52712.4
7864.657812982476,52494.8
7864.868122200826,51821.3
7865.078431419176,50872.2
7865.288740637526,52647.6
7865.4990498558755,51804.9
7865.709359074226,50927.9
7865.919668292576,50238.1
7866.1299775109255,51914.4
7866.340286729275,50871.7
7866.550595947625,50056.0
7866.760905165976,49873.2
7866.971214384325,49827.9
7867.181523602675,50751.5
7867.391832821025,49918.7
7867.602142039375,48131.8
7867.812451257725,48680.0
7868.022760476075,49517.8
7868.233069694425,49452.7
7868.443378912775,49674.9
7868.653688131125,48556.1
7868.863997349475,48399.6
7869.074306567824,49045.8
7869.284615786175,49550.2
7869.494925004525,48120.8
7869.705234222874,45496.0
7869.915543441224,46925.1
7870.125852659575,46289.3
7870.3361618779245,47096.0
7870.546471096274,45987.2
7870.756780314624,45858.0
7870.967089532975,45754.0
7871.177398751324,44458.4
7871.387707969674,43420.8
7871.598017188024,45449.0
7871.808326406373,45430.5
7872.018635624724,44304.7
7872.228944843074,43706.6
7872.4392540614235,43316.8
7872.649563279773,43388.6
7872.859872498124,44016.4
7873.070181716474,43727.8
7873.280490934823,43300.6
7873.490800153173,43904.8
7873.701109371524,44282.9
7873.911418589873,43431.8
7874.121727808223,43546.1
7874.332037026573,43106.0
7874.5423462449235,41859.6
7874.752655463273,41869.9
7874.962964681623,41439.9
7875.173273899973,40378.6
7875.383583118323,40253.7
7875.593892336673,41259.9
7875.804201555023,41267.6
7876.014510773372,40914.4
7876.224819991723,40844.9
7876.435129210073,39872.4
7876.6454384284225,40186.9
7876.855747646772,40896.9
7877.066056865122,40461.1
7877.276366083473,40811.7
7877.486675301822,39959.6
7877.696984520172,37603.9
7877.907293738522,38185.1
7878.117602956872,38363.1
7878.327912175222,37303.2
7878.538221393572,37855.5
7878.7485306119215,37018.9
7878.958839830272,37177.4
7879.169149048622,36885.0
7879.379458266972,36938.8
7879.589767485321,36354.8
7879.800076703672,38206.6
7880.010385922022,37193.3
7880.220695140371,35125.6
7880.431004358721,35904.5
7880.641313577072,35205.1
7880.8516227954215,36798.3
7881.061932013771,36395.8
7881.272241232121,37149.4
7881.4825504504715,35188.3
7881.692859668821,34296.7
7881.903168887171,35359.9
7882.113478105521,35993.1
7882.32378732387,36436.9
7882.534096542221,35675.4
7882.744405760571,34502.6
7882.9547149789205,33680.9
7883.165024197271,34686.0
7883.375333415621,34536.1
7883.585642633971,33794.5
7883.79595185232,33846.6
7884.00626107067,33873.8
7884.216570289021,34584.5
7884.42687950737,33663.8
7884.63718872572,32491.2
7884.84749794407,32780.7
7885.05780716242,30668.0
7885.26811638077,31357.3
7885.47842559912,31512.4
7885.68873481747,32373.6
7885.89904403582,32489.0
7886.10935325417,31603.9
7886.31966247252,30393.9
7886.529971690869,30987.5
7886.74028090922,31668.8
7886.95059012757,30359.3
7887.1608993459195,30033.4
7887.371208564269,30315.6
7887.58151778262,31274.4
7887.7918270009695,29370.0
7888.002136219319,28941.7
7888.212445437669,27682.1
7888.42275465602,28275.4
7888.633063874369,29964.4
7888.843373092719,29612.6
7889.053682311069,29436.3
7889.2639915294185,29236.6
7889.474300747769,28311.9
7889.684609966119,28587.2
7889.894919184469,27305.6
7890.105228402818,28340.4
7890.315537621169,26719.2
7890.525846839519,27676.5
7890.736156057868,28563.9
7890.946465276218,27167.8
7891.156774494569,27948.2
7891.367083712918,27136.3
7891.577392931268,25720.0
7891.787702149618,25829.9
7891.9980113679685,26558.1
7892.208320586318,25986.0
7892.418629804668,25817.6
7892.628939023018,26198.5
7892.839248241368,22997.2
