7600.5192603396,9663.37
7600.731661247372,15064.4
7600.944062155145,21948.3
7601.156463062916,23732.8
7601.368863970689,18557.2
7601.581264878461,9824.24
7601.793665786234,4726.55
7602.006066694006,4106.62
7602.218467601779,3518.44
7602.43086850955,7343.1
7602.643269417323,14143.4
7602.855670325095,19733.9
7603.068071232868,17269.3
7603.28047214064,11674.1
7603.492873048413,7481.46
7603.705273956184,6347.05
7603.917674863957,6964.24
7604.130075771729,5619.7
7604.3424766795015,5464.27
7604.554877587274,8231.56
7604.767278495046,12022.3
7604.979679402818,15349.0
7605.19208031059,13696.5
7605.404481218363,9095.53
7605.616882126135,7073.2
7605.829283033908,9353.53
7606.04168394168,13675.4
7606.254084849452,14673.8
7606.466485757224,10026.1
7606.678886664997,8644.36
7606.891287572769,8732.43
7607.103688480542,12286.8
7607.316089388314,14398.2
7607.528490296086,13949.9
7607.740891203858,11214.0
7607.953292111631,8642.32
7608.165693019403,14067.5
7608.3780939271755,20822.1
7608.590494834948,25451.8
7608.80289574272,22728.6
7609.015296650492,16915.2
7609.2276975582645,10477.9
7609.440098466037,8939.04
7609.652499373809,12731.1
7609.864900281582,15609.2
7610.077301189353,14979.0
7610.289702097126,11907.5
7610.502103004898,11934.4
7610.714503912671,19625.0
7610.926904820443,32836.3
7611.139305728216,41806.3
7611.351706635987,42301.0
7611.56410754376,34769.4
7611.776508451532,23291.9
7611.988909359305,15157.2
7612.201310267077,14864.9
7612.41371117485,21117.3
7612.626112082621,26752.5
7612.838512990394,25238.6
7613.050913898166,19045.0
7613.2633148059385,22248.7
7613.475715713711,34692.7
7613.6881166214835,50237.8
7613.900517529255,64629.4
7614.1129184370275,72663.2
7614.3253193448,71119.6
7614.537720252572,57646.0
7614.750121160345,40354.1
7614.962522068117,26970.7
7615.174922975889,26661.2
7615.387323883661,36962.7
7615.599724791434,45405.4
7615.812125699206,44823.6
7616.024526606979,41732.9
7616.236927514751,46969.6
7616.449328422523,61988.1
7616.661729330295,80145.4
7616.874130238068,96060.7
7617.08653114584,108893.0
7617.298932053613,110279.0
7617.511332961385,110278.0
7617.723733869157,112828.0
7617.936134776929,113512.0
7618.1485356847015,112093.0
7618.360936592474,112340.0
7618.573337500246,114936.0
7618.785738408019,113645.0
7618.9981393157905,114224.0
7619.210540223563,114419.0
7619.422941131335,111276.0
7619.635342039108,107295.0
7619.84774294688,104668.0
7620.060143854653,98529.2
7620.272544762424,89080.6
7620.484945670197,75143.9
7620.697346577969,51503.2
7620.909747485742,35342.5
7621.122148393514,37038.5
7621.334549301287,54070.8
7621.546950209058,73284.6
7621.759351116831,88848.2
7621.971752024603,97738.0
7622.184152932376,98910.1
7622.396553840148,94376.2
7622.6089547479205,81812.9
7622.821355655692,59668.2
7623.0337565634645,38281.4
7623.246157471237,26499.7
7623.458558379009,28667.5
7623.670959286782,35814.3
7623.883360194554,41000.9
7624.095761102326,35096.6
7624.308162010098,29252.0
7624.520562917871,28375.6
7624.732963825643,34308.5
7624.945364733416,53529.3
7625.157765641188,73526.4
7625.37016654896,87369.2
7625.582567456732,95861.0
7625.794968364505,100200.0
7626.007369272277,96797.1
7626.21977018005,85713.6
7626.432171087822,67216.8
7626.644571995594,46913.8
7626.856972903366,29179.1
7627.069373811139,20984.6
7627.281774718911,25633.1
7627.4941756266835,29077.9
7627.706576534456,29037.3
7627.9189774422275,24217.4
7628.13137835,20820.1
7628.343779257772,23858.2
7628.556180165545,41273.5
7628.768581073317,62383.4
7628.98098198109,79995.0
7629.193382888861,94707.8
7629.405783796634,103294.0
7629.618184704406,104198.0
7629.830585612179,99225.6
7630.042986519951,93020.8
7630.255387427724,79568.2
7630.467788335495,57338.2
7630.680189243268,38937.4
7630.89259015104,25224.1
7631.104991058813,19992.8
7631.317391966585,24357.9
7631.529792874358,29593.3
7631.742193782129,27912.0
7631.954594689902,20973.6
7632.166995597674,19535.4
7632.3793965054465,31750.8
7632.591797413219,53635.8
7632.804198320991,75763.5
7633.016599228763,93445.0
7633.229000136535,107955.0
7633.441401044308,115396.0
7633.65380195208,115108.0
7633.866202859853,112812.0
7634.078603767625,108686.0
7634.291004675397,98021.7
7634.503405583169,80947.5
7634.715806490942,59055.8
7634.928207398714,37661.4
7635.140608306487,25935.6
7635.353009214259,24047.9
7635.565410122031,29117.0
7635.777811029803,32469.3
7635.990211937576,27969.8
7636.202612845348,24142.4
7636.415013753121,30599.0
7636.627414660893,47490.1
7636.839815568665,70461.8
7637.052216476437,91462.9
7637.2646173842095,109907.0
7637.477018291982,121262.0
7637.689419199754,130268.0
7637.901820107527,131684.0
7638.114221015298,128930.0
7638.326621923071,124310.0
7638.539022830843,118449.0
7638.751423738616,106738.0
7638.963824646388,86342.3
7639.176225554161,62917.9
7639.388626461932,41067.3
7639.601027369705,30340.7
7639.813428277477,31570.0
7640.02582918525,37290.7
7640.238230093022,36598.1
7640.450631000795,30561.8
7640.663031908566,30420.2
7640.875432816339,43695.4
7641.087833724111,67831.8
7641.3002346318835,93300.5
7641.512635539656,114951.0
7641.7250364474285,132595.0
7641.9374373552,142359.0
7642.1498382629725,145453.0
7642.362239170745,145114.0
7642.574640078517,144019.0
7642.78704098629,144280.0
7642.999441894062,140923.0
7643.211842801834,131374.0
7643.424243709606,114287.0
7643.636644617379,89912.8
7643.849045525151,63240.4
7644.061446432924,43452.7
7644.273847340696,37877.0
7644.486248248468,42897.4
7644.69864915624,47292.5
7644.911050064013,44715.9
7645.123450971785,39848.3
7645.335851879558,45881.6
7645.54825278733,65653.9
7645.760653695102,93361.5
7645.973054602874,121193.0
7646.1854555106465,140823.0
7646.397856418419,153768.0
7646.6102573261915,160665.0
7646.822658233964,159989.0
7647.0350591417355,161524.0
7647.247460049508,163421.0
7647.45986095728,163398.0
7647.672261865053,165244.0
7647.884662772825,162277.0
7648.097063680598,151135.0
7648.309464588369,131266.0
7648.521865496142,102703.0
7648.734266403914,75741.6
7648.946667311687,59649.6
7649.159068219459,57561.1
7649.371469127231,63678.5
7649.583870035003,65067.0
7649.796270942776,61652.7
7650.008671850548,60256.8
7650.221072758321,70376.1
7650.433473666093,94449.8
7650.6458745738655,124302.0
7650.858275481637,147978.0
7651.0706763894095,163581.0
7651.283077297182,172581.0
7651.495478204954,178011.0
7651.707879112727,180741.0
7651.9202800204985,182900.0
7652.132680928271,185645.0
7652.345081836043,185619.0
7652.557482743816,185161.0
7652.769883651588,182280.0
7652.982284559361,177670.0
7653.194685467132,166150.0
7653.407086374905,143448.0
7653.619487282677,113837.0
7653.83188819045,92893.1
7654.044289098222,82638.7
7654.256690005995,82799.2
7654.469090913766,88183.0
7654.681491821539,88431.4
7654.893892729311,83589.2
7655.106293637084,82476.9
7655.318694544856,95798.7
7655.5310954526285,124036.0
7655.7434963604,150577.0
7655.9558972681725,173712.0
7656.168298175945,184075.0
7656.380699083717,192253.0
7656.59309999149,195270.0
7656.805500899262,197547.0
7657.017901807034,200503.0
7657.230302714806,201158.0
7657.442703622579,202198.0
7657.655104530351,203986.0
7657.867505438124,204152.0
7658.079906345896,203229.0
7658.292307253668,196779.0
7658.50470816144,179889.0
7658.717109069213,161457.0
7658.929509976985,139559.0
7659.141910884758,117524.0
7659.35431179253,106129.0
7659.566712700302,110556.0
7659.779113608074,119204.0
7659.991514515847,118419.0
7660.203915423619,111412.0
7660.4163163313915,113859.0
7660.628717239164,130384.0
7660.8411181469355,155532.0
7661.053519054708,182254.0
7661.26591996248,194413.0
7661.478320870253,203009.0
7661.690721778025,210249.0
7661.903122685798,211973.0
7662.115523593569,215840.0
7662.327924501342,217898.0
7662.540325409114,219492.0
7662.752726316887,221152.0
7662.965127224659,221977.0
7663.177528132432,218863.0
7663.389929040203,214548.0
7663.602329947976,214358.0
7663.814730855748,210798.0
7664.027131763521,198500.0
7664.239532671293,182536.0
7664.451933579066,163105.0
7664.664334486837,143627.0
7664.87673539461,136605.0
7665.089136302382,141094.0
7665.3015372101545,143651.0
7665.513938117927,142729.0
7665.726339025699,136406.0
7665.938739933471,140925.0
7666.151140841243,158308.0
7666.363541749016,180289.0
7666.575942656788,201587.0
7666.788343564561,213505.0
7667.000744472333,219909.0
7667.213145380105,224132.0
7667.425546287877,226348.0
7667.63794719565,226774.0
7667.850348103422,227707.0
7668.062749011195,228284.0
7668.275149918967,227006.0
7668.487550826739,230361.0
7668.699951734511,230655.0
7668.912352642284,230937.0
7669.124753550056,230787.0
7669.337154457829,230711.0
7669.549555365601,229355.0
7669.761956273373,220133.0
7669.974357181145,202561.0
7670.1867580889175,181171.0
7670.39915899669,167920.0
7670.611559904462,164842.0
7670.823960812235,167886.0
7671.036361720006,171962.0
7671.248762627779,168193.0
7671.461163535551,166676.0
7671.673564443324,172231.0
7671.885965351096,182761.0
7672.098366258869,200243.0
7672.31076716664,218491.0
7672.523168074413,228451.0
7672.735568982185,230598.0
7672.947969889958,231093.0
7673.16037079773,233245.0
7673.372771705503,236192.0
7673.585172613274,238312.0
7673.797573521047,237522.0
7674.009974428819,235240.0
7674.2223753365915,235419.0
7674.434776244364,234174.0
7674.6471771521365,237891.0
7674.859578059908,236764.0
7675.0719789676805,236960.0
7675.284379875453,239440.0
7675.496780783225,239546.0
7675.709181690998,232061.0
7675.92158259877,220643.0
7676.133983506542,207967.0
7676.346384414314,198331.0
7676.558785322087,197834.0
7676.771186229859,198303.0
7676.983587137632,194553.0
7677.195988045404,191771.0
7677.408388953176,194274.0
7677.620789860948,198525.0
7677.833190768721,205575.0
7678.045591676493,220979.0
7678.257992584266,234179.0
7678.470393492038,242312.0
7678.68279439981,245053.0
7678.895195307582,243209.0
7679.1075962153545,247846.0
7679.319997123127,250260.0
7679.5323980308995,248063.0
7679.744798938672,247719.0
7679.9571998464435,247083.0
7680.169600754216,248079.0
7680.382001661988,249299.0
7680.594402569761,250807.0
7680.806803477533,250959.0
7681.019204385306,249430.0
7681.231605293077,249656.0
7681.44400620085,248549.0
7681.656407108622,250244.0
7681.868808016395,246611.0
7682.081208924167,238130.0
7682.29360983194,229649.0
7682.506010739711,220868.0
7682.718411647484,216491.0
7682.930812555256,221174.0
7683.143213463029,222122.0
7683.355614370801,217546.0
7683.5680152785735,218580.0
7683.780416186345,220489.0
7683.9928170941175,223202.0
7684.20521800189,232824.0
7684.417618909662,242514.0
7684.630019817435,250788.0
7684.842420725207,250345.0
7685.054821632979,248419.0
7685.267222540751,255476.0
7685.479623448524,256169.0
7685.692024356296,254949.0
7685.904425264069,251906.0
7686.116826171841,252535.0
7686.329227079613,251186.0
7686.541627987385,252316.0
7686.754028895158,254615.0
7686.96642980293,252370.0
7687.178830710703,252400.0
7687.391231618475,255852.0
7687.603632526247,256245.0
7687.816033434019,254221.0
7688.028434341792,255169.0
7688.240835249564,256154.0
7688.4532361573365,252183.0
7688.665637065109,244264.0
7688.8780379728805,236707.0
7689.090438880653,234158.0
7689.302839788425,233047.0
7689.515240696198,232564.0
7689.72764160397,235126.0
7689.940042511743,236477.0
7690.152443419514,238269.0
7690.364844327287,240830.0
7690.577245235059,245475.0
7690.789646142832,250836.0
7691.002047050604,254616.0
7691.214447958377,258062.0
7691.426848866148,260844.0
7691.639249773921,262157.0
7691.851650681693,261723.0
7692.064051589466,261810.0
7692.276452497238,264897.0
7692.488853405011,261762.0
7692.701254312782,261767.0
7692.913655220555,263416.0
7693.126056128327,264771.0
7693.3384570360995,259723.0
7693.550857943872,258838.0
7693.763258851644,263408.0
7693.975659759416,265125.0
7694.188060667188,267111.0
7694.400461574961,266534.0
7694.612862482733,263286.0
7694.825263390506,257653.0
7695.037664298278,255216.0
7695.25006520605,256258.0
7695.462466113822,254502.0
7695.674867021595,252614.0
7695.887267929367,253597.0
7696.09966883714,253039.0
7696.312069744912,250100.0
7696.524470652684,247792.0
7696.736871560456,248674.0
7696.949272468229,256576.0
7697.161673376001,258411.0
7697.374074283774,261312.0
7697.586475191545,262159.0
7697.798876099318,262578.0
7698.01127700709,262929.0
7698.2236779148625,264524.0
7698.436078822635,267159.0
7698.648479730407,269068.0
7698.86088063818,270344.0
7699.073281545951,266244.0
7699.285682453724,263898.0
7699.498083361496,264975.0
7699.710484269269,264150.0
7699.922885177041,264730.0
7700.135286084813,267754.0
7700.347686992585,269798.0
7700.560087900358,268874.0
7700.77248880813,265286.0
7700.984889715903,264626.0
7701.197290623675,267642.0
7701.409691531447,267373.0
7701.622092439219,266697.0
7701.834493346992,269044.0
7702.046894254764,268319.0
7702.259295162537,265168.0
7702.471696070309,263514.0
7702.684096978081,267483.0
7702.896497885853,267302.0
7703.1088987936255,263872.0
7703.321299701398,260499.0
7703.53370060917,261850.0
7703.746101516943,263838.0
7703.958502424714,266268.0
7704.170903332487,269129.0
7704.383304240259,269532.0
7704.595705148032,269830.0
7704.808106055804,271030.0
7705.020506963577,270100.0
7705.232907871348,269518.0
7705.445308779121,271417.0
7705.657709686893,272094.0
7705.870110594666,272671.0
7706.082511502438,273643.0
7706.294912410211,274620.0
7706.507313317982,270917.0
7706.719714225755,269898.0
7706.932115133527,271758.0
7707.1445160412995,274835.0
7707.356916949072,275662.0
7707.5693178568445,276212.0
7707.781718764616,272590.0
7707.9941196723885,272849.0
7708.206520580161,272005.0
7708.418921487933,271852.0
7708.631322395706,272044.0
7708.843723303478,276059.0
7709.05612421125,275291.0
7709.268525119022,273549.0
7709.480926026795,274716.0
7709.693326934567,275684.0
7709.90572784234,274980.0
7710.118128750112,272620.0
7710.330529657884,269596.0
7710.542930565656,268845.0
7710.755331473429,273389.0
7710.967732381201,276356.0
7711.180133288974,273725.0
7711.392534196746,272942.0
7711.604935104518,273493.0
7711.81733601229,275753.0
7712.0297369200625,274888.0
7712.242137827835,274516.0
7712.4545387356075,278876.0
7712.66693964338,280212.0
7712.8793405511515,278610.0
7713.091741458924,274432.0
7713.304142366696,274079.0
7713.516543274469,273406.0
7713.728944182241,274898.0
7713.941345090014,278352.0
7714.153745997785,276026.0
7714.366146905558,275583.0
7714.57854781333,274366.0
7714.790948721103,272232.0
7715.003349628875,274726.0
7715.215750536648,277371.0
7715.428151444419,279280.0
7715.640552352192,280086.0
7715.852953259964,279104.0
7716.065354167737,276817.0
7716.277755075509,273208.0
7716.4901559832815,272021.0
7716.702556891053,272012.0
7716.9149577988255,270733.0
7717.127358706598,271839.0
7717.33975961437,275457.0
7717.552160522143,275695.0
7717.764561429915,272927.0
7717.976962337687,273717.0
7718.189363245459,271754.0
7718.401764153232,269050.0
7718.614165061004,270499.0
7718.826565968777,275123.0
7719.038966876549,271724.0
7719.251367784321,271952.0
7719.463768692093,275509.0
7719.676169599866,274439.0
7719.888570507638,270868.0
7720.100971415411,270818.0
7720.313372323183,270790.0
7720.525773230955,269147.0
7720.738174138727,271501.0
7720.9505750465,271373.0
7721.162975954272,268918.0
7721.3753768620445,266738.0
7721.587777769817,266721.0
7721.8001786775885,269174.0
7722.012579585361,270107.0
7722.224980493133,272844.0
7722.437381400906,273782.0
7722.649782308678,270172.0
7722.862183216451,267703.0
7723.074584124222,267701.0
7723.286985031995,267984.0
7723.499385939767,266542.0
7723.71178684754,267201.0
7723.924187755312,269300.0
7724.136588663085,267671.0
7724.348989570856,266104.0
7724.561390478629,266086.0
7724.773791386401,266061.0
7724.986192294174,266876.0
7725.198593201946,270156.0
7725.410994109719,269951.0
7725.62339501749,269159.0
7725.835795925263,267282.0
7726.048196833035,264441.0
7726.2605977408075,267231.0
7726.47299864858,271444.0
7726.685399556352,271171.0
7726.897800464124,271643.0
7727.110201371896,267569.0
7727.322602279669,266379.0
7727.535003187441,268202.0
7727.747404095214,269688.0
7727.959805002986,271608.0
7728.172205910758,273015.0
7728.38460681853,272217.0
7728.597007726303,270695.0
7728.809408634075,264382.0
7729.021809541848,262875.0
7729.23421044962,265654.0
7729.446611357392,267413.0
7729.659012265164,266191.0
7729.871413172937,262835.0
7730.083814080709,264247.0
7730.296214988482,267411.0
7730.508615896254,265318.0
7730.721016804026,262203.0
7730.933417711798,263947.0
7731.1458186195705,268674.0
7731.358219527343,267090.0
7731.570620435115,266986.0
7731.783021342888,269099.0
7731.995422250659,266131.0
7732.207823158432,262555.0
7732.420224066204,263571.0
7732.632624973977,267415.0
7732.845025881749,265765.0
7733.057426789522,263977.0
7733.269827697293,265504.0
7733.482228605066,264254.0
7733.694629512838,264169.0
7733.907030420611,266729.0
7734.119431328383,267823.0
7734.331832236156,266773.0
7734.544233143927,265123.0
7734.7566340517,263268.0
7734.969034959472,264094.0
7735.1814358672445,262023.0
7735.393836775017,258433.0
7735.6062376827895,259977.0
7735.818638590561,263497.0
7736.0310394983335,266786.0
7736.243440406106,268090.0
7736.455841313878,266860.0
7736.668242221651,265524.0
7736.880643129423,262757.0
7737.093044037195,261849.0
7737.305444944967,264002.0
7737.51784585274,262443.0
7737.730246760512,261658.0
7737.942647668285,266099.0
7738.155048576057,263219.0
7738.367449483829,262159.0
7738.579850391601,264926.0
7738.792251299374,264528.0
7739.004652207146,261374.0
7739.217053114919,258448.0
7739.429454022691,258917.0
7739.641854930463,260748.0
7739.854255838235,260770.0
7740.0666567460075,263873.0
7740.27905765378,266239.0
7740.4914585615525,263902.0
7740.703859469325,263853.0
7740.9162603770965,262453.0
7741.128661284869,261909.0
7741.341062192641,262033.0
7741.553463100414,262441.0
7741.765864008186,260776.0
7741.978264915959,258502.0
7742.19066582373,259855.0
7742.403066731503,261773.0
7742.615467639275,259266.0
7742.827868547048,254228.0
7743.04026945482,256599.0
7743.252670362592,256660.0
7743.465071270364,254849.0
7743.677472178137,255757.0
7743.889873085909,255724.0
7744.102273993682,260787.0
7744.314674901454,264440.0
7744.5270758092265,259291.0
7744.739476716998,256030.0
7744.9518776247705,257370.0
7745.164278532543,256319.0
7745.3766794403155,256457.0
7745.589080348088,255063.0
7745.8014812558595,255731.0
7746.013882163632,257386.0
7746.226283071404,257357.0
7746.438683979177,257803.0
7746.651084886949,254610.0
7746.863485794722,254963.0
7747.075886702494,253344.0
7747.288287610266,253635.0
7747.500688518038,255292.0
7747.713089425811,255642.0
7747.925490333583,256026.0
7748.137891241356,256648.0
7748.350292149127,256135.0
7748.5626930569,255456.0
7748.775093964672,253819.0
7748.987494872445,251346.0
7749.199895780217,250390.0
7749.4122966879895,251170.0
7749.624697595762,252237.0
7749.8370985035335,252627.0
7750.049499411306,253810.0
7750.261900319078,252016.0
7750.474301226851,252175.0
7750.686702134623,256617.0
7750.899103042395,255299.0
7751.111503950167,251170.0
7751.32390485794,251004.0
7751.536305765712,252961.0
7751.748706673485,251334.0
7751.961107581257,250873.0
7752.173508489029,250582.0
7752.385909396801,250753.0
7752.598310304574,250958.0
7752.810711212346,251944.0
7753.023112120119,251765.0
7753.235513027891,249561.0
7753.447913935663,252744.0
7753.660314843435,254175.0
7753.872715751208,250038.0
7754.08511665898,249724.0
7754.2975175667525,249736.0
7754.509918474525,248933.0
7754.7223193822965,249948.0
7754.934720290069,249772.0
7755.147121197841,251410.0
7755.359522105614,249294.0
7755.571923013386,248389.0
7755.784323921159,250251.0
7755.99672482893,246684.0
7756.209125736703,244806.0
7756.421526644475,245824.0
7756.633927552248,244133.0
7756.84632846002,246640.0
7757.058729367793,250025.0
7757.271130275564,248387.0
7757.483531183337,249011.0
7757.695932091109,250348.0
7757.908332998882,248222.0
7758.120733906654,245954.0
7758.333134814427,243344.0
7758.545535722198,243404.0
7758.757936629971,245165.0
7758.970337537743,245569.0
7759.1827384455155,246357.0
7759.395139353288,245228.0
7759.60754026106,247291.0
7759.819941168832,249214.0
7760.032342076604,244745.0
7760.244742984377,243198.0
7760.457143892149,244324.0
7760.669544799922,243444.0
7760.881945707694,243318.0
7761.094346615466,245225.0
7761.306747523238,243175.0
7761.519148431011,242423.0
7761.731549338783,243401.0
7761.943950246556,244707.0
7762.156351154328,242804.0
7762.3687520621,242397.0
7762.581152969872,239983.0
7762.793553877645,238221.0
7763.005954785417,239212.0
7763.21835569319,241037.0
7763.430756600962,241364.0
7763.643157508734,238349.0
7763.855558416506,237699.0
7764.0679593242785,236662.0
7764.280360232051,234833.0
7764.492761139823,238113.0
7764.705162047596,239005.0
7764.917562955367,241882.0
7765.12996386314,236963.0
7765.342364770912,232788.0
7765.554765678685,234556.0
7765.767166586457,237240.0
7765.97956749423,238606.0
7766.191968402001,236693.0
7766.404369309774,235724.0
7766.616770217546,232761.0
7766.829171125319,236184.0
7767.041572033091,234855.0
7767.253972940864,234857.0
7767.466373848635,236532.0
7767.678774756408,233400.0
7767.89117566418,233910.0
7768.1035765719525,238223.0
7768.315977479725,238383.0
7768.5283783874975,238424.0
7768.740779295269,236218.0
7768.9531802030415,235759.0
7769.165581110814,234985.0
7769.377982018586,235598.0
7769.590382926359,233644.0
7769.802783834131,235123.0
7770.015184741903,234830.0
7770.227585649675,232804.0
7770.439986557448,233960.0
7770.65238746522,235105.0
7770.864788372993,234538.0
7771.077189280765,232884.0
7771.289590188537,230393.0
7771.501991096309,233808.0
7771.714392004082,233701.0
7771.926792911854,231497.0
7772.139193819627,228521.0
7772.351594727399,230538.0
7772.563995635171,229355.0
7772.776396542943,227761.0
7772.9887974507155,227510.0
7773.201198358488,224709.0
7773.4135992662605,223518.0
7773.626000174033,223588.0
7773.8384010818045,221980.0
7774.050801989577,221257.0
7774.263202897349,222789.0
7774.475603805122,224342.0
7774.688004712894,225345.0
7774.900405620667,222326.0
7775.112806528438,221717.0
7775.325207436211,222212.0
7775.537608343983,220097.0
7775.750009251756,219713.0
7775.962410159528,221911.0
7776.174811067301,219800.0
7776.387211975072,218995.0
7776.599612882845,220277.0
7776.812013790617,221713.0
7777.02441469839,222771.0
7777.236815606162,227079.0
7777.4492165139345,226802.0
7777.661617421706,221420.0
7777.8740183294785,218595.0
7778.086419237251,220723.0
7778.2988201450235,217518.0
7778.511221052796,217103.0
7778.723621960568,219146.0
7778.93602286834,223477.0
7779.148423776112,223619.0
7779.360824683885,224343.0
7779.573225591657,222185.0
7779.78562649943,223915.0
7779.998027407202,222401.0
7780.210428314974,223054.0
7780.422829222746,222948.0
7780.635230130519,221117.0
7780.847631038291,219973.0
7781.060031946064,218888.0
7781.272432853836,216795.0
7781.484833761608,217146.0
7781.69723466938,217309.0
7781.909635577153,216993.0
7782.122036484925,216191.0
7782.3344373926975,213795.0
7782.54683830047,215651.0
7782.7592392082415,215705.0
7782.971640116014,215914.0
7783.184041023786,214548.0
7783.396441931559,213092.0
7783.608842839331,213040.0
7783.821243747104,213359.0
7784.033644654875,212578.0
7784.246045562648,212023.0
7784.45844647042,211961.0
7784.670847378193,213514.0
7784.883248285965,209974.0
7785.095649193738,208219.0
7785.308050101509,206883.0
7785.520451009282,207068.0
7785.732851917054,209133.0
7785.945252824827,208395.0
7786.157653732599,209681.0
7786.370054640372,207840.0
7786.582455548143,206985.0
7786.794856455916,207952.0
7787.007257363688,207456.0
7787.2196582714605,206568.0
7787.432059179233,203534.0
7787.644460087005,202707.0
7787.856860994777,207671.0
7788.069261902549,208682.0
7788.281662810322,207226.0
7788.494063718094,208683.0
7788.706464625867,206497.0
7788.918865533639,202427.0
7789.131266441411,201477.0
7789.343667349183,204290.0
7789.556068256956,205240.0
7789.768469164728,202466.0
7789.980870072501,204057.0
7790.193270980273,201433.0
7790.405671888045,200945.0
7790.618072795817,201586.0
7790.83047370359,199334.0
7791.042874611362,202890.0
7791.255275519135,203275.0
7791.467676426907,198227.0
7791.680077334679,200324.0
7791.892478242451,200145.0
7792.1048791502235,200992.0
7792.317280057996,200544.0
7792.529680965768,199643.0
7792.742081873541,200031.0
7792.954482781312,199612.0
7793.166883689085,200042.0
7793.379284596857,198622.0
7793.59168550463,197598.0
7793.804086412402,197090.0
7794.016487320174,197724.0
7794.228888227946,195717.0
7794.441289135719,197702.0
7794.653690043491,199560.0
7794.866090951264,197452.0
7795.078491859036,194908.0
7795.290892766809,193914.0
7795.50329367458,195194.0
7795.715694582353,194412.0
7795.928095490125,193778.0
7796.140496397898,193005.0
7796.35289730567,189829.0
7796.565298213442,189168.0
7796.777699121214,191378.0
7796.9901000289865,193269.0
7797.202500936759,192327.0
7797.414901844531,189551.0
7797.627302752304,191373.0
7797.839703660076,192496.0
7798.052104567848,192873.0
7798.26450547562,191788.0
7798.476906383393,190072.0
7798.689307291165,189070.0
7798.901708198938,191374.0
7799.114109106709,187783.0
7799.326510014482,187044.0
7799.538910922254,188205.0
7799.751311830027,186175.0
7799.963712737799,187474.0
7800.176113645572,188590.0
7800.388514553344,188483.0
7800.600915461116,190175.0
7800.813316368888,185153.0
7801.0257172766605,186191.0
7801.238118184433,186348.0
7801.4505190922055,184337.0
7801.662919999977,185007.0
7801.8753209077495,184144.0
7802.087721815522,185181.0
7802.300122723294,186205.0
7802.512523631067,185480.0
7802.724924538839,181983.0
7802.937325446611,181697.0
7803.149726354383,182742.0
7803.362127262156,183903.0
7803.574528169928,186515.0
7803.786929077701,185538.0
7803.999329985473,183664.0
7804.211730893245,179689.0
7804.424131801017,180384.0
7804.63653270879,179649.0
7804.848933616562,177134.0
7805.061334524335,178346.0
7805.273735432107,181963.0
7805.486136339879,181575.0
7805.698537247651,180480.0
7805.9109381554235,180210.0
7806.123339063196,180678.0
7806.3357399709685,178858.0
7806.548140878741,179141.0
7806.7605417865125,177997.0
7806.972942694285,177229.0
7807.185343602057,177345.0
7807.39774450983,174761.0
7807.610145417602,171139.0
7807.822546325375,175439.0
7808.034947233146,176481.0
7808.247348140919,177602.0
7808.459749048691,172609.0
7808.672149956464,173128.0
7808.884550864236,173958.0
7809.096951772009,172350.0
7809.30935267978,172742.0
7809.521753587553,172071.0
7809.734154495325,172577.0
7809.946555403098,171853.0
7810.15895631087,171668.0
7810.3713572186425,170045.0
7810.583758126414,170218.0
7810.7961590341865,167026.0
7811.008559941959,166924.0
7811.2209608497315,169902.0
7811.433361757504,171605.0
7811.645762665276,169740.0
7811.858163573048,173374.0
7812.07056448082,168077.0
7812.282965388593,166032.0
7812.495366296365,166332.0
7812.707767204138,164909.0
7812.92016811191,166561.0
7813.132569019682,166712.0
7813.344969927454,166654.0
7813.557370835227,165991.0
7813.769771742999,166159.0
7813.982172650772,165128.0
7814.194573558544,163350.0
7814.406974466316,163942.0
7814.619375374088,166282.0
7814.831776281861,165165.0
7815.044177189633,162535.0
7815.2565780974055,162200.0
7815.468979005178,163706.0
7815.6813799129495,163580.0
7815.893780820722,162178.0
7816.106181728494,160796.0
7816.318582636267,162944.0
7816.530983544039,161071.0
7816.743384451812,158239.0
7816.955785359583,158853.0
7817.168186267356,159120.0
7817.380587175128,159999.0
7817.592988082901,158052.0
7817.805388990673,158795.0
7818.017789898446,157672.0
7818.230190806217,158831.0
7818.44259171399,157371.0
7818.654992621762,160517.0
7818.867393529535,158997.0
7819.079794437307,154257.0
7819.29219534508,153854.0
7819.504596252851,154366.0
7819.716997160624,154906.0
7819.929398068396,154576.0
7820.1417989761685,152187.0
7820.354199883941,150135.0
7820.566600791713,151935.0
7820.779001699485,155091.0
7820.991402607257,154192.0
7821.20380351503,152570.0
7821.416204422802,149742.0
7821.628605330575,150772.0
7821.841006238347,148250.0
7822.053407146119,150683.0
7822.265808053891,153854.0
7822.478208961664,151247.0
7822.690609869436,148087.0
7822.903010777209,149044.0
7823.115411684981,149706.0
7823.327812592753,150011.0
7823.540213500525,150382.0
7823.752614408298,147901.0
7823.96501531607,148744.0
7824.177416223843,146644.0
7824.389817131615,147181.0
7824.602218039387,147892.0
7824.814618947159,145884.0
7825.0270198549315,147380.0
7825.239420762704,147745.0
7825.451821670476,144667.0
7825.664222578249,144971.0
7825.87662348602,145616.0
7826.089024393793,145374.0
7826.301425301565,144626.0
7826.513826209338,143235.0
7826.72622711711,146042.0
7826.938628024883,141644.0
7827.151028932654,142332.0
7827.363429840427,142626.0
7827.575830748199,144614.0
7827.788231655972,141123.0
7828.000632563744,137678.0
7828.213033471517,139024.0
7828.425434379288,141637.0
7828.637835287061,140850.0
7828.850236194833,141985.0
7829.062637102606,143321.0
7829.275038010378,139722.0
7829.4874389181505,138988.0
7829.699839825922,136582.0
7829.9122407336945,137479.0
7830.124641641467,137230.0
7830.337042549239,137942.0
7830.549443457012,136712.0
7830.761844364784,136343.0
7830.974245272556,133301.0
7831.186646180328,133732.0
7831.399047088101,132529.0
7831.611447995873,132853.0
7831.823848903646,133091.0
7832.036249811418,131944.0
7832.24865071919,129708.0
7832.461051626962,133450.0
7832.673452534735,133507.0
7832.885853442507,133012.0
7833.09825435028,133184.0
7833.310655258052,132356.0
7833.523056165824,131426.0
7833.735457073596,132760.0
7833.9478579813685,132547.0
7834.160258889141,131440.0
7834.3726597969135,127348.0
7834.585060704686,125872.0
7834.7974616124575,130405.0
7835.00986252023,132029.0
7835.222263428002,129274.0
7835.434664335775,127627.0
7835.647065243547,128241.0
7835.85946615132,130003.0
7836.071867059091,130053.0
7836.284267966864,128366.0
7836.496668874636,125994.0
7836.709069782409,123502.0
7836.921470690181,126712.0
7837.133871597954,124386.0
7837.346272505725,125803.0
7837.558673413498,124330.0
7837.77107432127,124297.0
7837.983475229043,124282.0
7838.195876136815,122855.0
7838.4082770445875,122662.0
7838.620677952359,125223.0
7838.8330788601315,120633.0
7839.045479767904,118531.0
7839.2578806756765,120367.0
7839.470281583449,119865.0
7839.682682491221,119864.0
7839.895083398993,120928.0
7840.107484306765,118740.0
7840.319885214538,116865.0
7840.53228612231,117042.0
7840.744687030083,117318.0
7840.957087937855,120240.0
7841.169488845627,119329.0
7841.381889753399,116158.0
7841.594290661172,114700.0
7841.806691568944,116898.0
7842.019092476717,117247.0
7842.231493384488,114945.0
7842.443894292261,115810.0
7842.656295200033,114123.0
7842.868696107806,114406.0
7843.081097015578,115188.0
7843.2934979233505,114336.0
7843.505898831123,113325.0
7843.7182997388945,111635.0
7843.930700646667,111762.0
7844.143101554439,113247.0
7844.355502462212,112375.0
7844.567903369984,111914.0
7844.780304277756,112691.0
7844.992705185528,111567.0
7845.205106093301,109671.0
7845.417507001073,109223.0
7845.629907908846,109054.0
7845.842308816618,107027.0
7846.054709724391,108327.0
7846.267110632162,107620.0
7846.479511539935,106224.0
7846.691912447707,106573.0
7846.90431335548,105669.0
7847.116714263252,106457.0
7847.329115171024,107505.0
7847.541516078796,106974.0
7847.753916986569,106377.0
7847.966317894341,105982.0
7848.1787188021135,105451.0
7848.391119709886,106108.0
7848.603520617658,107258.0
7848.81592152543,103763.0
7849.028322433202,103778.0
7849.240723340975,102513.0
7849.453124248747,104172.0
7849.66552515652,104971.0
7849.877926064291,106125.0
7850.090326972064,102753.0
7850.302727879836,100071.0
7850.515128787609,102089.0
7850.727529695381,103214.0
7850.939930603154,101092.0
7851.152331510925,101862.0
7851.364732418698,101603.0
7851.57713332647,99189.0
7851.789534234243,98041.0
7852.001935142015,98651.7
7852.214336049788,96593.6
7852.426736957559,99446.3
7852.639137865332,101092.0
7852.851538773104,97103.5
7853.0639396808765,95501.3
7853.276340588649,94199.1
7853.488741496421,95720.9
7853.701142404193,95248.1
7853.913543311965,94815.0
7854.125944219738,94883.6
7854.33834512751,93260.1
7854.550746035283,92803.1
7854.763146943055,94434.6
7854.975547850827,95542.5
7855.187948758599,93792.4
7855.400349666372,91935.6
7855.612750574144,92593.3
7855.825151481917,90372.7
7856.037552389689,92984.2
7856.249953297461,93307.8
7856.462354205233,91091.9
7856.674755113006,91196.7
7856.887156020778,90402.4
7857.099556928551,91279.5
7857.311957836323,92571.8
7857.524358744095,89801.8
7857.736759651867,92252.7
7857.9491605596395,91244.7
7858.161561467412,87072.1
7858.373962375184,88874.0
7858.586363282957,89887.2
7858.798764190728,87213.6
7859.011165098501,86954.3
7859.223566006273,89605.7
7859.435966914046,88622.0
7859.648367821818,87760.2
7859.860768729591,87764.9
7860.073169637362,87777.8
7860.285570545135,86792.8
7860.497971452907,84747.4
7860.71037236068,85023.1
7860.922773268452,84745.3
7861.135174176225,82980.4
7861.347575083996,82520.8
7861.559975991769,82663.1
7861.772376899541,82653.5
7861.984777807314,84023.7
7862.197178715086,84345.8
7862.4095796228585,82331.5
7862.62198053063,84010.4
7862.8343814384025,83245.6
7863.046782346175,80940.1
7863.259183253947,81026.4
7863.47158416172,82316.1
7863.683985069492,80951.5
7863.896385977264,79734.8
7864.108786885036,78926.1
7864.321187792809,78600.7
7864.533588700581,78833.1
7864.745989608354,76938.9
7864.958390516126,77888.4
7865.170791423898,75992.5
7865.38319233167,76749.7
7865.595593239443,77906.4
7865.807994147215,72634.2
7866.020395054988,72803.3
7866.23279596276,71260.0
7866.445196870532,72376.9
7866.657597778304,73759.3
7866.8699986860765,74025.8
7867.082399593849,73447.1
7867.2948005016215,76049.7
7867.507201409394,75191.2
7867.7196023171655,73557.6
7867.932003224938,73166.0
7868.14440413271,72283.3
7868.356805040483,73593.1
7868.569205948255,72174.0
7868.781606856028,73217.8
7868.994007763799,72246.2
7869.206408671572,70461.6
7869.418809579344,70855.0
7869.631210487117,69292.9
7869.843611394889,66407.1
7870.056012302662,65204.5
7870.268413210433,67804.6
7870.480814118206,66974.8
7870.693215025978,67196.9
7870.905615933751,67572.5
7871.118016841523,67138.3
7871.3304177492955,68062.1
7871.542818657067,67356.3
7871.7552195648395,66597.1
7871.967620472612,66598.4
7872.1800213803845,66895.6
7872.392422288157,66153.3
7872.604823195929,66678.4
7872.817224103701,65005.5
7873.029625011473,61511.6
7873.242025919246,62580.7
7873.454426827018,62760.4
7873.666827734791,64266.6
7873.879228642563,63816.9
7874.091629550335,64835.1
7874.304030458107,64479.4
7874.51643136588,61851.1
7874.728832273652,62382.0
7874.941233181425,64991.1
7875.153634089197,62491.6
7875.366034996969,60104.7
7875.578435904741,60173.3
7875.790836812514,58444.2
7876.003237720286,58502.0
7876.2156386280585,57848.4
7876.428039535831,58086.5
7876.6404404436025,56637.1
7876.852841351375,54856.8
7877.065242259147,55857.7
7877.27764316692,55293.0
7877.490044074692,55756.0
7877.702444982465,57829.6
7877.914845890236,57700.3
7878.127246798009,56176.7
7878.339647705781,56801.4
7878.552048613554,57869.2
7878.764449521326,55141.8
7878.976850429099,55647.8
7879.18925133687,57280.0
7879.401652244643,55443.1
7879.614053152415,53786.0
7879.826454060188,54506.8
7880.03885496796,53665.2
7880.251255875733,51798.1
7880.463656783504,51391.3
7880.676057691277,54334.3
7880.888458599049,53244.7
7881.1008595068215,49353.4
7881.313260414594,48709.4
7881.525661322366,50428.9
7881.738062230138,53424.8
7881.95046313791,50929.8
7882.162864045683,49882.0
7882.375264953455,51746.7
7882.587665861228,51175.7
7882.800066769,49763.4
7883.012467676772,49864.7
7883.224868584544,50650.6
7883.437269492317,52087.3
7883.649670400089,51317.4
7883.862071307862,48641.2
7884.074472215634,50436.9
7884.286873123406,50973.0
7884.499274031178,48215.6
7884.711674938951,47484.9
7884.924075846723,47301.3
7885.136476754496,47255.2
7885.348877662268,47953.6
7885.56127857004,47606.9
7885.773679477812,46237.8
7885.9860803855845,45716.8
7886.198481293357,45835.3
7886.410882201129,45062.4
7886.623283108902,44692.1
7886.835684016673,43689.9
7887.048084924446,43368.8
7887.260485832218,42959.7
7887.472886739991,43112.9
7887.685287647763,40436.3
7887.897688555535,38818.4
7888.110089463307,39857.7
7888.32249037108,41924.0
7888.534891278852,43434.0
7888.747292186625,44301.2
7888.959693094397,42231.5
7889.17209400217,41001.0
7889.384494909941,39565.8
7889.596895817714,41728.8
7889.809296725486,42131.9
7890.021697633259,39592.2
7890.234098541031,39411.0
7890.446499448803,38815.8
7890.658900356575,39980.8
7890.8713012643475,39020.4
7891.08370217212,39109.8
7891.296103079892,39196.9
7891.508503987665,40118.3
7891.720904895437,37493.8
7891.933305803209,37029.2
7892.145706710981,36557.6
