7606.5664543526,659.263
7606.776968270159,349.048
7606.987482187717,356.578
7607.197996105277,158.02
7607.408510022835,478.645
7607.619023940394,855.08
7607.829537857953,452.615
7608.0400517755115,18.9775
7608.250565693071,92.2585
7608.46107961063,307.85
7608.671593528188,611.965
7608.882107445747,440.545
7609.092621363306,553.005
7609.303135280865,494.297
7609.513649198424,47.2624
7609.724163115982,121.117
7609.934677033541,643.374
7610.1451909511,666.314
7610.355704868659,599.467
7610.566218786218,700.149
7610.776732703776,394.929
7610.9872466213355,483.385
7611.197760538894,1278.16
7611.408274456453,1803.66
7611.618788374012,1573.67
7611.8293022915705,1132.87
7612.03981620913,747.876
7612.250330126689,446.537
7612.460844044247,372.316
7612.671357961806,572.848
7612.881871879365,684.801
7613.092385796924,917.729
7613.302899714483,1108.67
7613.513413632041,1151.76
7613.7239275496,1609.33
7613.934441467159,2116.74
7614.144955384718,2957.53
7614.355469302277,2992.21
7614.565983219835,3083.52
7614.7764971373945,2594.59
7614.987011054953,1586.67
7615.197524972512,1111.91
7615.408038890071,1040.46
7615.618552807629,1148.56
7615.829066725189,1908.89
7616.039580642748,2291.36
7616.250094560306,1941.26
7616.460608477865,2148.74
7616.6711223954235,2703.25
7616.881636312983,3537.78
7617.092150230542,4543.01
7617.3026641481,5067.0
7617.513178065659,5379.89
7617.723691983218,5517.55
7617.934205900777,5779.11
7618.144719818336,5374.34
7618.355233735894,5364.57
7618.565747653453,5962.81
7618.776261571012,5790.07
7618.986775488571,5398.12
7619.19728940613,6013.62
7619.407803323688,6113.88
7619.6183172412475,5530.94
7619.828831158807,5619.88
7620.039345076365,5320.33
7620.249858993924,4832.52
7620.460372911482,4112.64
7620.670886829042,3311.99
7620.881400746601,2479.51
7621.091914664159,1742.8
7621.302428581718,1983.33
7621.5129424992765,2413.89
7621.723456416836,3054.82
7621.933970334395,4087.95
7622.144484251953,4753.33
7622.354998169512,4903.74
7622.565512087071,4560.5
7622.77602600463,3959.58
7622.986539922189,3040.05
7623.197053839747,1584.8
7623.407567757306,1126.15
7623.618081674866,802.844
7623.828595592424,1419.76
7624.039109509983,1928.63
7624.249623427541,1340.19
7624.4601373451005,675.143
7624.67065126266,745.795
7624.881165180218,1189.46
7625.091679097777,1903.99
7625.302193015335,2817.14
7625.512706932895,3954.74
7625.723220850454,4465.94
7625.933734768012,4840.06
7626.144248685571,4461.58
7626.35476260313,3779.84
7626.565276520689,3095.4
7626.775790438248,1945.84
7626.986304355806,1287.94
7627.196818273365,1340.56
7627.4073321909245,842.302
7627.617846108483,893.85
7627.828360026042,1183.1
7628.0388739436,746.905
7628.249387861159,683.356
7628.459901778719,989.454
7628.670415696277,1404.42
7628.880929613836,2591.24
7629.091443531394,3251.02
7629.3019574489535,4176.35
7629.512471366513,4527.02
7629.722985284071,4127.73
7629.93349920163,4464.07
7630.144013119189,4127.96
7630.354527036748,3362.4
7630.565040954307,3062.62
7630.775554871865,2015.0
7630.986068789424,913.619
7631.1965827069835,644.949
7631.407096624542,718.701
7631.617610542101,734.094
7631.828124459659,1072.01
7632.038638377218,707.613
7632.249152294778,477.533
7632.459666212336,880.677
7632.670180129895,1554.12
7632.880694047453,2811.33
7633.0912079650125,3396.08
7633.301721882572,4676.28
7633.51223580013,5261.22
7633.722749717689,4957.25
7633.933263635248,5505.47
7634.143777552807,5070.16
7634.354291470366,4149.83
7634.564805387924,3859.86
7634.775319305483,2803.02
7634.985833223042,2080.05
7635.196347140601,1409.05
7635.40686105816,889.49
7635.617374975718,859.558
7635.827888893277,796.029
7636.0384028108365,827.149
7636.248916728395,952.032
7636.459430645954,1059.49
7636.669944563512,1408.39
7636.880458481071,2344.72
7637.090972398631,3712.6
7637.301486316189,4377.86
7637.512000233748,5271.53
7637.722514151307,5480.67
7637.9330280688655,5979.27
7638.143541986425,6210.82
7638.354055903983,5834.36
7638.564569821542,5518.84
7638.775083739101,5192.2
7638.98559765666,4498.69
7639.196111574219,3341.41
7639.406625491777,2251.34
7639.617139409336,1259.95
7639.827653326895,1155.31
7640.038167244454,1248.01
7640.248681162013,1003.62
7640.459195079572,1120.5
7640.66970899713,1217.98
7640.8802229146895,1184.13
7641.090736832248,2136.81
7641.301250749807,2716.46
7641.511764667366,4032.92
7641.722278584924,4959.73
7641.932792502484,5517.68
7642.143306420042,6786.91
7642.353820337601,6950.77
7642.56433425516,6579.0
7642.7748481727185,6998.22
7642.985362090278,6734.09
7643.195876007836,6436.52
7643.406389925395,6798.86
7643.616903842954,5243.18
7643.827417760513,3136.37
7644.037931678072,2686.36
7644.248445595631,1740.57
7644.458959513189,1225.12
7644.669473430748,1707.58
7644.879987348307,1762.33
7645.090501265866,1689.33
7645.301015183425,1705.59
7645.511529100983,1838.4
7645.7220430185425,2910.17
7645.932556936101,4297.05
7646.14307085366,5600.62
7646.353584771219,6567.17
7646.564098688777,7147.93
7646.774612606337,7383.76
7646.985126523895,7361.39
7647.195640441454,7188.53
7647.406154359013,7338.62
7647.6166682765715,8125.61
7647.827182194131,7818.94
7648.03769611169,7177.63
7648.248210029248,6852.34
7648.458723946807,5800.86
7648.669237864366,4277.95
7648.879751781925,3029.03
7649.090265699484,2274.47
7649.300779617042,2246.42
7649.5112935346015,2410.29
7649.72180745216,2020.34
7649.932321369719,2250.21
7650.142835287278,2443.32
7650.353349204836,2915.91
7650.563863122396,4054.32
7650.774377039954,5322.61
7650.984890957513,6603.79
7651.195404875072,7392.43
7651.4059187926305,7967.64
7651.61643271019,8719.85
7651.826946627749,8489.99
7652.037460545307,8439.49
7652.247974462866,8704.39
7652.458488380425,8272.17
7652.669002297984,8897.08
7652.879516215543,9100.8
7653.090030133101,8720.88
7653.30054405066,7946.73
7653.511057968219,6562.17
7653.721571885778,5331.25
7653.932085803337,4299.07
7654.142599720895,3172.05
7654.3531136384545,3219.44
7654.563627556014,3564.05
7654.774141473572,3281.52
7654.984655391131,3655.68
7655.195169308689,4042.06
7655.405683226249,4294.0
7655.616197143808,5006.58
7655.826711061366,6583.07
7656.037224978925,8029.62
7656.2477388964835,8448.91
7656.458252814043,9439.83
7656.668766731602,9612.72
7656.87928064916,9768.45
7657.089794566719,10223.1
7657.300308484278,10433.7
7657.510822401837,10605.8
7657.721336319396,10490.3
7657.931850236954,10716.8
7658.142364154513,10618.4
7658.352878072073,9632.25
7658.563391989631,9183.92
7658.77390590719,8099.66
7658.984419824748,7192.1
7659.1949337423075,5898.89
7659.405447659867,5367.19
7659.615961577425,4988.33
7659.826475494984,4939.73
7660.036989412542,5326.67
7660.247503330102,5101.79
7660.458017247661,5008.55
7660.668531165219,5596.45
7660.879045082778,6085.0
7661.0895590003365,7829.95
7661.300072917896,9210.85
7661.510586835455,9895.99
7661.721100753013,10690.7
7661.931614670572,10903.4
7662.1421285881315,10893.9
7662.35264250569,10925.2
7662.563156423249,10818.9
7662.773670340807,10839.6
7662.984184258366,10936.8
7663.194698175926,10930.2
7663.405212093484,11147.7
7663.615726011043,11098.4
7663.826239928601,11010.0
7664.0367538461605,10335.2
7664.24726776372,9191.21
7664.457781681278,8191.12
7664.668295598837,6816.66
7664.878809516395,5986.37
7665.089323433955,5779.44
7665.299837351514,5390.34
7665.510351269072,5571.81
7665.720865186631,6183.18
7665.9313791041905,6101.67
7666.141893021749,6592.04
7666.352406939308,7364.93
7666.562920856866,8910.83
7666.773434774425,10319.3
7666.983948691985,11169.6
7667.194462609543,11529.1
7667.404976527102,11363.7
7667.61549044466,11051.3
7667.8260043622195,10838.8
7668.036518279779,11188.4
7668.247032197337,11742.1
7668.457546114896,10856.7
7668.668060032454,11135.1
7668.878573950014,11462.1
7669.089087867573,11484.8
7669.299601785131,11162.5
7669.51011570269,11340.5
7669.720629620249,10986.4
7669.931143537808,10386.2
7670.141657455367,9722.91
7670.352171372925,8651.96
7670.562685290484,8001.91
7670.7731992080435,8012.29
7670.983713125602,8341.71
7671.194227043161,8018.07
7671.404740960719,7892.73
7671.615254878278,8285.65
7671.825768795838,8428.17
7672.036282713396,9000.73
7672.246796630955,9450.4
7672.457310548514,10376.2
7672.6678244660725,11388.3
7672.878338383632,11896.7
7673.08885230119,11872.4
7673.299366218749,11261.3
7673.509880136308,11810.9
7673.720394053867,12135.6
7673.930907971426,11758.2
7674.141421888984,11080.9
7674.351935806543,11844.3
7674.562449724102,12385.3
7674.772963641661,11997.9
7674.98347755922,11922.7
7675.193991476778,12110.8
7675.404505394337,11925.0
7675.6150193118965,11828.1
7675.825533229455,11814.3
7676.036047147014,11275.2
7676.246561064573,10621.0
7676.457074982131,9894.55
7676.667588899691,9561.42
7676.878102817249,9122.03
7677.088616734808,9481.21
7677.299130652367,9405.44
7677.5096445699255,9214.26
7677.720158487485,9408.97
7677.930672405043,9546.85
7678.141186322602,10280.6
7678.351700240161,11430.7
7678.56221415772,12181.0
7678.772728075279,12789.2
7678.983241992837,12409.5
7679.193755910396,12407.8
7679.404269827955,12451.2
7679.614783745514,12376.9
7679.825297663073,12516.4
7680.035811580632,12194.1
7680.24632549819,12066.9
7680.4568394157495,12664.8
7680.667353333308,12832.1
7680.877867250867,12253.5
7681.088381168426,12215.1
7681.298895085984,12596.2
7681.509409003544,12385.7
7681.719922921102,12173.7
7681.930436838661,12056.1
7682.14095075622,11824.5
7682.3514646737785,11264.1
7682.561978591338,10707.6
7682.772492508896,10482.0
7682.983006426455,10881.2
7683.193520344014,11211.6
7683.404034261573,10612.7
7683.614548179132,10706.8
7683.825062096691,11292.6
7684.035576014249,10919.9
7684.2460899318085,11024.3
7684.456603849367,11894.7
7684.667117766926,12172.3
7684.877631684485,12279.7
7685.088145602043,12205.3
7685.298659519603,12789.6
7685.509173437161,12832.4
7685.71968735472,12218.9
7685.930201272279,12435.7
7686.1407151898375,13050.5
7686.351229107397,12732.3
7686.561743024955,12401.5
7686.772256942514,12864.2
7686.982770860073,12938.1
7687.193284777632,12504.1
7687.403798695191,12460.5
7687.61431261275,12801.1
7687.824826530308,13702.6
7688.035340447867,12963.2
7688.245854365426,12288.7
7688.456368282985,13458.4
7688.666882200544,13194.4
7688.877396118102,12365.9
7689.0879100356615,11764.2
7689.29842395322,11645.3
7689.508937870779,11646.0
7689.719451788338,11506.6
7689.929965705896,11414.5
7690.140479623456,11189.1
7690.350993541015,11504.4
7690.561507458573,12508.8
7690.772021376132,12561.9
7690.9825352936905,12801.5
7691.19304921125,13484.9
7691.403563128809,14072.3
7691.614077046367,13421.6
7691.824590963926,13265.4
7692.035104881485,13361.0
7692.245618799044,13549.0
7692.456132716603,12920.0
7692.666646634161,12936.8
7692.87716055172,13341.4
7693.087674469279,13317.9
7693.298188386838,13543.3
7693.508702304397,13766.4
7693.719216221955,13604.9
7693.9297301395145,13428.9
7694.140244057074,13773.9
7694.350757974632,13313.6
7694.561271892191,13685.6
7694.771785809749,12918.1
7694.982299727309,12780.4
7695.192813644868,13286.1
7695.403327562426,13140.2
7695.613841479985,12669.0
7695.8243553975435,12986.5
7696.034869315103,12807.8
7696.245383232662,12501.9
7696.45589715022,12428.9
7696.666411067779,12421.8
7696.876924985338,12737.3
7697.087438902897,12380.4
7697.297952820456,12289.5
7697.508466738014,12863.3
7697.718980655573,13269.5
7697.929494573133,13561.8
7698.140008490691,13350.8
7698.35052240825,13493.9
7698.561036325808,13688.8
7698.7715502433675,13363.7
7698.982064160927,12927.0
7699.192578078485,12487.9
7699.403091996044,12378.8
7699.613605913602,12978.9
7699.824119831162,13125.2
7700.034633748721,12981.2
7700.245147666279,13312.6
7700.455661583838,13165.9
7700.666175501397,12734.6
7700.876689418956,12650.6
7701.087203336515,13004.3
7701.297717254073,13669.8
7701.508231171632,13495.4
7701.7187450891915,13644.7
7701.92925900675,13595.2
7702.139772924309,13721.2
7702.350286841867,12771.7
7702.5608007594265,13160.6
7702.771314676986,13525.4
7702.981828594544,13682.1
7703.192342512103,13085.0
7703.402856429661,12956.6
7703.613370347221,13392.0
7703.82388426478,13086.9
7704.034398182338,12852.0
7704.244912099897,12978.5
7704.455426017456,13023.0
7704.665939935015,13229.1
7704.876453852574,14095.9
7705.086967770132,13700.6
7705.297481687691,13561.3
7705.5079956052505,13596.2
7705.718509522809,13801.3
7705.929023440368,13754.6
7706.139537357926,13144.6
7706.350051275485,13456.6
7706.560565193045,13591.9
7706.771079110603,13742.0
7706.981593028162,14223.6
7707.19210694572,13814.6
7707.4026208632795,13703.8
7707.613134780839,13865.9
7707.823648698397,13716.7
7708.034162615956,13763.7
7708.244676533515,13609.8
7708.455190451074,13804.8
7708.665704368633,13980.7
7708.876218286191,14188.7
7709.08673220375,14029.7
7709.297246121309,13990.2
7709.507760038868,14572.7
7709.718273956427,14381.8
7709.928787873985,14043.7
7710.139301791544,14787.1
7710.3498157091035,14614.0
7710.560329626662,13915.9
7710.770843544221,14344.5
7710.981357461779,14735.6
7711.191871379338,14593.1
7711.402385296898,14664.3
7711.612899214456,14963.1
7711.823413132015,15290.5
7712.033927049574,15159.1
7712.2444409671325,14592.4
7712.454954884692,14661.1
7712.66546880225,15210.5
7712.875982719809,15382.7
7713.086496637368,15523.5
7713.297010554927,15446.9
7713.507524472486,14722.5
7713.718038390044,14727.0
7713.928552307603,14716.7
7714.139066225162,14542.2
7714.349580142721,13948.0
7714.56009406028,14846.8
7714.770607977838,14571.2
7714.981121895397,13793.5
7715.1916358129565,13520.5
7715.402149730515,13469.5
7715.612663648074,14084.0
7715.823177565633,14244.9
7716.033691483191,13357.3
7716.244205400751,12779.8
7716.454719318309,12712.0
7716.665233235868,13533.8
7716.875747153427,14042.1
7717.0862610709855,13771.0
7717.296774988545,13970.0
7717.507288906103,13462.9
7717.717802823662,13514.7
7717.928316741221,13229.2
7718.13883065878,13881.3
7718.349344576339,13900.6
7718.559858493898,14336.9
7718.770372411456,13876.8
7718.980886329015,13552.7
7719.191400246574,13511.5
7719.401914164133,13509.0
7719.612428081692,13184.5
7719.82294199925,13262.4
7720.0334559168095,13805.4
7720.243969834368,13761.3
7720.454483751927,13649.4
7720.664997669486,13574.7
7720.8755115870445,13842.6
7721.086025504604,13639.8
7721.296539422162,13746.1
7721.507053339721,13878.3
7721.71756725728,14033.4
7721.928081174839,13963.5
7722.138595092398,13250.1
7722.349109009957,13679.9
7722.559622927515,13866.3
7722.770136845074,13349.2
7722.980650762633,13111.6
7723.191164680192,12852.7
7723.401678597751,13533.7
7723.612192515309,12971.0
7723.8227064328685,13715.0
7724.033220350427,13716.8
7724.243734267986,13961.0
7724.454248185545,13905.0
7724.664762103103,13292.1
7724.875276020663,13729.1
7725.085789938221,13344.8
7725.29630385578,13216.9
7725.506817773339,12886.3
7725.7173316908975,13730.5
7725.927845608457,13584.8
7726.138359526016,13351.6
7726.348873443574,13012.9
7726.559387361133,13399.7
7726.769901278692,13575.3
7726.980415196251,13107.8
7727.19092911381,13224.7
7727.401443031368,13695.5
7727.611956948927,14018.2
7727.822470866486,13462.6
7728.032984784045,13498.7
7728.243498701604,14282.7
7728.454012619162,13588.5
7728.6645265367215,13661.9
7728.87504045428,14145.3
7729.085554371839,13418.0
7729.296068289398,13515.8
7729.506582206956,13894.2
7729.717096124516,13924.1
7729.927610042075,13947.2
7730.138123959633,13319.7
7730.348637877192,13386.8
7730.5591517947505,13758.0
7730.76966571231,14094.0
7730.980179629869,14051.4
7731.190693547427,14358.4
7731.401207464986,13195.9
7731.611721382545,14038.0
7731.822235300104,13920.3
7732.032749217663,13819.9
7732.243263135221,13613.0
7732.45377705278,13136.9
7732.664290970339,13028.5
7732.874804887898,13708.0
7733.085318805457,13789.0
7733.295832723015,13732.3
7733.5063466405745,14550.5
7733.716860558134,14377.3
7733.927374475692,14178.5
7734.137888393251,13754.2
7734.348402310809,13431.7
7734.558916228369,14365.3
7734.769430145928,14332.5
7734.979944063486,13542.3
7735.190457981045,13295.7
7735.4009718986035,13740.8
7735.611485816163,14081.5
7735.821999733722,13302.2
7736.03251365128,13136.3
7736.243027568839,13159.0
7736.4535414863985,12982.7
7736.664055403957,13143.4
7736.874569321516,13409.8
7737.085083239074,13078.7
7737.295597156633,13084.9
7737.506111074193,13550.3
7737.716624991751,13749.9
7737.92713890931,12822.7
7738.137652826868,12741.6
7738.3481667444275,13693.3
7738.558680661987,13762.2
7738.769194579545,13159.1
7738.979708497104,13054.7
7739.1902224146625,13507.0
7739.400736332222,12901.5
7739.611250249781,13380.0
7739.821764167339,12934.3
7740.032278084898,13262.6
7740.2427920024575,13446.1
7740.453305920016,13810.0
7740.663819837575,13473.1
7740.874333755133,13530.9
7741.084847672692,14147.7
7741.295361590252,13488.6
7741.50587550781,13316.8
7741.716389425369,13460.3
7741.926903342927,13214.0
7742.1374172604865,13232.0
7742.347931178046,13127.5
7742.558445095604,13018.6
7742.768959013163,13743.7
7742.979472930721,13412.9
7743.189986848281,13596.3
7743.40050076584,13526.3
7743.611014683398,13592.8
7743.821528600957,13192.6
7744.032042518516,12834.2
7744.242556436075,13171.3
7744.453070353634,13170.9
7744.663584271192,13151.4
7744.874098188751,13151.9
7745.0846121063105,13125.9
7745.295126023869,13164.9
7745.505639941428,13333.2
7745.716153858986,13129.7
7745.926667776545,12762.0
7746.137181694105,12706.3
7746.347695611663,12793.7
7746.558209529222,13170.1
7746.768723446781,13250.7
7746.9792373643395,13546.3
7747.189751281899,13359.6
7747.400265199457,12688.5
7747.610779117016,12931.7
7747.821293034575,12772.5
7748.031806952134,12640.1
7748.242320869693,12725.8
7748.452834787251,13214.5
7748.66334870481,13099.3
7748.873862622369,13254.4
7749.084376539928,13438.4
7749.294890457487,12996.8
7749.505404375045,13277.1
7749.715918292604,13406.5
7749.9264322101635,13101.9
7750.136946127722,13260.8
7750.347460045281,13283.6
7750.557973962839,13312.3
7750.768487880398,12762.9
7750.979001797958,12561.0
7751.189515715516,13083.1
7751.400029633075,13080.1
7751.610543550634,12588.3
7751.8210574681925,12574.2
7752.031571385752,12536.1
7752.24208530331,12859.1
7752.452599220869,12968.5
7752.663113138428,13417.6
7752.873627055987,12830.8
7753.084140973546,11942.7
7753.294654891104,13108.2
7753.505168808663,13128.2
7753.715682726222,13293.7
7753.926196643781,13255.4
7754.13671056134,12612.8
7754.347224478899,12594.6
7754.557738396457,13426.8
7754.7682523140165,13081.0
7754.978766231575,13203.4
7755.189280149134,12965.0
7755.399794066693,12895.1
7755.610307984251,12986.1
7755.820821901811,12721.4
7756.031335819369,12815.2
7756.241849736928,13102.8
7756.452363654487,13518.0
7756.6628775720455,13043.6
7756.873391489605,13154.8
7757.083905407163,12877.2
7757.294419324722,13133.8
7757.504933242281,13159.7
7757.71544715984,12361.7
7757.925961077399,12619.8
7758.136474994958,13298.1
7758.346988912516,12832.2
7758.5575028300755,12577.7
7758.768016747634,12073.7
7758.978530665193,12404.5
7759.189044582752,12493.8
7759.39955850031,12665.4
7759.61007241787,12675.3
7759.820586335428,12395.1
7760.031100252987,12864.1
7760.241614170546,12319.6
7760.4521280881045,12046.4
7760.662642005664,12353.2
7760.873155923222,12812.8
7761.083669840781,12429.0
7761.29418375834,11992.4
7761.504697675899,12681.8
7761.715211593458,12219.1
7761.925725511017,12383.9
7762.136239428575,12325.5
7762.346753346134,12238.3
7762.557267263693,11992.8
7762.767781181252,12002.5
7762.978295098811,11646.1
7763.188809016369,12201.2
7763.3993229339285,12544.8
7763.609836851487,12669.8
7763.820350769046,12018.9
7764.030864686605,12621.7
7764.241378604163,12166.2
7764.451892521723,11706.9
7764.662406439282,12313.2
7764.87292035684,11832.2
7765.083434274399,12068.0
7765.2939481919575,12620.6
7765.504462109517,12542.4
7765.714976027076,12297.8
7765.925489944634,11957.6
7766.136003862193,12010.2
7766.346517779752,12166.1
7766.557031697311,11629.7
7766.76754561487,12522.0
7766.978059532428,12291.8
7767.188573449987,11733.3
7767.399087367546,11784.0
7767.609601285105,12336.0
7767.820115202664,12230.7
7768.030629120222,12003.2
7768.2411430377815,11827.0
7768.45165695534,12023.1
7768.662170872899,12422.2
7768.872684790458,11903.2
7769.083198708016,11742.8
7769.293712625576,12088.9
7769.504226543135,11919.6
7769.714740460693,12361.5
7769.925254378252,13566.9
7770.1357682958105,14364.7
7770.34628221337,13828.8
7770.556796130929,13163.6
7770.767310048487,13377.6
7770.977823966046,14029.0
7771.188337883605,13966.7
7771.398851801164,14301.0
7771.609365718723,14715.5
7771.819879636281,14437.6
7772.03039355384,15146.5
7772.2409074714,14662.9
7772.451421388958,14111.1
7772.661935306517,15032.1
7772.872449224075,15731.9
7773.0829631416345,15190.4
7773.293477059194,15660.4
7773.503990976752,16354.3
7773.714504894311,16182.6
7773.925018811869,15678.2
7774.135532729429,15603.6
7774.346046646988,15969.0
7774.556560564546,16128.6
7774.767074482105,15556.8
7774.977588399664,15190.3
7775.188102317223,15095.3
7775.398616234782,14923.5
7775.60913015234,14717.7
7775.819644069899,15074.2
7776.030157987459,15197.0
7776.240671905017,14268.7
7776.451185822576,14673.8
7776.661699740134,14414.7
7776.8722136576935,13723.8
7777.082727575253,13716.1
7777.293241492811,13432.9
7777.50375541037,12810.9
7777.714269327928,12392.2
7777.924783245488,12946.1
7778.135297163047,13484.8
7778.345811080605,12165.4
7778.556324998164,11338.8
7778.7668389157225,11975.6
7778.977352833282,11842.1
7779.187866750841,11787.4
7779.398380668399,11770.7
7779.608894585958,11760.5
7779.8194085035175,12113.6
7780.029922421076,11336.1
7780.240436338635,11719.7
7780.450950256193,11740.4
7780.661464173752,11723.1
7780.871978091312,11416.5
7781.08249200887,11312.6
7781.293005926429,11125.2
7781.503519843987,11154.3
7781.7140337615465,11384.6
7781.924547679106,11801.7
7782.135061596664,11495.4
7782.345575514223,11003.9
7782.556089431782,11473.0
7782.766603349341,11090.6
7782.9771172669,11131.9
7783.187631184458,10595.7
7783.398145102017,10764.5
7783.608659019576,11684.5
7783.819172937135,11326.4
7784.029686854694,11150.1
7784.240200772252,11090.8
7784.450714689811,11171.9
7784.6612286073705,11323.4
7784.871742524929,11036.0
7785.082256442488,11182.7
7785.292770360046,11013.2
7785.503284277605,10415.3
7785.713798195165,10629.9
7785.924312112723,11340.1
7786.134826030282,10642.3
7786.345339947841,10912.6
7786.5558538653995,11061.4
7786.766367782959,11241.0
7786.976881700517,10790.2
7787.187395618076,10639.9
7787.397909535635,10127.6
7787.608423453194,10866.2
7787.818937370753,10242.1
7788.029451288311,10785.4
7788.23996520587,11174.2
7788.450479123429,10985.6
7788.660993040988,10902.1
7788.871506958547,10794.4
7789.082020876105,10987.0
7789.292534793664,10383.1
7789.5030487112235,10802.4
7789.713562628782,10770.8
7789.924076546341,10656.3
7790.1345904639,10624.8
7790.345104381458,10699.8
7790.555618299018,10762.6
7790.766132216576,10807.1
7790.976646134135,10813.7
7791.187160051694,10198.1
7791.3976739692525,10817.1
7791.608187886812,11447.6
7791.81870180437,10307.1
7792.029215721929,10145.7
7792.239729639488,10049.6
7792.450243557047,10777.9
7792.660757474606,10730.4
7792.871271392165,10436.8
7793.081785309723,10646.2
7793.2922992272825,10083.3
7793.502813144841,10325.0
7793.7133270624,10475.3
7793.923840979959,10441.9
7794.134354897517,10643.7
7794.344868815077,9860.86
7794.555382732635,10254.6
7794.765896650194,10319.0
7794.976410567753,10617.7
7795.1869244853115,10505.2
7795.397438402871,9953.46
7795.607952320429,10703.4
7795.818466237988,10771.8
7796.028980155547,9925.49
7796.239494073106,10277.2
7796.450007990665,10055.9
7796.660521908223,10063.3
7796.871035825782,10021.5
7797.081549743341,9895.8
7797.2920636609,10301.3
7797.502577578459,10637.4
7797.713091496018,10396.3
7797.923605413576,10296.5
7798.1341193311355,10746.1
7798.344633248694,9902.27
7798.555147166253,10004.3
7798.765661083812,10163.8
7798.97617500137,10213.2
7799.18668891893,10588.7
7799.397202836488,9499.08
7799.607716754047,10184.6
7799.818230671606,10616.3
7800.0287445891645,10721.7
7800.239258506724,9698.1
7800.449772424283,9274.34
7800.660286341841,9661.42
7800.8708002594,9303.83
7801.081314176959,9838.69
7801.291828094518,10137.2
7801.502342012077,10146.4
7801.712855929635,9515.23
7801.923369847194,9889.6
7802.133883764753,10215.2
7802.344397682312,9915.52
7802.554911599871,9806.53
7802.765425517429,9588.89
7802.9759394349885,9439.55
7803.186453352547,9901.08
7803.396967270106,9609.5
7803.607481187665,9313.64
7803.817995105223,9976.73
7804.028509022783,9351.91
7804.239022940342,9719.97
7804.4495368579,9755.11
7804.660050775459,9586.28
7804.8705646930175,9115.6
7805.081078610577,9352.16
7805.291592528136,9453.16
7805.502106445694,9038.06
7805.712620363253,9240.42
7805.923134280812,9806.97
7806.133648198371,9450.69
7806.34416211593,9426.19
7806.554676033488,9187.26
7806.765189951047,9605.59
7806.975703868606,9598.52
7807.186217786165,9523.75
7807.396731703724,9421.01
7807.607245621282,9094.04
7807.8177595388415,9255.16
7808.028273456401,9242.35
7808.238787373959,9155.49
7808.449301291518,9160.87
7808.659815209076,9233.58
7808.870329126636,9326.96
7809.080843044195,9021.48
7809.291356961753,8913.07
7809.501870879312,9254.7
7809.7123847968705,9530.34
7809.92289871443,9648.79
7810.133412631989,9179.15
7810.343926549547,9123.69
7810.554440467106,8968.76
7810.7649543846655,9093.85
7810.975468302224,8612.69
7811.185982219783,9233.73
7811.396496137341,9016.27
7811.6070100549005,8564.69
7811.81752397246,8609.19
7812.028037890018,9197.61
7812.238551807577,8789.11
7812.449065725135,8881.26
7812.659579642695,9540.82
7812.870093560254,9173.88
7813.080607477812,8929.75
7813.291121395371,9025.98
7813.5016353129295,8622.96
7813.712149230489,8537.0
7813.922663148048,9155.1
7814.133177065606,9247.01
7814.343690983165,8982.81
7814.554204900724,8746.34
7814.764718818283,8475.07
7814.975232735842,8991.41
7815.1857466534,8578.97
7815.396260570959,8292.05
7815.606774488519,8328.08
7815.817288406077,8897.55
7816.027802323636,8804.78
7816.238316241194,8558.56
7816.4488301587535,8986.39
7816.659344076313,8880.38
7816.869857993871,8255.33
7817.08037191143,8513.89
7817.290885828988,8311.3
7817.501399746548,8280.54
7817.711913664107,8524.99
7817.922427581665,8466.89
7818.132941499224,8010.01
7818.343455416783,7641.64
7818.553969334342,8172.19
7818.764483251901,8603.23
7818.974997169459,8356.87
7819.185511087018,8328.4
7819.3960250045775,8191.45
7819.606538922136,8317.34
7819.817052839695,8064.55
7820.027566757253,8664.62
7820.238080674812,7920.06
7820.448594592372,8014.29
7820.65910850993,8355.96
7820.869622427489,8208.94
7821.080136345047,8080.84
7821.2906502626065,7883.55
7821.501164180166,8104.99
7821.711678097724,7597.53
7821.922192015283,8018.9
7822.132705932842,7928.2
7822.343219850401,7806.2
7822.55373376796,8048.78
7822.764247685518,8021.04
7822.974761603077,7835.45
7823.185275520636,8489.82
7823.395789438195,8014.46
7823.606303355754,8095.76
7823.816817273312,7676.74
7824.027331190871,7648.78
7824.2378451084305,7961.42
7824.448359025989,7567.73
7824.658872943548,7566.66
7824.869386861106,7649.5
7825.079900778665,7629.88
7825.290414696225,8102.52
7825.500928613783,7237.65
7825.711442531342,7908.18
7825.921956448901,7525.68
7826.1324703664595,7894.92
7826.342984284019,7482.27
7826.553498201577,7370.15
7826.764012119136,7798.27
7826.974526036695,7594.78
7827.185039954254,8035.26
7827.395553871813,7996.81
7827.606067789371,7844.24
7827.81658170693,7284.76
7828.027095624489,7001.87
7828.237609542048,7531.76
7828.448123459607,7622.51
7828.658637377166,7405.08
7828.869151294724,7286.91
7829.0796652122835,7652.04
7829.290179129842,7468.44
7829.500693047401,6972.69
7829.71120696496,7638.3
7829.9217208825185,7851.92
7830.132234800078,7340.49
7830.342748717636,7399.13
7830.553262635195,7736.02
7830.763776552754,6957.06
7830.974290470313,6896.18
7831.184804387872,7427.87
7831.39531830543,7117.27
7831.605832222989,7537.18
7831.816346140548,7466.77
7832.026860058107,7213.54
7832.237373975666,7695.54
7832.447887893224,7292.65
7832.658401810783,6689.49
7832.8689157283425,6958.84
7833.079429645901,6873.07
7833.28994356346,6983.41
7833.500457481019,6957.38
7833.710971398577,6746.7
7833.921485316137,6851.83
7834.131999233695,7037.72
7834.342513151254,6924.69
7834.553027068813,7488.69
7834.7635409863715,7098.72
7834.974054903931,6583.76
7835.184568821489,7002.34
7835.395082739048,7176.86
7835.605596656607,7221.42
7835.816110574166,6822.19
7836.026624491725,6971.6
7836.237138409284,6333.74
7836.447652326842,6328.25
7836.658166244401,6854.57
7836.86868016196,6923.08
7837.079194079519,6896.21
7837.289707997078,6776.5
7837.500221914636,6141.45
7837.7107358321955,6155.94
7837.921249749754,6129.22
7838.131763667313,7069.35
7838.342277584872,6833.19
7838.55279150243,6357.34
7838.76330541999,6282.72
7838.973819337548,6288.18
7839.184333255107,6446.54
7839.394847172666,6344.74
7839.6053610902245,6315.55
7839.815875007784,5883.53
7840.026388925343,5546.89
7840.236902842901,6001.43
7840.44741676046,6017.67
7840.657930678019,6106.22
7840.868444595578,6152.73
7841.078958513137,6543.3
7841.289472430695,6755.38
7841.499986348254,6142.91
7841.710500265813,6124.71
7841.921014183372,6230.27
7842.131528100931,6507.9
7842.342042018489,6348.85
7842.5525559360485,6528.04
7842.763069853607,6213.01
7842.973583771166,5587.09
7843.184097688725,5857.72
7843.394611606283,5881.99
7843.605125523843,5929.11
7843.815639441402,6222.19
7844.02615335896,6231.15
7844.236667276519,6395.1
7844.4471811940775,5898.46
7844.657695111637,5800.06
7844.868209029196,5815.01
7845.078722946754,5566.96
7845.289236864313,6063.11
7845.499750781872,5699.21
7845.710264699431,6131.29
7845.92077861699,6035.41
7846.131292534548,5880.61
7846.341806452107,5868.49
7846.552320369667,5658.4
7846.762834287225,5889.9
7846.973348204784,5769.4
7847.183862122342,5831.29
7847.3943760399015,5431.64
7847.604889957461,5887.36
7847.815403875019,5831.79
7848.025917792578,5963.56
7848.2364317101365,5442.71
7848.446945627696,5083.57
7848.657459545255,5332.83
7848.867973462813,4842.97
7849.078487380372,5780.64
7849.289001297931,6296.75
7849.49951521549,5495.39
7849.710029133049,6040.12
7849.920543050607,5690.74
7850.131056968166,5614.4
7850.341570885726,5469.41
7850.552084803284,5493.69
7850.762598720843,5629.99
7850.973112638401,5935.91
7851.1836265559605,5657.04
7851.39414047352,5257.87
7851.604654391078,5034.62
7851.815168308637,5605.07
7852.025682226195,5541.89
7852.236196143755,5439.48
7852.446710061314,5487.27
7852.657223978872,5545.77
7852.867737896431,5597.57
7853.0782518139895,5092.56
7853.288765731549,5420.99
7853.499279649108,5340.87
7853.709793566666,5135.68
7853.920307484225,5577.81
7854.1308214017845,5390.61
7854.341335319343,5028.58
7854.551849236902,5062.45
7854.76236315446,5050.9
7854.972877072019,4873.78
7855.183390989579,5240.02
7855.393904907137,4631.86
7855.604418824696,4442.24
7855.814932742254,4887.57
7856.0254466598135,4948.86
7856.235960577373,4663.18
7856.446474494931,4616.42
7856.65698841249,4282.2
7856.867502330049,4679.74
7857.078016247608,4937.01
7857.288530165167,5268.46
7857.499044082725,5411.13
7857.709558000284,5698.42
7857.920071917843,5331.67
7858.130585835402,4656.36
7858.341099752961,4864.86
7858.551613670519,5103.87
7858.762127588078,4944.94
7858.9726415056375,5006.36
7859.183155423196,4828.9
7859.393669340755,4211.16
7859.604183258313,4794.01
7859.814697175872,4844.26
7860.025211093432,4324.77
7860.23572501099,4960.03
7860.446238928549,4305.13
7860.656752846107,4187.3
7860.8672667636665,4369.96
7861.077780681226,4675.05
7861.288294598784,4290.97
7861.498808516343,4611.57
7861.709322433902,4688.4
7861.919836351461,4342.32
7862.13035026902,4100.35
7862.340864186578,4116.35
7862.551378104137,4248.01
7862.761892021696,4451.68
7862.972405939255,4920.04
7863.182919856814,4563.11
7863.393433774372,4378.98
7863.603947691931,4588.83
7863.8144616094905,3752.57
7864.024975527049,3959.84
7864.235489444608,4496.22
7864.446003362167,4096.65
7864.656517279725,3843.55
7864.867031197285,3574.28
7865.077545114843,3526.45
7865.288059032402,3733.08
7865.498572949961,4075.29
7865.7090868675195,3493.36
7865.919600785079,3962.11
7866.130114702637,4515.57
7866.340628620196,4072.09
7866.551142537755,3772.57
7866.761656455314,4043.59
7866.972170372873,3499.03
7867.182684290431,3203.75
7867.39319820799,4232.83
7867.6037121255495,4299.54
7867.814226043108,3780.38
7868.024739960667,4405.33
7868.235253878225,4292.72
7868.445767795784,4348.19
7868.656281713344,4517.75
7868.866795630902,4084.41
7869.077309548461,3887.49
7869.28782346602,4173.88
7869.4983373835785,4167.28
7869.708851301138,3588.99
7869.919365218696,4460.18
7870.129879136255,4106.88
7870.340393053814,3638.54
7870.550906971373,2702.45
7870.761420888932,3114.14
7870.97193480649,3105.97
7871.182448724049,3382.13
7871.392962641608,3717.74
7871.603476559167,3745.13
7871.813990476726,3283.16
7872.024504394285,3384.08
7872.235018311843,3920.96
7872.4455322294025,3583.36
7872.656046146961,3891.95
7872.86656006452,4116.48
7873.077073982079,3432.23
7873.287587899637,3486.02
7873.498101817197,3085.41
7873.708615734755,3313.93
7873.919129652314,3012.27
7874.129643569873,3449.5
7874.3401574874315,3757.61
7874.550671404991,3609.51
7874.76118532255,3246.19
7874.971699240108,3570.32
7875.182213157667,4096.79
7875.392727075226,3262.39
7875.603240992785,2920.42
7875.813754910344,3424.93
7876.024268827902,3680.21
7876.234782745461,3701.62
7876.44529666302,3155.47
7876.655810580579,3431.54
7876.866324498138,3699.17
7877.076838415696,3082.13
7877.2873523332555,2983.21
7877.497866250814,2827.69
7877.708380168373,2767.24
7877.918894085932,2820.72
7878.12940800349,3074.06
7878.33992192105,2722.13
7878.550435838608,3294.65
7878.760949756167,3289.19
7878.971463673726,3346.37
7879.1819775912845,3685.23
7879.392491508844,3470.84
7879.603005426403,3301.68
7879.813519343961,3464.26
7880.02403326152,3457.6
7880.234547179079,2786.52
7880.445061096638,2685.54
7880.655575014197,2952.01
7880.866088931755,2936.42
7881.076602849314,2544.58
7881.287116766873,2815.8
7881.497630684432,2471.43
7881.708144601991,2778.28
7881.918658519549,2626.22
7882.1291724371085,3176.47
7882.339686354668,2936.87
7882.550200272226,3185.15
7882.760714189785,2652.35
7882.971228107343,2321.96
7883.181742024903,2826.99
7883.392255942462,2665.59
7883.60276986002,2069.54
7883.813283777579,2952.58
7884.023797695138,3444.37
7884.234311612697,2333.74
7884.444825530256,2085.4
7884.655339447814,2479.43
7884.865853365373,2744.48
7885.076367282933,3086.22
7885.286881200491,3084.18
7885.49739511805,2218.09
7885.707909035608,2319.99
7885.9184229531675,2444.42
7886.128936870727,2464.68
7886.339450788285,3003.85
7886.549964705844,2605.29
7886.760478623402,2436.0
7886.970992540962,2213.98
7887.181506458521,2041.38
7887.392020376079,2945.03
7887.602534293638,2736.62
7887.8130482111965,2246.9
7888.023562128756,1745.03
7888.234076046315,2095.94
7888.444589963873,2614.47
7888.655103881432,2863.16
7888.865617798991,2078.05
7889.07613171655,2968.44
7889.286645634109,2622.04
7889.497159551667,2355.63
7889.707673469226,1874.15
7889.918187386786,1853.99
7890.128701304344,2306.5
7890.339215221903,1969.19
7890.549729139461,1664.63
7890.7602430570205,2386.78
7890.97075697458,2724.67
7891.181270892138,2462.07
7891.391784809697,1865.51
7891.602298727255,1579.97
7891.812812644815,2354.45
7892.023326562374,2244.77
7892.233840479932,2275.49
7892.444354397491,2222.86
7892.65486831505,1969.88
7892.865382232609,1952.33
7893.075896150168,2131.38
7893.286410067726,1884.8
7893.496923985285,1967.28
7893.7074379028445,1532.38
7893.917951820403,1598.5
7894.128465737962,1881.27
7894.33897965552,2092.17
7894.549493573079,1346.87
7894.760007490639,1781.3
7894.970521408197,2109.25
7895.181035325756,1805.45
7895.391549243314,1715.63
7895.6020631608735,1327.11
