7603.9520397865,1771.79
7604.162519596165,1844.75
7604.372999405831,1638.08
7604.5834792154965,1066.49
7604.793959025163,2071.07
7605.004438834828,3459.94
7605.214918644494,3702.75
7605.425398454159,2868.16
7605.635878263825,1280.9
7605.846358073491,1288.06
7606.056837883157,2256.84
7606.267317692822,3074.25
7606.477797502488,2403.74
7606.688277312153,1653.91
7606.8987571218195,1386.4
7607.109236931485,1936.79
7607.319716741151,3203.4
7607.530196550816,3300.88
7607.740676360482,2318.65
7607.951156170147,1835.65
7608.161635979814,2433.46
7608.372115789479,3779.42
7608.582595599145,5097.24
7608.79307540881,5330.29
7609.003555218476,3979.95
7609.214035028142,2263.78
7609.424514837808,1862.0
7609.634994647473,2629.62
7609.845474457139,3758.85
7610.055954266804,4006.66
7610.26643407647,2696.41
7610.476913886136,1694.88
7610.687393695801,2904.96
7610.897873505467,5509.45
7611.108353315132,7738.24
7611.318833124798,8425.93
7611.529312934464,7186.96
7611.73979274413,5818.58
7611.950272553795,3076.92
7612.160752363461,2030.33
7612.371232173126,3707.53
7612.5817119827925,5028.58
7612.792191792458,4944.01
7613.002671602124,4017.62
7613.213151411789,3021.64
7613.423631221455,4402.99
7613.6341110311205,7515.27
7613.844590840787,10432.7
7614.055070650452,12017.5
7614.265550460118,12179.8
7614.476030269783,11428.6
7614.686510079449,9207.29
7614.896989889115,5866.77
7615.107469698781,4103.51
7615.317949508446,5497.07
7615.528429318112,8086.05
7615.738909127777,8943.6
7615.9493889374435,7507.98
7616.159868747109,6613.68
7616.370348556775,8551.95
7616.58082836644,12505.8
7616.791308176105,15455.3
7617.001787985771,16716.3
7617.212267795437,17610.8
7617.422747605103,17347.9
7617.633227414768,17608.0
7617.843707224434,18434.8
7618.054187034099,18086.6
7618.264666843766,18054.2
7618.475146653431,17995.7
7618.685626463097,18033.5
7618.896106272762,18679.6
7619.106586082428,18627.8
7619.3170658920935,18070.4
7619.52754570176,17889.8
7619.738025511425,18282.8
7619.948505321091,17887.9
7620.158985130756,16828.6
7620.369464940422,15206.6
7620.579944750088,11841.5
7620.790424559754,7524.31
7621.000904369419,5248.62
7621.211384179085,6749.78
7621.42186398875,10821.2
7621.6323437984165,13228.6
7621.842823608082,15104.9
7622.053303417748,16327.4
7622.263783227413,16410.3
7622.474263037079,15570.7
7622.6847428467445,13586.6
7622.895222656411,10096.1
7623.105702466076,6268.9
7623.316182275741,4414.7
7623.526662085407,5222.01
7623.737141895072,7272.31
7623.947621704739,8901.24
7624.158101514404,7071.79
7624.36858132407,4231.68
7624.579061133735,3593.88
7624.789540943401,5968.75
7625.000020753067,9773.49
7625.210500562733,12799.3
7625.420980372398,15524.9
7625.631460182064,16317.4
7625.841939991729,16569.4
7626.052419801395,16823.8
7626.262899611061,14962.9
7626.473379420727,11900.1
7626.683859230392,8312.44
7626.894339040058,4799.1
7627.104818849723,3501.88
7627.31529865939,4517.82
7627.525778469055,6390.17
7627.736258278721,6720.61
7627.946738088386,5244.63
7628.157217898052,3190.62
7628.3676977077175,3857.44
7628.578177517384,7170.66
7628.788657327049,10742.1
7628.999137136715,13391.6
7629.20961694638,15656.7
7629.420096756046,18122.8
7629.630576565712,18744.0
7629.841056375377,17476.9
7630.051536185043,16354.6
7630.262015994708,14158.0
7630.472495804374,10992.8
7630.68297561404,7701.96
7630.893455423706,4711.63
7631.103935233371,3489.48
7631.314415043037,4727.05
7631.524894852702,6112.0
7631.7353746623685,5964.75
7631.945854472034,4272.19
7632.1563342817,3134.74
7632.366814091365,4915.15
7632.577293901031,9075.98
7632.7877737106965,12684.5
7632.998253520363,15346.0
7633.208733330028,17515.2
7633.419213139694,18521.1
7633.629692949359,19422.6
7633.840172759025,19265.4
7634.050652568691,18159.6
7634.261132378357,16600.7
7634.471612188022,15084.5
7634.682091997688,12242.0
7634.892571807353,8051.75
7635.103051617019,4558.81
7635.313531426685,3940.03
7635.524011236351,5943.3
7635.734491046016,7110.74
7635.944970855681,5855.87
7636.155450665347,3947.98
7636.365930475013,3401.8
7636.576410284679,6232.06
7636.786890094344,10842.1
7636.99736990401,15058.4
7637.207849713675,17210.9
7637.4183295233415,18846.7
7637.628809333007,21142.2
7637.839289142673,21222.7
7638.049768952338,21524.6
7638.260248762004,21586.8
7638.4707285716695,20379.5
7638.681208381336,19822.6
7638.891688191001,17745.2
7639.102168000667,12941.3
7639.312647810332,8230.79
7639.523127619998,5240.9
7639.733607429664,4731.06
7639.94408723933,7287.37
7640.154567048995,8598.58
7640.365046858661,7399.7
7640.575526668326,5007.05
7640.7860064779925,4944.31
7640.996486287658,7953.64
7641.206966097324,12855.0
7641.417445906989,17379.6
7641.627925716655,20406.9
7641.8384055263205,22187.9
7642.048885335987,22818.6
7642.259365145652,23334.4
7642.469844955317,24357.3
7642.680324764983,23744.7
7642.890804574648,23347.0
7643.101284384315,23301.1
7643.31176419398,22730.6
7643.522244003646,20035.8
7643.732723813311,15410.4
7643.943203622977,10357.1
7644.1536834326425,6774.44
7644.364163242309,6839.09
7644.574643051974,9219.24
7644.78512286164,10260.4
7644.995602671305,8424.32
7645.206082480971,6460.09
7645.416562290637,6476.17
7645.627042100303,10716.6
7645.837521909968,16329.2
7646.048001719634,20519.5
7646.258481529299,23371.7
7646.4689613389655,24760.5
7646.679441148631,25639.7
7646.889920958297,26338.1
7647.100400767962,26473.5
7647.310880577628,25731.8
7647.5213603872935,24981.0
7647.73184019696,25444.3
7647.942320006625,25035.0
7648.152799816291,23854.1
7648.363279625956,22018.9
7648.5737594356215,17824.9
7648.784239245288,12731.0
7648.994719054953,9874.57
7649.205198864619,9855.83
7649.415678674284,11929.9
7649.62615848395,13250.8
7649.836638293616,11571.0
7650.047118103282,9357.09
7650.257597912947,10225.7
7650.468077722613,14592.5
7650.678557532278,19869.9
7650.8890373419445,23525.8
7651.09951715161,25738.2
7651.309996961276,27513.1
7651.520476770941,27762.6
7651.730956580607,27499.7
7651.941436390272,27603.6
7652.151916199939,28777.2
7652.362396009604,29420.9
7652.57287581927,29213.9
7652.783355628935,29278.1
7652.993835438601,29120.7
7653.2043152482665,28118.5
7653.414795057933,26040.6
7653.625274867598,21523.6
7653.835754677264,15773.5
7654.046234486929,12530.3
7654.256714296595,12944.3
7654.467194106261,15398.2
7654.677673915927,17483.4
7654.888153725592,15338.6
7655.098633535257,12527.2
7655.309113344923,14994.2
7655.519593154589,19517.5
7655.730072964255,22658.3
7655.94055277392,26923.9
7656.151032583586,29720.2
7656.361512393251,29751.7
7656.5719922029175,30086.7
7656.782472012583,31214.5
7656.992951822249,31425.2
7657.203431631914,30388.8
7657.41391144158,30442.7
7657.6243912512455,31530.2
7657.834871060912,32152.3
7658.045350870577,31383.4
7658.255830680243,30006.4
7658.466310489908,29430.1
7658.676790299574,28013.4
7658.88727010924,25549.5
7659.097749918906,21213.9
7659.308229728571,17432.0
7659.518709538237,17293.6
7659.729189347902,19417.0
7659.9396691575685,20705.3
7660.150148967234,19501.9
7660.3606287769,17102.6
7660.571108586565,16791.1
7660.781588396231,20616.3
7660.992068205896,26415.2
7661.202548015563,29968.7
7661.413027825228,31601.8
7661.623507634893,32236.7
7661.833987444559,32135.7
7662.044467254224,32465.2
7662.2549470638905,32272.5
7662.465426873556,32309.9
7662.675906683222,32857.6
7662.886386492887,33008.8
7663.096866302553,33106.0
7663.3073461122185,33184.1
7663.517825921885,32551.4
7663.72830573155,32259.4
7663.938785541216,32560.1
7664.149265350881,31724.7
7664.359745160547,28945.8
7664.570224970213,24844.5
7664.780704779879,21295.9
7664.991184589544,19410.1
7665.20166439921,21128.2
7665.412144208875,23828.3
7665.6226240185415,23545.6
7665.833103828207,21621.1
7666.043583637873,21049.2
7666.254063447538,23471.4
7666.464543257204,28083.6
7666.6750230668695,30614.1
7666.885502876536,32843.7
7667.095982686201,33845.6
7667.306462495867,34287.4
7667.516942305532,34280.8
7667.727422115198,34193.5
7667.937901924864,34740.6
7668.148381734529,35290.9
7668.358861544195,35031.4
7668.56934135386,34608.9
7668.779821163526,34251.9
7668.990300973192,33881.6
7669.200780782858,34867.0
7669.411260592523,34934.2
7669.621740402189,34384.0
7669.832220211854,34125.5
7670.04270002152,33006.5
7670.253179831186,29077.6
7670.463659640852,25925.1
7670.674139450517,25407.3
7670.884619260183,26098.1
7671.095099069848,27314.1
7671.3055788795145,27627.0
7671.51605868918,25982.5
7671.726538498846,24823.7
7671.937018308511,26518.9
7672.147498118177,30308.5
7672.3579779278425,33787.9
7672.568457737509,35102.0
7672.778937547174,34618.7
7672.98941735684,34038.6
7673.199897166505,33961.3
7673.410376976171,34599.8
7673.620856785837,35983.2
7673.831336595503,35895.0
7674.041816405168,34788.2
7674.252296214833,35195.3
7674.462776024499,35264.6
7674.673255834165,35329.8
7674.883735643831,35259.3
7675.094215453496,34989.1
7675.304695263162,35660.2
7675.515175072827,35406.3
7675.7256548824935,35037.0
7675.936134692159,34083.1
7676.146614501825,32890.1
7676.35709431149,31141.0
7676.567574121156,29361.2
7676.778053930821,29098.5
7676.988533740488,29871.7
7677.199013550153,30681.9
7677.409493359819,30471.0
7677.619973169484,28998.7
7677.83045297915,29789.0
7678.040932788816,30755.4
7678.251412598482,33536.8
7678.461892408147,35363.1
7678.672372217813,35646.9
7678.882852027478,35007.8
7679.093331837144,35198.1
7679.30381164681,35686.5
7679.514291456476,35788.0
7679.724771266141,35409.1
7679.935251075807,35703.7
7680.145730885472,36745.7
7680.356210695138,36309.3
7680.566690504804,36838.2
7680.777170314469,35685.4
7680.987650124135,35742.2
7681.1981299338,36694.9
7681.4086097434665,36253.7
7681.619089553132,35899.9
7681.829569362798,36180.3
7682.040049172463,36745.2
7682.250528982129,36126.3
7682.4610087917945,33839.5
7682.671488601461,32409.4
7682.881968411126,32573.8
7683.092448220792,32545.9
7683.302928030457,32594.3
7683.513407840123,32905.4
7683.723887649789,32304.5
7683.934367459455,31494.8
7684.14484726912,32864.6
7684.355327078786,34550.9
7684.565806888451,36444.6
7684.7762866981175,36472.2
7684.986766507783,36381.4
7685.197246317449,36834.4
7685.407726127114,36825.7
7685.61820593678,36754.6
7685.828685746445,36441.3
7686.039165556112,36767.3
7686.249645365777,37442.9
7686.460125175443,37004.8
7686.670604985108,37296.9
7686.881084794773,36886.9
7687.09156460444,36492.4
7687.302044414105,37348.2
7687.512524223771,38064.6
7687.723004033436,38117.3
7687.933483843102,37401.9
7688.1439636527675,37018.5
7688.354443462434,36997.4
7688.564923272099,36603.7
7688.775403081765,35597.2
7688.98588289143,35073.0
7689.196362701096,34568.5
7689.406842510762,34270.5
7689.617322320428,35095.4
7689.827802130093,35092.7
7690.038281939759,34413.9
7690.248761749424,34456.6
7690.4592415590905,34456.2
7690.669721368756,35184.4
7690.880201178422,35685.2
7691.090680988087,37267.6
7691.301160797753,38621.7
7691.5116406074185,38694.4
7691.722120417085,38692.3
7691.93260022675,38650.8
7692.143080036416,37801.2
7692.353559846081,37258.0
7692.564039655747,37310.3
7692.774519465413,37189.1
7692.984999275079,37880.8
7693.195479084744,38439.0
7693.405958894409,37112.0
7693.616438704075,37097.1
7693.826918513741,38433.9
7694.037398323407,38430.7
7694.247878133072,37223.3
7694.458357942738,37214.2
7694.668837752403,37296.1
7694.879317562069,37756.6
7695.089797371735,37909.8
7695.300277181401,36818.9
7695.510756991066,35675.1
7695.721236800732,35378.5
7695.931716610397,36536.0
7696.142196420064,36827.5
7696.352676229729,36713.2
7696.563156039395,37333.1
7696.77363584906,36771.6
7696.984115658726,36666.6
7697.1945954683915,36979.9
7697.405075278058,36755.7
7697.615555087723,37199.5
7697.826034897389,37650.7
7698.036514707054,37703.8
7698.24699451672,37336.2
7698.457474326386,37323.5
7698.667954136052,37404.4
7698.878433945717,36817.4
7699.088913755383,36658.0
7699.299393565048,37146.5
7699.5098733747145,37440.8
7699.72035318438,37684.9
7699.930832994045,37643.8
7700.141312803711,38148.3
7700.351792613376,38690.2
7700.5622724230425,37570.4
7700.772752232708,37243.6
7700.983232042374,38477.0
7701.193711852039,38736.5
7701.404191661705,38455.1
7701.6146714713705,38148.0
7701.825151281037,38620.2
7702.035631090702,37744.3
7702.246110900368,37920.7
7702.456590710033,37277.3
7702.667070519699,36502.9
7702.877550329365,38390.2
7703.088030139031,38868.1
7703.298509948696,39363.3
7703.508989758362,39068.4
7703.719469568027,38612.5
7703.929949377693,38055.0
7704.140429187359,37292.0
7704.350908997025,37870.3
7704.56138880669,38676.0
7704.771868616356,38546.6
7704.982348426021,38197.8
7705.192828235688,38759.7
7705.403308045353,38927.1
7705.613787855019,37874.4
7705.824267664684,38681.4
7706.03474747435,39365.2
7706.2452272840155,39271.6
7706.455707093681,38317.8
7706.666186903347,39161.3
7706.876666713012,39337.2
7707.087146522678,38444.1
7707.2976263323435,38597.4
7707.50810614201,39209.1
7707.718585951675,39207.7
7707.929065761341,38208.3
7708.139545571006,38226.8
7708.350025380672,38810.5
7708.560505190338,39342.5
7708.770985000004,39864.2
7708.981464809669,39402.2
7709.191944619335,39533.5
7709.402424429,39683.2
7709.6129042386665,38644.3
7709.823384048332,38914.2
7710.033863857998,39137.4
7710.244343667663,39273.7
7710.454823477329,39984.8
7710.6653032869945,38382.1
7710.875783096661,39260.1
7711.086262906326,38623.0
7711.296742715992,38620.0
7711.507222525657,39045.9
7711.717702335323,39160.9
7711.928182144989,38683.4
7712.138661954655,38041.4
7712.34914176432,39251.2
7712.559621573985,39730.5
7712.770101383651,40045.1
7712.9805811933165,39739.0
7713.191061002983,39013.8
7713.401540812648,39207.6
7713.612020622314,39010.8
7713.822500431979,39357.9
7714.032980241645,39362.9
7714.243460051311,38813.7
7714.453939860977,39895.6
7714.664419670642,39254.0
7714.874899480308,38427.0
7715.085379289973,38386.3
7715.2958590996395,38967.6
7715.506338909305,38255.7
7715.716818718971,38807.8
7715.927298528636,39478.5
7716.137778338302,39170.7
7716.3482581479675,38880.4
7716.558737957634,38521.6
7716.769217767299,38658.8
7716.979697576965,38675.7
7717.19017738663,37957.5
7717.400657196296,38223.1
7717.611137005962,38002.5
7717.821616815628,38299.0
7718.032096625293,37942.7
7718.242576434959,38265.3
7718.453056244624,39265.9
7718.66353605429,39062.9
7718.874015863956,39275.2
7719.084495673621,39780.3
7719.294975483287,39949.2
7719.505455292952,38715.2
7719.7159351026185,37612.6
7719.926414912284,37974.1
7720.13689472195,37571.5
7720.347374531615,37984.3
7720.557854341281,38993.7
7720.768334150946,39063.2
7720.978813960613,38691.9
7721.189293770278,39193.6
7721.399773579944,38447.6
7721.610253389609,38501.9
7721.820733199275,37591.7
7722.0312130089405,38531.2
7722.241692818607,38704.7
7722.452172628272,37889.1
7722.662652437938,37136.1
7722.873132247603,36796.2
7723.083612057269,38613.9
7723.294091866935,39963.7
7723.504571676601,39799.7
7723.715051486266,38349.1
7723.925531295932,37286.8
7724.136011105597,38048.3
7724.3464909152635,38881.5
7724.556970724929,38400.0
7724.767450534595,37865.4
7724.97793034426,37952.4
7725.188410153925,37662.4
7725.3988899635915,37660.2
7725.609369773257,37882.7
7725.819849582923,38424.7
7726.030329392588,39308.1
7726.240809202254,38082.2
7726.4512890119195,37873.1
7726.661768821586,38512.2
7726.872248631251,38021.8
7727.082728440917,37791.4
7727.293208250582,37637.9
7727.503688060248,37616.0
7727.714167869914,38355.8
7727.92464767958,38609.0
7728.135127489245,39531.4
7728.345607298911,39019.8
7728.556087108576,38969.0
7728.7665669182425,38521.5
7728.977046727908,37509.7
7729.187526537574,37046.2
7729.398006347239,38890.4
7729.608486156905,38929.4
7729.81896596657,38132.6
7730.029445776237,38212.4
7730.239925585902,37784.0
7730.450405395568,38275.2
7730.660885205233,38712.4
7730.871365014899,38608.1
7731.0818448245645,37933.4
7731.292324634231,37232.3
7731.502804443896,37550.7
7731.713284253561,37972.5
7731.923764063227,37657.6
7732.1342438728925,37254.0
7732.344723682559,37819.6
7732.555203492224,37839.0
7732.76568330189,37728.3
7732.976163111555,37147.2
7733.186642921221,37037.9
7733.397122730887,38316.5
7733.607602540553,38678.6
7733.818082350218,37137.1
7734.028562159884,37766.3
7734.239041969549,37559.8
7734.4495217792155,36746.3
7734.660001588881,37368.6
7734.870481398547,37569.5
7735.080961208212,37683.4
7735.291441017878,37450.3
7735.5019208275435,36468.5
7735.71240063721,37198.3
7735.922880446875,37264.0
7736.133360256541,37460.0
7736.343840066206,38165.4
7736.554319875872,38306.1
7736.764799685538,37115.2
7736.975279495204,36745.7
7737.185759304869,36247.0
7737.396239114535,36626.8
7737.6067189242,36310.2
7737.8171987338665,36145.5
7738.027678543532,36440.2
7738.238158353197,36537.2
7738.448638162863,36801.8
7738.659117972528,37604.8
7738.869597782194,37218.2
7739.08007759186,37680.9
7739.290557401526,37974.2
7739.501037211191,37493.7
7739.711517020857,37072.9
7739.921996830522,36012.4
7740.1324766401885,36059.2
7740.342956449854,36251.4
7740.55343625952,36502.4
7740.763916069185,37379.3
7740.974395878851,36765.3
7741.1848756885165,35955.3
7741.395355498183,36922.7
7741.605835307848,37942.8
7741.816315117514,36686.8
7742.026794927179,36480.5
7742.237274736845,36676.7
7742.447754546511,35507.3
7742.658234356177,35559.3
7742.868714165842,35956.6
7743.079193975508,35693.2
7743.289673785173,35980.2
7743.5001535948395,36712.2
7743.710633404505,36650.8
7743.921113214171,36523.8
7744.131593023836,36545.0
7744.342072833502,36334.8
7744.5525526431675,36441.1
7744.763032452833,35318.7
7744.973512262499,35743.5
7745.183992072164,35752.2
7745.39447188183,36205.6
7745.604951691495,36747.0
7745.815431501162,35889.9
7746.025911310827,35397.9
7746.236391120493,35131.3
7746.446870930158,36339.6
7746.657350739824,36289.2
7746.86783054949,37073.4
7747.078310359156,36512.1
7747.288790168821,36721.8
7747.499269978487,35913.8
7747.709749788152,35185.0
7747.920229597818,35053.3
7748.130709407484,35681.7
7748.34118921715,35489.6
7748.551669026815,35240.9
7748.762148836481,35087.4
7748.972628646146,35261.1
7749.1831084558125,35524.8
7749.393588265478,35671.8
7749.604068075144,35124.0
7749.814547884809,35694.9
7750.025027694475,36104.6
7750.2355075041405,36165.3
7750.445987313806,35217.7
7750.656467123472,34917.1
7750.866946933137,35083.8
7751.077426742803,35832.1
7751.2879065524685,35755.5
7751.498386362135,35355.4
7751.7088661718,35609.8
7751.919345981466,36014.1
7752.129825791131,35144.9
7752.340305600797,34221.4
7752.550785410463,34929.0
7752.761265220129,34784.8
7752.971745029794,35733.6
7753.18222483946,36069.3
7753.392704649125,35108.9
7753.6031844587915,34638.0
7753.813664268457,34528.3
7754.024144078123,35064.0
7754.234623887788,35276.9
7754.445103697454,35228.7
7754.655583507119,35375.8
7754.866063316786,34493.4
7755.076543126451,34533.0
7755.287022936117,35417.3
7755.497502745782,35179.7
7755.707982555448,34861.1
7755.918462365114,34270.6
7756.12894217478,34112.3
7756.339421984445,34480.3
7756.549901794111,34500.6
7756.760381603776,34904.3
7756.9708614134415,34627.2
7757.181341223108,34063.9
7757.391821032773,34676.2
7757.602300842439,34878.8
7757.812780652104,34322.4
7758.02326046177,33774.5
7758.233740271436,34219.0
7758.444220081102,34484.1
7758.654699890767,34306.0
7758.865179700433,34211.9
7759.075659510098,34311.3
7759.2861393197645,34198.9
7759.49661912943,34099.7
7759.707098939096,34814.1
7759.917578748761,34417.9
7760.128058558427,34229.3
7760.3385383680925,33594.6
7760.549018177759,33444.0
7760.759497987424,33851.1
7760.96997779709,33188.4
7761.180457606755,33483.4
7761.390937416421,33761.7
7761.601417226087,33929.7
7761.811897035753,34326.0
7762.022376845418,33864.2
7762.232856655084,33765.3
7762.443336464749,34493.0
7762.6538162744155,34555.9
7762.864296084081,34489.9
7763.074775893747,33745.7
7763.285255703412,33227.1
7763.495735513077,33123.6
7763.706215322743,32879.3
7763.916695132409,33570.4
7764.127174942075,34102.5
7764.33765475174,34088.2
7764.548134561406,32910.8
7764.758614371071,33456.4
7764.969094180738,34048.2
7765.179573990403,33430.8
7765.390053800069,33611.7
7765.600533609734,33310.4
7765.8110134194,33063.5
7766.0214932290655,32720.5
7766.231973038732,32303.6
7766.442452848397,32514.3
7766.652932658063,32989.3
7766.863412467728,32495.5
7767.073892277394,31657.9
7767.28437208706,33311.9
7767.494851896726,33939.2
7767.705331706391,32727.4
7767.915811516057,32014.6
7768.126291325722,32123.8
7768.3367711353885,32778.6
7768.547250945054,32701.5
7768.75773075472,32064.3
7768.968210564385,31760.5
7769.178690374051,32107.6
7769.3891701837165,31334.2
7769.599649993383,30676.9
7769.810129803048,30616.0
7770.020609612713,30686.5
7770.231089422379,31169.2
7770.4415692320445,31059.4
7770.652049041711,30204.0
7770.862528851376,29671.5
7771.073008661042,29375.0
7771.283488470707,28677.9
7771.493968280373,26480.5
7771.704448090039,24312.9
7771.914927899705,22986.0
7772.12540770937,22677.5
7772.335887519036,21781.6
7772.546367328701,21602.5
7772.756847138367,23100.1
7772.967326948033,24266.7
7773.177806757699,24306.5
7773.388286567364,24584.6
7773.59876637703,24730.8
7773.809246186695,23431.9
7774.019725996362,22482.3
7774.230205806027,21573.5
7774.440685615693,20244.4
7774.651165425358,20433.9
7774.861645235024,20986.1
7775.0721250446895,21698.2
7775.282604854356,22023.7
7775.493084664021,21613.1
7775.703564473687,22657.0
7775.914044283352,24449.0
7776.124524093018,24332.0
7776.335003902684,25134.7
7776.545483712349,27482.6
7776.755963522015,27944.4
7776.96644333168,27927.2
7777.176923141346,28968.1
7777.387402951012,28311.7
7777.597882760678,29044.1
7777.808362570343,29651.9
7778.018842380009,29678.0
7778.229322189674,30367.9
7778.4398019993405,30245.6
7778.650281809006,29686.8
7778.860761618672,30139.4
7779.071241428337,30411.3
7779.281721238003,29567.8
7779.4922010476685,29514.8
7779.702680857335,29528.9
7779.913160667,29381.8
7780.123640476666,29282.1
7780.334120286331,29263.4
7780.544600095997,29786.2
7780.755079905663,30762.6
7780.965559715329,30416.9
7781.176039524994,29999.8
7781.38651933466,29137.2
7781.596999144325,29857.0
7781.807478953991,30090.7
7782.017958763657,30931.5
7782.228438573323,30945.8
7782.438918382988,30508.5
7782.649398192653,30019.0
7782.859878002319,30365.7
7783.070357811985,29965.4
7783.280837621651,30176.4
7783.491317431316,29632.0
7783.701797240982,30015.3
7783.912277050647,29888.0
7784.1227568603135,29606.9
7784.333236669979,30344.3
7784.543716479645,30582.2
7784.75419628931,30314.1
7784.964676098976,29245.8
7785.1751559086415,30040.4
7785.385635718308,30258.6
7785.596115527973,29002.7
7785.806595337639,29818.4
7786.017075147304,29796.0
7786.22755495697,29613.2
7786.438034766636,30058.4
7786.648514576302,30703.6
7786.858994385967,30143.4
7787.069474195633,29869.3
7787.279954005298,29544.9
7787.4904338149645,28392.5
7787.70091362463,27770.6
7787.911393434296,28210.6
7788.121873243961,29302.6
7788.332353053627,29425.3
7788.5428328632925,29220.1
7788.753312672958,28926.1
7788.963792482624,29015.6
7789.174272292289,29790.3
7789.384752101955,29003.1
7789.59523191162,28763.1
7789.805711721287,28343.0
7790.016191530952,27376.1
7790.226671340618,28110.5
7790.437151150283,28356.8
7790.647630959949,27693.1
7790.8581107696145,27752.0
7791.068590579281,28237.4
7791.279070388946,28647.9
7791.489550198612,29310.7
7791.700030008277,28039.4
7791.910509817943,28000.4
7792.120989627609,28704.7
7792.331469437275,27867.4
7792.54194924694,28038.6
7792.752429056606,28164.7
7792.962908866271,27877.4
7793.1733886759375,27976.3
7793.383868485603,28086.0
7793.594348295269,27958.6
7793.804828104934,28187.7
7794.0153079146,28221.8
7794.2257877242655,27495.3
7794.436267533932,27963.4
7794.646747343597,27325.2
7794.857227153263,27948.9
7795.067706962928,28018.3
7795.2781867725935,27506.0
7795.48866658226,27767.1
7795.699146391925,27426.3
7795.909626201591,27608.6
7796.120106011256,28094.8
7796.330585820922,27223.0
7796.541065630588,26699.1
7796.751545440254,26574.2
7796.962025249919,26433.8
7797.172505059585,26705.8
7797.38298486925,26303.0
7797.5934646789165,26528.9
7797.803944488582,27210.1
7798.014424298248,27050.9
7798.224904107913,27780.6
7798.435383917579,27611.1
7798.645863727244,26805.1
7798.856343536911,26814.9
7799.066823346576,26392.6
7799.277303156242,26727.7
7799.487782965907,26942.5
7799.698262775573,27067.0
7799.9087425852385,26658.6
7800.119222394905,26454.4
7800.32970220457,26476.4
7800.540182014236,26399.8
7800.750661823901,26577.4
7800.961141633567,26237.9
7801.171621443233,26102.1
7801.382101252899,25722.3
7801.592581062564,25588.8
7801.803060872229,25932.2
7802.013540681895,26080.5
7802.224020491561,26593.4
7802.434500301227,26124.7
7802.644980110892,25740.6
7802.855459920558,25818.1
7803.065939730223,25686.3
7803.2764195398895,25636.8
7803.486899349555,25936.5
7803.697379159221,25979.0
7803.907858968886,25747.2
7804.118338778552,25929.4
7804.3288185882175,25294.1
7804.539298397884,24914.8
7804.749778207549,25640.9
7804.960258017215,25440.1
7805.17073782688,26400.5
7805.381217636546,25726.6
7805.591697446212,24672.7
7805.802177255878,25248.3
7806.012657065543,24668.0
7806.223136875209,24555.7
7806.433616684874,24520.6
7806.6440964945405,25056.0
7806.854576304206,25442.6
7807.065056113872,25397.8
7807.275535923537,25405.9
7807.486015733203,25716.0
7807.696495542868,25750.3
7807.906975352535,25432.4
7808.1174551622,24813.9
7808.327934971865,24936.7
7808.538414781531,24523.1
7808.748894591196,24489.5
7808.9593744008625,23852.3
7809.169854210528,24421.5
7809.380334020194,24699.3
7809.590813829859,24884.6
7809.801293639525,25076.1
7810.0117734491905,24867.0
7810.222253258857,23996.3
7810.432733068522,23636.4
7810.643212878188,23266.5
7810.853692687853,23405.8
7811.064172497519,23961.8
7811.274652307185,24121.8
7811.485132116851,23718.5
7811.695611926516,22724.9
7811.906091736182,23665.6
7812.116571545847,24310.0
7812.3270513555135,23651.7
7812.537531165179,23885.3
7812.748010974845,23637.4
7812.95849078451,23649.1
7813.168970594176,23217.4
7813.3794504038415,22966.1
7813.589930213508,23425.0
7813.800410023173,23545.7
7814.010889832839,23390.4
7814.221369642504,23331.1
7814.43184945217,23351.9
7814.642329261836,22868.0
7814.852809071501,22942.3
7815.063288881167,22877.5
7815.273768690832,23389.1
7815.484248500498,23478.9
7815.694728310164,22505.6
7815.90520811983,23027.3
7816.115687929495,23279.4
7816.326167739161,23042.7
7816.536647548826,22347.0
7816.747127358492,23167.1
7816.957607168158,22848.1
7817.168086977824,22045.7
7817.378566787489,22454.1
7817.589046597155,22496.8
7817.79952640682,22694.5
7818.0100062164865,22733.0
7818.220486026152,22075.5
7818.430965835818,22490.0
7818.641445645483,22468.9
7818.851925455149,21871.4
7819.0624052648145,22383.5
7819.272885074481,22391.7
7819.483364884146,22212.6
7819.693844693812,22395.9
7819.904324503477,22309.9
7820.114804313143,21341.6
7820.325284122809,21942.2
7820.535763932474,21698.8
7820.74624374214,21914.5
7820.956723551805,22071.6
7821.167203361471,21562.6
7821.377683171137,22038.9
7821.588162980803,21164.3
7821.798642790468,21350.1
7822.009122600134,22198.7
7822.219602409799,22226.9
7822.4300822194655,21554.7
7822.640562029131,21150.9
7822.851041838797,22050.2
7823.061521648462,21187.5
7823.272001458128,21002.0
7823.482481267793,21638.1
7823.69296107746,21233.0
7823.903440887125,21038.5
7824.113920696791,21187.4
7824.324400506456,21120.5
7824.534880316122,20714.3
7824.745360125788,21333.5
7824.955839935454,21024.6
7825.166319745119,20949.7
7825.376799554785,21062.7
7825.58727936445,20528.4
7825.797759174116,20670.4
7826.008238983782,20537.9
7826.218718793448,20788.2
7826.429198603113,20803.4
7826.639678412779,20782.3
7826.850158222444,20661.1
7827.06063803211,20505.6
7827.271117841776,20767.1
7827.481597651441,20923.6
7827.692077461107,20421.2
7827.902557270772,19836.3
7828.1130370804385,20613.4
7828.323516890104,20312.0
7828.53399669977,20214.5
7828.744476509435,20189.2
7828.954956319101,20226.5
7829.1654361287665,20287.1
7829.375915938433,20218.2
7829.586395748098,19509.1
7829.796875557764,18846.2
7830.007355367429,19570.2
7830.217835177095,19653.8
7830.428314986761,19621.8
7830.638794796427,19636.2
7830.849274606092,19662.6
7831.059754415758,19148.7
7831.270234225423,19440.9
7831.4807140350895,19078.4
7831.691193844755,19467.7
7831.901673654421,19636.4
7832.112153464086,19243.0
7832.322633273752,19155.8
7832.533113083417,19125.6
7832.743592893084,18890.5
7832.954072702749,18563.8
7833.164552512415,18941.1
7833.37503232208,19972.0
7833.585512131745,19170.4
7833.795991941412,18959.2
7834.006471751077,19267.4
7834.216951560743,18574.9
7834.427431370408,18598.1
7834.637911180074,18790.1
7834.8483909897395,18887.7
7835.058870799406,18751.0
7835.269350609071,18444.7
7835.479830418737,18386.6
7835.690310228402,18669.3
7835.900790038068,18729.3
7836.111269847734,18909.6
7836.3217496574,18000.1
7836.532229467065,18063.8
7836.742709276731,18757.1
7836.953189086396,18719.9
7837.1636688960625,18457.1
7837.374148705728,18634.4
7837.584628515394,17460.7
7837.795108325059,17711.0
7838.005588134725,18492.6
7838.2160679443905,18471.0
7838.426547754057,17900.3
7838.637027563722,17152.2
7838.847507373388,17326.2
7839.057987183053,17296.4
7839.268466992719,17517.6
7839.478946802385,17945.0
7839.689426612051,16971.9
7839.899906421716,17653.9
7840.110386231381,17724.6
7840.320866041047,17913.8
7840.531345850713,17350.1
7840.741825660379,16913.4
7840.952305470044,16970.4
7841.16278527971,17224.2
7841.373265089375,17599.2
7841.583744899041,17229.1
7841.794224708707,17255.0
7842.004704518373,17477.4
7842.215184328038,16636.0
7842.425664137704,15880.7
7842.636143947369,16672.7
7842.846623757036,17518.5
7843.057103566701,17352.8
7843.267583376367,16889.3
7843.478063186032,16308.4
7843.688542995698,15471.6
7843.8990228053635,16028.7
7844.10950261503,16312.4
7844.319982424695,16369.5
7844.530462234361,16573.5
7844.740942044026,16686.1
7844.951421853692,16436.8
7845.161901663358,16284.5
7845.372381473024,16455.2
7845.582861282689,16139.8
7845.793341092355,15944.0
7846.00382090202,15610.7
7846.2143007116865,15437.8
7846.424780521352,15811.4
7846.635260331017,16022.7
7846.845740140683,16877.3
7847.056219950348,16166.6
7847.2666997600145,15592.0
7847.47717956968,15579.7
7847.687659379346,15908.3
7847.898139189011,15541.2
7848.108618998677,15426.0
7848.3190988083425,15331.6
7848.529578618009,15758.8
7848.740058427674,15904.4
7848.95053823734,15869.9
7849.161018047005,14688.8
7849.371497856671,15246.7
7849.581977666337,15415.5
7849.792457476003,14833.3
7850.002937285668,14944.7
7850.213417095334,14659.8
7850.423896904999,14917.5
7850.634376714665,14783.2
7850.844856524331,15191.4
7851.055336333997,14602.9
7851.265816143662,15177.4
7851.476295953328,15273.8
7851.686775762993,14652.8
7851.89725557266,15056.0
7852.107735382325,14405.0
7852.318215191991,14392.4
7852.528695001656,14666.1
7852.739174811322,14224.7
7852.9496546209875,14217.1
7853.160134430653,14817.7
7853.370614240319,14578.5
7853.581094049984,14217.6
7853.79157385965,14397.3
7854.0020536693155,14668.3
7854.212533478982,13954.5
7854.423013288647,13928.4
7854.633493098313,14072.3
7854.843972907978,14209.5
7855.054452717644,14443.7
7855.26493252731,14109.7
7855.475412336976,13710.4
7855.685892146641,13810.1
7855.896371956307,13858.6
7856.106851765972,14294.8
7856.3173315756385,14497.8
7856.527811385304,13949.2
7856.73829119497,14105.8
7856.948771004635,13822.4
7857.159250814301,13552.2
7857.3697306239665,13739.7
7857.580210433633,14121.7
7857.790690243298,14059.5
7858.001170052964,13298.6
7858.211649862629,12980.9
7858.422129672295,13270.7
7858.632609481961,12921.3
7858.843089291626,12616.2
7859.053569101292,12385.9
7859.264048910957,12693.0
7859.474528720623,12724.4
7859.6850085302885,12766.0
7859.895488339955,12886.1
7860.10596814962,12809.9
7860.316447959286,12823.0
7860.526927768951,12960.2
7860.737407578617,12953.3
7860.947887388283,12732.2
7861.158367197949,12544.1
7861.368847007614,13122.6
7861.57932681728,12903.7
7861.789806626945,12881.8
7862.0002864366115,12067.0
7862.210766246277,12228.6
7862.421246055943,12300.2
7862.631725865608,12552.1
7862.842205675274,12291.1
7863.0526854849395,12575.4
7863.263165294606,12513.4
7863.473645104271,12261.9
7863.684124913937,12247.7
7863.894604723602,12092.9
7864.105084533268,12438.9
7864.315564342934,12766.4
7864.5260441526,12037.2
7864.736523962265,11940.4
7864.947003771931,11938.4
7865.157483581596,11742.7
7865.367963391262,11943.4
7865.578443200928,12048.9
7865.788923010593,11819.8
7865.999402820259,11704.0
7866.209882629924,12003.8
7866.4203624395905,11816.9
7866.630842249256,11185.5
7866.841322058922,11369.8
7867.051801868587,11419.3
7867.262281678253,11503.6
7867.472761487918,11479.3
7867.683241297585,11219.1
7867.89372110725,11648.9
7868.104200916916,11427.8
7868.314680726581,11554.3
7868.525160536247,11396.1
7868.7356403459125,11801.0
7868.946120155579,11310.2
7869.156599965244,11195.3
7869.36707977491,11270.7
7869.577559584575,11294.2
7869.788039394241,10618.1
7869.998519203907,10596.8
7870.208999013573,10317.3
7870.419478823238,10721.7
7870.629958632904,11039.4
7870.840438442569,10598.2
7871.0509182522355,10472.1
7871.261398061901,10093.8
7871.471877871567,10264.6
7871.682357681232,10485.7
7871.892837490897,10272.4
7872.1033173005635,10822.1
7872.313797110229,10548.6
7872.524276919895,10464.7
7872.73475672956,10371.6
7872.945236539226,10467.1
7873.1557163488915,10567.3
7873.366196158558,10158.1
7873.576675968223,10081.9
7873.787155777889,10300.3
7873.997635587554,9849.59
7874.20811539722,10039.9
7874.418595206886,9593.68
7874.629075016552,9523.38
7874.839554826217,9608.8
7875.050034635883,9638.83
7875.260514445548,9618.02
7875.4709942552145,9750.75
7875.68147406488,9786.66
7875.891953874546,9767.93
7876.102433684211,9959.14
7876.312913493877,9242.64
7876.523393303542,9479.26
7876.733873113209,9406.55
7876.944352922874,9194.81
7877.15483273254,9148.92
7877.365312542205,8709.56
7877.575792351871,8753.2
7877.7862721615365,8822.95
7877.996751971203,8795.03
7878.207231780868,8663.87
7878.417711590533,8485.94
7878.628191400199,8967.24
7878.8386712098645,9142.8
7879.049151019531,9280.52
7879.259630829196,9137.02
7879.470110638862,9058.04
7879.680590448527,9140.46
7879.891070258193,8286.89
7880.101550067859,8818.11
7880.312029877525,8689.5
7880.52250968719,8563.44
7880.732989496856,8639.42
7880.943469306521,8254.14
7881.1539491161875,7760.85
7881.364428925853,8484.31
7881.574908735519,8768.72
7881.785388545184,8086.16
7881.99586835485,8055.89
7882.2063481645155,7966.84
7882.416827974182,8160.19
7882.627307783847,8815.91
7882.837787593513,8085.32
7883.048267403178,7839.93
7883.258747212844,8397.77
7883.46922702251,8094.55
7883.679706832176,7396.98
7883.890186641841,7753.62
7884.100666451506,7611.88
7884.311146261172,7590.69
7884.5216260708385,7889.13
7884.732105880504,7637.99
7884.942585690169,7772.6
7885.153065499835,7409.24
7885.3635453095,7052.29
7885.574025119166,8112.63
7885.784504928832,7972.68
7885.994984738498,7315.01
7886.205464548163,7339.96
7886.415944357829,7541.58
7886.626424167494,7121.05
7886.836903977161,7145.22
7887.047383786826,6647.0
7887.257863596492,6759.98
7887.468343406157,7591.1
7887.678823215823,7106.31
7887.8893030254885,7215.45
7888.099782835155,7302.87
7888.31026264482,6851.51
7888.520742454486,7205.01
7888.731222264151,7300.6
7888.941702073817,6457.28
7889.152181883483,6530.59
7889.362661693149,6574.19
7889.573141502814,6833.72
7889.78362131248,6975.78
7889.994101122145,6421.5
7890.2045809318115,6747.63
7890.415060741477,6615.74
7890.625540551142,6208.04
7890.836020360808,5860.04
7891.046500170474,6028.35
7891.2569799801395,6180.07
7891.467459789805,6291.01
7891.677939599471,6437.76
7891.888419409136,6336.9
7892.098899218802,5866.57
7892.309379028467,6416.1
7892.519858838134,6189.8
7892.730338647799,5446.04
7892.940818457465,5037.75
