7605.9815930883,2799.29
7606.191718366229,2749.07
7606.401843644158,1949.38
7606.611968922088,1335.84
7606.822094200017,1535.49
7607.032219477946,2569.13
7607.242344755875,3175.45
7607.452470033804,2660.07
7607.662595311734,2470.42
7607.872720589663,1987.15
7608.082845867592,2861.36
7608.292971145522,4078.3
7608.503096423451,4801.8
7608.7132217013805,4698.06
7608.92334697931,3385.38
7609.133472257238,1865.1
7609.343597535168,2051.66
7609.553722813097,3396.72
7609.763848091026,4018.0
7609.973973368956,3287.56
7610.184098646885,2371.46
7610.3942239248145,2459.44
7610.604349202744,3718.39
7610.814474480673,5980.14
7611.024599758603,8291.48
7611.234725036531,8484.83
7611.44485031446,7136.09
7611.65497559239,4517.68
7611.865100870319,2372.25
7612.0752261482485,2390.27
7612.285351426178,3762.4
7612.495476704107,4905.83
7612.705601982037,5230.52
7612.915727259966,4443.25
7613.125852537894,4067.78
7613.335977815824,5830.88
7613.546103093753,8869.09
7613.7562283716825,11357.8
7613.966353649612,12628.9
7614.176478927541,12466.1
7614.386604205471,10787.8
7614.5967294834,8403.18
7614.806854761329,6127.02
7615.016980039259,4870.19
7615.227105317187,6506.01
7615.4372305951165,8189.18
7615.647355873046,8725.79
7615.857481150975,8190.56
7616.067606428905,8023.25
7616.277731706834,10427.8
7616.487856984763,13539.6
7616.697982262693,16112.1
7616.908107540622,17459.8
7617.1182328185505,18601.6
7617.32835809648,19164.8
7617.538483374409,19501.3
7617.748608652339,19884.3
7617.958733930268,19862.2
7618.168859208197,20058.7
7618.378984486127,20472.5
7618.589109764056,19910.8
7618.799235041985,19724.8
7619.009360319915,19173.8
7619.219485597843,18860.3
7619.429610875773,19165.0
7619.639736153702,19529.4
7619.849861431631,18814.3
7620.059986709561,16480.4
7620.27011198749,15253.3
7620.480237265419,12043.0
7620.690362543349,8529.24
7620.900487821278,6647.73
7621.1106130992075,7675.9
7621.320738377136,10637.3
7621.530863655065,13806.0
7621.740988932995,16463.7
7621.951114210924,17541.9
7622.161239488853,17724.5
7622.371364766783,16955.4
7622.581490044712,14797.7
7622.7916153226415,10637.2
7623.001740600571,6861.6
7623.211865878499,5125.09
7623.421991156429,5520.57
7623.632116434358,7437.15
7623.842241712287,7874.39
7624.052366990217,6963.99
7624.262492268146,5175.82
7624.4726175460755,4746.5
7624.682742824005,6563.71
7624.892868101934,9840.46
7625.102993379864,13206.7
7625.313118657792,15685.9
7625.523243935721,17059.5
7625.733369213651,17294.7
7625.94349449158,16482.8
7626.1536197695095,14785.3
7626.363745047439,12183.3
7626.573870325368,9316.83
7626.783995603298,6003.73
7626.994120881227,4410.36
7627.204246159155,5235.65
7627.414371437085,5805.61
7627.624496715014,6420.22
7627.8346219929435,5998.27
7628.044747270873,4713.38
7628.254872548802,4673.84
7628.464997826732,6862.06
7628.675123104661,10212.8
7628.88524838259,13804.1
7629.09537366052,16553.0
7629.305498938448,17950.2
7629.515624216378,18986.8
7629.725749494307,18488.0
7629.935874772236,17166.3
7630.146000050166,15014.1
7630.356125328095,12669.1
7630.566250606024,9346.51
7630.776375883954,5925.56
7630.986501161883,4243.15
7631.1966264398125,4448.86
7631.406751717741,5753.56
7631.61687699567,6292.32
7631.8270022736,4925.1
7632.037127551529,4043.8
7632.247252829458,5399.85
7632.457378107388,8378.23
7632.667503385317,11794.2
7632.8776286632465,15169.2
7633.087753941176,18006.5
7633.297879219104,19783.4
7633.508004497034,20761.8
7633.718129774963,20721.6
7633.928255052892,19198.6
7634.138380330822,18194.7
7634.348505608751,16420.6
7634.5586308866805,12811.3
7634.76875616461,9047.15
7634.978881442539,6174.82
7635.189006720469,4352.39
7635.399131998397,4491.74
7635.609257276326,5658.38
7635.819382554256,6322.65
7636.029507832185,5222.15
7636.2396331101145,4508.18
7636.449758388044,6574.0
7636.659883665973,9891.66
7636.870008943903,13639.4
7637.080134221832,17480.6
7637.290259499761,20019.7
7637.50038477769,21835.5
7637.710510055619,22563.6
7637.9206353335485,22884.4
7638.130760611478,22582.5
7638.340885889407,22319.9
7638.551011167337,21246.4
7638.761136445266,18864.0
7638.971261723195,15308.3
7639.181387001125,11249.9
7639.391512279053,8099.92
7639.6016375569825,6382.02
7639.811762834912,6340.11
7640.021888112841,7578.29
7640.232013390771,7551.29
7640.4421386687,6205.1
7640.652263946629,5896.0
7640.862389224559,8265.07
7641.072514502488,12013.0
7641.282639780417,16096.9
7641.492765058346,20613.2
7641.702890336275,23461.0
7641.913015614205,24592.7
7642.123140892134,25639.9
7642.333266170063,25062.5
7642.543391447993,25144.4
7642.753516725922,25241.9
7642.963642003851,24481.4
7643.173767281781,23485.9
7643.38389255971,21308.5
7643.594017837639,17434.9
7643.804143115568,13280.4
7644.014268393497,8715.29
7644.224393671427,7048.74
7644.434518949356,7916.99
7644.644644227285,9203.92
7644.854769505215,9385.25
7645.064894783144,8242.6
7645.2750200610735,8211.19
7645.485145339002,10752.5
7645.695270616931,14823.3
7645.905395894861,19832.1
7646.11552117279,24118.4
7646.325646450719,26752.3
7646.535771728649,27408.8
7646.745897006578,28663.2
7646.9560222845075,28603.8
7647.166147562437,28201.1
7647.376272840366,28510.9
7647.586398118295,28223.5
7647.796523396224,27721.9
7648.006648674153,27306.9
7648.216773952083,24839.8
7648.426899230012,20747.3
7648.6370245079415,15740.3
7648.847149785871,11951.1
7649.0572750638,11398.1
7649.26740034173,12064.4
7649.477525619658,12920.8
7649.687650897587,12673.8
7649.897776175517,11723.2
7650.107901453446,12247.9
7650.3180267313755,14117.8
7650.528152009305,18693.7
7650.738277287234,23916.5
7650.948402565164,28361.9
7651.158527843093,30145.0
7651.368653121022,30697.2
7651.578778398951,30915.7
7651.78890367688,30997.1
7651.99902895481,31834.0
7652.209154232739,32213.6
7652.419279510668,31800.4
7652.629404788598,32552.1
7652.839530066527,31444.1
7653.049655344456,30206.7
7653.259780622386,27860.0
7653.469905900315,24677.1
7653.680031178244,19405.3
7653.890156456173,16019.1
7654.100281734102,14872.1
7654.310407012032,15139.2
7654.520532289961,16494.6
7654.73065756789,16338.8
7654.94078284582,15522.0
7655.150908123749,15597.2
7655.3610334016785,17971.0
7655.571158679607,22623.3
7655.781283957536,27646.0
7655.991409235466,31122.5
7656.201534513395,32574.6
7656.411659791324,33039.6
7656.621785069254,33959.2
7656.831910347183,34338.7
7657.0420356251125,33879.5
7657.252160903042,34424.4
7657.462286180971,33975.6
7657.6724114589,33489.3
7657.882536736829,33213.4
7658.092662014758,33801.8
7658.302787292688,33367.2
7658.512912570617,32261.7
7658.7230378485465,29401.0
7658.933163126476,25388.5
7659.143288404405,22275.2
7659.353413682335,20264.6
7659.563538960263,20099.8
7659.773664238192,21637.1
7659.983789516122,21466.1
7660.193914794051,20319.1
7660.4040400719805,20069.7
7660.61416534991,22343.0
7660.824290627839,25704.9
7661.034415905769,29411.1
7661.244541183698,32920.0
7661.454666461627,34774.2
7661.664791739556,35680.5
7661.874917017485,36904.6
7662.0850422954145,36935.6
7662.295167573344,36087.9
7662.505292851273,36304.6
7662.715418129203,36038.5
7662.925543407132,36471.4
7663.135668685061,36835.1
7663.345793962991,36357.4
7663.55591924092,36168.8
7663.7660445188485,35825.6
7663.976169796778,34642.4
7664.186295074707,32642.6
7664.396420352637,29595.3
7664.606545630566,26475.0
7664.816670908495,24825.7
7665.026796186425,24941.0
7665.236921464354,25995.4
7665.447046742283,26399.5
7665.657172020212,25618.3
7665.867297298141,24460.0
7666.077422576071,25508.3
7666.287547854,28999.3
7666.497673131929,32797.0
7666.707798409859,36005.7
7666.917923687788,37934.1
7667.128048965717,37696.7
7667.338174243647,37242.5
7667.548299521576,37395.7
7667.758424799505,37630.3
7667.968550077434,38782.4
7668.178675355363,38386.3
7668.388800633293,38513.8
7668.598925911222,39432.9
7668.809051189151,39469.6
7669.019176467081,38562.6
7669.22930174501,38081.5
7669.4394270229395,38550.7
7669.649552300869,38887.4
7669.859677578797,37395.4
7670.069802856727,34352.1
7670.279928134656,32675.8
7670.490053412585,30119.8
7670.700178690515,29778.1
7670.910303968444,29660.0
7671.1204292463735,29823.6
7671.330554524303,30211.1
7671.540679802232,30346.6
7671.750805080161,30884.6
7671.96093035809,32514.1
7672.171055636019,35083.6
7672.381180913949,37415.0
7672.591306191878,38620.0
7672.8014314698075,39399.3
7673.011556747737,39571.5
7673.221682025666,39784.9
7673.431807303596,39989.0
7673.641932581525,40359.7
7673.852057859453,40017.1
7674.062183137383,39633.1
7674.272308415312,40192.2
7674.482433693242,40305.8
7674.692558971171,40042.1
7674.9026842491,39933.6
7675.11280952703,39956.3
7675.322934804959,40032.1
7675.533060082888,38849.5
7675.743185360817,39957.6
7675.953310638746,38917.4
7676.163435916676,35837.4
7676.373561194605,33915.9
7676.583686472534,33796.1
7676.793811750464,34031.0
7677.003937028393,33559.5
7677.214062306322,33303.6
7677.424187584252,33537.1
7677.634312862181,34236.4
7677.84443814011,35148.4
7678.054563418039,36558.6
7678.264688695968,39153.8
7678.474813973898,40236.1
7678.684939251827,41533.8
7678.895064529756,41859.5
7679.105189807686,41984.5
7679.315315085615,40721.0
7679.5254403635445,40858.1
7679.735565641474,41693.7
7679.945690919402,42164.9
7680.155816197332,42230.4
7680.365941475261,42151.7
7680.57606675319,41592.9
7680.78619203112,41373.9
7680.996317309049,41556.9
7681.2064425869785,40881.7
7681.416567864908,41646.7
7681.626693142837,40823.9
7681.836818420766,41193.7
7682.046943698695,39419.7
7682.257068976624,37779.1
7682.467194254554,38160.7
7682.677319532483,37794.1
7682.8874448104125,37584.8
7683.097570088342,37799.9
7683.307695366271,37205.8
7683.517820644201,36646.0
7683.72794592213,36720.9
7683.938071200058,36910.2
7684.148196477988,38331.0
7684.358321755917,40615.4
7684.5684470338465,41023.8
7684.778572311776,42000.3
7684.988697589705,43079.7
7685.198822867635,42911.7
7685.408948145564,42091.1
7685.619073423493,42448.3
7685.829198701422,43014.4
7686.039323979351,41426.5
7686.2494492572805,42127.8
7686.45957453521,43018.1
7686.669699813139,42351.5
7686.879825091069,42723.6
7687.089950368998,42796.8
7687.300075646927,42287.8
7687.510200924857,41914.3
7687.720326202786,42586.7
7687.9304514807145,42627.3
7688.140576758644,41918.2
7688.350702036573,42086.8
7688.560827314503,40601.4
7688.770952592432,40024.9
7688.981077870361,40380.5
7689.191203148291,40068.1
7689.40132842622,39410.1
7689.611453704149,39319.3
7689.821578982079,39825.1
7690.031704260007,39708.4
7690.241829537937,38865.6
7690.451954815866,39063.9
7690.662080093795,40264.4
7690.872205371725,41109.3
7691.082330649654,41882.8
7691.292455927583,42909.4
7691.502581205513,43076.8
7691.712706483442,42616.1
7691.922831761371,42741.9
7692.1329570393,43418.9
7692.343082317229,43363.8
7692.553207595159,43297.6
7692.763332873088,42640.4
7692.973458151017,42621.4
7693.183583428947,43795.6
7693.393708706876,43029.7
7693.6038339848055,42490.2
7693.813959262735,43563.0
7694.024084540663,42851.2
7694.234209818593,43131.0
7694.444335096522,43413.1
7694.654460374451,42941.6
7694.864585652381,42901.9
7695.07471093031,42858.1
7695.2848362082395,42917.5
7695.494961486169,42769.3
7695.705086764098,42285.1
7695.915212042028,41924.6
7696.125337319956,41412.9
7696.335462597885,40970.5
7696.545587875815,41547.1
7696.755713153744,42261.5
7696.965838431674,42543.2
7697.175963709603,42787.5
7697.386088987532,42791.1
7697.596214265462,42864.2
7697.806339543391,43207.3
7698.0164648213195,43654.0
7698.226590099249,43677.2
7698.436715377178,42461.0
7698.646840655108,43923.6
7698.856965933037,43990.8
7699.067091210966,42949.6
7699.277216488896,42894.3
7699.487341766825,43372.6
7699.697467044754,43534.5
7699.907592322684,44318.1
7700.117717600612,44482.9
7700.327842878542,43987.2
7700.537968156471,44081.6
7700.7480934344,44229.6
7700.95821871233,43071.7
7701.168343990259,42758.6
7701.378469268188,43239.6
7701.588594546118,43233.4
7701.798719824047,45118.0
7702.0088451019765,43687.8
7702.218970379905,43341.5
7702.429095657834,43980.6
7702.639220935764,42625.0
7702.849346213693,43167.3
7703.059471491622,42998.0
7703.269596769552,42958.2
7703.479722047481,43307.3
7703.6898473254105,43153.0
7703.89997260334,42976.4
7704.110097881268,42893.0
7704.320223159198,43185.4
7704.530348437127,43086.6
7704.740473715056,42963.5
7704.950598992986,43932.9
7705.160724270915,44583.6
7705.3708495488445,44098.3
7705.580974826774,44382.7
7705.791100104703,44885.1
7706.001225382633,43880.7
7706.211350660561,43813.8
7706.42147593849,43823.4
7706.63160121642,43391.7
7706.841726494349,43852.3
7707.0518517722785,44578.1
7707.261977050208,43744.4
7707.472102328137,43856.8
7707.682227606067,44139.2
7707.892352883996,44927.1
7708.102478161924,45185.7
7708.312603439854,45099.4
7708.522728717783,44534.4
7708.7328539957125,44455.5
7708.942979273642,43718.3
7709.153104551571,44497.4
7709.363229829501,45566.5
7709.57335510743,43745.1
7709.783480385359,43174.4
7709.993605663289,43693.9
7710.203730941217,43178.4
7710.4138562191465,43103.2
7710.623981497076,43946.8
7710.834106775005,44723.7
7711.044232052935,44169.4
7711.254357330864,42660.9
7711.464482608793,43564.4
7711.674607886723,44153.0
7711.884733164652,43940.0
7712.094858442581,44529.5
7712.30498372051,44850.8
7712.515108998439,44540.0
7712.725234276369,44936.5
7712.935359554298,44714.8
7713.145484832227,43948.2
7713.355610110157,43912.0
7713.565735388086,43901.0
7713.775860666015,43770.5
7713.985985943945,43671.8
7714.196111221873,43737.6
7714.406236499803,44177.7
7714.616361777732,44402.6
7714.826487055661,44301.4
7715.036612333591,43974.1
7715.24673761152,43805.9
7715.456862889449,43999.2
7715.666988167379,44279.0
7715.877113445308,44395.9
7716.0872387232375,45461.7
7716.297364001166,43929.7
7716.507489279095,44716.4
7716.717614557025,44613.1
7716.927739834954,44542.3
7717.137865112883,43672.4
7717.347990390813,43634.8
7717.558115668742,43749.7
7717.7682409466715,44460.9
7717.978366224601,44497.6
7718.188491502529,44596.5
7718.398616780459,44293.2
7718.608742058388,43334.3
7718.818867336317,42860.3
7719.028992614247,43171.7
7719.239117892176,43948.5
7719.449243170106,43740.8
7719.659368448035,43550.0
7719.869493725964,44378.7
7720.079619003894,43834.7
7720.289744281822,43638.9
7720.4998695597515,44386.8
7720.709994837681,43802.4
7720.92012011561,43687.6
7721.13024539354,43620.3
7721.340370671469,43299.3
7721.550495949398,43045.7
7721.760621227328,43202.8
7721.970746505257,43533.1
7722.180871783186,44637.2
7722.390997061115,44653.0
7722.601122339044,43423.2
7722.811247616974,43916.3
7723.021372894903,44026.0
7723.231498172832,44420.7
7723.441623450762,44265.7
7723.651748728691,44134.0
7723.86187400662,43690.5
7724.07199928455,43425.1
7724.282124562478,43537.7
7724.492249840408,43769.7
7724.702375118337,43331.2
7724.912500396266,43250.2
7725.122625674196,43503.4
7725.332750952125,43200.2
7725.542876230054,43659.0
7725.753001507984,44122.0
7725.963126785913,44098.0
7726.1732520638425,44171.3
7726.383377341771,44036.9
7726.5935026197,44454.1
7726.80362789763,43504.0
7727.013753175559,43033.2
7727.223878453488,43388.0
7727.434003731418,43273.5
7727.644129009347,42765.4
7727.8542542872765,43551.7
7728.064379565206,44234.9
7728.274504843135,44607.5
7728.484630121064,44064.6
7728.694755398993,43728.6
7728.904880676922,43429.4
7729.115005954852,43466.7
7729.325131232781,43650.6
7729.5352565107105,43174.4
7729.74538178864,43360.5
7729.955507066569,42618.8
7730.165632344499,43519.0
7730.375757622427,43657.8
7730.585882900356,43676.8
7730.796008178286,44278.4
7731.006133456215,43934.5
7731.2162587341445,43640.6
7731.426384012074,44106.0
7731.636509290003,43890.9
7731.846634567933,43862.1
7732.056759845862,43052.4
7732.266885123791,42176.1
7732.47701040172,42558.2
7732.687135679649,43126.9
7732.8972609575785,42923.5
7733.107386235508,42809.3
7733.317511513437,43754.5
7733.527636791367,42963.6
7733.737762069296,42419.6
7733.947887347225,42525.4
7734.158012625155,42788.9
7734.368137903084,43620.3
7734.5782631810125,42860.7
7734.788388458942,43070.0
7734.998513736871,42927.1
7735.208639014801,42707.8
7735.41876429273,43887.7
7735.628889570659,42921.5
7735.839014848589,42193.3
7736.049140126518,42643.8
7736.259265404447,43043.2
7736.469390682376,42369.7
7736.679515960305,42098.6
7736.889641238235,42723.9
7737.099766516164,42740.6
7737.309891794093,43312.4
7737.520017072023,42088.9
7737.730142349952,42665.4
7737.940267627881,41922.1
7738.150392905811,41464.8
7738.36051818374,41637.0
7738.570643461669,42201.9
7738.780768739598,42784.6
7738.990894017527,41808.0
7739.201019295457,41840.8
7739.411144573386,42024.7
7739.621269851315,42182.8
7739.831395129245,41889.3
7740.041520407174,41455.0
7740.2516456851035,41640.3
7740.461770963032,41308.6
7740.671896240961,40421.6
7740.882021518891,41047.8
7741.09214679682,41855.2
7741.302272074749,41397.4
7741.512397352679,41197.2
7741.722522630608,41928.2
7741.932647908538,42430.6
7742.142773186467,41548.3
7742.352898464396,41195.5
7742.563023742325,41815.7
7742.773149020254,41519.4
7742.9832742981835,41542.6
7743.193399576113,41554.1
7743.403524854042,41225.1
7743.613650131972,41793.1
7743.823775409901,41759.4
7744.03390068783,41612.0
7744.24402596576,41685.9
7744.454151243688,41767.1
7744.6642765216175,42091.4
7744.874401799547,41451.8
7745.084527077476,41252.3
7745.294652355406,40612.6
7745.504777633335,40380.4
7745.714902911264,40587.1
7745.925028189194,41272.5
7746.135153467123,40814.9
7746.345278745052,41173.0
7746.555404022981,40755.7
7746.76552930091,41188.8
7746.97565457884,41187.5
7747.185779856769,41283.3
7747.395905134698,41154.9
7747.606030412628,41464.4
7747.816155690557,40690.6
7748.026280968486,40479.3
7748.236406246416,40538.1
7748.446531524345,39698.9
7748.656656802274,40295.4
7748.866782080203,40662.2
7749.076907358132,40192.3
7749.287032636062,39232.1
7749.497157913991,40083.7
7749.70728319192,39892.3
7749.91740846985,40986.4
7750.127533747779,41338.7
7750.3376590257085,41446.9
7750.547784303637,41197.6
7750.757909581566,40745.5
7750.968034859496,40528.4
7751.178160137425,40345.2
7751.388285415354,39739.8
7751.598410693284,39429.0
7751.808535971213,40546.1
7752.0186612491425,41085.4
7752.228786527072,40280.3
7752.438911805001,40552.2
7752.64903708293,40468.4
7752.859162360859,40821.4
7753.069287638788,41739.2
7753.279412916718,40719.5
7753.489538194647,40024.8
7753.6996634725765,39503.4
7753.909788750506,39868.0
7754.119914028435,40344.0
7754.330039306365,40405.7
7754.540164584294,39881.9
7754.750289862222,39726.1
7754.960415140152,40505.1
7755.170540418081,40192.2
7755.3806656960105,40362.9
7755.59079097394,41567.2
7755.800916251869,40392.5
7756.011041529799,39860.3
7756.221166807728,39809.1
7756.431292085657,38981.1
7756.641417363586,39711.3
7756.851542641515,39600.4
7757.0616679194445,39789.5
7757.271793197374,40523.5
7757.481918475303,39264.7
7757.692043753233,38760.8
7757.902169031162,39858.9
7758.112294309091,40013.7
7758.322419587021,39741.3
7758.53254486495,39060.2
7758.7426701428785,39142.1
7758.952795420808,38913.0
7759.162920698737,40009.8
7759.373045976667,39893.9
7759.583171254596,39290.9
7759.793296532525,39015.8
7760.003421810455,39230.3
7760.213547088384,38504.7
7760.423672366313,39122.0
7760.633797644243,38980.3
7760.843922922171,37947.0
7761.054048200101,38174.3
7761.26417347803,38187.6
7761.474298755959,37719.1
7761.684424033889,38120.8
7761.894549311818,39133.2
7762.104674589747,39456.5
7762.314799867677,38347.5
7762.524925145606,38066.9
7762.735050423535,39296.3
7762.945175701464,38332.1
7763.155300979393,37781.4
7763.365426257323,38846.8
7763.575551535252,38238.4
7763.785676813181,39227.2
7763.995802091111,37854.1
7764.20592736904,38572.8
7764.41605264697,38021.2
7764.626177924899,37488.6
7764.836303202827,37890.2
7765.046428480757,38759.0
7765.256553758686,38399.0
7765.4666790366155,39093.1
7765.676804314545,38430.1
7765.886929592474,37145.8
7766.097054870404,37314.9
7766.307180148333,36848.0
7766.517305426262,37837.4
7766.727430704191,38277.1
7766.93755598212,37513.2
7767.1476812600495,37146.5
7767.357806537979,37066.1
7767.567931815908,36674.8
7767.778057093838,37149.1
7767.988182371767,36435.5
7768.198307649696,36574.0
7768.408432927626,36874.5
7768.618558205555,37397.1
7768.8286834834835,37162.4
7769.038808761413,36801.4
7769.248934039342,36996.2
7769.459059317272,36469.5
7769.669184595201,36162.6
7769.87930987313,35895.5
7770.08943515106,36048.3
7770.299560428989,35847.7
7770.509685706918,35820.0
7770.719810984847,36161.8
7770.929936262776,35765.8
7771.140061540706,35445.3
7771.350186818635,34828.7
7771.560312096564,35324.2
7771.770437374494,36140.4
7771.980562652423,34720.8
7772.190687930352,34796.7
7772.400813208282,34566.3
7772.610938486211,33839.3
7772.82106376414,33688.4
7773.031189042069,34488.2
7773.241314319998,33938.5
7773.451439597928,33997.5
7773.661564875857,34155.2
7773.871690153786,34041.4
7774.081815431716,33916.6
7774.291940709645,34002.4
7774.5020659875745,34105.2
7774.712191265504,34500.8
7774.922316543432,33749.7
7775.132441821362,33460.5
7775.342567099291,34298.8
7775.55269237722,34349.0
7775.76281765515,34514.9
7775.972942933079,34110.8
7776.1830682110085,34683.9
7776.393193488938,33901.0
7776.603318766867,33942.2
7776.813444044796,34219.3
7777.023569322725,35441.6
7777.233694600654,35677.0
7777.443819878584,34627.9
7777.653945156513,34234.1
7777.8640704344425,34698.1
7778.074195712372,34805.1
7778.284320990301,34674.9
7778.494446268231,34541.4
7778.70457154616,34655.1
7778.914696824088,35089.2
7779.124822102018,35197.9
7779.334947379947,35044.5
7779.5450726578765,34724.8
7779.755197935806,34508.5
7779.965323213735,35366.5
7780.175448491665,34955.8
7780.385573769594,35436.7
7780.595699047523,35586.7
7780.805824325453,34700.9
7781.015949603381,35209.1
7781.2260748813105,34887.5
7781.43620015924,35361.2
7781.646325437169,34840.5
7781.856450715099,34876.1
7782.066575993028,34185.3
7782.276701270957,33755.7
7782.486826548887,33877.0
7782.696951826816,33725.7
7782.9070771047445,33863.9
7783.117202382674,34283.0
7783.327327660603,34315.1
7783.537452938533,34783.3
7783.747578216462,33376.3
7783.957703494391,33952.5
7784.167828772321,33508.8
7784.37795405025,32830.2
7784.588079328179,33901.3
7784.798204606109,33416.1
7785.008329884037,33889.6
7785.218455161967,33739.2
7785.428580439896,33841.1
7785.638705717825,33343.9
7785.848830995755,32453.2
7786.058956273684,33067.5
7786.269081551613,33046.7
7786.479206829543,33299.9
7786.689332107472,33126.7
7786.899457385402,32232.5
7787.10958266333,33195.3
7787.319707941259,33657.9
7787.529833219189,33389.6
7787.739958497118,33802.6
7787.9500837750475,32990.3
7788.160209052977,32899.3
7788.370334330906,32471.9
7788.580459608836,32160.7
7788.790584886765,32893.0
7789.000710164693,32036.1
7789.210835442623,32895.8
7789.420960720552,33288.8
7789.6310859984815,32891.9
7789.841211276411,33392.0
7790.05133655434,33112.2
7790.26146183227,32696.1
7790.471587110199,32622.0
7790.681712388128,32147.2
7790.891837666058,31895.9
7791.101962943986,32106.1
7791.3120882219155,32900.9
7791.522213499845,32993.4
7791.732338777774,32379.1
7791.942464055704,32079.5
7792.152589333633,31869.3
7792.362714611562,32745.9
7792.572839889492,32200.5
7792.782965167421,30951.6
7792.99309044535,31515.0
7793.203215723279,30791.9
7793.413341001208,31012.9
7793.623466279138,31963.1
7793.833591557067,31707.9
7794.043716834996,31668.9
7794.253842112926,31848.9
7794.463967390855,32063.5
7794.674092668784,32051.5
7794.884217946714,31559.2
7795.094343224642,31794.6
7795.304468502572,31893.9
7795.514593780501,30799.8
7795.72471905843,31226.3
7795.93484433636,31599.5
7796.144969614289,30401.2
7796.355094892218,31095.7
7796.565220170148,30736.0
7796.775345448077,30634.9
7796.9854707260065,31318.1
7797.195596003935,30723.0
7797.405721281864,30256.7
7797.615846559794,30580.2
7797.825971837723,31096.1
7798.036097115652,30446.8
7798.246222393582,30678.1
7798.456347671511,31097.6
7798.6664729494405,30564.2
7798.87659822737,30758.5
7799.086723505298,29764.9
7799.296848783228,29629.1
7799.506974061157,30791.2
7799.717099339086,31238.2
7799.927224617016,31114.9
7800.137349894945,29834.8
7800.3474751728745,28612.7
7800.557600450804,29313.1
7800.767725728733,30288.5
7800.977851006663,29733.9
7801.187976284591,29412.9
7801.39810156252,30248.0
7801.60822684045,30886.1
7801.818352118379,30510.2
7802.0284773963085,29999.5
7802.238602674238,30448.9
7802.448727952167,29568.6
7802.658853230097,28825.9
7802.868978508026,29268.0
7803.079103785954,28951.5
7803.289229063884,30259.1
7803.499354341813,30103.7
7803.7094796197425,29571.2
7803.919604897672,30248.5
7804.129730175601,29317.4
7804.339855453531,28738.4
7804.54998073146,28630.2
7804.760106009389,28633.3
7804.970231287319,29565.0
7805.180356565247,29569.6
7805.3904818431765,28990.6
7805.600607121106,29085.4
7805.810732399035,28991.2
7806.020857676965,28706.0
7806.230982954894,28208.8
7806.441108232823,28429.5
7806.651233510753,28484.1
7806.861358788682,28452.4
7807.071484066611,28022.3
7807.28160934454,27439.2
7807.491734622469,28607.6
7807.701859900399,28590.5
7807.911985178328,28114.9
7808.122110456257,28879.0
7808.332235734187,28053.3
7808.542361012116,28270.4
7808.752486290045,28559.5
7808.962611567975,28346.4
7809.172736845903,28151.8
7809.382862123833,28490.8
7809.592987401762,28031.2
7809.803112679691,27690.9
7810.013237957621,27286.0
7810.22336323555,27215.0
7810.4334885134795,26815.9
7810.643613791409,26575.5
7810.853739069338,27197.6
7811.063864347268,27471.4
7811.273989625196,27789.3
7811.484114903125,27502.0
7811.694240181055,27713.7
7811.904365458984,27755.6
7812.1144907369135,27562.3
7812.324616014843,26202.1
7812.534741292772,26681.5
7812.744866570702,26939.5
7812.954991848631,26409.4
7813.16511712656,27052.8
7813.375242404489,26933.7
7813.585367682418,26529.0
7813.7954929603475,25737.5
7814.005618238277,26263.2
7814.215743516206,26489.4
7814.425868794136,25863.9
7814.635994072065,26229.1
7814.846119349994,25846.2
7815.056244627924,26580.2
7815.266369905852,26776.1
7815.4764951837815,25661.8
7815.686620461711,26948.6
7815.89674573964,26315.7
7816.10687101757,25630.1
7816.316996295499,25774.2
7816.527121573428,25432.3
7816.737246851358,25002.4
7816.947372129287,25653.0
7817.157497407216,25701.9
7817.367622685145,25715.6
7817.577747963074,26593.5
7817.787873241004,25668.8
7817.997998518933,25402.6
7818.208123796862,24934.7
7818.418249074792,24436.3
7818.628374352721,24831.1
7818.83849963065,24793.2
7819.04862490858,24850.2
7819.258750186509,24871.0
7819.468875464438,25764.7
7819.679000742367,24906.4
7819.889126020296,24107.5
7820.099251298226,24949.4
7820.309376576155,24837.8
7820.519501854084,24955.3
7820.729627132014,24753.6
7820.939752409943,25114.6
7821.1498776878725,25158.9
7821.360002965801,24755.4
7821.57012824373,25329.2
7821.78025352166,24974.9
7821.990378799589,23775.6
7822.200504077518,24287.3
7822.410629355448,24586.1
7822.620754633377,24343.5
7822.8308799113065,24647.1
7823.041005189236,24719.2
7823.251130467165,24595.8
7823.461255745094,24232.3
7823.671381023023,24214.2
7823.881506300952,23885.2
7824.091631578882,23146.8
7824.301756856811,23853.2
7824.5118821347405,23881.0
7824.72200741267,23235.8
7824.932132690599,23340.1
7825.142257968529,24442.3
7825.352383246457,23685.1
7825.562508524386,23774.8
7825.772633802316,23500.4
7825.982759080245,22938.6
7826.1928843581745,23479.2
7826.403009636104,23543.8
7826.613134914033,23505.4
7826.823260191963,23749.7
7827.033385469892,23232.7
7827.243510747821,22733.7
7827.45363602575,23205.7
7827.663761303679,23178.2
7827.8738865816085,22819.1
7828.084011859538,22810.3
7828.294137137467,22574.4
7828.504262415397,22543.6
7828.714387693326,22510.1
7828.924512971255,22956.1
7829.134638249185,22202.6
7829.344763527113,21718.3
7829.5548888050425,21184.8
7829.765014082972,21383.1
7829.975139360901,22330.6
7830.185264638831,22118.4
7830.39538991676,22000.2
7830.605515194689,22401.5
7830.815640472619,22676.4
7831.025765750548,21977.2
7831.235891028477,22212.3
7831.446016306406,21954.8
7831.656141584335,21637.0
7831.866266862265,21856.0
7832.076392140194,21381.6
7832.286517418123,21766.7
7832.496642696053,21691.9
7832.706767973982,21384.1
7832.9168932519115,20104.7
7833.127018529841,20931.2
7833.33714380777,21832.4
7833.547269085699,21441.2
7833.757394363628,21479.3
7833.967519641557,21463.0
7834.177644919487,21193.6
7834.387770197416,21171.1
7834.5978954753455,20020.4
7834.808020753275,21424.7
7835.018146031204,21106.8
7835.228271309134,20710.6
7835.438396587062,20263.6
7835.648521864991,20089.4
7835.858647142921,20247.0
7836.06877242085,21099.9
7836.2788976987795,20859.4
7836.489022976709,20208.1
7836.699148254638,21120.7
7836.909273532568,20199.9
7837.119398810497,20723.9
7837.329524088426,19917.9
7837.539649366355,20311.0
7837.749774644284,19922.2
7837.9598999222135,20050.4
7838.170025200143,20318.2
7838.380150478072,20539.3
7838.590275756002,21159.9
7838.800401033931,19514.8
7839.01052631186,19120.2
7839.22065158979,19476.6
7839.430776867719,19011.4
7839.6409021456475,19283.6
7839.851027423577,19450.0
7840.061152701506,18768.1
7840.271277979436,18906.4
7840.481403257365,19867.5
7840.691528535294,19633.1
7840.901653813224,19072.9
7841.111779091153,19544.4
7841.321904369082,19429.2
7841.532029647011,19309.7
7841.74215492494,18889.4
7841.95228020287,18448.4
7842.162405480799,19267.2
7842.372530758728,19390.3
7842.582656036658,19216.8
7842.792781314587,18842.5
7843.002906592516,18668.1
7843.213031870446,18933.0
7843.423157148375,18687.5
7843.633282426304,18368.6
7843.843407704233,18811.9
7844.053532982162,18202.0
7844.263658260092,19000.5
7844.473783538021,18542.9
7844.68390881595,18157.6
7844.89403409388,17910.5
7845.104159371809,18627.3
7845.3142846497385,18751.0
7845.524409927668,18885.2
7845.734535205596,17544.5
7845.944660483526,17835.8
7846.154785761455,18330.2
7846.364911039384,17458.6
7846.575036317314,17983.5
7846.785161595243,18184.0
7846.9952868731725,18049.3
7847.205412151102,17422.0
7847.415537429031,16903.0
7847.62566270696,17113.1
7847.835787984889,17700.0
7848.045913262818,17516.1
7848.256038540748,17091.0
7848.466163818677,17814.8
7848.6762890966065,17621.4
7848.886414374536,16955.6
7849.096539652465,17171.9
7849.306664930395,17518.5
7849.516790208324,16987.7
7849.726915486252,16994.5
7849.937040764182,17450.0
7850.147166042111,17382.3
7850.3572913200405,17316.5
7850.56741659797,17149.7
7850.777541875899,17287.2
7850.987667153829,16616.0
7851.197792431758,15899.6
7851.407917709687,15609.3
7851.618042987617,15803.5
7851.828168265545,16425.1
7852.0382935434745,15274.7
7852.248418821404,16617.9
7852.458544099333,17000.9
7852.668669377263,15762.4
7852.878794655192,16131.4
7853.088919933121,15915.3
7853.299045211051,15479.1
7853.50917048898,15588.6
7853.7192957669085,15522.8
7853.929421044838,16032.0
7854.139546322767,16077.6
7854.349671600697,16038.7
7854.559796878626,15158.9
7854.769922156555,16530.6
7854.980047434485,15607.1
7855.190172712414,15169.4
7855.4002979903435,14998.1
7855.610423268273,14433.1
7855.820548546201,15107.1
7856.030673824131,16179.6
7856.24079910206,16360.8
7856.450924379989,14480.7
7856.661049657919,13866.6
7856.871174935848,14866.5
7857.0813002137775,15091.9
7857.291425491707,15527.1
7857.501550769636,15033.4
7857.711676047565,14532.9
7857.921801325494,14248.7
7858.131926603423,14118.8
7858.342051881353,15022.8
7858.552177159282,14271.4
7858.7623024372115,14745.3
7858.972427715141,15103.0
7859.18255299307,14647.0
7859.392678271,14200.9
7859.602803548929,14574.9
7859.812928826857,13483.3
7860.023054104787,13807.0
7860.233179382716,14086.0
7860.4433046606455,14616.4
7860.653429938575,13854.6
7860.863555216504,13961.8
7861.073680494434,13689.2
7861.283805772363,13865.6
7861.493931050292,13120.5
7861.704056328221,13208.0
7861.91418160615,14169.8
7862.1243068840795,13668.2
7862.334432162009,13899.5
7862.544557439938,13758.1
7862.754682717868,13839.7
7862.964807995797,13406.1
7863.174933273726,13576.3
7863.385058551656,13260.7
7863.595183829585,13397.4
7863.8053091075135,12785.9
7864.015434385443,12909.3
7864.225559663372,12616.4
7864.435684941302,13294.7
7864.645810219231,13137.0
7864.85593549716,12377.9
7865.06606077509,12215.1
7865.276186053019,12891.6
7865.486311330948,13317.8
7865.696436608878,12721.3
7865.906561886806,11445.3
7866.116687164736,12589.3
7866.326812442665,12444.0
7866.536937720594,12629.4
7866.747062998524,12154.9
7866.957188276453,12824.8
7867.167313554382,12507.6
7867.377438832312,12871.8
7867.587564110241,11776.8
7867.79768938817,11826.1
7868.007814666099,12061.3
7868.217939944028,12669.6
7868.428065221958,12028.5
7868.638190499887,12210.9
7868.848315777816,12091.9
7869.058441055746,12852.4
7869.268566333675,11923.3
7869.4786916116045,10804.0
7869.688816889534,11476.6
7869.898942167462,11206.0
7870.109067445392,10820.7
7870.319192723321,11631.0
7870.52931800125,12093.7
7870.73944327918,11151.3
7870.949568557109,11129.8
7871.1596938350385,12000.5
7871.369819112968,11865.1
7871.579944390897,11095.2
7871.790069668827,10756.0
7872.000194946755,10551.6
7872.210320224684,11088.4
7872.420445502614,10738.7
7872.630570780543,10693.0
7872.8406960584725,10150.2
7873.050821336402,10322.1
7873.260946614331,10703.6
7873.471071892261,10158.9
7873.68119717019,10249.3
7873.891322448118,10578.2
7874.101447726048,10281.4
7874.311573003977,10825.8
7874.5216982819065,11007.5
7874.731823559836,10059.2
7874.941948837765,9745.96
7875.152074115695,9799.88
7875.362199393624,10558.9
7875.572324671553,10010.1
7875.782449949483,9582.79
7875.992575227411,9420.36
7876.2027005053405,10632.5
7876.41282578327,9984.5
7876.622951061199,9447.16
7876.833076339129,9547.22
7877.043201617058,9740.28
7877.253326894987,10714.6
7877.463452172917,9619.72
7877.673577450846,8697.35
7877.8837027287755,9591.22
7878.093828006704,9444.38
7878.303953284633,8871.11
7878.514078562563,9800.66
7878.724203840492,9638.43
7878.934329118421,9948.73
7879.144454396351,9581.2
7879.35457967428,8463.77
7879.5647049522095,9238.75
7879.774830230139,9169.52
7879.984955508067,9279.13
7880.195080785997,8686.57
7880.405206063926,8992.25
7880.615331341855,8469.89
7880.825456619785,8516.81
7881.035581897714,8809.29
7881.2457071756435,8419.29
7881.455832453573,8625.24
7881.665957731502,8922.95
7881.876083009431,9706.88
7882.08620828736,8781.64
7882.296333565289,8915.78
7882.506458843219,8750.48
7882.716584121148,8296.92
7882.9267093990775,8530.49
7883.136834677007,8277.89
7883.346959954936,8237.97
7883.557085232866,7977.63
7883.767210510795,8760.64
7883.977335788724,8964.26
7884.187461066653,8823.27
7884.397586344582,8254.79
7884.6077116225115,8051.05
7884.817836900441,8165.49
7885.02796217837,8789.12
7885.2380874563,8020.49
7885.448212734229,7798.59
7885.658338012158,7047.35
7885.868463290088,7757.06
7886.078588568016,8101.19
7886.2887138459455,7858.68
7886.498839123875,7635.38
7886.708964401804,7269.56
7886.919089679734,7558.16
7887.129214957663,7366.38
7887.339340235592,7587.72
7887.549465513522,7745.63
7887.759590791451,7964.74
7887.9697160693795,7177.82
7888.179841347309,7320.42
7888.389966625238,6684.65
7888.600091903168,7310.59
7888.810217181097,7856.91
7889.020342459026,7414.69
7889.230467736956,7647.74
7889.440593014885,6989.13
7889.650718292814,6370.94
7889.860843570744,6497.58
7890.070968848673,7320.51
7890.281094126602,7607.64
7890.491219404531,7079.98
7890.70134468246,6439.61
7890.91146996039,6250.68
7891.121595238319,7193.51
7891.331720516248,6652.11
7891.541845794178,7022.36
7891.751971072107,6819.33
7891.9620963500365,6806.41
7892.172221627965,6504.76
7892.382346905894,6576.14
7892.592472183824,6026.49
7892.802597461753,6569.93
7893.012722739682,6620.47
7893.222848017612,6181.75
7893.432973295541,5918.59
7893.6430985734705,5157.43
7893.8532238514,6204.26
7894.063349129328,6328.72
7894.273474407258,7139.23
7894.483599685187,5193.03
