7605.6102698676,3534.38
7605.820177839159,4269.05
7606.030085810718,6159.43
7606.2399937822765,6317.81
7606.449901753836,4756.01
7606.659809725395,3448.85
7606.869717696954,3514.33
7607.079625668512,4973.1
7607.289533640071,6801.2
7607.49944161163,7250.11
7607.709349583189,5243.86
7607.919257554748,4314.21
7608.129165526306,5227.96
7608.339073497865,7418.29
7608.548981469424,9460.92
7608.758889440983,10040.1
7608.968797412542,8630.71
7609.1787053841,5111.5
7609.388613355659,3499.61
7609.598521327218,5134.36
7609.808429298777,6591.37
7610.018337270335,7005.75
7610.228245241894,6277.83
7610.438153213453,5459.67
7610.648061185012,6750.05
7610.857969156571,10142.1
7611.067877128129,14157.3
7611.277785099688,15954.8
7611.487693071247,14780.3
7611.697601042806,10760.4
7611.907509014365,6601.8
7612.117416985923,5120.66
7612.327324957482,6941.32
7612.537232929041,9860.25
7612.7471409006,10564.4
7612.957048872158,9378.36
7613.166956843717,7619.08
7613.376864815276,9155.49
7613.586772786835,14331.0
7613.796680758394,19554.0
7614.006588729952,22929.9
7614.2164967015115,23846.8
7614.4264046730705,21472.2
7614.6363126446295,17175.6
7614.8462206161885,11842.3
7615.056128587747,8973.36
7615.266036559306,10889.1
7615.475944530865,14653.7
7615.685852502424,16574.3
7615.895760473982,15995.6
7616.105668445541,14579.0
7616.3155764171,15646.0
7616.525484388659,21316.0
7616.735392360218,26765.5
7616.945300331776,31409.4
7617.155208303335,32216.6
7617.365116274894,32328.4
7617.575024246453,33805.7
7617.784932218012,34411.6
7617.99484018957,33986.5
7618.204748161129,34262.4
7618.414656132688,34445.5
7618.624564104247,34348.6
7618.834472075805,35105.5
7619.044380047364,35280.8
7619.254288018923,34183.3
7619.464195990482,33241.1
7619.674103962041,32708.3
7619.884011933599,32009.9
7620.093919905158,31123.8
7620.303827876717,27937.0
7620.513735848276,22539.2
7620.723643819835,17513.6
7620.933551791393,13017.7
7621.143459762952,13446.9
7621.353367734511,18852.3
7621.56327570607,25268.5
7621.773183677628,29938.7
7621.983091649187,31273.0
7622.192999620746,31313.4
7622.402907592305,30307.1
7622.612815563864,26708.2
7622.8227235354225,20444.5
7623.0326315069815,14315.1
7623.2425394785405,10400.5
7623.4524474500995,10685.7
7623.6623554216585,14156.0
7623.872263393217,15514.9
7624.082171364776,13824.4
7624.292079336335,10706.0
7624.501987307894,8705.99
7624.711895279452,11396.3
7624.921803251011,17915.6
7625.13171122257,23611.9
7625.341619194129,27912.4
7625.551527165688,31594.8
7625.761435137246,32732.8
7625.971343108805,32118.4
7626.181251080364,29364.8
7626.391159051923,24357.2
7626.601067023482,17574.2
7626.81097499504,10599.5
7627.020882966599,7323.42
7627.230790938158,8399.92
7627.440698909717,11160.8
7627.650606881275,12600.9
7627.860514852834,10608.3
7628.070422824393,8608.78
7628.280330795952,8429.76
7628.490238767511,12066.4
7628.700146739069,18813.7
7628.910054710628,25151.6
7629.119962682187,29479.6
7629.329870653746,31645.2
7629.539778625305,32387.6
7629.749686596863,33357.9
7629.959594568422,32577.9
7630.169502539981,28388.3
7630.37941051154,22476.9
7630.589318483098,15407.6
7630.799226454657,10270.2
7631.009134426216,8440.42
7631.219042397775,9121.97
7631.428950369334,11167.3
7631.6388583408925,11998.9
7631.8487663124515,9792.55
7632.0586742840105,7479.54
7632.2685822555695,9199.27
7632.4784902271285,15000.8
7632.688398198687,22262.6
7632.898306170246,28341.4
7633.108214141805,31790.2
7633.318122113364,34522.3
7633.528030084922,37215.7
7633.737938056481,36946.9
7633.94784602804,35283.1
7634.157753999599,33491.1
7634.367661971158,29690.0
7634.577569942716,24071.7
7634.787477914275,18091.2
7634.997385885834,11945.7
7635.207293857393,8736.59
7635.417201828952,10504.5
7635.62710980051,12895.7
7635.837017772069,12389.9
7636.046925743628,10663.7
7636.256833715187,8935.77
7636.466741686745,11433.2
7636.676649658304,18458.4
7636.886557629863,26643.3
7637.096465601422,32048.4
7637.306373572981,35959.4
7637.516281544539,39136.0
7637.726189516098,40027.7
7637.936097487657,41166.3
7638.146005459216,40663.2
7638.355913430775,39696.4
7638.565821402333,38089.8
7638.775729373892,34909.4
7638.985637345451,28477.0
7639.19554531701,20271.5
7639.405453288568,13672.2
7639.615361260127,10782.2
7639.825269231686,12323.8
7640.035177203245,15384.4
7640.245085174804,14197.9
7640.4549931463625,12279.3
7640.6649011179215,11445.2
7640.874809089481,15696.8
7641.08471706104,23525.6
7641.294625032599,31595.3
7641.504533004157,37734.1
7641.714440975716,41472.4
7641.924348947275,43974.9
7642.134256918834,45165.6
7642.344164890392,45297.2
7642.554072861951,45186.4
7642.76398083351,44441.1
7642.973888805069,43403.6
7643.183796776628,42464.3
7643.393704748186,38907.6
7643.603612719745,31430.6
7643.813520691304,23096.9
7644.023428662863,16721.7
7644.233336634422,13575.7
7644.44324460598,15140.0
7644.653152577539,17340.9
7644.863060549098,16805.8
7645.072968520657,15651.6
7645.282876492215,15773.7
7645.492784463774,20179.2
7645.702692435333,28658.3
7645.912600406892,36914.6
7646.122508378451,42493.0
7646.332416350009,45594.3
7646.542324321568,46775.1
7646.752232293127,48251.0
7646.962140264686,49604.9
7647.172048236245,49399.0
7647.381956207803,49880.3
7647.591864179362,49887.0
7647.801772150921,49341.8
7648.01168012248,47914.8
7648.221588094038,43554.2
7648.4314960655975,36120.8
7648.6414040371565,27740.5
7648.8513120087155,22154.6
7649.0612199802745,20396.9
7649.271127951833,22354.3
7649.481035923392,24493.8
7649.690943894951,23317.3
7649.90085186651,21355.8
7650.110759838069,21151.0
7650.320667809627,25498.2
7650.530575781186,34416.8
7650.740483752745,42198.4
7650.950391724304,47084.9
7651.160299695862,49317.8
7651.370207667421,52160.4
7651.58011563898,54078.4
7651.790023610539,54117.1
7651.999931582098,54124.8
7652.209839553656,54641.2
7652.419747525215,55753.2
7652.629655496774,55525.1
7652.839563468333,53540.3
7653.049471439892,51890.1
7653.25937941145,48027.2
7653.469287383009,42990.0
7653.679195354568,35183.0
7653.889103326127,28572.0
7654.099011297685,25907.6
7654.308919269244,27641.1
7654.518827240803,30751.3
7654.728735212362,30291.7
7654.938643183921,27583.9
7655.148551155479,27921.9
7655.358459127038,31886.3
7655.568367098597,38735.1
7655.778275070156,46960.9
7655.988183041715,52549.9
7656.198091013273,55930.5
7656.407998984832,58106.2
7656.617906956391,58530.2
7656.82781492795,58432.7
7657.0377228995085,58527.5
7657.2476308710675,58745.6
7657.4575388426265,58940.8
7657.6674468141855,58525.1
7657.8773547857445,58586.8
7658.087262757303,59578.3
7658.297170728862,58266.0
7658.507078700421,54303.1
7658.71698667198,49610.3
7658.926894643539,43345.1
7659.136802615097,37345.4
7659.346710586656,34442.4
7659.556618558215,35592.0
7659.766526529774,37848.7
7659.976434501332,37420.4
7660.186342472891,35073.2
7660.39625044445,33919.5
7660.606158416009,38688.5
7660.816066387568,45469.6
7661.025974359126,51472.5
7661.235882330685,57319.0
7661.445790302244,60383.3
7661.655698273803,61619.5
7661.865606245362,61653.0
7662.07551421692,61544.3
7662.285422188479,62884.6
7662.495330160038,63476.1
7662.705238131597,63074.9
7662.915146103155,63235.5
7663.125054074714,62627.2
7663.334962046273,62057.3
7663.544870017832,62138.4
7663.754777989391,63300.1
7663.964685960949,61354.0
7664.174593932508,57258.2
7664.384501904067,51701.3
7664.594409875626,45127.3
7664.804317847185,41511.7
7665.014225818743,42069.5
7665.224133790302,44189.9
7665.434041761861,44623.4
7665.64394973342,44048.0
7665.8538577049785,42390.9
7666.0637656765375,45287.9
7666.2736736480965,50699.0
7666.4835816196555,57260.4
7666.6934895912145,61483.0
7666.903397562773,63650.9
7667.113305534332,65444.5
7667.323213505891,65736.4
7667.53312147745,65371.4
7667.743029449009,65355.0
7667.952937420567,65884.0
7668.162845392126,66730.7
7668.372753363685,65920.6
7668.582661335244,65347.0
7668.792569306802,65916.4
7669.002477278361,65827.1
7669.21238524992,65935.9
7669.422293221479,66327.6
7669.632201193038,65592.5
7669.842109164596,63224.3
7670.052017136155,59165.5
7670.261925107714,54212.3
7670.471833079273,50877.5
7670.681741050832,51131.0
7670.89164902239,52537.8
7671.101556993949,52082.2
7671.311464965508,51343.4
7671.521372937067,50910.4
7671.731280908625,52855.8
7671.941188880184,56683.9
7672.151096851743,60898.9
7672.361004823302,64001.0
7672.570912794861,65221.6
7672.780820766419,66851.2
7672.990728737978,68810.4
7673.200636709537,67765.4
7673.410544681096,67360.3
7673.620452652654,68213.2
7673.830360624213,68970.4
7674.040268595772,68317.1
7674.250176567331,67367.8
7674.46008453889,67404.2
7674.6699925104485,69143.9
7674.8799004820075,70214.2
7675.089808453567,69442.2
7675.299716425126,68728.6
7675.509624396685,68608.5
7675.719532368243,67320.1
7675.929440339802,64512.7
7676.139348311361,62133.9
7676.34925628292,58142.1
7676.559164254479,56405.5
7676.769072226037,57117.7
7676.978980197596,58764.0
7677.188888169155,58208.7
7677.398796140714,57634.1
7677.608704112272,57692.2
7677.818612083831,58983.0
7678.02852005539,62907.8
7678.238428026949,66985.2
7678.448335998508,68915.6
7678.658243970066,69624.5
7678.868151941625,69937.2
7679.078059913184,70112.0
7679.287967884743,70306.8
7679.497875856301,70687.2
7679.70778382786,71509.7
7679.917691799419,70939.1
7680.127599770978,70431.0
7680.337507742537,69869.5
7680.547415714095,69393.6
7680.757323685654,69687.3
7680.967231657213,69963.9
7681.177139628772,70719.6
7681.387047600331,71236.0
7681.596955571889,69853.7
7681.806863543448,70041.1
7682.016771515007,69529.5
7682.226679486566,67208.8
7682.436587458124,64235.6
7682.6464954296835,62940.5
7682.8564034012425,63390.2
7683.0663113728015,63605.6
7683.2762193443605,63608.7
7683.486127315919,63130.0
7683.696035287478,62479.9
7683.905943259037,63513.4
7684.115851230596,65673.1
7684.325759202155,67739.9
7684.535667173713,69893.7
7684.745575145272,71214.9
7684.955483116831,72938.7
7685.16539108839,72046.7
7685.375299059948,71773.9
7685.585207031507,72603.9
7685.795115003066,71431.7
7686.005022974625,71573.4
7686.214930946184,72005.9
7686.424838917742,72880.0
7686.634746889301,73926.1
7686.84465486086,72730.7
7687.054562832419,71409.0
7687.264470803978,71889.6
7687.474378775536,71223.2
7687.684286747095,70619.2
7687.894194718654,72606.5
7688.104102690213,72773.4
7688.314010661771,71861.9
7688.52391863333,71179.0
7688.733826604889,69492.6
7688.943734576448,66590.1
7689.153642548007,67390.3
7689.363550519565,67029.2
7689.573458491124,66398.7
7689.783366462683,66582.9
7689.993274434242,66159.0
7690.203182405801,66952.8
7690.413090377359,69094.6
7690.622998348918,70287.5
7690.832906320477,71678.6
7691.042814292036,73209.8
7691.2527222635945,72490.6
7691.4626302351535,73269.0
7691.6725382067125,73702.8
7691.8824461782715,74948.5
7692.0923541498305,74015.9
7692.302262121389,73355.8
7692.512170092948,73045.0
7692.722078064507,72937.2
7692.931986036066,73406.8
7693.141894007625,73829.9
7693.351801979183,74147.5
7693.561709950742,73094.6
7693.771617922301,73260.4
7693.98152589386,75084.9
7694.191433865418,74392.7
7694.401341836977,73892.9
7694.611249808536,72717.0
7694.821157780095,73135.8
7695.031065751654,73943.0
7695.240973723212,73291.1
7695.450881694771,72705.1
7695.66078966633,72045.9
7695.870697637889,71187.6
7696.080605609448,70939.3
7696.290513581006,70689.4
7696.500421552565,70723.2
7696.710329524124,71472.1
7696.920237495683,71733.4
7697.130145467241,71885.5
7697.3400534388,73776.9
7697.549961410359,75462.2
7697.759869381918,74461.3
7697.969777353477,72802.3
7698.179685325035,71955.2
7698.389593296594,73107.6
7698.599501268153,74866.1
7698.809409239712,74605.9
7699.019317211271,73466.9
7699.229225182829,74257.4
7699.439133154388,74681.3
7699.649041125947,74238.1
7699.858949097506,73014.1
7700.0688570690645,73886.3
7700.2787650406235,75792.4
7700.4886730121825,76785.9
7700.6985809837415,76332.1
7700.9084889553005,77042.0
7701.118396926859,77384.1
7701.328304898418,75285.9
7701.538212869977,75289.0
7701.748120841536,75074.8
7701.958028813095,74483.4
7702.167936784653,75038.2
7702.377844756212,74833.5
7702.587752727771,73363.3
7702.79766069933,74061.4
7703.007568670888,73902.2
7703.217476642447,74623.8
7703.427384614006,74420.0
7703.637292585565,75181.4
7703.847200557124,75481.1
7704.057108528682,74631.5
7704.267016500241,75782.2
7704.4769244718,76488.5
7704.686832443359,75462.1
7704.896740414918,75395.9
7705.106648386476,75565.4
7705.316556358035,75403.2
7705.526464329594,75600.2
7705.736372301153,75242.8
7705.946280272711,75802.9
7706.15618824427,76908.9
7706.366096215829,76375.3
7706.576004187388,75135.1
7706.785912158947,75628.8
7706.995820130505,76544.1
7707.205728102064,76540.0
7707.415636073623,76823.6
7707.625544045182,76073.6
7707.835452016741,75304.7
7708.045359988299,76338.4
7708.255267959858,76382.0
7708.465175931417,76306.8
7708.675083902976,76533.0
7708.8849918745345,76602.6
7709.0948998460935,77410.2
7709.3048078176525,77910.0
7709.514715789212,77508.2
7709.724623760771,77291.9
7709.934531732329,76924.0
7710.144439703888,76488.2
7710.354347675447,77152.9
7710.564255647006,75892.0
7710.774163618565,76039.9
7710.984071590123,75519.6
7711.193979561682,75485.2
7711.403887533241,75400.4
7711.6137955048,76041.6
7711.823703476358,77440.4
7712.033611447917,77815.9
7712.243519419476,76111.9
7712.453427391035,75831.1
7712.663335362594,76314.2
7712.873243334152,74815.8
7713.083151305711,75346.1
7713.29305927727,77605.6
7713.502967248829,76691.5
7713.712875220388,75512.0
7713.922783191946,76075.6
7714.132691163505,77075.4
7714.342599135064,77188.5
7714.552507106623,74666.7
7714.762415078181,75172.4
7714.97232304974,75809.9
7715.182231021299,75126.1
7715.392138992858,76737.7
7715.602046964417,76216.3
7715.811954935975,75152.2
7716.021862907534,75833.4
7716.231770879093,75897.9
7716.441678850652,75395.7
7716.651586822211,74814.1
7716.861494793769,75359.9
7717.0714027653285,75085.8
7717.2813107368875,74937.8
7717.4912187084465,74217.4
7717.701126680005,74731.4
7717.911034651564,74875.7
7718.120942623123,75492.2
7718.330850594682,76001.1
7718.540758566241,75279.4
7718.750666537799,74804.9
7718.960574509358,75021.0
7719.170482480917,75671.8
7719.380390452476,76014.9
7719.590298424035,75547.7
7719.800206395593,74563.2
7720.010114367152,75074.6
7720.220022338711,75546.3
7720.42993031027,75461.0
7720.639838281828,75700.4
7720.849746253387,76239.8
7721.059654224946,75579.8
7721.269562196505,74901.1
7721.479470168064,74306.1
7721.689378139622,75204.8
7721.899286111181,76676.5
7722.10919408274,74692.1
7722.319102054299,75288.2
7722.529010025858,75554.4
7722.738917997416,76006.6
7722.948825968975,75655.4
7723.158733940534,73698.0
7723.368641912093,74566.6
7723.578549883651,75616.1
7723.78845785521,74720.0
7723.998365826769,74370.8
7724.208273798328,74966.4
7724.418181769887,75382.2
7724.628089741445,74229.4
7724.837997713004,72833.7
7725.047905684563,74062.0
7725.257813656122,75874.9
7725.467721627681,76094.4
7725.6776295992395,75391.6
7725.8875375707985,73826.4
7726.0974455423575,73934.9
7726.3073535139165,74942.2
7726.517261485475,76386.5
7726.727169457034,75762.1
7726.937077428593,75413.7
7727.146985400152,76053.1
7727.356893371711,77059.3
7727.566801343269,74298.5
7727.776709314828,75581.9
7727.986617286387,76282.7
7728.196525257946,74978.9
7728.406433229505,75196.1
7728.616341201063,75294.0
7728.826249172622,74266.3
7729.036157144181,73736.3
7729.24606511574,74164.8
7729.455973087298,74930.3
7729.665881058857,75406.7
7729.875789030416,74179.5
7730.085697001975,74764.1
7730.295604973534,75271.8
7730.505512945092,73978.5
7730.715420916651,75170.1
7730.92532888821,75728.3
7731.135236859769,74308.9
7731.345144831328,74200.9
7731.555052802886,73680.9
7731.764960774445,74358.7
7731.974868746004,76717.9
7732.184776717563,76372.6
7732.394684689121,74941.3
7732.60459266068,74555.8
7732.814500632239,73668.2
7733.024408603798,72918.4
7733.234316575357,73221.0
7733.444224546915,74282.9
7733.654132518474,74924.3
7733.864040490033,74590.7
7734.073948461592,74526.6
7734.2838564331505,75123.2
7734.4937644047095,75734.9
7734.7036723762685,74776.5
7734.9135803478275,74801.1
7735.1234883193865,73580.3
7735.333396290945,73660.2
7735.543304262504,73242.4
7735.753212234063,72569.8
7735.963120205622,73715.4
7736.173028177181,73759.3
7736.382936148739,75082.0
7736.592844120298,73914.7
7736.802752091857,73520.5
7737.012660063416,73624.9
7737.222568034975,74126.8
7737.432476006533,73466.1
7737.642383978092,73463.3
7737.852291949651,73909.1
7738.06219992121,74677.9
7738.272107892768,74237.8
7738.482015864327,72887.8
7738.691923835886,71782.7
7738.901831807445,72852.3
7739.111739779004,73517.8
7739.321647750562,73568.4
7739.531555722121,73348.1
7739.74146369368,73920.5
7739.951371665239,73443.0
7740.161279636797,73507.9
7740.371187608356,74531.8
7740.581095579915,72885.4
7740.791003551474,72280.1
7741.000911523033,72158.9
7741.210819494591,72578.9
7741.42072746615,72678.9
7741.630635437709,72352.1
7741.840543409268,72367.7
7742.050451380827,72500.5
7742.260359352385,72643.2
7742.470267323944,73301.4
7742.680175295503,73285.1
7742.890083267062,74038.2
7743.099991238621,72464.8
7743.3098992101795,72469.1
7743.5198071817385,73191.8
7743.729715153298,71517.3
7743.939623124857,71330.8
7744.149531096415,71964.0
7744.359439067974,72745.7
7744.569347039533,72064.9
7744.779255011092,70968.9
7744.989162982651,70829.0
7745.199070954209,71531.0
7745.408978925768,72344.6
7745.618886897327,71650.8
7745.828794868886,70549.2
7746.038702840444,72099.3
7746.248610812003,71813.2
7746.458518783562,71557.5
7746.668426755121,72100.6
7746.87833472668,71998.5
7747.088242698238,70496.4
7747.298150669797,70047.4
7747.508058641356,71021.0
7747.717966612915,71466.5
7747.927874584474,71185.5
7748.137782556032,70864.9
7748.347690527591,71302.7
7748.55759849915,70857.7
7748.767506470709,71450.7
7748.977414442268,70200.3
7749.187322413826,69628.4
7749.397230385385,69710.4
7749.607138356944,71307.7
7749.817046328503,72151.9
7750.026954300061,71252.6
7750.23686227162,70321.2
7750.446770243179,68559.9
7750.656678214738,69641.8
7750.866586186297,71330.9
7751.076494157855,71984.9
7751.2864021294145,71652.2
7751.4963101009735,70710.1
7751.7062180725325,68711.8
7751.916126044091,69607.3
7752.12603401565,69953.6
7752.335941987209,70135.0
7752.545849958768,68566.8
7752.755757930327,68368.9
7752.965665901885,68483.6
7753.175573873444,68997.3
7753.385481845003,69589.7
7753.595389816562,70210.6
7753.805297788121,70182.0
7754.015205759679,70185.9
7754.225113731238,69874.4
7754.435021702797,69562.9
7754.644929674356,69813.3
7754.854837645915,68846.4
7755.064745617473,67722.8
7755.274653589032,67886.9
7755.484561560591,68341.4
7755.69446953215,68575.8
7755.904377503708,68766.5
7756.114285475267,69081.2
7756.324193446826,68832.2
7756.534101418385,68267.5
7756.744009389944,69528.3
7756.953917361502,69490.7
7757.163825333061,68202.6
7757.37373330462,67746.8
7757.583641276179,67283.0
7757.793549247737,67893.3
7758.003457219296,68374.8
7758.213365190855,67671.7
7758.423273162414,67251.5
7758.633181133973,67460.6
7758.843089105531,67327.2
7759.05299707709,67519.7
7759.262905048649,67537.8
7759.472813020208,66759.2
7759.682720991767,65856.2
7759.8926289633255,65418.7
7760.1025369348845,66475.4
7760.3124449064435,68081.9
7760.5223528780025,68065.4
7760.732260849561,66563.7
7760.94216882112,66973.0
7761.152076792679,67385.5
7761.361984764238,66073.9
7761.571892735797,66758.1
7761.781800707355,67489.5
7761.991708678914,66545.1
7762.201616650473,65244.3
7762.411524622032,65452.4
7762.621432593591,65727.4
7762.831340565149,65790.3
7763.041248536708,67303.6
7763.251156508267,67292.9
7763.461064479826,66041.3
7763.670972451384,65119.2
7763.880880422943,65004.2
7764.090788394502,65769.7
7764.300696366061,66736.2
7764.51060433762,66457.2
7764.720512309178,65763.0
7764.930420280737,66369.5
7765.140328252296,66155.2
7765.350236223855,65019.5
7765.560144195414,65296.0
7765.770052166972,65188.3
7765.979960138531,64559.4
7766.18986811009,64009.3
7766.399776081649,64322.5
7766.609684053207,64002.8
7766.819592024766,64129.5
7767.029499996325,64798.1
7767.239407967884,64809.3
7767.449315939443,64229.2
7767.659223911001,63260.0
7767.86913188256,64097.5
7768.079039854119,64604.5
7768.288947825678,63550.5
7768.498855797237,64929.1
7768.7087637687955,64583.2
7768.9186717403545,63194.7
7769.1285797119135,64293.0
7769.3384876834725,64955.0
7769.548395655031,64090.2
7769.75830362659,63091.1
7769.968211598149,63357.4
7770.178119569708,62421.1
7770.388027541267,61623.1
7770.597935512825,60441.0
7770.807843484384,59995.9
7771.017751455943,59058.4
7771.227659427502,56852.6
7771.437567399061,53614.0
7771.647475370619,50497.6
7771.857383342178,48772.2
7772.067291313737,49093.3
7772.277199285296,50488.7
7772.487107256854,53588.0
7772.697015228413,56427.6
7772.906923199972,56684.9
7773.116831171531,57885.3
7773.32673914309,55644.5
7773.536647114648,53509.8
7773.746555086207,51218.3
7773.956463057766,49993.9
7774.166371029325,49651.6
7774.376279000884,49115.2
7774.586186972442,48148.8
7774.796094944001,49148.8
7775.00600291556,50731.5
7775.215910887119,52057.9
7775.425818858677,52714.8
7775.635726830236,53613.8
7775.845634801795,56220.9
7776.055542773354,57644.2
7776.265450744913,58692.7
7776.475358716471,59251.8
7776.68526668803,59586.5
7776.895174659589,60370.1
7777.105082631148,60990.6
7777.314990602707,61147.0
7777.5248985742655,60805.9
7777.7348065458245,61135.5
7777.9447145173835,60379.1
7778.154622488943,60081.0
7778.364530460501,60269.5
7778.57443843206,59579.8
7778.784346403619,59305.8
7778.994254375178,59981.5
7779.204162346737,60040.9
7779.414070318295,61628.7
7779.623978289854,61282.2
7779.833886261413,60436.2
7780.043794232972,58858.2
7780.253702204531,59026.5
7780.463610176089,59847.8
7780.673518147648,58766.0
7780.883426119207,59156.1
7781.093334090766,59737.4
7781.303242062324,59278.1
7781.513150033883,59294.4
7781.723058005442,58848.0
7781.932965977001,58377.7
7782.14287394856,58294.0
7782.352781920118,59046.7
7782.562689891677,58423.6
7782.772597863236,57986.2
7782.982505834795,57617.5
7783.192413806354,58539.1
7783.402321777912,57509.9
7783.612229749471,57171.0
7783.82213772103,58256.8
7784.032045692589,60550.3
7784.241953664147,60151.2
7784.451861635706,58692.0
7784.661769607265,58581.2
7784.871677578824,56790.1
7785.081585550383,57198.1
7785.291493521941,57985.3
7785.5014014935,57736.3
7785.7113094650595,57212.3
7785.9212174366185,57656.2
7786.1311254081775,58211.9
7786.341033379736,58417.7
7786.550941351295,58801.8
7786.760849322854,58278.3
7786.970757294413,57047.7
7787.180665265971,55980.4
7787.39057323753,56125.0
7787.600481209089,56345.1
7787.810389180648,55710.5
7788.020297152207,56411.2
7788.230205123765,57901.3
7788.440113095324,57205.1
7788.650021066883,55831.1
7788.859929038442,55603.7
7789.069837010001,56049.2
7789.279744981559,56071.1
7789.489652953118,55981.2
7789.699560924677,55927.7
7789.909468896236,55583.4
7790.119376867794,56370.7
7790.329284839353,57005.4
7790.539192810912,56494.1
7790.749100782471,56719.2
7790.95900875403,55213.0
7791.168916725588,55715.8
7791.378824697147,56337.3
7791.588732668706,54726.8
7791.798640640265,55506.9
7792.008548611824,56094.3
7792.218456583382,54605.9
7792.428364554941,54493.5
7792.6382725265,55931.3
7792.848180498059,56456.2
7793.058088469617,55183.5
7793.267996441176,54647.3
7793.477904412735,55579.5
7793.687812384294,55951.1
7793.897720355853,54095.7
7794.1076283274115,54248.6
7794.3175362989705,53444.1
7794.5274442705295,54801.1
7794.7373522420885,54545.9
7794.947260213647,54243.6
7795.157168185206,55368.7
7795.367076156765,54343.8
7795.576984128324,53764.6
7795.786892099883,54837.8
7795.996800071441,53907.1
7796.206708043,52850.8
7796.416616014559,52548.1
7796.626523986118,52931.8
7796.836431957677,54676.6
7797.046339929235,55209.2
7797.256247900794,54777.7
7797.466155872353,54388.0
7797.676063843912,53833.2
7797.885971815471,53995.3
7798.095879787029,53899.7
7798.305787758588,53019.3
7798.515695730147,52343.2
7798.725603701706,52256.6
7798.935511673264,51140.0
7799.145419644823,51614.8
7799.355327616382,51148.6
7799.565235587941,51394.4
7799.7751435595,53641.0
7799.985051531058,53089.1
7800.194959502617,52649.2
7800.404867474176,51435.2
7800.614775445735,50432.5
7800.824683417293,50486.9
7801.034591388852,51510.3
7801.244499360411,52403.9
7801.45440733197,51340.4
7801.664315303529,50381.4
7801.874223275087,50872.8
7802.084131246646,51834.9
7802.294039218205,51823.8
7802.503947189764,50221.7
7802.713855161323,50585.0
7802.9237631328815,51234.2
7803.1336711044405,50801.9
7803.3435790759995,49910.4
7803.5534870475585,49544.7
7803.7633950191175,48987.9
7803.973302990676,50379.9
7804.183210962235,51034.8
7804.393118933794,51126.4
7804.603026905353,50120.1
7804.812934876911,48836.3
7805.02284284847,48583.9
7805.232750820029,48851.2
7805.442658791588,48798.4
7805.652566763147,49108.6
7805.862474734705,50336.1
7806.072382706264,50343.4
7806.282290677823,49256.2
7806.492198649382,48761.6
7806.70210662094,48685.9
7806.912014592499,49435.5
7807.121922564058,50004.1
7807.331830535617,49245.5
7807.541738507176,48222.4
7807.751646478734,47233.6
7807.961554450293,47159.9
7808.171462421852,46533.6
7808.381370393411,48096.8
7808.59127836497,48204.2
7808.801186336528,47353.8
7809.011094308087,47108.5
7809.221002279646,47685.6
7809.430910251205,48156.4
7809.640818222764,47355.0
7809.850726194322,47208.2
7810.060634165881,46951.1
7810.27054213744,46519.3
7810.480450108999,46988.5
7810.690358080557,46779.3
7810.900266052116,46067.6
7811.110174023675,47157.3
7811.320081995234,47476.5
7811.529989966793,45102.7
7811.7398979383515,45664.9
7811.9498059099105,46446.4
7812.1597138814695,46368.2
7812.369621853029,45805.9
7812.579529824587,45610.8
7812.789437796146,45183.8
7812.999345767705,46590.2
7813.209253739264,45648.2
7813.419161710823,44745.0
7813.629069682381,44197.0
7813.83897765394,44973.0
7814.048885625499,44495.8
7814.258793597058,44193.8
7814.468701568617,43860.0
7814.678609540175,43925.9
7814.888517511734,45484.7
7815.098425483293,44991.8
7815.308333454852,44251.6
7815.518241426411,43869.0
7815.728149397969,43611.4
7815.938057369528,44410.5
7816.147965341087,44439.2
7816.357873312646,44158.8
7816.567781284204,43644.0
7816.777689255763,44344.4
7816.987597227322,44142.9
7817.197505198881,44668.3
7817.40741317044,44352.2
7817.617321141998,42557.2
7817.827229113557,42464.6
7818.037137085116,43214.4
7818.247045056675,42861.5
7818.456953028233,43603.0
7818.666860999792,43477.1
7818.876768971351,43106.3
7819.08667694291,41796.3
7819.296584914469,43346.8
7819.506492886027,43781.1
7819.716400857586,43626.7
7819.9263088291455,42868.7
7820.1362168007045,42511.2
7820.3461247722635,41839.4
7820.556032743822,41942.7
7820.765940715381,42617.0
7820.97584868694,42618.7
7821.185756658499,42201.3
7821.395664630058,41758.6
7821.605572601616,40057.4
7821.815480573175,41289.0
7822.025388544734,43103.2
7822.235296516293,42018.9
7822.445204487851,41330.5
7822.65511245941,41867.8
7822.865020430969,41191.1
7823.074928402528,41275.7
7823.284836374087,41844.9
7823.494744345645,40361.8
7823.704652317204,41031.8
7823.914560288763,41403.7
7824.124468260322,40186.8
7824.33437623188,39920.7
7824.544284203439,41118.5
7824.754192174998,42257.4
7824.964100146557,40709.3
7825.174008118116,40078.2
7825.383916089674,39796.1
7825.593824061233,40019.7
7825.803732032792,39856.9
7826.013640004351,39090.1
7826.22354797591,39256.9
7826.433455947468,39850.7
7826.643363919027,39734.8
7826.853271890586,40222.8
7827.063179862145,39082.2
7827.273087833703,38564.4
7827.482995805262,38580.6
7827.692903776821,38819.8
7827.90281174838,38952.1
7828.112719719939,38310.2
7828.3226276914975,39340.2
7828.5325356630565,39417.6
7828.7424436346155,38344.5
7828.9523516061745,39807.7
7829.1622595777335,39405.7
7829.372167549292,38625.4
7829.582075520851,39009.3
7829.79198349241,38001.1
7830.001891463969,37813.0
7830.211799435527,38030.6
7830.421707407086,38436.2
7830.631615378645,37440.2
7830.841523350204,37596.7
7831.051431321763,37075.2
7831.261339293321,36244.6
7831.47124726488,36692.9
7831.681155236439,38111.6
7831.891063207998,37497.7
7832.100971179557,37312.4
7832.310879151115,36809.1
7832.520787122674,36082.1
7832.730695094233,36557.6
7832.940603065792,36757.4
7833.15051103735,37162.7
7833.360419008909,36162.5
7833.570326980468,35580.4
7833.780234952027,35995.3
7833.990142923586,35818.4
7834.200050895144,36508.4
7834.409958866703,35829.4
7834.619866838262,36164.9
7834.829774809821,35846.3
7835.03968278138,36024.2
7835.249590752938,35011.3
7835.459498724497,34551.0
7835.669406696056,35886.9
7835.879314667615,35483.1
7836.089222639173,35362.1
7836.299130610732,35816.4
7836.509038582291,34282.2
7836.71894655385,34070.9
7836.928854525409,35168.4
7837.1387624969675,34913.9
7837.3486704685265,34427.8
7837.5585784400855,34562.1
7837.7684864116445,34435.4
7837.9783943832035,33507.9
7838.188302354762,33415.5
7838.398210326321,34003.4
7838.60811829788,34427.5
7838.818026269439,34024.7
7839.027934240997,32869.7
7839.237842212556,33681.6
7839.447750184115,34272.7
7839.657658155674,33110.9
7839.867566127233,33107.1
7840.077474098791,33127.7
7840.28738207035,33269.9
7840.497290041909,32682.6
7840.707198013468,32718.6
7840.917105985027,32870.1
7841.127013956585,31883.2
7841.336921928144,32384.5
7841.546829899703,32573.4
7841.756737871262,32850.4
7841.96664584282,31850.4
7842.176553814379,31706.3
7842.386461785938,32114.8
7842.596369757497,31672.8
7842.806277729056,32197.4
7843.016185700614,31904.5
7843.226093672173,32541.4
7843.436001643732,32553.8
7843.645909615291,31652.0
7843.85581758685,30863.0
7844.065725558408,31423.4
7844.275633529967,31844.1
7844.485541501526,31180.8
7844.695449473085,31591.3
7844.905357444643,31536.3
7845.115265416202,30749.7
7845.325173387761,31227.9
7845.53508135932,31135.9
7845.744989330879,30502.9
7845.9548973024375,30660.7
7846.1648052739965,29767.1
7846.3747132455555,30182.2
7846.584621217115,30179.9
7846.794529188674,30395.2
7847.004437160232,30885.9
7847.214345131791,30629.8
7847.42425310335,29870.7
7847.634161074909,29076.8
7847.844069046467,29165.4
7848.053977018026,30161.2
7848.263884989585,30939.9
7848.473792961144,30024.3
7848.683700932703,29407.3
7848.893608904261,28114.2
7849.10351687582,29574.7
7849.313424847379,29736.6
7849.523332818938,28424.5
7849.733240790497,29328.7
7849.943148762055,28944.1
7850.153056733614,29007.2
7850.362964705173,29054.0
7850.572872676732,28771.6
7850.78278064829,28237.1
7850.992688619849,27665.2
7851.202596591408,27957.1
7851.412504562967,27582.3
7851.622412534526,27213.6
7851.832320506084,27664.5
7852.042228477643,27586.3
7852.252136449202,28284.5
7852.462044420761,27280.9
7852.67195239232,26962.6
7852.881860363878,28042.2
7853.091768335437,26856.8
7853.301676306996,26209.2
7853.511584278555,27342.5
7853.721492250113,28059.2
7853.931400221672,26777.1
7854.141308193231,26410.6
7854.3512161647905,27098.5
7854.5611241363495,26142.2
7854.771032107908,26180.6
7854.980940079467,25260.2
7855.190848051026,26503.7
7855.400756022585,26291.0
7855.610663994144,26344.8
7855.820571965702,25035.8
7856.030479937261,25580.2
7856.24038790882,26021.7
7856.450295880379,26556.6
7856.660203851937,25653.1
7856.870111823496,25175.0
7857.080019795055,25923.9
7857.289927766614,26188.0
7857.499835738173,25976.2
7857.709743709731,25629.6
7857.91965168129,25317.2
7858.129559652849,25206.4
7858.339467624408,25238.2
7858.549375595967,25262.9
7858.759283567525,24641.8
7858.969191539084,25231.8
7859.179099510643,24796.5
7859.389007482202,24553.0
7859.59891545376,24391.7
7859.808823425319,24519.7
7860.018731396878,24733.5
7860.228639368437,25068.0
7860.438547339996,23642.9
7860.648455311554,24163.6
7860.858363283113,24103.2
7861.068271254672,23221.0
7861.278179226231,23176.1
7861.488087197789,23129.4
7861.697995169348,22713.3
7861.907903140907,23553.8
7862.117811112466,23685.0
7862.327719084025,23447.2
7862.5376270555835,22170.3
7862.7475350271425,22946.7
7862.9574429987015,23529.7
7863.1673509702605,22291.5
7863.3772589418195,21599.7
7863.587166913378,22234.6
7863.797074884937,21585.4
7864.006982856496,22211.0
7864.216890828055,22026.5
7864.426798799614,22691.7
7864.636706771172,21655.9
7864.846614742731,21958.9
7865.05652271429,22876.1
7865.266430685849,22442.6
7865.476338657407,21857.0
7865.686246628966,21681.3
7865.896154600525,21063.4
7866.106062572084,20510.4
7866.315970543643,20130.9
7866.525878515201,21326.8
7866.73578648676,21828.0
7866.945694458319,21704.0
7867.155602429878,21048.9
7867.365510401436,21014.0
7867.575418372995,20079.6
7867.785326344554,20328.0
7867.995234316113,20657.1
7868.205142287672,20619.5
7868.41505025923,21663.1
7868.624958230789,21262.6
7868.834866202348,19788.0
7869.044774173907,19758.2
7869.254682145466,19765.0
7869.464590117024,19396.6
7869.674498088583,19057.7
7869.884406060142,19294.1
7870.094314031701,19613.6
7870.30422200326,19677.6
7870.514129974818,19710.9
7870.724037946377,18836.9
7870.933945917936,19459.8
7871.143853889495,18855.4
7871.3537618610535,19363.0
7871.5636698326125,19658.5
7871.7735778041715,19202.2
7871.9834857757305,19358.5
7872.1933937472895,17779.6
7872.403301718848,18591.5
7872.613209690407,18534.4
7872.823117661966,19351.6
7873.033025633525,18180.1
7873.242933605083,18076.2
7873.452841576642,18017.4
7873.662749548201,18038.5
7873.87265751976,16813.6
7874.082565491319,18109.0
7874.292473462877,18803.4
7874.502381434436,18555.8
7874.712289405995,17643.5
7874.922197377554,17740.8
7875.132105349113,17022.4
7875.342013320671,16454.4
7875.55192129223,17130.9
7875.761829263789,18155.3
7875.971737235348,17253.0
7876.181645206907,16552.2
7876.391553178465,15923.5
7876.601461150024,15341.3
7876.811369121583,15754.5
7877.021277093142,15519.1
7877.2311850647,16238.6
7877.441093036259,17087.4
7877.651001007818,16975.5
7877.860908979377,16288.5
7878.070816950936,16952.4
7878.280724922494,16296.5
7878.490632894053,16741.4
7878.700540865612,16252.4
7878.910448837171,16213.9
7879.120356808729,15574.3
7879.330264780288,15565.8
7879.540172751847,16193.1
7879.750080723406,15332.4
7879.959988694965,14777.9
7880.1698966665235,14618.9
7880.3798046380825,14644.6
7880.5897126096415,15376.8
7880.7996205812005,14714.8
7881.00952855276,15414.2
7881.219436524318,14468.0
7881.429344495877,15047.2
7881.639252467436,15245.9
7881.849160438995,13908.4
7882.059068410554,14945.0
7882.268976382112,14792.8
7882.478884353671,14652.5
7882.68879232523,14641.3
7882.898700296789,14485.5
7883.108608268347,14206.9
7883.318516239906,13573.6
7883.528424211465,13903.6
7883.738332183024,14151.2
7883.948240154583,14117.6
7884.158148126141,13655.4
7884.3680560977,13836.2
7884.577964069259,13679.2
7884.787872040818,13100.4
7884.997780012376,13703.1
7885.207687983935,13440.7
7885.417595955494,13662.8
7885.627503927053,13900.3
7885.837411898612,13222.7
7886.04731987017,13059.9
7886.257227841729,13371.5
7886.467135813288,13760.9
7886.677043784847,12429.4
7886.886951756406,12673.8
7887.096859727964,12475.4
7887.306767699523,12708.4
7887.516675671082,12808.2
7887.726583642641,12937.2
7887.9364916142,12822.5
7888.146399585758,12896.5
7888.356307557317,13018.9
7888.5662155288765,12520.3
7888.7761235004355,12870.4
7888.986031471994,12437.6
7889.195939443553,11674.2
7889.405847415112,12237.5
7889.615755386671,11362.6
7889.82566335823,11832.7
7890.035571329788,11056.5
7890.245479301347,11339.4
7890.455387272906,11474.1
7890.665295244465,11290.9
7890.875203216023,10831.4
7891.085111187582,11194.3
7891.295019159141,11031.6
7891.5049271307,10768.5
7891.714835102259,11149.9
7891.924743073817,10919.3
7892.134651045376,10954.6
7892.344559016935,11713.0
7892.554466988494,11264.3
7892.764374960053,11097.4
7892.974282931611,10148.3
7893.18419090317,9570.69
7893.394098874729,9969.5
7893.604006846288,10771.8
7893.813914817847,9796.49
