6486.7739226759,199959.0
6486.953742984825,202604.0
6487.13356329375,208116.0
6487.3133836026755,210818.0
6487.4932039116,211442.0
6487.673024220525,212083.0
6487.85284452945,213964.0
6488.032664838374,217574.0
6488.212485147299,219743.0
6488.392305456225,223346.0
6488.572125765149,225050.0
6488.751946074074,222987.0
6488.931766382999,220824.0
6489.111586691924,220643.0
6489.291407000848,222650.0
6489.471227309774,227638.0
6489.651047618699,232634.0
6489.830867927623,233794.0
6490.010688236548,235833.0
6490.190508545473,236608.0
6490.370328854398,230832.0
6490.550149163323,219919.0
6490.729969472248,211608.0
6490.909789781173,213865.0
6491.089610090097,227303.0
6491.269430399022,240424.0
6491.449250707948,245637.0
6491.629071016872,245543.0
6491.808891325797,247293.0
6491.988711634722,249757.0
6492.1685319436465,250967.0
6492.348352252572,251111.0
6492.528172561497,245973.0
6492.707992870422,237633.0
6492.887813179346,230907.0
6493.067633488271,233556.0
6493.247453797196,242165.0
6493.427274106121,251304.0
6493.607094415046,258430.0
6493.786914723971,261591.0
6493.9667350328955,260927.0
6494.14655534182,259951.0
6494.326375650745,262927.0
6494.506195959671,265682.0
6494.686016268595,267656.0
6494.86583657752,269511.0
6495.045656886445,272348.0
6495.225477195369,273630.0
6495.405297504295,267975.0
6495.58511781322,257613.0
6495.7649381221445,250189.0
6495.944758431069,254119.0
6496.124578739994,265928.0
6496.304399048919,276070.0
6496.484219357844,282551.0
6496.664039666769,285626.0
6496.843859975694,285978.0
6497.023680284618,287903.0
6497.203500593543,286027.0
6497.383320902469,279604.0
6497.5631412113935,279453.0
6497.742961520318,286997.0
6497.922781829243,294799.0
6498.102602138168,298002.0
6498.282422447092,298328.0
6498.462242756018,299264.0
6498.642063064943,300631.0
6498.821883373867,301468.0
6499.001703682792,303092.0
6499.181523991717,305811.0
6499.361344300642,306299.0
6499.541164609567,307306.0
6499.720984918492,309221.0
6499.900805227417,308954.0
6500.080625536341,311789.0
6500.260445845266,316967.0
6500.440266154192,318115.0
6500.620086463116,319300.0
6500.799906772041,322670.0
6500.979727080966,324258.0
6501.159547389891,323707.0
6501.339367698815,323552.0
6501.519188007741,323200.0
6501.699008316666,323481.0
6501.87882862559,326061.0
6502.058648934515,329959.0
6502.23846924344,332187.0
6502.4182895523645,331011.0
6502.59810986129,331547.0
6502.777930170215,335415.0
6502.95775047914,337137.0
6503.137570788064,336591.0
6503.317391096989,338507.0
6503.497211405915,340220.0
6503.677031714839,338951.0
6503.856852023764,338600.0
6504.036672332689,338677.0
6504.2164926416135,341227.0
6504.396312950538,346845.0
6504.576133259464,351252.0
6504.755953568389,353397.0
6504.935773877313,355113.0
6505.115594186238,357923.0
6505.295414495163,360048.0
6505.475234804088,361299.0
6505.655055113013,362521.0
6505.834875421938,364071.0
6506.0146957308625,366793.0
6506.194516039787,370463.0
6506.374336348712,372888.0
6506.554156657638,374823.0
6506.733976966562,374969.0
6506.913797275487,372818.0
6507.093617584412,377112.0
6507.273437893336,378930.0
6507.453258202261,375590.0
6507.633078511187,376032.0
6507.8128988201115,381627.0
6507.992719129036,385858.0
6508.172539437961,381061.0
6508.352359746886,372884.0
6508.532180055811,369035.0
6508.712000364736,375936.0
6508.891820673661,384323.0
6509.071640982585,388899.0
6509.25146129151,394247.0
6509.431281600435,397691.0
6509.6111019093605,396370.0
6509.790922218285,399759.0
6509.97074252721,403072.0
6510.150562836135,406812.0
6510.330383145059,406836.0
6510.510203453984,405638.0
6510.69002376291,409277.0
6510.869844071834,413124.0
6511.049664380759,413442.0
6511.229484689684,414869.0
6511.409304998609,415666.0
6511.589125307534,419172.0
6511.768945616459,413715.0
6511.948765925384,404058.0
6512.128586234308,402975.0
6512.308406543233,411769.0
6512.488226852158,421577.0
6512.668047161083,428356.0
6512.847867470008,435191.0
6513.027687778933,441526.0
6513.207508087858,441713.0
6513.387328396782,434049.0
6513.567148705708,436408.0
6513.746969014633,441677.0
6513.926789323557,441810.0
6514.106609632482,437961.0
6514.286429941407,427078.0
6514.4662502503315,411032.0
6514.646070559257,402203.0
6514.825890868182,407941.0
6515.005711177107,431682.0
6515.185531486031,449048.0
6515.365351794956,452602.0
6515.545172103881,448872.0
6515.724992412806,443243.0
6515.904812721731,440254.0
6516.084633030656,435620.0
6516.2644533395805,415122.0
6516.444273648505,386072.0
6516.624093957431,381074.0
6516.803914266356,401023.0
6516.98373457528,430878.0
6517.163554884205,448829.0
6517.34337519313,464095.0
6517.5231955020545,476899.0
6517.70301581098,473458.0
6517.882836119905,464430.0
6518.0626564288295,467269.0
6518.242476737754,474407.0
6518.422297046679,485094.0
6518.602117355605,493383.0
6518.781937664529,490460.0
6518.961757973454,483020.0
6519.141578282379,469017.0
6519.3213985913035,459543.0
6519.501218900228,467279.0
6519.681039209154,484429.0
6519.8608595180785,501044.0
6520.040679827003,510124.0
6520.220500135928,512290.0
6520.400320444853,517174.0
6520.580140753777,519445.0
6520.759961062703,517396.0
6520.939781371628,519992.0
6521.1196016805525,526252.0
6521.299421989477,524912.0
6521.479242298402,519042.0
6521.6590626073275,519496.0
6521.838882916252,519743.0
6522.018703225177,520031.0
6522.198523534102,523254.0
6522.378343843026,528083.0
6522.558164151951,528056.0
6522.737984460877,528036.0
6522.9178047698015,529008.0
6523.097625078726,528581.0
6523.277445387651,525401.0
6523.457265696576,515124.0
6523.6370860055,503575.0
6523.816906314426,500191.0
6523.996726623351,514095.0
6524.176546932275,536971.0
6524.3563672412,547660.0
6524.536187550125,553433.0
6524.7160078590505,558406.0
6524.895828167975,558045.0
6525.0756484769,557385.0
6525.255468785825,559287.0
6525.435289094749,560225.0
6525.615109403674,560806.0
6525.7949297126,561855.0
6525.974750021524,565737.0
6526.154570330449,569816.0
6526.334390639374,570405.0
6526.514210948299,571482.0
6526.694031257224,572343.0
6526.873851566149,575673.0
6527.053671875074,582202.0
6527.233492183998,581784.0
6527.413312492923,580591.0
6527.593132801848,581604.0
6527.772953110773,583843.0
6527.952773419698,589679.0
6528.132593728623,592769.0
6528.312414037548,596162.0
6528.492234346472,597538.0
6528.672054655397,594660.0
6528.851874964323,594760.0
6529.031695273247,598365.0
6529.211515582172,598218.0
6529.391335891097,594905.0
6529.5711562000215,597588.0
6529.750976508947,607111.0
6529.930796817872,607855.0
6530.110617126797,603424.0
6530.290437435721,601608.0
6530.470257744646,603866.0
6530.650078053571,606301.0
6530.829898362496,607670.0
6531.009718671421,611355.0
6531.189538980346,613907.0
6531.3693592892705,616261.0
6531.549179598195,622462.0
6531.72899990712,619728.0
6531.908820216046,614659.0
6532.08864052497,593736.0
6532.268460833895,572379.0
6532.44828114282,576204.0
6532.628101451744,605062.0
6532.80792176067,629089.0
6532.987742069595,629508.0
6533.1675623785195,632072.0
6533.347382687444,638461.0
6533.527202996369,634816.0
6533.707023305294,620273.0
6533.886843614219,609806.0
6534.066663923144,613228.0
6534.246484232069,627603.0
6534.426304540993,635898.0
6534.606124849918,632707.0
6534.785945158844,633408.0
6534.9657654677685,642700.0
6535.145585776693,650155.0
6535.325406085618,653648.0
6535.505226394543,654202.0
6535.685046703467,654510.0
6535.864867012393,656021.0
6536.044687321318,655595.0
6536.224507630242,656808.0
6536.404327939167,654464.0
6536.584148248092,646780.0
6536.763968557017,647567.0
6536.943788865942,659410.0
6537.123609174867,666691.0
6537.303429483792,667840.0
6537.483249792716,672373.0
6537.663070101641,675393.0
6537.842890410567,679574.0
6538.022710719491,681013.0
6538.202531028416,679489.0
6538.382351337341,677683.0
6538.562171646266,676283.0
6538.74199195519,680741.0
6538.921812264116,687610.0
6539.101632573041,690496.0
6539.281452881965,691848.0
6539.46127319089,686823.0
6539.641093499815,685809.0
6539.82091380874,689571.0
6540.000734117665,690060.0
6540.18055442659,690545.0
6540.360374735515,693387.0
6540.540195044439,694739.0
6540.720015353364,698198.0
6540.89983566229,700585.0
6541.079655971214,697316.0
6541.259476280139,695655.0
6541.439296589064,697379.0
6541.6191168979885,697555.0
6541.798937206913,695286.0
6541.978757515839,686992.0
6542.158577824764,676504.0
6542.338398133688,671965.0
6542.518218442613,684252.0
6542.698038751538,697923.0
6542.877859060463,702330.0
6543.057679369388,702915.0
6543.237499678313,704507.0
6543.4173199872375,697438.0
6543.597140296162,666357.0
6543.776960605087,630761.0
6543.956780914013,627758.0
6544.136601222937,651812.0
6544.316421531862,693917.0
6544.496241840787,711210.0
6544.6760621497115,710204.0
6544.855882458636,708792.0
6545.035702767562,713980.0
6545.2155230764865,715811.0
6545.395343385411,713226.0
6545.575163694336,706813.0
6545.754984003261,696512.0
6545.934804312186,700326.0
6546.114624621111,707320.0
6546.294444930036,709837.0
6546.4742652389605,718772.0
6546.654085547885,722655.0
6546.83390585681,721410.0
6547.0137261657355,717863.0
6547.19354647466,716508.0
6547.373366783585,705631.0
6547.55318709251,687875.0
6547.733007401434,686426.0
6547.91282771036,701250.0
6548.092648019285,708262.0
6548.2724683282095,694219.0
6548.452288637134,668642.0
6548.632108946059,659618.0
6548.811929254984,672759.0
6548.991749563909,702594.0
6549.171569872834,715927.0
6549.351390181759,721382.0
6549.531210490683,726756.0
6549.711030799608,727228.0
6549.890851108533,728674.0
6550.0706714174585,729903.0
6550.250491726383,727776.0
6550.430312035308,726734.0
6550.610132344233,722939.0
6550.789952653157,719858.0
6550.969772962083,720616.0
6551.149593271008,719654.0
6551.329413579932,723632.0
6551.509233888857,723977.0
6551.689054197782,723427.0
6551.868874506707,719128.0
6552.048694815632,713528.0
6552.228515124557,694965.0
6552.408335433482,661909.0
6552.588155742406,638478.0
6552.767976051331,647752.0
6552.947796360257,683880.0
6553.127616669181,710388.0
6553.307436978106,711736.0
6553.487257287031,700599.0
6553.667077595956,691661.0
6553.84689790488,691407.0
6554.026718213806,699504.0
6554.206538522731,712577.0
6554.386358831655,715740.0
6554.56617914058,711236.0
6554.745999449505,708347.0
6554.9258197584295,709792.0
6555.105640067355,713912.0
6555.28546037628,714580.0
6555.465280685205,710607.0
6555.645100994129,710127.0
6555.824921303054,715413.0
6556.00474161198,717606.0
6556.184561920904,718446.0
6556.364382229829,718002.0
6556.544202538754,722123.0
6556.7240228476785,719350.0
6556.903843156603,700002.0
6557.083663465529,685851.0
6557.263483774454,690073.0
6557.443304083378,717088.0
6557.623124392303,745672.0
6557.802944701228,750779.0
6557.982765010152,749320.0
6558.162585319078,759385.0
6558.342405628003,777036.0
6558.5222259369275,803387.0
6558.702046245852,823169.0
6558.881866554777,841182.0
6559.061686863703,866254.0
6559.241507172627,898662.0
6559.421327481552,922485.0
6559.601147790477,956917.0
6559.780968099401,995695.0
6559.960788408326,1.03794e+06
6560.140608717252,1.07914e+06
6560.3204290261765,1.11147e+06
6560.500249335101,1.15134e+06
6560.680069644026,1.20672e+06
6560.859889952951,1.26319e+06
6561.039710261875,1.31304e+06
6561.219530570801,1.36206e+06
6561.399350879726,1.42916e+06
6561.57917118865,1.48176e+06
6561.758991497575,1.51932e+06
6561.9388118065,1.53953e+06
6562.1186321154255,1.54206e+06
6562.29845242435,1.52504e+06
6562.478272733275,1.50119e+06
6562.6580930422,1.48112e+06
6562.837913351124,1.45522e+06
6563.017733660049,1.42177e+06
6563.197553968975,1.3787e+06
6563.377374277899,1.34778e+06
6563.557194586824,1.34627e+06
6563.737014895749,1.34336e+06
6563.916835204674,1.32617e+06
6564.096655513599,1.31926e+06
6564.276475822524,1.36786e+06
6564.456296131449,1.44848e+06
6564.636116440373,1.5255e+06
6564.815936749298,1.55793e+06
6564.995757058223,1.56214e+06
6565.175577367148,1.55701e+06
6565.355397676073,1.54173e+06
6565.535217984998,1.50161e+06
6565.715038293923,1.45559e+06
6565.894858602847,1.41784e+06
6566.074678911772,1.3801e+06
6566.254499220698,1.32556e+06
6566.434319529622,1.26287e+06
6566.614139838547,1.21258e+06
6566.793960147472,1.16838e+06
6566.9737804563965,1.12621e+06
6567.153600765322,1.08365e+06
6567.333421074247,1.04518e+06
6567.513241383172,1.00261e+06
6567.693061692096,966247.0
6567.872882001021,936180.0
6568.052702309946,912055.0
6568.232522618871,895169.0
6568.412342927796,871271.0
6568.592163236721,834913.0
6568.7719835456455,813139.0
6568.95180385457,805590.0
6569.131624163496,797334.0
6569.311444472421,793480.0
6569.491264781345,795281.0
6569.67108509027,792578.0
6569.850905399195,788270.0
6570.0307257081195,788871.0
6570.210546017045,786248.0
6570.39036632597,785249.0
6570.5701866348945,783066.0
6570.750006943819,771959.0
6570.929827252744,768604.0
6571.109647561669,773297.0
6571.289467870594,777895.0
6571.469288179519,780291.0
6571.649108488444,769603.0
6571.8289287973685,745456.0
6572.008749106293,724132.0
6572.188569415219,726485.0
6572.3683897241435,755939.0
6572.548210033068,782068.0
6572.728030341993,793000.0
6572.907850650918,799940.0
6573.087670959842,801482.0
6573.267491268768,799710.0
6573.447311577693,802176.0
6573.6271318866175,807204.0
6573.806952195542,806766.0
6573.986772504467,809813.0
6574.166592813392,814670.0
6574.346413122317,809179.0
6574.526233431242,778402.0
6574.706053740167,743954.0
6574.885874049091,736087.0
6575.065694358016,760573.0
6575.245514666942,811166.0
6575.4253349758665,832386.0
6575.605155284791,831686.0
6575.784975593716,837791.0
6575.964795902641,844412.0
6576.144616211565,839101.0
6576.324436520491,832352.0
6576.504256829416,838487.0
6576.68407713834,846677.0
6576.863897447265,849572.0
6577.04371775619,848328.0
6577.2235380651155,846014.0
6577.40335837404,853534.0
6577.583178682965,859929.0
6577.76299899189,857730.0
6577.942819300814,862426.0
6578.122639609739,872241.0
6578.302459918665,869931.0
6578.482280227589,867236.0
6578.662100536514,871182.0
6578.841920845439,870563.0
6579.021741154364,864295.0
6579.201561463288,861786.0
6579.381381772214,865590.0
6579.561202081139,872362.0
6579.741022390063,876242.0
6579.920842698988,877385.0
6580.100663007913,883359.0
6580.280483316838,882862.0
6580.460303625763,865397.0
6580.640123934688,851031.0
6580.819944243613,849337.0
6580.999764552537,858604.0
6581.179584861462,877308.0
6581.359405170388,890376.0
6581.539225479312,892405.0
6581.719045788237,890162.0
6581.898866097162,894445.0
6582.0786864060865,897051.0
6582.258506715012,894209.0
6582.438327023937,891956.0
6582.618147332862,886441.0
6582.797967641786,891896.0
6582.977787950711,898379.0
6583.157608259636,891083.0
6583.337428568561,879860.0
6583.517248877486,877643.0
6583.697069186411,888216.0
6583.8768894953355,899678.0
6584.05670980426,905501.0
6584.236530113185,911500.0
6584.416350422111,913812.0
6584.596170731035,911730.0
6584.77599103996,909646.0
6584.955811348885,904936.0
6585.135631657809,903919.0
6585.315451966735,905974.0
6585.49527227566,909343.0
6585.6750925845845,907648.0
6585.854912893509,902305.0
6586.034733202434,898242.0
6586.214553511359,885644.0
6586.394373820284,877706.0
6586.574194129209,868524.0
6586.754014438134,876568.0
6586.933834747058,894148.0
6587.113655055983,909315.0
6587.293475364908,916425.0
6587.4732956738335,919604.0
6587.653115982758,921936.0
6587.832936291683,921696.0
6588.012756600608,920218.0
6588.192576909532,919507.0
6588.372397218458,918458.0
6588.552217527383,918566.0
6588.732037836307,919723.0
6588.911858145232,920134.0
6589.091678454157,921564.0
6589.271498763082,924683.0
6589.451319072007,929951.0
6589.631139380932,929721.0
6589.810959689857,925667.0
6589.990779998781,931763.0
6590.170600307706,932933.0
6590.350420616632,929998.0
6590.530240925556,926413.0
6590.710061234481,930448.0
6590.889881543406,934331.0
6591.069701852331,930884.0
6591.249522161255,929500.0
6591.429342470181,928379.0
6591.609162779106,929738.0
6591.78898308803,934185.0
6591.968803396955,937290.0
6592.14862370588,936887.0
6592.3284440148045,934634.0
6592.50826432373,937090.0
6592.688084632655,937830.0
6592.86790494158,932683.0
6593.047725250504,930362.0
6593.227545559429,931785.0
6593.407365868355,939532.0
6593.587186177279,936239.0
6593.767006486204,932959.0
6593.946826795129,932698.0
6594.1266471040535,924894.0
6594.306467412978,919333.0
6594.486287721904,923547.0
6594.666108030829,936708.0
6594.845928339753,944663.0
6595.025748648678,941354.0
6595.205568957603,942050.0
6595.385389266528,945483.0
6595.565209575453,942640.0
6595.745029884378,941852.0
6595.9248501933025,945414.0
6596.104670502227,943732.0
6596.284490811152,940910.0
6596.464311120078,937457.0
6596.644131429002,938273.0
6596.823951737927,938367.0
6597.003772046852,940650.0
6597.183592355776,941312.0
6597.363412664701,945583.0
6597.543232973627,944247.0
6597.7230532825515,945289.0
6597.902873591476,949457.0
6598.082693900401,947013.0
6598.262514209326,941031.0
6598.442334518251,936111.0
6598.622154827176,946979.0
6598.801975136101,946934.0
6598.981795445025,939341.0
6599.16161575395,926150.0
6599.341436062875,920012.0
6599.5212563718005,924348.0
6599.701076680725,929438.0
6599.88089698965,938556.0
6600.060717298575,940261.0
6600.240537607499,934534.0
6600.420357916424,942202.0
6600.60017822535,945568.0
6600.7799985342745,942336.0
6600.959818843199,944123.0
6601.139639152124,941849.0
6601.319459461049,938647.0
6601.499279769974,937788.0
6601.679100078899,934634.0
6601.858920387824,933174.0
6602.038740696748,931184.0
6602.218561005673,929459.0
6602.398381314598,933902.0
6602.5782016235235,935177.0
6602.758021932448,934704.0
6602.937842241373,938894.0
6603.117662550298,939364.0
6603.297482859222,934596.0
6603.477303168148,933981.0
6603.657123477073,938798.0
6603.836943785997,947325.0
6604.016764094922,949233.0
6604.196584403847,944573.0
6604.376404712772,942626.0
6604.556225021697,936638.0
6604.736045330622,932491.0
6604.915865639547,937514.0
6605.095685948471,935763.0
6605.275506257396,930786.0
6605.455326566321,932541.0
6605.635146875246,931500.0
6605.814967184171,936131.0
6605.994787493096,943069.0
6606.174607802021,941488.0
6606.354428110945,940558.0
6606.534248419871,942879.0
6606.714068728796,939631.0
6606.89388903772,939478.0
6607.073709346645,943075.0
6607.25352965557,938711.0
6607.4333499644945,934393.0
6607.61317027342,938479.0
6607.792990582345,938534.0
6607.97281089127,943203.0
6608.152631200194,939703.0
6608.332451509119,934795.0
6608.512271818044,931747.0
6608.692092126969,930244.0
6608.871912435894,937185.0
6609.051732744819,940182.0
6609.2315530537435,935710.0
6609.411373362668,931959.0
6609.591193671594,929007.0
6609.771013980519,931052.0
6609.950834289443,932968.0
6610.130654598368,931294.0
6610.310474907293,932232.0
6610.490295216217,935869.0
6610.670115525143,935765.0
6610.849935834068,938409.0
6611.0297561429925,938597.0
6611.209576451917,932622.0
6611.389396760842,927785.0
6611.569217069768,926202.0
6611.749037378692,927966.0
6611.928857687617,927908.0
6612.108677996542,923435.0
6612.288498305466,917399.0
6612.468318614391,915100.0
6612.648138923317,921119.0
6612.8279592322415,924878.0
6613.007779541166,926184.0
6613.187599850091,925315.0
6613.367420159016,925531.0
6613.54724046794,929178.0
6613.727060776866,925020.0
6613.906881085791,921425.0
6614.086701394715,922034.0
6614.26652170364,918954.0
6614.446342012565,918204.0
6614.6261623214905,926677.0
6614.805982630415,925681.0
6614.98580293934,915961.0
6615.165623248265,914654.0
6615.345443557189,914164.0
6615.525263866114,909928.0
6615.70508417504,906903.0
6615.884904483964,916249.0
6616.064724792889,925547.0
6616.244545101814,926328.0
6616.424365410739,921666.0
6616.604185719663,917965.0
6616.784006028589,920337.0
6616.963826337514,918950.0
6617.143646646438,914815.0
6617.323466955363,909851.0
6617.503287264288,907083.0
6617.683107573213,908104.0
6617.862927882138,909045.0
6618.042748191063,906061.0
6618.222568499988,907796.0
6618.402388808912,911121.0
6618.582209117837,912274.0
6618.762029426763,909919.0
6618.941849735687,907516.0
6619.121670044612,908434.0
6619.301490353537,907632.0
6619.4813106624615,902781.0
6619.661130971387,900087.0
6619.840951280312,901030.0
6620.020771589237,899352.0
6620.200591898161,902017.0
6620.380412207086,904688.0
6620.560232516011,907292.0
6620.740052824936,903025.0
6620.919873133861,898314.0
6621.099693442786,891471.0
6621.2795137517105,892367.0
6621.459334060635,893163.0
6621.63915436956,896254.0
6621.818974678486,896835.0
6621.99879498741,887573.0
6622.178615296335,890581.0
6622.35843560526,893774.0
6622.538255914184,893903.0
6622.71807622311,890543.0
6622.897896532035,894374.0
6623.0777168409595,896223.0
6623.257537149884,889504.0
6623.437357458809,884179.0
6623.617177767734,888572.0
6623.796998076659,899733.0
6623.976818385584,893607.0
6624.156638694509,884287.0
6624.336459003433,883297.0
6624.516279312358,887840.0
6624.696099621284,893628.0
6624.8759199302085,887844.0
6625.055740239133,881777.0
6625.235560548058,880218.0
6625.415380856983,885325.0
6625.595201165907,884217.0
6625.775021474833,882560.0
6625.954841783758,881204.0
6626.134662092682,874882.0
6626.314482401607,879023.0
6626.494302710532,878426.0
6626.674123019457,874100.0
6626.853943328382,876827.0
6627.033763637307,880139.0
6627.213583946232,876888.0
6627.393404255156,879568.0
6627.573224564081,884069.0
6627.753044873007,881599.0
6627.932865181931,876768.0
6628.112685490856,869029.0
6628.292505799781,864219.0
6628.472326108706,861994.0
6628.65214641763,864555.0
6628.831966726556,865084.0
6629.011787035481,866795.0
6629.191607344405,869985.0
6629.37142765333,871606.0
6629.551247962255,873486.0
6629.7310682711795,867143.0
6629.910888580105,861972.0
6630.09070888903,859994.0
6630.270529197955,860280.0
6630.450349506879,863259.0
6630.630169815804,862115.0
6630.80999012473,857132.0
6630.989810433654,859472.0
6631.169630742579,862209.0
6631.349451051504,865348.0
6631.5292713604285,861431.0
6631.709091669353,861511.0
6631.888911978279,861654.0
6632.068732287204,860599.0
6632.248552596128,858027.0
6632.428372905053,855517.0
6632.608193213978,854463.0
6632.788013522903,853900.0
6632.967833831828,851449.0
6633.147654140753,849428.0
6633.3274744496775,850815.0
6633.507294758602,847551.0
6633.687115067527,849312.0
6633.866935376453,854776.0
6634.046755685377,853734.0
6634.226575994302,851170.0
6634.406396303227,850185.0
6634.5862166121515,852233.0
6634.766036921076,851763.0
6634.945857230002,848126.0
6635.1256775389265,844325.0
6635.305497847851,840027.0
6635.485318156776,845309.0
6635.665138465701,850330.0
6635.844958774626,843217.0
6636.024779083551,840226.0
6636.204599392476,838164.0
6636.3844197014005,842243.0
6636.564240010325,841052.0
6636.74406031925,835740.0
6636.9238806281755,831659.0
6637.1037009371,834911.0
6637.283521246025,837712.0
6637.46334155495,832649.0
6637.643161863874,829002.0
6637.8229821728,829136.0
6638.002802481725,829942.0
6638.1826227906495,832988.0
6638.362443099574,829824.0
6638.542263408499,827530.0
6638.722083717424,831159.0
6638.901904026349,828634.0
6639.081724335274,819460.0
6639.261544644199,817672.0
6639.441364953123,817289.0
6639.621185262048,812466.0
6639.801005570973,817566.0
6639.9808258798985,823337.0
6640.160646188823,823566.0
6640.340466497748,822248.0
6640.520286806673,819208.0
6640.700107115597,818477.0
6640.879927424523,817981.0
6641.059747733448,813796.0
6641.239568042372,810345.0
6641.419388351297,813664.0
6641.599208660222,812680.0
6641.779028969147,807432.0
6641.958849278072,803276.0
6642.138669586997,806461.0
6642.318489895922,807704.0
6642.498310204846,803595.0
6642.678130513771,796873.0
6642.857950822696,801889.0
6643.037771131621,803938.0
6643.217591440546,800760.0
6643.397411749471,796926.0
6643.577232058396,798019.0
6643.75705236732,796672.0
6643.936872676246,798466.0
6644.116692985171,796228.0
6644.296513294095,796311.0
6644.47633360302,792674.0
6644.656153911945,785380.0
6644.8359742208695,791431.0
6645.015794529795,795924.0
6645.19561483872,791219.0
6645.375435147645,782998.0
6645.555255456569,779840.0
6645.735075765494,778827.0
6645.914896074419,780374.0
6646.094716383344,782579.0
6646.274536692269,782978.0
6646.454357001194,781063.0
6646.6341773101185,778456.0
6646.813997619043,776775.0
6646.993817927969,776412.0
6647.173638236894,774857.0
6647.353458545818,771894.0
6647.533278854743,776543.0
6647.713099163668,776329.0
6647.892919472592,777010.0
6648.072739781518,769654.0
6648.252560090443,766139.0
6648.4323803993675,766141.0
6648.612200708292,769758.0
6648.792021017217,766805.0
6648.971841326143,764837.0
6649.151661635067,765247.0
6649.331481943992,765210.0
6649.511302252917,767169.0
6649.691122561841,762561.0
6649.870942870766,759101.0
6650.050763179692,759340.0
6650.2305834886165,763389.0
6650.410403797541,771535.0
6650.590224106466,768615.0
6650.770044415391,763526.0
6650.949864724316,756970.0
6651.129685033241,749842.0
6651.309505342166,749932.0
6651.48932565109,752476.0
6651.669145960015,755153.0
6651.84896626894,753173.0
6652.0287865778655,745352.0
6652.20860688679,742549.0
6652.388427195715,739957.0
6652.56824750464,737130.0
6652.748067813564,738662.0
6652.927888122489,743183.0
6653.107708431415,738975.0
6653.287528740339,741879.0
6653.467349049264,740526.0
6653.647169358189,739721.0
6653.826989667114,737855.0
6654.006809976039,735134.0
6654.186630284964,734149.0
6654.366450593889,734080.0
6654.546270902813,735041.0
6654.726091211738,728605.0
6654.905911520663,727394.0
6655.085731829588,726276.0
6655.265552138513,728029.0
6655.445372447438,727587.0
6655.625192756363,727993.0
6655.805013065287,727170.0
6655.984833374212,723479.0
6656.164653683138,720442.0
6656.344473992062,722357.0
6656.524294300987,719447.0
6656.704114609912,720489.0
6656.8839349188365,721851.0
6657.063755227762,712676.0
6657.243575536687,710093.0
6657.423395845612,710074.0
6657.603216154536,710750.0
6657.783036463461,709673.0
6657.962856772386,707270.0
6658.142677081311,703961.0
6658.322497390236,703616.0
6658.502317699161,704174.0
6658.6821380080855,699369.0
6658.86195831701,702625.0
6659.041778625935,703768.0
6659.221598934861,704147.0
6659.401419243785,701644.0
6659.58123955271,699867.0
6659.761059861635,698287.0
6659.9408801705595,699848.0
6660.120700479485,696869.0
6660.30052078841,691486.0
6660.4803410973345,689150.0
6660.660161406259,689894.0
6660.839981715184,690263.0
6661.019802024109,690153.0
6661.199622333034,688099.0
6661.379442641959,685130.0
6661.559262950884,685051.0
6661.7390832598085,682142.0
6661.918903568733,678274.0
6662.098723877659,680387.0
6662.2785441865835,675935.0
6662.458364495508,673888.0
6662.638184804433,675737.0
6662.818005113358,675707.0
6662.997825422282,675009.0
6663.177645731208,676777.0
6663.357466040133,677299.0
6663.5372863490575,668742.0
6663.717106657982,666585.0
6663.896926966907,669050.0
6664.0767472758325,669932.0
6664.256567584757,668594.0
6664.436387893682,664030.0
6664.616208202607,662493.0
6664.796028511531,662193.0
6664.975848820456,656421.0
6665.155669129382,655429.0
6665.3354894383065,653227.0
6665.515309747231,655513.0
6665.695130056156,658161.0
6665.874950365081,656473.0
6666.054770674005,654142.0
6666.234590982931,651406.0
6666.414411291856,654114.0
6666.59423160078,651709.0
6666.774051909705,653655.0
6666.95387221863,650091.0
6667.1336925275555,651683.0
6667.31351283648,647579.0
6667.493333145405,640422.0
6667.67315345433,641250.0
6667.852973763254,644361.0
6668.032794072179,640325.0
6668.212614381105,640914.0
6668.392434690029,636353.0
6668.572254998954,632651.0
6668.752075307879,633829.0
6668.931895616804,637647.0
6669.111715925728,634899.0
6669.291536234654,635584.0
6669.471356543579,632183.0
6669.651176852503,626676.0
6669.830997161428,624981.0
6670.010817470353,618541.0
6670.190637779278,615431.0
6670.370458088203,619352.0
6670.550278397128,620233.0
6670.730098706053,613938.0
6670.909919014977,612752.0
6671.089739323902,615815.0
6671.269559632828,614369.0
6671.449379941752,608375.0
6671.629200250677,614144.0
6671.809020559602,613931.0
6671.9888408685265,612693.0
6672.168661177451,605284.0
6672.348481486377,607204.0
6672.528301795302,608942.0
6672.708122104226,608179.0
6672.887942413151,601816.0
6673.067762722076,594790.0
6673.247583031001,594805.0
6673.427403339926,594850.0
6673.607223648851,592859.0
6673.7870439577755,591236.0
6673.9668642667,590366.0
6674.146684575625,587494.0
6674.326504884551,584621.0
6674.506325193475,586577.0
6674.6861455024,586376.0
6674.865965811325,583378.0
6675.045786120249,578587.0
6675.225606429175,578335.0
6675.4054267381,581582.0
6675.5852470470245,577471.0
6675.765067355949,574106.0
6675.944887664874,572160.0
6676.124707973799,572640.0
6676.304528282724,570760.0
6676.484348591649,568331.0
6676.664168900574,564954.0
6676.843989209498,564621.0
6677.023809518423,564306.0
6677.203629827348,564546.0
6677.3834501362735,561956.0
6677.563270445198,557502.0
6677.743090754123,553096.0
6677.922911063048,554166.0
6678.102731371972,555452.0
6678.282551680898,551350.0
6678.462371989823,546748.0
6678.642192298747,548808.0
6678.822012607672,548081.0
6679.001832916597,546980.0
6679.181653225522,544121.0
6679.361473534447,545799.0
6679.541293843372,543826.0
6679.721114152297,536412.0
6679.900934461221,539251.0
6680.080754770146,538716.0
6680.260575079072,537049.0
6680.440395387996,537623.0
6680.620215696921,531932.0
6680.800036005846,529187.0
6680.979856314771,529907.0
6681.159676623695,529466.0
6681.339496932621,531215.0
6681.519317241546,529753.0
6681.69913755047,527176.0
6681.878957859395,525210.0
6682.05877816832,528134.0
6682.2385984772445,526336.0
6682.41841878617,522515.0
6682.598239095095,518155.0
6682.77805940402,517075.0
6682.957879712944,516984.0
6683.137700021869,515828.0
6683.317520330795,516980.0
6683.497340639719,515940.0
6683.677160948644,509068.0
6683.856981257569,510812.0
6684.0368015664935,513037.0
6684.216621875418,507961.0
6684.396442184344,504128.0
6684.576262493269,504678.0
6684.756082802193,504929.0
6684.935903111118,501553.0
6685.115723420043,501127.0
6685.2955437289675,502546.0
6685.475364037893,499598.0
6685.655184346818,493394.0
6685.8350046557425,493116.0
6686.014824964667,487910.0
6686.194645273592,486710.0
6686.374465582518,489556.0
6686.554285891442,490316.0
6686.734106200367,486939.0
6686.913926509292,483250.0
6687.0937468182165,487387.0
6687.273567127141,486656.0
6687.453387436067,482250.0
6687.6332077449915,480729.0
6687.813028053916,476425.0
6687.992848362841,473503.0
6688.172668671766,475559.0
6688.35248898069,477126.0
6688.532309289616,475501.0
6688.712129598541,472000.0
6688.8919499074655,471216.0
6689.07177021639,468729.0
6689.251590525315,463508.0
6689.4314108342405,464344.0
6689.611231143165,466320.0
6689.79105145209,464940.0
6689.970871761015,458548.0
6690.150692069939,456538.0
6690.330512378864,456175.0
6690.51033268779,455517.0
6690.6901529967145,455531.0
6690.869973305639,456449.0
6691.049793614564,454757.0
6691.229613923489,449529.0
6691.409434232414,444294.0
6691.589254541339,443936.0
6691.769074850264,444874.0
6691.948895159188,442371.0
6692.128715468113,441241.0
6692.308535777038,439592.0
6692.4883560859635,442373.0
6692.668176394888,441841.0
6692.847996703813,438423.0
6693.027817012738,437833.0
6693.207637321662,433338.0
6693.387457630588,433348.0
6693.567277939513,432482.0
6693.747098248437,426409.0
6693.926918557362,424543.0
6694.106738866287,423601.0
6694.286559175212,424704.0
6694.466379484137,420637.0
6694.646199793062,422497.0
6694.826020101987,417127.0
6695.005840410911,414820.0
6695.185660719836,416938.0
6695.365481028761,414450.0
6695.545301337686,414724.0
6695.725121646611,413177.0
6695.904941955536,409430.0
6696.084762264461,407708.0
6696.264582573385,404754.0
6696.444402882311,402850.0
6696.624223191236,400379.0
6696.80404350016,401565.0
6696.983863809085,401711.0
6697.16368411801,400115.0
6697.3435044269345,397128.0
6697.52332473586,397127.0
6697.703145044785,396205.0
6697.88296535371,392828.0
6698.062785662634,391771.0
6698.242605971559,387300.0
6698.422426280484,386104.0
6698.602246589409,388326.0
6698.782066898334,388821.0
6698.961887207259,385058.0
6699.1417075161835,382389.0
6699.321527825108,382245.0
6699.501348134034,379864.0
6699.681168442959,378234.0
6699.860988751883,373520.0
6700.040809060808,374150.0
6700.220629369733,375302.0
6700.400449678657,372561.0
6700.580269987583,370107.0
6700.760090296508,367257.0
6700.9399106054325,366376.0
6701.119730914357,363191.0
6701.299551223282,363686.0
6701.479371532207,362036.0
6701.659191841132,364402.0
6701.839012150057,365117.0
6702.018832458982,359385.0
6702.198652767906,354425.0
6702.378473076831,354170.0
6702.558293385757,353701.0
6702.7381136946815,352872.0
6702.917934003606,350542.0
6703.097754312531,350139.0
6703.277574621456,349377.0
6703.45739493038,347607.0
6703.637215239306,347779.0
6703.817035548231,344702.0
6703.996855857155,340533.0
6704.17667616608,341155.0
6704.356496475005,337685.0
6704.5363167839305,334454.0
6704.716137092855,335443.0
6704.89595740178,333757.0
6705.075777710705,333812.0
6705.255598019629,330048.0
6705.435418328554,327580.0
6705.61523863748,324630.0
6705.795058946404,325237.0
6705.974879255329,326190.0
6706.154699564254,322587.0
6706.334519873179,319296.0
6706.514340182104,319663.0
6706.694160491029,316907.0
6706.873980799954,313184.0
6707.053801108878,309554.0
6707.233621417803,310633.0
6707.413441726728,313892.0
6707.593262035653,311023.0
6707.773082344578,309063.0
6707.952902653503,305471.0
6708.132722962428,304391.0
6708.312543271352,302683.0
6708.492363580277,304129.0
6708.672183889203,300852.0
6708.852004198127,295954.0
6709.031824507052,296109.0
6709.211644815977,294895.0
6709.3914651249015,292934.0
6709.571285433827,291321.0
6709.751105742752,290266.0
6709.930926051677,290632.0
6710.110746360601,286850.0
6710.290566669526,284903.0
6710.470386978451,283121.0
6710.650207287376,284532.0
6710.830027596301,283576.0
6711.009847905226,283250.0
6711.1896682141505,283722.0
6711.369488523075,280783.0
6711.549308832,279633.0
6711.729129140926,275773.0
6711.90894944985,272465.0
6712.088769758775,273056.0
6712.2685900677,272406.0
6712.448410376624,268235.0
6712.62823068555,266422.0
6712.808050994475,267074.0
6712.9878713033995,264232.0
6713.167691612324,263012.0
6713.347511921249,261926.0
6713.527332230174,261945.0
6713.707152539099,260111.0
6713.886972848024,259715.0
6714.066793156949,256909.0
6714.246613465873,256161.0
6714.426433774798,254416.0
6714.606254083723,251935.0
6714.7860743926485,252669.0
6714.965894701573,252308.0
6715.145715010498,250824.0
6715.325535319423,248359.0
6715.505355628347,244115.0
6715.685175937273,243408.0
6715.864996246198,244036.0
6716.044816555122,242165.0
6716.224636864047,239980.0
6716.404457172972,236109.0
6716.584277481897,233654.0
6716.764097790822,232782.0
6716.943918099747,233413.0
6717.123738408672,234741.0
6717.303558717596,231089.0
6717.483379026521,230942.0
6717.663199335447,230146.0
6717.843019644371,229597.0
6718.022839953296,227400.0
6718.202660262221,225683.0
6718.382480571146,224654.0
6718.56230088007,221657.0
6718.742121188996,220827.0
6718.921941497921,218912.0
6719.101761806845,216692.0
6719.28158211577,216457.0
6719.461402424695,216289.0
6719.6412227336195,217282.0
6719.821043042545,214680.0
6720.00086335147,209700.0
6720.180683660395,208745.0
6720.360503969319,207833.0
6720.540324278244,205542.0
6720.72014458717,204825.0
6720.899964896094,205424.0
6721.079785205019,203251.0
6721.259605513944,201389.0
6721.4394258228685,198752.0
6721.619246131793,198817.0
6721.799066440719,198178.0
6721.978886749644,197126.0
6722.158707058568,194455.0
6722.338527367493,194290.0
6722.518347676418,195537.0
6722.698167985343,194211.0
6722.877988294268,191391.0
6723.057808603193,190514.0
6723.2376289121175,191831.0
6723.417449221042,190731.0
6723.597269529967,186702.0
6723.777089838893,185646.0
6723.956910147817,184558.0
6724.136730456742,182108.0
6724.316550765667,180186.0
6724.4963710745915,179682.0
6724.676191383516,179649.0
6724.856011692442,177788.0
6725.0358320013665,176143.0
6725.215652310291,174584.0
6725.395472619216,172765.0
6725.575292928141,171196.0
6725.755113237066,169997.0
6725.934933545991,168635.0
6726.114753854916,168855.0
6726.2945741638405,169541.0
6726.474394472765,167675.0
6726.65421478169,164984.0
6726.8340350906155,163993.0
6727.01385539954,163872.0
6727.193675708465,163903.0
6727.37349601739,160852.0
6727.553316326314,160719.0
6727.733136635239,159766.0
6727.912956944165,157586.0
6728.0927772530895,155867.0
6728.272597562014,154897.0
6728.452417870939,154067.0
6728.632238179864,154248.0
6728.812058488789,154283.0
6728.991878797714,152815.0
6729.171699106639,151995.0
6729.351519415563,150130.0
6729.531339724488,147838.0
6729.711160033413,147001.0
6729.8909803423385,146360.0
6730.070800651263,146092.0
6730.250620960188,144829.0
6730.430441269113,143028.0
6730.610261578037,144768.0
6730.790081886963,141803.0
6730.969902195888,139921.0
6731.149722504812,140099.0
6731.329542813737,138580.0
6731.509363122662,138536.0
6731.689183431587,136648.0
6731.869003740512,135379.0
6732.048824049437,133529.0
6732.228644358362,132150.0
6732.408464667286,130956.0
6732.588284976211,130624.0
6732.768105285136,131337.0
6732.947925594061,129981.0
6733.127745902986,128173.0
6733.307566211911,127750.0
6733.487386520836,127061.0
6733.66720682976,114537.0
