7602.3481050716,4101.73
7602.558981244545,5003.83
7602.76985741749,5926.19
7602.980733590436,8327.45
7603.191609763381,7820.18
7603.402485936326,4699.62
7603.613362109271,3627.99
7603.824238282217,4142.77
7604.035114455162,4235.71
7604.245990628107,3715.72
7604.4568668010525,2896.43
7604.667742973998,3726.02
7604.8786191469435,4673.46
7605.089495319889,5241.8
7605.300371492834,4733.96
7605.51124766578,2577.91
7605.722123838725,3369.04
7605.93300001167,5019.09
7606.143876184615,6653.85
7606.354752357561,5849.65
7606.565628530506,4664.53
7606.776504703451,3531.21
7606.987380876396,3318.21
7607.198257049341,6177.31
7607.409133222287,7378.66
7607.620009395232,7324.0
7607.830885568177,5985.36
7608.041761741122,5809.34
7608.252637914068,6058.96
7608.463514087013,7343.16
7608.674390259958,9377.71
7608.885266432903,8559.67
7609.096142605849,6489.28
7609.307018778794,6114.9
7609.517894951739,5117.03
7609.7287711246845,6089.19
7609.9396472976305,6612.81
7610.1505234705755,6222.05
7610.361399643521,6277.19
7610.572275816466,6331.32
7610.783151989412,8682.93
7610.994028162357,11443.6
7611.204904335302,14832.1
7611.415780508247,15223.1
7611.626656681192,13033.4
7611.837532854138,9450.55
7612.048409027083,5848.33
7612.259285200028,5686.86
7612.470161372973,8740.3
7612.681037545919,9954.06
7612.891913718864,9975.62
7613.102789891809,8531.73
7613.313666064754,9063.53
7613.5245422377,12215.9
7613.735418410645,16642.8
7613.94629458359,21134.8
7614.157170756535,23089.5
7614.368046929481,22832.1
7614.578923102426,20334.5
7614.7897992753715,16535.6
7615.0006754483165,11396.4
7615.2115516212625,9333.55
7615.422427794208,12666.8
7615.633303967153,16238.5
7615.844180140098,15874.4
7616.055056313043,14669.3
7616.265932485989,15659.6
7616.476808658934,20047.0
7616.687684831879,26037.8
7616.898561004824,30990.7
7617.10943717777,33789.4
7617.320313350715,35825.6
7617.53118952366,37161.4
7617.742065696605,36423.2
7617.952941869551,37667.7
7618.163818042496,38085.2
7618.374694215441,37601.9
7618.585570388386,36815.0
7618.796446561332,36570.9
7619.007322734277,36798.3
7619.218198907222,37194.5
7619.429075080167,37630.2
7619.639951253113,36383.4
7619.8508274260585,35521.8
7620.0617035990035,33971.8
7620.272579771949,31655.8
7620.483455944894,28065.4
7620.69433211784,22018.2
7620.905208290785,15817.7
7621.11608446373,13308.1
7621.326960636675,15003.0
7621.537836809621,21545.6
7621.748712982566,28227.7
7621.959589155511,32039.6
7622.170465328456,33985.8
7622.381341501402,33724.5
7622.592217674347,30317.1
7622.803093847292,24822.9
7623.013970020237,19337.3
7623.224846193183,14997.4
7623.435722366128,10968.4
7623.646598539073,11918.2
7623.857474712018,15016.2
7624.068350884964,14939.2
7624.279227057909,12450.5
7624.490103230854,10527.0
7624.7009794037995,10561.0
7624.9118555767445,13761.2
7625.1227317496905,19529.2
7625.333607922636,26883.2
7625.544484095581,31399.9
7625.755360268526,33321.2
7625.966236441472,34562.1
7626.177112614417,33184.0
7626.387988787362,28619.8
7626.598864960307,23209.8
7626.809741133253,16679.3
7627.020617306198,10511.0
7627.231493479143,8217.45
7627.442369652088,8363.37
7627.653245825034,10476.1
7627.864121997979,10956.1
7628.074998170924,9069.97
7628.285874343869,8176.95
7628.496750516815,10099.1
7628.70762668976,14629.3
7628.918502862705,20212.3
7629.12937903565,27381.6
7629.340255208595,32747.7
7629.551131381541,35372.2
7629.762007554486,36584.7
7629.9728837274315,35473.8
7630.183759900377,31890.1
7630.3946360733225,27627.0
7630.605512246268,22733.3
7630.816388419213,17645.5
7631.027264592158,10864.3
7631.238140765104,8596.55
7631.449016938049,9348.86
7631.659893110994,11003.6
7631.870769283939,11224.5
7632.081645456885,9740.04
7632.29252162983,9607.97
7632.503397802775,11405.8
7632.71427397572,16231.6
7632.925150148666,24536.4
7633.136026321611,30144.8
7633.346902494556,34966.5
7633.557778667501,37997.1
7633.768654840446,37877.0
7633.979531013392,37757.0
7634.190407186337,37895.1
7634.401283359282,34625.2
7634.612159532227,29248.0
7634.823035705173,23202.6
7635.0339118781185,17351.9
7635.244788051064,12579.9
7635.455664224009,9824.71
7635.666540396955,10174.2
7635.8774165699,11039.4
7636.088292742845,10346.2
7636.29916891579,9711.72
7636.510045088736,9849.33
7636.720921261681,14106.4
7636.931797434626,20650.5
7637.142673607571,28695.5
7637.353549780517,36066.3
7637.564425953462,40443.0
7637.775302126407,42154.0
7637.986178299352,43139.8
7638.197054472297,43921.3
7638.407930645243,43398.9
7638.618806818188,41831.8
7638.829682991133,40226.0
7639.040559164078,34721.9
7639.251435337024,29079.7
7639.462311509969,21136.2
7639.673187682914,14575.8
7639.8840638558595,11976.0
7640.0949400288055,11262.0
7640.3058162017505,12438.5
7640.516692374696,13083.3
7640.727568547641,13539.5
7640.938444720587,14500.2
7641.149320893532,18153.0
7641.360197066477,25719.7
7641.571073239422,33064.0
7641.781949412368,39916.3
7641.992825585313,45704.4
7642.203701758258,47528.3
7642.414577931203,48182.7
7642.625454104148,50111.5
7642.836330277094,49835.2
7643.047206450039,49418.1
7643.258082622984,47782.6
7643.468958795929,44733.2
7643.679834968875,38766.3
7643.89071114182,31256.2
7644.101587314765,24169.3
7644.31246348771,18926.4
7644.523339660656,17166.5
7644.734215833601,17122.4
7644.9450920065465,18716.5
7645.1559681794915,17733.4
7645.3668443524375,16436.6
7645.577720525383,17189.0
7645.788596698328,23603.8
7645.999472871273,33733.2
7646.210349044219,41699.1
7646.421225217164,46695.4
7646.632101390109,50582.5
7646.842977563054,52627.8
7647.053853735999,54630.1
7647.264729908945,55549.3
7647.47560608189,54441.7
7647.686482254835,54256.1
7647.89735842778,54525.1
7648.108234600726,53429.2
7648.319110773671,50697.9
7648.529986946616,45242.3
7648.740863119561,37619.1
7648.951739292507,31381.3
7649.162615465452,25696.7
7649.373491638397,22129.0
7649.584367811342,23582.6
7649.795243984288,23642.9
7650.006120157233,24086.0
7650.2169963301785,24874.4
7650.427872503124,25832.7
7650.63874867607,30495.3
7650.849624849015,39569.1
7651.06050102196,49232.2
7651.271377194905,55250.0
7651.48225336785,57718.7
7651.693129540796,58043.5
7651.904005713741,60015.5
7652.114881886686,61689.7
7652.325758059631,61505.5
7652.536634232577,61557.8
7652.747510405522,63010.9
7652.958386578467,63493.5
7653.169262751412,61945.7
7653.380138924358,59693.3
7653.591015097303,54440.8
7653.801891270248,46733.0
7654.012767443193,39298.1
7654.223643616139,34213.7
7654.434519789084,33111.9
7654.645395962029,32977.8
7654.8562721349745,32531.3
7655.06714830792,32968.3
7655.2780244808655,33190.1
7655.488900653811,33876.3
7655.699776826756,38839.5
7655.910652999701,47249.0
7656.121529172647,56967.6
7656.332405345592,62035.8
7656.543281518537,63235.1
7656.754157691482,66151.0
7656.965033864428,68040.9
7657.175910037373,68048.1
7657.386786210318,69163.7
7657.597662383263,70687.2
7657.808538556209,70441.8
7658.019414729154,69358.4
7658.230290902099,69141.0
7658.441167075044,67096.8
7658.65204324799,65910.0
7658.862919420935,59644.6
7659.07379559388,54328.5
7659.284671766825,50751.7
7659.495547939771,45737.7
7659.706424112716,42337.1
7659.917300285661,42543.7
7660.1281764586065,43118.2
7660.339052631552,42750.5
7660.5499288044975,42577.3
7660.760804977443,44148.6
7660.971681150388,48229.7
7661.182557323333,54792.5
7661.393433496279,61424.7
7661.604309669224,66935.9
7661.815185842169,71234.9
7662.026062015114,71043.6
7662.23693818806,70892.4
7662.447814361005,72961.1
7662.65869053395,72924.3
7662.869566706895,74179.5
7663.080442879841,73509.0
7663.291319052786,74396.8
7663.502195225731,72203.5
7663.713071398676,72034.9
7663.923947571622,69926.6
7664.134823744567,68863.7
7664.345699917512,66506.0
7664.556576090457,61500.6
7664.767452263402,55673.3
7664.978328436348,51722.5
7665.1892046092935,51506.1
7665.400080782239,50604.5
7665.610956955184,49752.6
7665.82183312813,49102.8
7666.032709301075,49972.4
7666.24358547402,52692.6
7666.454461646965,56100.0
7666.665337819911,60200.3
7666.876213992856,65842.3
7667.087090165801,70875.9
7667.297966338746,73982.4
7667.508842511692,75621.5
7667.719718684637,75415.3
7667.930594857582,75448.1
7668.141471030527,77392.1
7668.352347203473,77296.8
7668.563223376418,76881.8
7668.774099549363,77144.1
7668.984975722308,77157.0
7669.195851895253,76287.7
7669.406728068199,76577.5
7669.617604241144,76276.2
7669.828480414089,73898.4
7670.0393565870345,71628.0
7670.2502327599805,69134.8
7670.4611089329255,64972.2
7670.671985105871,61613.2
7670.882861278816,59833.1
7671.093737451762,59699.7
7671.304613624707,60059.3
7671.515489797652,59487.5
7671.726365970597,60565.4
7671.937242143543,61336.6
7672.148118316488,64255.5
7672.358994489433,66836.5
7672.569870662378,68748.3
7672.780746835324,73430.0
7672.991623008269,77187.1
7673.202499181214,78358.5
7673.413375354159,80292.5
7673.624251527104,79387.3
7673.83512770005,78771.3
7674.046003872995,79122.6
7674.25688004594,79699.0
7674.467756218885,79229.1
7674.678632391831,78117.2
7674.889508564776,77903.8
7675.1003847377215,78244.1
7675.3112609106665,77689.4
7675.5221370836125,78633.4
7675.733013256558,80165.2
7675.943889429503,79187.2
7676.154765602448,76890.0
7676.365641775394,71779.4
7676.576517948339,70430.9
7676.787394121284,69030.0
7676.998270294229,69702.4
7677.209146467175,67972.8
7677.42002264012,66125.2
7677.630898813065,66392.2
7677.84177498601,66689.6
7678.052651158955,69116.8
7678.263527331901,72244.8
7678.474403504846,75622.3
7678.685279677791,79032.1
7678.896155850736,80601.5
7679.107032023682,82467.9
7679.317908196627,80923.0
7679.528784369572,82343.5
7679.739660542517,83984.5
7679.950536715463,80622.6
7680.161412888408,79353.4
7680.3722890613535,80492.9
7680.583165234299,81960.3
7680.794041407245,83907.1
7681.00491758019,84353.0
7681.215793753135,83822.7
7681.42666992608,84591.3
7681.637546099026,84552.5
7681.848422271971,83633.5
7682.059298444916,83451.6
7682.270174617861,81116.9
7682.481050790806,79612.2
7682.691926963752,77859.2
7682.902803136697,76184.1
7683.113679309642,75240.3
7683.324555482587,74358.5
7683.535431655533,73908.8
7683.746307828478,75549.7
7683.957184001423,76506.3
7684.168060174368,77558.0
7684.378936347314,79598.6
7684.589812520259,80854.7
7684.800688693204,83032.7
7685.0115648661495,84561.9
7685.222441039095,84227.4
7685.4333172120405,86687.5
7685.644193384986,85237.9
7685.855069557931,83596.8
7686.065945730877,82125.0
7686.276821903822,85893.6
7686.487698076767,88528.2
7686.698574249712,86953.1
7686.909450422657,85269.8
7687.120326595603,84708.8
7687.331202768548,85631.6
7687.542078941493,86522.0
7687.752955114438,85363.6
7687.963831287384,84208.6
7688.174707460329,83899.9
7688.385583633274,84008.5
7688.596459806219,84942.2
7688.807335979165,83736.3
7689.01821215211,82915.0
7689.229088325055,81432.5
7689.439964498,82044.3
7689.650840670946,82059.2
7689.861716843891,81851.4
7690.072593016836,80125.5
7690.2834691897815,79710.1
7690.4943453627275,81051.6
7690.7052215356725,80831.7
7690.916097708618,81767.0
7691.126973881563,83946.5
7691.337850054508,84940.9
7691.548726227454,85589.2
7691.759602400399,86239.6
7691.970478573344,86801.6
7692.181354746289,87415.8
7692.392230919235,88157.1
7692.60310709218,87319.0
7692.813983265125,85182.8
7693.02485943807,86875.9
7693.235735611016,87287.4
7693.446611783961,86677.0
7693.657487956906,87971.0
7693.868364129851,87871.7
7694.079240302797,87441.8
7694.290116475742,87253.0
7694.500992648687,87492.0
7694.711868821632,87813.2
7694.922744994578,87197.0
7695.133621167523,86891.0
7695.3444973404685,87232.6
7695.5553735134135,87214.5
7695.766249686359,86743.9
7695.977125859305,86157.6
7696.18800203225,86833.8
7696.398878205195,84775.3
7696.60975437814,83887.2
7696.820630551086,82444.8
7697.031506724031,84740.2
7697.242382896976,87075.0
7697.453259069921,86342.4
7697.664135242867,86472.4
7697.875011415812,88274.2
7698.085887588757,89374.8
7698.296763761702,88730.2
7698.507639934648,87845.2
7698.718516107593,86177.9
7698.929392280538,86284.7
7699.140268453483,87981.2
7699.351144626429,86963.4
7699.562020799374,85493.9
7699.772896972319,85422.3
7699.983773145264,86240.8
7700.1946493182095,86693.9
7700.4055254911555,86921.1
7700.6164016641005,87589.0
7700.827277837046,87548.6
7701.038154009991,87786.8
7701.249030182937,86994.9
7701.459906355882,87977.9
7701.670782528827,88590.3
7701.881658701772,89221.3
7702.092534874718,88802.0
7702.303411047663,88267.5
7702.514287220608,88674.5
7702.725163393553,89906.7
7702.936039566499,87800.3
7703.146915739444,86492.1
7703.357791912389,88244.9
7703.568668085334,87157.9
7703.77954425828,85855.4
7703.990420431225,85859.4
7704.20129660417,86368.3
7704.412172777115,86859.4
7704.62304895006,87783.5
7704.833925123006,88414.1
7705.044801295951,88863.9
7705.2556774688965,89150.8
7705.4665536418415,90973.9
7705.6774298147875,90828.3
7705.888305987733,90201.0
7706.099182160678,90742.3
7706.310058333623,90976.9
7706.520934506569,90375.8
7706.731810679514,89323.0
7706.942686852459,89768.9
7707.153563025404,91434.0
7707.36443919835,91927.9
7707.575315371295,91166.0
7707.78619154424,90794.4
7707.997067717185,92733.6
7708.207943890131,94518.8
7708.418820063076,93097.9
7708.629696236021,92711.0
7708.840572408966,93815.6
7709.051448581911,95240.0
7709.262324754857,98195.3
7709.473200927802,96758.1
7709.684077100747,96022.8
7709.894953273692,96334.9
7710.105829446638,95331.0
7710.316705619583,95303.7
7710.5275817925285,94788.1
7710.738457965474,96829.7
7710.9493341384195,95342.2
7711.160210311365,94753.2
7711.37108648431,96357.6
7711.581962657255,95946.4
7711.792838830201,95012.3
7712.003715003146,93647.9
7712.214591176091,92904.3
7712.425467349036,94484.7
7712.636343521982,94507.6
7712.847219694927,92490.3
7713.058095867872,93612.8
7713.268972040817,95934.1
7713.479848213762,95758.6
7713.690724386708,95147.2
7713.901600559653,94526.7
7714.112476732598,95297.8
7714.323352905543,95436.0
7714.534229078489,94189.2
7714.745105251434,93883.9
7714.955981424379,94376.7
7715.166857597324,93786.8
7715.37773377027,95260.5
7715.5886099432155,94493.5
7715.799486116161,94420.7
7716.010362289106,94213.1
7716.221238462052,95337.7
7716.432114634997,93927.2
7716.642990807942,93153.4
7716.853866980887,93052.0
7717.064743153833,93170.2
7717.275619326778,91570.4
7717.486495499723,91588.9
7717.697371672668,91648.1
7717.908247845613,89996.5
7718.119124018559,90816.2
7718.330000191504,90099.9
7718.540876364449,89300.1
7718.751752537394,90380.5
7718.96262871034,89357.3
7719.173504883285,89823.1
7719.38438105623,90851.5
7719.595257229175,89645.6
7719.806133402121,89198.6
7720.017009575066,90501.6
7720.227885748011,89262.9
7720.4387619209565,88369.1
7720.6496380939025,88972.1
7720.8605142668475,87492.5
7721.071390439793,89143.1
7721.282266612738,87759.4
7721.493142785684,88146.4
7721.704018958629,88149.6
7721.914895131574,88033.1
7722.125771304519,89072.7
7722.336647477464,88827.8
7722.54752365041,88681.2
7722.758399823355,87776.3
7722.9692759963,87108.6
7723.180152169245,87512.3
7723.391028342191,88030.5
7723.601904515136,88379.7
7723.812780688081,88636.6
7724.023656861026,88897.8
7724.234533033972,87961.5
7724.445409206917,89673.0
7724.656285379862,89644.6
7724.867161552807,89418.2
7725.078037725753,89194.1
7725.288913898698,87635.4
7725.4997900716435,89005.7
7725.7106662445885,90200.4
7725.9215424175345,89689.6
7726.13241859048,88444.7
7726.343294763425,86637.9
7726.55417093637,87605.7
7726.765047109315,88084.8
7726.975923282261,87641.1
7727.186799455206,89038.6
7727.397675628151,88423.5
7727.608551801096,89174.0
7727.819427974042,90411.6
7728.030304146987,90013.1
7728.241180319932,88411.0
7728.452056492877,88223.4
7728.662932665823,87083.6
7728.873808838768,85637.5
7729.084685011713,86603.3
7729.295561184658,88529.0
7729.506437357604,87098.6
7729.717313530549,87634.2
7729.928189703494,87414.4
7730.139065876439,86848.0
7730.349942049385,88261.0
7730.56081822233,89346.9
7730.7716943952755,88748.0
7730.982570568221,87699.3
7731.193446741166,87237.2
7731.404322914112,88553.1
7731.615199087057,89215.2
7731.826075260002,88845.4
7732.036951432947,88349.0
7732.247827605893,88970.9
7732.458703778838,88532.9
7732.669579951783,87842.1
7732.880456124728,88502.3
7733.091332297674,87627.2
7733.302208470619,88199.6
7733.513084643564,88194.5
7733.723960816509,86017.6
7733.934836989455,85321.6
7734.1457131624,87237.2
7734.356589335345,87883.7
7734.56746550829,86579.6
7734.778341681236,86638.9
7734.989217854181,88034.5
7735.200094027126,87631.0
7735.4109702000715,85851.9
7735.6218463730165,86693.9
7735.8327225459625,88229.6
7736.043598718908,88345.3
7736.254474891853,87981.4
7736.465351064798,87509.0
7736.676227237744,86531.0
7736.887103410689,86614.1
7737.097979583634,87996.1
7737.308855756579,86898.6
7737.519731929525,86175.1
7737.73060810247,86293.9
7737.941484275415,86383.7
7738.15236044836,86160.4
7738.363236621306,86066.7
7738.574112794251,85174.7
7738.784988967196,85494.4
7738.995865140141,87080.4
7739.206741313087,87886.7
7739.417617486032,86440.3
7739.628493658977,86314.6
7739.839369831922,85068.9
7740.050246004867,84700.3
7740.261122177813,84874.1
7740.471998350758,83187.4
7740.6828745237035,82389.8
7740.893750696649,85364.7
7741.1046268695945,85944.3
7741.31550304254,85790.6
7741.526379215485,85822.9
7741.73725538843,84139.9
7741.948131561376,84063.4
7742.159007734321,85905.2
7742.369883907266,85838.1
7742.580760080211,86021.4
7742.791636253157,85053.0
7743.002512426102,82645.2
7743.213388599047,84308.1
7743.424264771992,85972.8
7743.635140944938,84326.7
7743.846017117883,83514.2
7744.056893290828,84808.3
7744.267769463773,84253.0
7744.478645636718,82823.3
7744.689521809664,84718.4
7744.900397982609,83356.8
7745.111274155554,83652.9
7745.322150328499,83927.7
7745.533026501445,82911.2
7745.7439026743905,83176.5
7745.954778847336,83708.4
7746.165655020281,82479.0
7746.376531193227,83451.4
7746.587407366172,81872.7
7746.798283539117,83202.4
7747.009159712062,83769.8
7747.220035885008,83479.4
7747.430912057953,83757.1
7747.641788230898,83703.3
7747.852664403843,83938.1
7748.063540576789,84274.3
7748.274416749734,83922.2
7748.485292922679,83334.0
7748.696169095624,81904.5
7748.907045268569,81615.4
7749.117921441515,83065.4
7749.32879761446,82922.7
7749.539673787405,82950.2
7749.75054996035,83844.3
7749.961426133296,82945.9
7750.172302306241,83224.5
7750.383178479186,83620.8
7750.5940546521315,84489.3
7750.8049308250775,83730.1
7751.0158069980225,81699.4
7751.226683170968,81600.9
7751.437559343913,82975.8
7751.648435516859,82737.8
7751.859311689804,82666.3
7752.070187862749,82847.9
7752.281064035694,83291.7
7752.49194020864,81782.2
7752.702816381585,81355.7
7752.91369255453,81598.0
7753.124568727475,81317.2
7753.33544490042,82533.1
7753.546321073366,82907.9
7753.757197246311,80982.3
7753.968073419256,81562.8
7754.178949592201,82381.4
7754.389825765147,81640.6
7754.600701938092,81731.1
7754.811578111037,80714.2
7755.022454283982,80787.2
7755.233330456928,81211.0
7755.444206629873,81627.6
7755.6550828028185,81156.8
7755.8659589757635,80748.8
7756.0768351487095,80069.8
7756.287711321655,79541.0
7756.4985874946,79294.7
7756.709463667545,81123.3
7756.920339840491,83149.1
7757.131216013436,81166.7
7757.342092186381,80946.3
7757.552968359326,80155.7
7757.763844532271,78727.7
7757.974720705217,80267.7
7758.185596878162,81000.8
7758.396473051107,79240.3
7758.607349224052,78782.0
7758.818225396998,78721.9
7759.029101569943,78986.5
7759.239977742888,80298.7
7759.450853915833,78508.0
7759.661730088779,78010.9
7759.872606261724,79161.0
7760.083482434669,79086.2
7760.294358607614,79180.6
7760.50523478056,79410.2
7760.716110953505,77660.3
7760.9269871264505,76982.4
7761.137863299396,76060.9
7761.348739472342,76947.9
7761.559615645287,78635.8
7761.770491818232,78290.1
7761.981367991177,78537.4
7762.192244164122,78233.3
7762.403120337068,77834.0
7762.613996510013,78430.4
7762.824872682958,80556.5
7763.035748855903,79726.0
7763.246625028849,78612.0
7763.457501201794,78020.6
7763.668377374739,78931.4
7763.879253547684,79136.4
7764.09012972063,77520.1
7764.301005893575,76752.4
7764.51188206652,77418.0
7764.722758239465,77153.3
7764.933634412411,77858.9
7765.144510585356,77442.7
7765.355386758301,77340.1
7765.5662629312465,77810.0
7765.777139104192,76380.6
7765.9880152771375,74691.3
7766.198891450083,76361.8
7766.409767623028,75960.2
7766.620643795973,78194.6
7766.831519968919,78524.7
7767.042396141864,78849.5
7767.253272314809,77568.9
7767.464148487754,77502.9
7767.6750246607,77230.9
7767.885900833645,78598.2
7768.09677700659,78110.2
7768.307653179535,78283.3
7768.518529352481,76858.3
7768.729405525426,79098.9
7768.940281698371,79377.5
7769.151157871316,80164.8
7769.362034044262,79483.4
7769.572910217207,80401.6
7769.783786390152,78650.3
7769.994662563097,78457.4
7770.205538736043,78530.9
7770.416414908988,80858.3
7770.627291081933,79824.5
7770.8381672548785,78492.6
7771.049043427824,78281.5
7771.2599196007695,77823.5
7771.470795773715,77352.3
7771.68167194666,78940.6
7771.892548119605,76805.8
7772.103424292551,76099.4
7772.314300465496,75951.7
7772.525176638441,75678.6
7772.736052811386,75538.8
7772.946928984332,74982.5
7773.157805157277,74894.8
7773.368681330222,74604.0
7773.579557503167,74437.1
7773.790433676113,75642.9
7774.001309849058,76571.2
7774.212186022003,73958.4
7774.423062194948,73040.1
7774.633938367894,72397.3
7774.844814540839,73563.3
7775.055690713784,74493.8
7775.266566886729,74890.9
7775.477443059674,74243.2
7775.68831923262,74421.3
7775.8991954055655,74923.8
7776.1100715785105,75387.1
7776.320947751456,74258.3
7776.531823924402,75463.2
7776.742700097347,75330.9
7776.953576270292,74886.9
7777.164452443237,73888.8
7777.375328616183,74827.1
7777.586204789128,73095.1
7777.797080962073,73960.9
7778.007957135018,75610.2
7778.218833307964,75289.6
7778.429709480909,74022.0
7778.640585653854,72145.4
7778.851461826799,73655.9
7779.062337999745,73983.9
7779.27321417269,75121.6
7779.484090345635,75198.3
7779.69496651858,74499.3
7779.905842691525,73831.0
7780.116718864471,73053.9
7780.327595037416,72841.0
7780.538471210361,71459.7
7780.7493473833065,71502.0
7780.9602235562525,72018.2
7781.1710997291975,71868.7
7781.381975902143,71945.1
7781.592852075088,70430.9
7781.803728248034,72351.1
7782.014604420979,71271.4
7782.225480593924,69318.4
7782.436356766869,69432.9
7782.647232939815,72681.0
7782.85810911276,73259.4
7783.068985285705,71099.1
7783.27986145865,71346.6
7783.490737631596,69716.4
7783.701613804541,69234.7
7783.912489977486,69969.0
7784.123366150431,69615.9
7784.334242323376,70263.6
7784.545118496322,70513.4
7784.755994669267,69874.0
7784.966870842212,69587.3
7785.177747015157,68902.2
7785.388623188103,68214.8
7785.599499361048,68680.4
7785.8103755339935,69308.0
7786.0212517069385,69065.4
7786.2321278798845,67622.8
7786.44300405283,67369.3
7786.653880225775,67821.8
7786.86475639872,68069.6
7787.075632571666,67164.9
7787.286508744611,69003.0
7787.497384917556,67490.5
7787.708261090501,67077.5
7787.919137263447,65438.2
7788.130013436392,65836.5
7788.340889609337,64119.1
7788.551765782282,66510.5
7788.762641955227,68226.2
7788.973518128173,66418.2
7789.184394301118,65878.3
7789.395270474063,67396.5
7789.606146647008,66193.0
7789.817022819954,66037.8
7790.027898992899,66489.9
7790.238775165844,68221.0
7790.449651338789,66977.3
7790.660527511735,64548.8
7790.87140368468,63547.8
7791.0822798576255,64570.8
7791.293156030571,66240.7
7791.5040322035165,65732.2
7791.714908376462,67201.2
7791.925784549407,66902.8
7792.136660722352,65693.5
7792.347536895298,65312.9
7792.558413068243,64948.7
7792.769289241188,64957.3
7792.980165414133,64474.7
7793.191041587078,65176.9
7793.401917760024,66076.7
7793.612793932969,66358.4
7793.823670105914,63798.9
7794.034546278859,64202.4
7794.245422451805,64808.9
7794.45629862475,65681.6
7794.667174797695,65124.9
7794.87805097064,65737.8
7795.088927143586,64812.6
7795.299803316531,62801.9
7795.510679489476,65458.9
7795.721555662421,64116.3
7795.932431835367,63437.4
7796.1433080083125,64922.9
7796.354184181258,64138.5
7796.565060354203,64233.3
7796.775936527149,62844.6
7796.986812700094,63130.0
7797.197688873039,64231.4
7797.408565045984,63010.2
7797.619441218929,62315.8
7797.830317391875,62337.5
7798.04119356482,61644.1
7798.252069737765,62626.7
7798.46294591071,62303.7
7798.673822083656,61235.3
7798.884698256601,61030.0
7799.095574429546,62293.4
7799.306450602491,62731.2
7799.517326775437,61124.6
7799.728202948382,62283.9
7799.939079121327,61343.6
7800.149955294272,60320.0
7800.360831467218,58882.5
7800.571707640163,60206.8
7800.782583813108,61120.8
7800.9934599860535,61948.2
7801.2043361589995,62191.3
7801.4152123319445,60730.3
7801.62608850489,59988.3
7801.836964677835,60027.7
7802.04784085078,59364.9
7802.258717023726,59053.1
7802.469593196671,60712.6
7802.680469369616,60456.0
7802.891345542561,59862.6
7803.102221715507,60063.0
7803.313097888452,58934.3
7803.523974061397,58545.1
7803.734850234342,57771.5
7803.945726407288,59349.3
7804.156602580233,60362.1
7804.367478753178,59552.8
7804.578354926123,58560.3
7804.789231099069,58949.8
7805.000107272014,57573.4
7805.210983444959,58080.8
7805.421859617904,58354.3
7805.63273579085,56841.8
7805.843611963795,57972.4
7806.0544881367405,57176.0
7806.2653643096855,56756.6
7806.476240482631,57466.8
7806.687116655577,57790.8
7806.897992828522,56479.6
7807.108869001467,55319.3
7807.319745174412,56603.7
7807.530621347358,56233.0
7807.741497520303,57027.0
7807.952373693248,56797.9
7808.163249866193,56831.4
7808.374126039139,57706.0
7808.585002212084,56568.1
7808.795878385029,56547.7
7809.006754557974,57336.6
7809.21763073092,56908.8
7809.428506903865,54657.3
7809.63938307681,53889.6
7809.850259249755,56240.5
7810.061135422701,55837.8
7810.272011595646,53976.9
7810.482887768591,55345.7
7810.693763941536,57608.9
7810.9046401144815,57173.6
7811.115516287427,54789.3
7811.3263924603725,53973.8
7811.537268633318,54614.8
7811.748144806263,53916.0
7811.959020979209,53632.9
7812.169897152154,55166.4
7812.380773325099,56303.6
7812.591649498044,54404.0
7812.80252567099,51647.8
7813.013401843935,52321.1
7813.22427801688,53961.3
7813.435154189825,53864.3
7813.646030362771,54490.4
7813.856906535716,52590.8
7814.067782708661,54136.5
7814.278658881606,54349.9
7814.489535054552,53713.5
7814.700411227497,51576.5
7814.911287400442,51334.2
7815.122163573387,52997.3
7815.333039746332,53963.7
7815.543915919278,53821.0
7815.754792092223,52985.0
7815.9656682651685,54464.6
7816.1765444381135,52982.0
7816.3874206110595,50832.2
7816.598296784005,51024.4
7816.80917295695,50819.7
7817.020049129895,51497.0
7817.230925302841,51322.9
7817.441801475786,50158.8
7817.652677648731,49383.8
7817.863553821676,51381.1
7818.074429994622,51601.3
7818.285306167567,51358.4
7818.496182340512,49294.2
7818.707058513457,50099.6
7818.917934686403,50754.1
7819.128810859348,49053.3
7819.339687032293,50014.2
7819.550563205238,49963.4
7819.761439378183,49716.4
7819.972315551129,49735.5
7820.183191724074,48726.5
7820.394067897019,49220.4
7820.604944069964,50121.3
7820.81582024291,49218.9
7821.026696415855,48822.7
7821.2375725888005,49343.6
7821.448448761746,48348.3
7821.6593249346915,48109.1
7821.870201107637,48318.1
7822.081077280582,48522.3
7822.291953453527,48258.8
7822.502829626473,47705.1
7822.713705799418,47870.6
7822.924581972363,49019.1
7823.135458145308,49370.2
7823.346334318254,48800.5
7823.557210491199,47613.6
7823.768086664144,49661.6
7823.978962837089,48432.0
7824.189839010034,49203.6
7824.40071518298,47529.1
7824.611591355925,47193.8
7824.82246752887,48299.4
7825.033343701815,46827.3
7825.244219874761,46112.2
7825.455096047706,46808.5
7825.665972220651,46804.8
7825.876848393596,46176.3
7826.087724566542,45839.2
7826.2986007394875,46314.9
7826.509476912433,47893.1
7826.720353085378,47542.4
7826.931229258324,47429.5
7827.142105431269,47290.6
7827.352981604214,46336.7
7827.563857777159,45974.1
7827.774733950105,45091.3
7827.98561012305,44638.4
7828.196486295995,45902.6
7828.40736246894,46613.7
7828.618238641885,47004.1
7828.829114814831,46417.3
7829.039990987776,46001.6
7829.250867160721,45290.4
7829.461743333666,44041.4
7829.672619506612,43479.8
7829.883495679557,45548.3
7830.094371852502,43693.3
7830.305248025447,43657.2
7830.516124198393,43890.9
7830.727000371338,44673.6
7830.937876544283,45111.1
7831.1487527172285,44387.8
7831.3596288901745,44375.7
7831.5705050631195,43331.1
7831.781381236065,43376.9
7831.99225740901,42686.3
7832.203133581956,42133.4
7832.414009754901,43551.8
7832.624885927846,41696.5
7832.835762100791,42028.1
7833.046638273736,41158.1
7833.257514446682,42279.3
7833.468390619627,43860.4
7833.679266792572,42119.3
7833.890142965517,42042.4
7834.101019138463,42396.4
7834.311895311408,41475.2
7834.522771484353,42253.0
7834.733647657298,41805.9
7834.944523830244,42012.0
7835.155400003189,42490.5
7835.366276176134,41823.3
7835.577152349079,40748.3
7835.788028522025,40434.6
7835.99890469497,41791.2
7836.2097808679155,40932.5
7836.4206570408605,38946.5
7836.6315332138065,39618.6
7836.842409386752,40171.0
7837.053285559697,40191.6
7837.264161732642,40188.3
7837.475037905587,39983.1
7837.685914078533,41026.9
7837.896790251478,41212.8
7838.107666424423,38260.6
7838.318542597368,39362.5
7838.529418770314,39317.4
7838.740294943259,40213.4
7838.951171116204,40059.3
7839.162047289149,39142.3
7839.372923462095,39036.2
7839.58379963504,40348.6
7839.794675807985,39972.7
7840.00555198093,38667.9
7840.216428153876,38189.9
7840.427304326821,40486.3
7840.638180499766,39452.6
7840.849056672711,37878.5
7841.059932845657,37930.4
7841.270809018602,38592.9
7841.4816851915475,39734.9
7841.692561364493,39695.0
7841.903437537438,40067.3
7842.114313710384,37992.5
7842.325189883329,37826.3
7842.536066056274,37248.0
7842.746942229219,37568.8
7842.957818402165,36994.7
7843.16869457511,36545.2
7843.379570748055,37663.6
7843.590446921,37964.3
7843.801323093946,37366.9
7844.012199266891,37540.3
7844.223075439836,37850.1
7844.433951612781,36817.8
7844.644827785727,37740.8
7844.855703958672,37338.3
7845.066580131617,35092.7
7845.277456304562,35397.0
7845.488332477508,35951.4
7845.699208650453,35376.5
7845.910084823398,36522.6
7846.1209609963435,36942.1
7846.3318371692885,37406.4
7846.5427133422345,36207.4
7846.75358951518,36281.6
7846.964465688125,34714.2
7847.17534186107,36115.9
7847.386218034016,36292.1
7847.597094206961,35419.3
7847.807970379906,34736.2
7848.018846552851,34493.7
7848.229722725797,35401.2
7848.440598898742,34580.1
7848.651475071687,33976.3
7848.862351244632,34491.9
7849.073227417578,35222.8
7849.284103590523,35525.9
7849.494979763468,36503.8
7849.705855936413,33483.3
7849.916732109359,33428.1
7850.127608282304,33313.5
7850.338484455249,33240.0
7850.549360628194,32163.5
7850.760236801139,33092.6
7850.971112974085,32996.2
7851.18198914703,32050.2
7851.3928653199755,34106.1
7851.603741492921,33903.1
7851.8146176658665,32487.6
7852.025493838812,31854.4
7852.236370011757,32411.5
7852.447246184702,33812.8
7852.658122357648,33079.9
7852.868998530593,32070.5
7853.079874703538,30145.7
7853.290750876483,31632.0
7853.501627049429,31280.8
7853.712503222374,32547.0
7853.923379395319,32369.1
7854.134255568264,31495.3
7854.34513174121,31353.5
7854.556007914155,33507.9
7854.7668840871,32295.8
7854.977760260045,30607.3
7855.18863643299,29799.1
7855.399512605936,29752.6
7855.610388778881,30964.1
7855.821264951826,30723.8
7856.032141124771,30205.9
7856.243017297717,29783.5
7856.4538934706625,31278.1
7856.6647696436075,32413.9
7856.875645816553,32382.3
7857.086521989499,30192.6
7857.297398162444,31918.0
7857.508274335389,30129.2
7857.719150508334,29331.3
7857.93002668128,30116.2
7858.140902854225,31349.9
7858.35177902717,29593.9
7858.562655200115,27503.6
7858.773531373061,28530.1
7858.984407546006,30083.5
7859.195283718951,28974.1
7859.406159891896,28756.1
7859.617036064841,27897.2
7859.827912237787,28257.9
7860.038788410732,28707.4
7860.249664583677,28684.4
7860.460540756622,26811.0
7860.671416929568,26808.6
7860.882293102513,26739.6
7861.093169275458,28545.5
7861.3040454484035,27576.0
7861.5149216213495,27279.3
7861.7257977942945,29220.0
7861.93667396724,28297.2
7862.147550140185,27599.1
7862.358426313131,27615.2
7862.569302486076,27690.6
7862.780178659021,27695.0
7862.991054831966,28400.5
7863.201931004911,27413.5
7863.412807177857,27218.4
7863.623683350802,26713.5
7863.834559523747,26432.8
7864.045435696693,25624.7
7864.256311869638,25025.4
7864.467188042583,25404.9
7864.678064215528,27032.8
7864.888940388473,26217.5
7865.099816561419,26820.3
7865.310692734364,26449.0
7865.521568907309,25616.0
7865.732445080254,25877.9
7865.9433212532,24780.9
7866.154197426145,26269.3
7866.3650735990905,24148.9
7866.5759497720355,25088.4
7866.7868259449815,26043.0
7866.997702117927,26550.8
7867.208578290872,26444.5
7867.419454463817,26065.8
7867.630330636763,25631.3
7867.841206809708,25379.1
7868.052082982653,24834.4
7868.262959155598,25460.4
7868.473835328543,23667.6
7868.684711501489,24750.8
7868.895587674434,24134.9
7869.106463847379,23910.4
7869.317340020324,24175.0
7869.52821619327,24635.6
7869.739092366215,23926.5
7869.94996853916,24558.5
7870.160844712105,25116.3
7870.371720885051,22758.3
7870.582597057996,22877.6
7870.793473230941,24063.8
7871.004349403886,24665.0
7871.215225576832,24654.7
7871.426101749777,23934.2
7871.6369779227225,25446.7
7871.847854095668,24102.0
7872.058730268613,23151.2
7872.269606441559,22078.3
7872.480482614504,23011.3
7872.691358787449,23516.2
7872.902234960395,23292.0
7873.11311113334,23051.6
7873.323987306285,22883.4
7873.53486347923,21391.5
7873.745739652175,22092.6
7873.956615825121,21890.6
7874.167491998066,21430.2
7874.378368171011,21165.5
7874.589244343956,22505.2
7874.800120516902,23267.0
7875.010996689847,22754.4
7875.221872862792,20911.1
7875.432749035737,20007.5
7875.643625208683,21578.8
7875.854501381628,21696.1
7876.065377554573,20953.8
7876.276253727518,20662.3
7876.487129900464,20751.8
7876.6980060734095,19855.1
7876.908882246355,20324.8
7877.1197584193,21056.1
7877.330634592245,21035.7
7877.541510765191,18199.5
7877.752386938136,19422.6
7877.963263111081,20006.9
7878.174139284026,19177.3
7878.385015456972,19424.5
7878.595891629917,18376.0
7878.806767802862,19186.8
7879.017643975807,18816.4
7879.228520148753,19463.3
7879.439396321698,17361.0
7879.650272494643,19467.1
7879.861148667588,17057.4
7880.072024840534,18642.1
7880.282901013479,18146.3
7880.493777186424,17186.2
7880.704653359369,19344.2
7880.915529532314,18284.4
7881.12640570526,18311.3
7881.337281878205,18717.7
7881.5481580511505,19688.1
7881.7590342240965,19283.2
7881.9699103970415,17968.8
7882.180786569987,17129.9
7882.391662742932,17959.7
7882.602538915877,19570.0
7882.813415088823,17046.2
7883.024291261768,16624.1
7883.235167434713,16892.3
7883.446043607658,16778.7
7883.656919780604,18300.0
7883.867795953549,17305.8
7884.078672126494,18530.5
7884.289548299439,17600.0
7884.500424472385,18299.4
7884.71130064533,16941.0
7884.922176818275,16627.0
7885.13305299122,17294.3
7885.343929164166,16246.9
7885.554805337111,16737.4
7885.765681510056,17229.3
7885.976557683001,16812.6
7886.187433855946,15064.0
7886.398310028892,15975.0
7886.6091862018375,16148.8
7886.8200623747825,16644.4
7887.030938547728,14669.3
7887.241814720674,14287.3
7887.452690893619,16114.7
7887.663567066564,15134.5
7887.874443239509,15559.8
7888.085319412455,16738.5
7888.2961955854,15409.6
7888.507071758345,15217.0
7888.71794793129,16057.4
7888.928824104236,13525.2
7889.139700277181,14455.6
7889.350576450126,15278.7
7889.561452623071,14553.6
7889.772328796016,14545.0
7889.983204968962,15170.0
7890.194081141907,14276.2
7890.404957314852,14407.1
7890.615833487798,13902.4
7890.826709660743,15041.5
7891.037585833688,14415.0
7891.248462006633,15470.9
7891.4593381795785,14036.2
7891.670214352524,14097.1
7891.8810905254695,11844.7
