7607.2093090821,3121.61
7607.419391238622,3044.75
7607.629473395143,3183.54
7607.8395555516645,2870.43
7608.049637708186,2572.86
7608.259719864708,3223.64
7608.469802021229,3868.92
7608.679884177751,3503.62
7608.889966334273,3398.3
7609.1000484907945,2854.68
7609.310130647315,2775.57
7609.520212803837,2697.18
7609.730294960359,2495.1
7609.940377116881,2634.84
7610.150459273402,2892.71
7610.360541429924,3000.93
7610.570623586445,3561.47
7610.780705742967,4142.61
7610.990787899488,4615.42
7611.20087005601,4734.48
7611.410952212532,4596.46
7611.621034369054,4124.92
7611.8311165255745,3380.56
7612.041198682096,2926.11
7612.251280838618,3012.15
7612.46136299514,3847.46
7612.671445151661,3682.14
7612.881527308183,3190.99
7613.091609464705,3141.18
7613.301691621226,3993.34
7613.511773777747,5143.73
7613.721855934269,5818.56
7613.931938090791,7305.01
7614.142020247313,7608.52
7614.352102403834,6700.47
7614.5621845603555,5458.63
7614.772266716877,4818.25
7614.982348873399,4408.67
7615.19243102992,4044.2
7615.402513186442,4468.85
7615.612595342964,5098.51
7615.8226774994855,5489.23
7616.032759656006,5426.87
7616.242841812528,6120.27
7616.45292396905,7534.37
7616.663006125572,8901.56
7616.873088282093,10324.3
7617.083170438615,11578.8
7617.293252595136,11786.1
7617.503334751658,12100.1
7617.713416908179,12210.8
7617.923499064701,12264.0
7618.133581221223,12194.9
7618.343663377745,12206.9
7618.5537455342655,12414.3
7618.763827690787,12473.2
7618.973909847309,12315.0
7619.183992003831,12117.1
7619.394074160352,12236.3
7619.604156316874,12207.2
7619.814238473396,11387.4
7620.0243206299165,10732.7
7620.234402786438,10030.7
7620.44448494296,8543.17
7620.654567099482,7076.99
7620.864649256003,5723.54
7621.074731412525,5584.18
7621.2848135690465,6635.63
7621.494895725568,8147.14
7621.704977882089,9660.87
7621.915060038611,10716.7
7622.125142195133,10897.4
7622.335224351655,10334.8
7622.545306508176,9309.68
7622.755388664697,7747.52
7622.965470821219,5849.31
7623.175552977741,4653.6
7623.385635134262,4238.85
7623.595717290784,4429.96
7623.805799447306,4770.76
7624.015881603827,4638.31
7624.225963760348,4337.52
7624.43604591687,4505.42
7624.646128073392,4879.89
7624.856210229914,6471.61
7625.066292386435,8197.05
7625.276374542957,9646.16
7625.486456699478,11014.8
7625.696538856,12001.8
7625.906621012521,11818.9
7626.116703169043,10310.0
7626.326785325565,8767.23
7626.536867482087,6685.72
7626.7469496386075,5155.93
7626.957031795129,4230.31
7627.167113951651,3977.47
7627.377196108173,3901.46
7627.587278264694,3543.3
7627.797360421216,3527.28
7628.0074425777375,3919.42
7628.217524734259,4226.09
7628.42760689078,5070.58
7628.637689047302,6380.09
7628.847771203824,8296.5
7629.057853360346,10522.8
7629.267935516867,11793.0
7629.478017673388,11731.5
7629.68809982991,11435.6
7629.898181986432,11073.6
7630.108264142953,9807.74
7630.318346299475,8017.75
7630.528428455997,6197.36
7630.738510612518,4787.72
7630.948592769039,3922.27
7631.158674925561,3562.78
7631.368757082083,3599.07
7631.578839238605,3534.66
7631.788921395126,3294.62
7631.999003551648,4071.68
7632.209085708169,4740.77
7632.419167864691,5312.61
7632.629250021212,7403.25
7632.839332177734,9665.13
7633.049414334256,11440.9
7633.259496490777,12913.1
7633.4695786472985,13186.2
7633.67966080382,13326.3
7633.889742960342,12903.2
7634.099825116863,11630.8
7634.309907273385,10513.6
7634.519989429907,8931.75
7634.7300715864285,6968.64
7634.940153742949,5257.36
7635.150235899471,4214.22
7635.360318055993,4039.61
7635.570400212515,4080.39
7635.780482369036,4063.3
7635.990564525558,4303.04
7636.200646682079,4860.12
7636.410728838601,5344.95
7636.620810995122,6969.83
7636.830893151644,9523.24
7637.040975308166,11298.3
7637.251057464688,12520.7
7637.4611396212085,14203.8
7637.67122177773,15062.6
7637.881303934252,14633.8
7638.091386090774,14391.7
7638.301468247295,14212.1
7638.511550403817,13178.4
7638.721632560339,11720.8
7638.93171471686,10088.5
7639.141796873381,7876.22
7639.351879029903,5852.01
7639.561961186425,4831.72
7639.772043342947,3912.19
7639.982125499468,4326.51
7640.1922076559895,5029.13
7640.402289812511,5273.62
7640.612371969033,5895.58
7640.822454125554,7288.12
7641.032536282076,9238.29
7641.242618438598,11385.3
7641.4527005951195,13238.6
7641.66278275164,14995.1
7641.872864908162,16053.4
7642.082947064684,16617.9
7642.293029221206,16909.9
7642.503111377727,16617.3
7642.713193534249,16115.8
7642.92327569077,15814.6
7643.133357847292,15201.5
7643.343440003813,13602.0
7643.553522160335,11088.7
7643.763604316857,8680.07
7643.973686473379,7569.31
7644.1837686298995,6622.05
7644.393850786421,5883.99
7644.603932942943,5981.42
7644.814015099465,6271.57
7645.024097255986,6436.63
7645.234179412508,6995.1
7645.44426156903,8196.74
7645.6543437255505,10213.6
7645.864425882072,12673.9
7646.074508038594,15152.8
7646.284590195116,16502.8
7646.494672351637,17760.7
7646.704754508159,18234.8
7646.9148366646805,18539.1
7647.124918821202,19464.2
7647.335000977723,19476.3
7647.545083134245,18551.5
7647.755165290767,18419.8
7647.965247447289,17322.5
7648.17532960381,15165.1
7648.385411760331,12390.0
7648.595493916853,10592.1
7648.805576073375,9423.87
7649.015658229896,8750.25
7649.225740386418,8052.21
7649.43582254294,7465.06
7649.645904699461,8162.72
7649.855986855982,9051.3
7650.066069012504,9769.51
7650.276151169026,11245.9
7650.486233325548,13278.0
7650.696315482069,15720.1
7650.9063976385905,17777.5
7651.116479795112,19722.0
7651.326561951634,20629.8
7651.536644108155,20766.0
7651.746726264677,21739.1
7651.956808421199,22305.7
7652.166890577721,21915.4
7652.3769727342415,21054.1
7652.587054890763,21081.3
7652.797137047285,21089.4
7653.007219203807,19672.6
7653.217301360328,17681.0
7653.42738351685,16155.1
7653.6374656733715,14499.3
7653.847547829893,12630.6
7654.057629986414,11490.3
7654.267712142936,10768.8
7654.477794299458,9971.6
7654.68787645598,9795.69
7654.897958612501,11504.6
7655.108040769022,12781.0
7655.318122925544,13748.5
7655.528205082066,15424.2
7655.738287238587,17927.4
7655.948369395109,20325.1
7656.158451551631,21817.2
7656.368533708152,22626.0
7656.578615864673,22875.2
7656.788698021195,23607.0
7656.998780177717,24333.4
7657.208862334239,23802.8
7657.41894449076,24198.5
7657.6290266472815,24563.6
7657.839108803803,23821.0
7658.049190960324,23155.7
7658.259273116846,22302.5
7658.469355273368,20494.8
7658.67943742989,18568.6
7658.889519586411,16768.4
7659.0996017429325,16257.1
7659.309683899454,14863.1
7659.519766055976,13185.1
7659.729848212497,13413.6
7659.939930369019,14171.1
7660.150012525541,14973.3
7660.3600946820625,16116.3
7660.570176838583,17205.3
7660.780258995105,18749.7
7660.990341151627,20690.0
7661.200423308149,22077.0
7661.41050546467,24150.1
7661.620587621192,24842.0
7661.830669777713,24758.7
7662.040751934235,25108.0
7662.250834090756,25551.4
7662.460916247278,25365.9
7662.6709984038,25339.1
7662.881080560322,25334.5
7663.0911627168425,24641.1
7663.301244873364,24302.1
7663.511327029886,24514.5
7663.721409186408,23847.1
7663.931491342929,22554.6
7664.141573499451,21053.3
7664.3516556559725,19622.7
7664.561737812494,18128.5
7664.771819969015,16866.8
7664.981902125537,16033.7
7665.191984282059,16363.6
7665.402066438581,17486.3
7665.612148595102,17724.1
7665.8222307516235,17824.5
7666.032312908145,19309.2
7666.242395064667,20582.7
7666.452477221188,22267.3
7666.66255937771,24210.4
7666.872641534232,25513.8
7667.0827236907535,26516.6
7667.292805847274,26553.4
7667.502888003796,26527.3
7667.712970160318,26502.3
7667.92305231684,26321.5
7668.133134473361,26665.3
7668.343216629883,26632.8
7668.553298786404,26331.0
7668.763380942926,26369.4
7668.973463099447,27387.2
7669.183545255969,26787.8
7669.393627412491,26371.0
7669.603709569013,25387.2
7669.8137917255335,23696.5
7670.023873882055,22875.0
7670.233956038577,21897.4
7670.444038195099,20971.5
7670.65412035162,20616.7
7670.864202508142,19272.5
7671.0742846646635,19205.4
7671.284366821184,20060.4
7671.494448977706,21006.3
7671.704531134228,22483.3
7671.91461329075,22841.7
7672.124695447271,23234.0
7672.334777603793,24807.4
7672.5448597603145,26737.3
7672.754941916836,27560.7
7672.965024073357,27648.4
7673.175106229879,27657.1
7673.385188386401,27530.9
7673.595270542923,27487.3
7673.805352699444,27249.2
7674.015434855965,28449.4
7674.225517012487,28084.8
7674.435599169009,27576.6
7674.64568132553,27609.4
7674.855763482052,28129.6
7675.065845638574,28190.7
7675.275927795095,27769.6
7675.486009951616,26747.6
7675.696092108138,25912.2
7675.90617426466,25998.9
7676.116256421182,25627.6
7676.326338577703,24409.5
7676.5364207342245,23197.6
7676.746502890746,22607.8
7676.956585047268,22417.5
7677.166667203789,23340.7
7677.376749360311,24612.5
7677.586831516833,25390.3
7677.7969136733545,24875.7
7678.006995829875,25336.8
7678.217077986397,26725.2
7678.427160142919,27555.9
7678.637242299441,28348.2
7678.847324455962,28921.1
7679.057406612484,28683.1
7679.2674887690055,28325.9
7679.477570925527,28697.7
7679.687653082048,28335.9
7679.89773523857,29173.2
7680.107817395092,29282.9
7680.317899551614,29564.8
7680.527981708135,29272.1
7680.738063864656,28750.1
7680.948146021178,28908.1
7681.1582281777,28901.3
7681.368310334221,29110.1
7681.578392490743,29392.7
7681.788474647265,28209.0
7681.998556803786,27402.0
7682.208638960307,27383.4
7682.418721116829,26571.0
7682.628803273351,26155.9
7682.838885429872,25576.5
7683.048967586394,25550.6
7683.2590497429155,25218.2
7683.469131899437,25612.3
7683.679214055958,26429.1
7683.88929621248,26969.0
7684.099378369002,27735.0
7684.309460525524,28273.6
7684.519542682045,28790.5
7684.729624838566,29688.0
7684.939706995088,29521.6
7685.14978915161,29360.0
7685.359871308131,29218.4
7685.569953464653,30218.3
7685.780035621175,29724.7
7685.9901177776965,28731.1
7686.200199934217,29860.6
7686.410282090739,30085.0
7686.620364247261,30320.8
7686.830446403783,30479.0
7687.040528560304,29711.1
7687.250610716826,29216.4
7687.460692873347,29275.7
7687.670775029869,29460.4
7687.88085718639,29471.9
7688.090939342912,28947.1
7688.301021499434,28444.6
7688.511103655956,28404.9
7688.7211858124765,27569.8
7688.931267968998,28016.5
7689.14135012552,27930.2
7689.351432282042,27878.2
7689.561514438563,27964.1
7689.771596595085,27901.9
7689.9816787516065,28088.4
7690.191760908128,28512.6
7690.401843064649,28842.2
7690.611925221171,29140.4
7690.822007377693,29302.9
7691.032089534215,29694.5
7691.242171690736,30810.9
7691.452253847257,31052.5
7691.662336003779,30648.9
7691.872418160301,30706.4
7692.082500316822,30742.5
7692.292582473344,30019.4
7692.502664629866,30306.7
7692.7127467863875,30234.3
7692.922828942908,30955.5
7693.13291109943,31071.7
7693.342993255952,30671.9
7693.553075412474,31370.3
7693.763157568995,31717.2
7693.973239725517,31182.2
7694.183321882038,30858.8
7694.39340403856,30902.0
7694.603486195081,31455.8
7694.813568351603,30859.8
7695.023650508125,29555.8
7695.233732664647,29716.8
7695.4438148211675,29993.3
7695.653896977689,29479.9
7695.863979134211,29166.8
7696.074061290732,29158.0
7696.284143447254,29305.4
7696.494225603776,29383.9
7696.7043077602975,29502.7
7696.914389916818,29999.1
7697.12447207334,29800.3
7697.334554229862,29155.9
7697.544636386384,29452.9
7697.754718542905,29443.7
7697.964800699427,29282.0
7698.174882855948,30282.2
7698.38496501247,30437.1
7698.595047168991,29884.2
7698.805129325513,30611.0
7699.015211482035,30945.1
7699.225293638557,30782.9
7699.435375795078,31027.0
7699.645457951599,30669.2
7699.855540108121,30018.6
7700.065622264643,30786.4
7700.275704421164,31122.8
7700.485786577686,30826.9
7700.695868734208,31362.5
7700.905950890729,31885.3
7701.11603304725,31547.8
7701.326115203772,30925.0
7701.536197360294,30674.1
7701.746279516816,30229.1
7701.956361673337,30221.7
7702.1664438298585,30697.2
7702.37652598638,30044.4
7702.586608142902,30277.2
7702.796690299423,30291.9
7703.006772455945,30247.8
7703.216854612467,30191.1
7703.4269367689885,30278.3
7703.637018925509,30659.0
7703.847101082031,30675.6
7704.057183238553,30971.7
7704.267265395075,31211.4
7704.477347551596,31051.7
7704.687429708118,31111.7
7704.8975118646395,31562.9
7705.107594021161,31481.3
7705.317676177682,30775.3
7705.527758334204,31586.3
7705.737840490726,32120.0
7705.947922647248,32095.1
7706.158004803769,33274.1
7706.36808696029,33432.8
7706.578169116812,33372.8
7706.788251273334,32032.4
7706.998333429855,32386.4
7707.208415586377,32634.9
7707.418497742899,32704.2
7707.62857989942,33067.2
7707.838662055941,32883.5
7708.048744212463,32915.6
7708.258826368985,32881.3
7708.468908525507,32878.1
7708.678990682028,33119.5
7708.8890728385495,32880.9
7709.099154995071,32976.0
7709.309237151592,33666.1
7709.519319308114,33666.2
7709.729401464636,32926.4
7709.939483621158,32430.6
7710.149565777679,32447.8
7710.3596479342,32916.3
7710.569730090722,33028.7
7710.779812247244,33058.6
7710.989894403765,32822.1
7711.199976560287,32528.1
7711.410058716809,31355.6
7711.6201408733305,32567.7
7711.830223029851,33050.6
7712.040305186373,32653.1
7712.250387342895,32580.5
7712.460469499417,32830.2
7712.670551655938,33064.0
7712.88063381246,33857.6
7713.090715968981,34188.4
7713.300798125503,33430.9
7713.510880282024,33088.4
7713.720962438546,32982.5
7713.931044595068,33575.7
7714.14112675159,33912.8
7714.3512089081105,32686.0
7714.561291064632,32384.1
7714.771373221154,32672.3
7714.981455377676,32749.9
7715.191537534197,33021.3
7715.401619690719,32362.5
7715.6117018472405,31793.1
7715.821784003762,31899.0
7716.031866160283,31777.5
7716.241948316805,31301.7
7716.452030473327,31159.9
7716.662112629849,31414.0
7716.87219478637,31654.8
7717.082276942891,31351.9
7717.292359099413,31300.9
7717.502441255935,31335.3
7717.712523412456,31804.9
7717.922605568978,31857.4
7718.1326877255,31380.1
7718.3427698820215,31226.4
7718.552852038542,30836.3
7718.762934195064,31294.7
7718.973016351586,31247.9
7719.183098508108,30873.7
7719.393180664629,30366.7
7719.603262821151,30279.9
7719.813344977672,30792.9
7720.023427134194,31585.2
7720.233509290715,31557.2
7720.443591447237,31896.3
7720.653673603759,31251.6
7720.86375576028,31734.6
7721.0738379168015,31094.0
7721.283920073323,30328.0
7721.494002229845,31176.9
7721.704084386366,30966.8
7721.914166542888,30255.6
7722.12424869941,30448.4
7722.3343308559315,30980.6
7722.544413012452,31283.7
7722.754495168974,30750.5
7722.964577325496,30701.5
7723.174659482018,30729.5
7723.384741638539,30324.7
7723.594823795061,30892.3
7723.804905951582,30764.1
7724.014988108104,29833.2
7724.225070264625,30062.2
7724.435152421147,30425.7
7724.645234577669,30508.1
7724.855316734191,30900.2
7725.065398890712,31507.3
7725.275481047233,31216.9
7725.485563203755,30766.2
7725.695645360277,30777.6
7725.905727516798,30704.8
7726.11580967332,31230.0
7726.325891829842,30892.9
7726.535973986363,30637.8
7726.746056142884,31476.6
7726.956138299406,30669.4
7727.166220455928,30611.7
7727.37630261245,30605.9
7727.586384768971,30216.3
7727.7964669254925,30146.5
7728.006549082014,30055.3
7728.216631238536,30708.7
7728.426713395057,31079.5
7728.636795551579,30898.6
7728.846877708101,30260.9
7729.0569598646225,30412.5
7729.267042021143,30759.0
7729.477124177665,30973.2
7729.687206334187,31268.5
7729.897288490709,30804.8
7730.10737064723,30805.7
7730.317452803752,30875.3
7730.527534960273,30401.9
7730.737617116795,30081.9
7730.947699273316,30708.6
7731.157781429838,30700.2
7731.36786358636,29935.1
7731.577945742882,30148.6
7731.788027899403,30696.9
7731.998110055924,30776.2
7732.208192212446,29949.3
7732.418274368968,30151.7
7732.628356525489,30898.3
7732.838438682011,31127.3
7733.048520838533,30013.8
7733.258602995054,29770.1
7733.468685151575,30165.0
7733.678767308097,31003.3
7733.888849464619,30722.3
7734.09893162114,30309.5
7734.309013777662,29501.9
7734.5190959341835,29544.3
7734.729178090705,30183.0
7734.939260247226,30223.3
7735.149342403748,30289.2
7735.35942456027,30425.9
7735.569506716792,30306.5
7735.779588873313,30368.1
7735.989671029834,29994.8
7736.199753186356,29798.2
7736.409835342878,30097.6
7736.619917499399,30774.3
7736.829999655921,30980.9
7737.040081812443,30246.0
7737.250163968964,29867.7
7737.460246125485,30005.2
7737.670328282007,29872.3
7737.880410438529,29572.5
7738.090492595051,29413.5
7738.300574751572,30009.5
7738.510656908094,30659.3
7738.720739064615,29759.5
7738.930821221137,30184.6
7739.140903377658,30435.3
7739.35098553418,29857.2
7739.561067690702,29336.9
7739.771149847224,29990.3
7739.9812320037445,30286.3
7740.191314160266,29458.2
7740.401396316788,29880.2
7740.61147847331,28738.4
7740.821560629831,29669.3
7741.031642786353,30248.2
7741.2417249428745,29830.5
7741.451807099396,29894.8
7741.661889255917,30101.1
7741.871971412439,29413.3
7742.082053568961,29041.2
7742.292135725483,29763.2
7742.502217882004,29430.3
7742.712300038525,29421.1
7742.922382195047,29536.8
7743.132464351569,29000.8
7743.34254650809,29382.1
7743.552628664612,29539.5
7743.762710821134,29704.8
7743.972792977655,29140.4
7744.182875134176,29397.7
7744.392957290698,29211.6
7744.60303944722,29343.2
7744.813121603742,30251.0
7745.023203760263,29719.1
7745.233285916785,29488.2
7745.443368073306,29446.0
7745.653450229827,29403.6
7745.863532386349,30125.2
7746.073614542871,29531.9
7746.283696699393,28927.0
7746.493778855915,29133.2
7746.7038610124355,29277.8
7746.913943168957,29492.2
7747.124025325479,29320.4
7747.334107482,28901.0
7747.544189638522,28872.0
7747.754271795044,29344.4
7747.9643539515655,29234.8
7748.174436108086,29041.8
7748.384518264608,29247.1
7748.59460042113,28552.6
7748.804682577652,27893.7
7749.014764734173,28223.5
7749.224846890695,28931.6
7749.434929047216,29232.7
7749.645011203738,28882.9
7749.855093360259,28816.3
7750.065175516781,29444.5
7750.275257673303,30054.5
7750.485339829825,29824.6
7750.6954219863455,28673.4
7750.905504142867,27981.4
7751.115586299389,28029.9
7751.325668455911,28049.2
7751.535750612432,29121.1
7751.745832768954,28734.0
7751.955914925476,28704.4
7752.165997081997,28597.6
7752.376079238518,27775.8
7752.58616139504,28244.2
7752.796243551562,28858.6
7753.006325708084,28743.6
7753.216407864605,28598.1
7753.4264900211265,28217.0
7753.636572177648,28402.1
7753.84665433417,28846.1
7754.056736490691,29151.6
7754.266818647213,28591.9
7754.476900803735,28196.2
7754.6869829602565,28039.6
7754.897065116777,28183.1
7755.107147273299,27879.2
7755.317229429821,28249.1
7755.527311586343,28224.1
7755.737393742864,28152.5
7755.947475899386,28934.1
7756.157558055907,28535.7
7756.367640212429,27740.0
7756.57772236895,27449.9
7756.787804525472,27823.7
7756.997886681994,28568.4
7757.207968838516,27889.9
7757.4180509950365,27740.1
7757.628133151558,28372.7
7757.83821530808,28395.4
7758.048297464602,28641.4
7758.258379621123,27740.4
7758.468461777645,27607.4
7758.678543934167,28056.1
7758.8886260906875,27569.9
7759.098708247209,27599.0
7759.308790403731,27799.7
7759.518872560253,27987.7
7759.728954716775,27471.9
7759.939036873296,27109.5
7760.1491190298175,26977.8
7760.359201186339,27939.4
7760.56928334286,27849.1
7760.779365499382,27340.9
7760.989447655904,27366.6
7761.199529812426,27613.0
7761.409611968947,28324.1
7761.619694125468,27992.4
7761.82977628199,27457.6
7762.039858438512,27076.5
7762.249940595033,27667.9
7762.460022751555,27737.2
7762.670104908077,27502.2
7762.880187064598,28145.7
7763.090269221119,27799.8
7763.300351377641,27325.6
7763.510433534163,27664.2
7763.720515690685,27335.8
7763.930597847206,27429.8
7764.1406800037275,26972.4
7764.350762160249,27620.2
7764.560844316771,27664.4
7764.770926473292,26835.6
7764.981008629814,27452.4
7765.191090786336,27933.5
7765.401172942858,26840.0
7765.6112550993785,27281.5
7765.8213372559,26829.0
7766.031419412422,27591.9
7766.241501568944,27457.2
7766.451583725465,27604.9
7766.661665881987,27693.3
7766.8717480385085,27884.0
7767.08183019503,27645.7
7767.291912351551,27173.0
7767.501994508073,27814.1
7767.712076664595,27806.9
7767.922158821117,28454.6
7768.132240977638,28714.2
7768.342323134159,28153.4
7768.552405290681,27656.0
7768.762487447203,27822.6
7768.972569603724,27936.7
7769.182651760246,27574.7
7769.392733916768,27584.6
7769.602816073289,27435.2
7769.81289822981,27828.3
7770.022980386332,27552.0
7770.233062542854,27179.8
7770.443144699376,26711.8
7770.653226855897,26653.9
7770.8633090124185,27089.5
7771.07339116894,27352.5
7771.283473325462,27274.4
7771.493555481983,26904.5
7771.703637638505,26426.2
7771.913719795027,26347.1
7772.123801951548,26384.8
7772.3338841080695,26011.6
7772.543966264591,26268.0
7772.754048421113,26271.5
7772.964130577634,26498.1
7773.174212734156,26513.9
7773.384294890678,26315.8
7773.5943770471995,26310.3
7773.80445920372,25950.5
7774.014541360242,26317.2
7774.224623516764,26957.6
7774.434705673286,25707.5
7774.644787829807,25624.2
7774.854869986329,26053.6
7775.06495214285,26143.8
7775.275034299372,26515.1
7775.485116455893,26695.3
7775.695198612415,26971.9
7775.905280768937,27232.7
7776.115362925459,26863.0
7776.3254450819795,26314.5
7776.535527238501,27043.4
7776.745609395023,27280.4
7776.955691551545,26846.8
7777.165773708066,26120.9
7777.375855864588,25929.4
7777.5859380211095,26015.6
7777.796020177631,26110.2
7778.006102334152,26946.8
7778.216184490674,26808.3
7778.426266647196,27746.0
7778.636348803718,26375.0
7778.846430960239,25609.1
7779.0565131167605,25166.2
7779.266595273282,25016.2
7779.476677429804,24979.5
7779.686759586325,24951.6
7779.896841742847,25806.9
7780.106923899369,26044.6
7780.3170060558905,25054.6
7780.527088212411,25389.6
7780.737170368933,25190.4
7780.947252525455,24852.0
7781.157334681977,24914.0
7781.367416838498,24844.7
7781.57749899502,24749.5
7781.787581151541,24787.5
7781.997663308063,24134.8
7782.207745464584,25530.1
7782.417827621106,25733.6
7782.627909777628,24714.8
7782.83799193415,25234.5
7783.0480740906705,25027.9
7783.258156247192,24275.0
7783.468238403714,25092.8
7783.678320560235,25248.5
7783.888402716757,25163.5
7784.098484873279,25331.2
7784.3085670298005,24823.3
7784.518649186322,24738.3
7784.728731342843,24847.3
7784.938813499365,24591.6
7785.148895655887,24836.4
7785.358977812408,24841.1
7785.56905996893,24280.2
7785.7791421254515,24102.1
7785.989224281973,24872.8
7786.199306438494,24361.0
7786.409388595016,24317.8
7786.619470751538,25047.2
7786.82955290806,24237.5
7787.039635064581,24670.6
7787.249717221102,24574.8
7787.459799377624,23819.6
7787.669881534146,24269.2
7787.879963690667,24121.7
7788.090045847189,24348.5
7788.300128003711,24012.0
7788.510210160232,24232.3
7788.720292316753,24502.4
7788.930374473275,23461.4
7789.140456629797,24111.3
7789.350538786319,24015.8
7789.56062094284,23574.7
7789.7707030993615,23749.2
7789.980785255883,23199.9
7790.190867412405,23772.1
7790.400949568926,23373.3
7790.611031725448,23845.1
7790.82111388197,24088.1
7791.0311960384915,23370.6
7791.2412781950125,22927.9
7791.451360351534,23021.4
7791.661442508056,22964.5
7791.871524664578,23138.3
7792.081606821099,23224.0
7792.291688977621,23440.8
7792.5017711341425,23565.7
7792.711853290664,23722.9
7792.921935447185,24073.7
7793.132017603707,24203.8
7793.342099760229,23340.1
7793.552181916751,22754.0
7793.762264073272,22862.1
7793.972346229793,23148.6
7794.182428386315,22753.3
7794.392510542837,22769.9
7794.602592699358,22760.6
7794.81267485588,22884.4
7795.022757012402,23080.2
7795.232839168923,22906.6
7795.442921325444,22997.9
7795.653003481966,23829.5
7795.863085638488,24110.4
7796.07316779501,22519.3
7796.283249951531,22593.6
7796.4933321080525,22208.6
7796.703414264574,22125.3
7796.913496421095,22222.8
7797.123578577617,22096.4
7797.333660734139,22311.0
7797.543742890661,22727.2
7797.7538250471825,22846.9
7797.9639072037035,22488.3
7798.173989360225,22366.8
7798.384071516747,22144.3
7798.594153673268,22587.1
7798.80423582979,22847.1
7799.014317986312,21733.5
7799.2244001428335,22177.3
7799.434482299354,22730.2
7799.644564455876,21820.9
7799.854646612398,21792.0
7800.06472876892,22373.4
7800.274810925441,21918.8
7800.484893081963,22144.3
7800.694975238484,22026.1
7800.905057395006,22200.2
7801.115139551527,22155.8
7801.325221708049,21466.9
7801.535303864571,21786.4
7801.745386021093,22357.5
7801.9554681776135,22439.9
7802.165550334135,22247.3
7802.375632490657,21330.4
7802.585714647179,21490.1
7802.7957968037,21731.9
7803.005878960222,21021.5
7803.2159611167435,21881.7
7803.426043273265,22271.7
7803.636125429786,21853.7
7803.846207586308,22229.3
7804.05628974283,21508.0
7804.266371899352,20932.5
7804.476454055873,21089.2
7804.6865362123945,21106.4
7804.896618368916,20860.6
7805.106700525438,21089.4
7805.316782681959,21679.6
7805.526864838481,20989.0
7805.736946995003,20683.7
7805.9470291515245,21431.3
7806.157111308045,20790.9
7806.367193464567,20920.2
7806.577275621089,21325.7
7806.787357777611,20755.2
7806.997439934132,20813.2
7807.207522090654,20957.8
7807.417604247175,20383.9
7807.627686403697,21292.6
7807.837768560218,21611.2
7808.04785071674,20982.2
7808.257932873262,20424.2
7808.468015029784,20008.9
7808.6780971863045,20272.4
7808.888179342826,20224.1
7809.098261499348,20678.4
7809.30834365587,20402.8
7809.518425812391,20571.4
7809.728507968913,19786.9
7809.9385901254345,19486.4
7810.148672281955,20224.6
7810.358754438477,20203.2
7810.568836594999,19979.0
7810.778918751521,19787.2
7810.989000908042,19974.0
7811.199083064564,19680.1
7811.4091652210855,20066.8
7811.619247377607,20080.5
7811.829329534128,19726.1
7812.03941169065,20002.6
7812.249493847172,19558.7
7812.459576003694,19859.5
7812.669658160215,19812.8
7812.879740316736,19271.8
7813.089822473258,19734.7
7813.29990462978,19311.9
7813.509986786301,19280.5
7813.720068942823,19633.0
7813.930151099345,19711.4
7814.140233255866,18851.7
7814.350315412387,19773.0
7814.560397568909,19418.3
7814.770479725431,19330.4
7814.980561881953,19134.0
7815.190644038474,18323.4
7815.4007261949955,18513.3
7815.610808351517,18999.1
7815.820890508039,18968.1
7816.03097266456,18861.0
7816.241054821082,18019.9
7816.451136977604,19049.3
7816.6612191341255,19055.3
7816.871301290646,18971.1
7817.081383447168,18514.9
7817.29146560369,17709.4
7817.501547760212,17791.9
7817.711629916733,18417.7
7817.921712073255,17842.7
7818.1317942297765,17979.7
7818.341876386298,17788.4
7818.551958542819,17671.6
7818.762040699341,18086.6
7818.972122855863,17908.9
7819.182205012385,18441.9
7819.392287168906,18544.3
7819.602369325427,18485.3
7819.812451481949,18555.9
7820.022533638471,18537.7
7820.232615794992,18372.8
7820.442697951514,17749.7
7820.652780108036,17988.2
7820.862862264557,18157.2
7821.072944421078,17688.7
7821.2830265776,19082.3
7821.493108734122,18670.2
7821.703190890643,18470.1
7821.913273047165,18540.9
7822.1233552036865,18263.8
7822.333437360208,17463.6
7822.54351951673,16858.9
7822.753601673251,17527.0
7822.963683829773,17796.3
7823.173765986295,17350.4
7823.383848142816,17520.6
7823.593930299337,17644.1
7823.804012455859,17479.4
7824.014094612381,17896.4
7824.224176768902,17887.5
7824.434258925424,17696.6
7824.644341081946,17098.4
7824.8544232384675,17543.1
7825.064505394988,17140.9
7825.27458755151,17425.4
7825.484669708032,17086.4
7825.694751864554,17271.4
7825.904834021075,17151.6
7826.114916177597,17333.2
7826.324998334118,17266.4
7826.53508049064,16351.3
7826.745162647161,16081.1
7826.955244803683,16751.6
7827.165326960205,17071.1
7827.375409116727,16838.0
7827.5854912732475,16915.7
7827.795573429769,16951.6
7828.005655586291,16689.3
7828.215737742813,16684.6
7828.425819899334,16671.5
7828.635902055856,16394.8
7828.8459842123775,16197.5
7829.056066368899,16985.6
7829.26614852542,16440.8
7829.476230681942,16046.6
7829.686312838464,16177.0
7829.896394994986,16619.0
7830.106477151507,16372.8
7830.316559308028,15791.2
7830.52664146455,16241.6
7830.736723621072,15860.3
7830.946805777593,15417.5
7831.156887934115,15483.1
7831.366970090637,15291.0
7831.5770522471585,15467.2
7831.787134403679,15284.5
7831.997216560201,15549.2
7832.207298716723,16165.7
7832.417380873245,15524.2
7832.627463029766,15721.7
7832.837545186288,15764.0
7833.047627342809,15344.2
7833.257709499331,15269.5
7833.467791655852,16046.9
7833.677873812374,15793.4
7833.887955968896,15767.6
7834.098038125418,15687.7
7834.3081202819385,15454.4
7834.51820243846,14747.5
7834.728284594982,14578.0
7834.938366751503,14889.9
7835.148448908025,15176.3
7835.358531064547,15334.3
7835.5686132210685,14949.8
7835.77869537759,15638.8
7835.988777534111,15084.9
7836.198859690633,15031.8
7836.408941847155,14507.6
7836.619024003676,15595.5
7836.829106160198,15580.4
7837.039188316719,15042.8
7837.249270473241,14494.2
7837.459352629762,14911.2
7837.669434786284,14280.9
7837.879516942806,14498.2
7838.089599099328,14457.0
7838.299681255849,14338.8
7838.50976341237,14218.4
7838.719845568892,14790.6
7838.929927725414,14428.2
7839.140009881935,14119.8
7839.350092038457,13878.0
7839.560174194979,14252.6
7839.7702563515,14262.4
7839.980338508021,14408.9
7840.190420664543,13917.2
7840.400502821065,13688.0
7840.610584977587,13547.5
7840.820667134108,13798.8
7841.0307492906295,13217.6
7841.240831447151,13565.1
7841.450913603673,13725.5
7841.660995760194,13336.4
7841.871077916716,13883.0
7842.081160073238,13548.9
7842.2912422297595,13644.4
7842.50132438628,13171.3
7842.711406542802,13284.8
7842.921488699324,13711.3
7843.131570855846,13171.4
7843.341653012367,13284.8
7843.551735168889,13258.4
7843.76181732541,13412.0
7843.971899481932,12985.2
7844.181981638453,12903.4
7844.392063794975,12874.6
7844.602145951497,13278.2
7844.812228108019,12895.8
7845.02231026454,13175.7
7845.232392421061,12944.0
7845.442474577583,12293.5
7845.652556734105,12560.2
7845.862638890626,12980.9
7846.072721047148,12533.4
7846.28280320367,12271.1
7846.492885360191,12255.4
7846.702967516712,12438.9
7846.913049673234,12290.9
7847.123131829756,11813.6
7847.333213986278,12666.1
7847.543296142799,12336.6
7847.7533782993205,12198.2
7847.963460455842,12193.1
7848.173542612363,12336.7
7848.383624768885,12954.4
7848.593706925407,12461.7
7848.803789081929,12053.7
7849.01387123845,12466.6
7849.223953394971,11982.7
7849.434035551493,11704.1
7849.644117708015,12036.0
7849.854199864536,12307.0
7850.064282021058,12080.4
7850.27436417758,11490.4
7850.484446334101,11928.1
7850.694528490622,11691.0
7850.904610647144,11600.0
7851.114692803666,11016.8
7851.324774960188,11483.1
7851.534857116709,11763.1
7851.744939273231,11119.4
7851.955021429752,11231.3
7852.165103586274,11046.0
7852.375185742795,10657.7
7852.585267899317,10824.1
7852.795350055839,10980.4
7853.005432212361,11235.1
7853.2155143688815,11430.1
7853.425596525403,11838.8
7853.635678681925,11070.7
7853.845760838447,11007.0
7854.055842994968,10850.2
7854.26592515149,10559.5
7854.4760073080115,10563.5
7854.686089464533,9958.59
7854.896171621054,10834.9
7855.106253777576,10855.6
7855.316335934098,10540.6
7855.52641809062,10155.2
7855.736500247141,10216.8
7855.946582403662,10014.2
7856.156664560184,10029.4
7856.366746716706,10314.6
7856.576828873227,10644.7
7856.786911029749,10414.4
7856.996993186271,9975.32
7857.207075342792,9947.93
7857.417157499313,10279.9
7857.627239655835,10405.0
7857.837321812357,9533.91
7858.047403968879,9844.62
7858.2574861254,10421.6
7858.467568281922,9869.49
7858.677650438443,9725.59
7858.887732594965,10262.5
7859.097814751486,9924.07
7859.307896908008,9523.76
7859.51797906453,9435.8
7859.728061221051,10505.6
7859.9381433775725,9900.79
7860.148225534094,9496.89
7860.358307690616,9634.29
7860.568389847138,9150.49
7860.778472003659,9599.9
7860.988554160181,9598.2
7861.1986363167025,9353.74
7861.408718473223,9146.72
7861.618800629745,9006.93
7861.828882786267,9134.35
7862.038964942789,9169.91
7862.24904709931,9084.42
7862.459129255832,9068.57
7862.669211412353,9239.01
7862.879293568875,9155.7
7863.089375725396,9030.55
7863.299457881918,8667.26
7863.50954003844,9048.11
7863.719622194962,9086.26
7863.9297043514825,9287.96
7864.139786508004,8572.91
7864.349868664526,8924.3
7864.559950821048,9039.89
7864.770032977569,8816.38
7864.980115134091,8964.94
7865.190197290613,8584.98
7865.400279447134,8042.94
7865.610361603655,8572.25
7865.820443760177,8589.75
7866.030525916699,8125.75
7866.240608073221,8616.62
7866.450690229742,8631.06
7866.6607723862635,8192.0
7866.870854542785,8705.96
7867.080936699307,8882.55
7867.291018855828,8642.36
7867.50110101235,8475.09
7867.711183168872,8102.16
7867.9212653253935,8387.92
7868.131347481914,8382.81
7868.341429638436,8680.17
7868.551511794958,8339.53
7868.76159395148,7780.58
7868.971676108001,8340.66
7869.181758264523,7758.25
7869.391840421044,8133.38
7869.601922577566,8375.55
7869.812004734087,8283.67
7870.022086890609,8159.6
7870.232169047131,7934.14
7870.442251203653,8423.6
7870.6523333601735,7503.85
7870.862415516695,7717.76
7871.072497673217,7512.91
7871.282579829739,7961.21
7871.49266198626,7986.33
7871.702744142782,7586.43
7871.912826299304,7461.26
7872.122908455825,6986.11
7872.332990612346,7466.22
7872.543072768868,7322.82
7872.75315492539,7375.61
7872.963237081911,7431.49
7873.173319238433,6913.62
7873.3834013949545,7426.81
7873.593483551476,7726.25
7873.803565707998,7286.45
7874.013647864519,7098.13
7874.223730021041,6622.0
7874.433812177563,7343.12
7874.643894334084,8100.47
7874.853976490605,7402.16
7875.064058647127,7148.84
7875.274140803649,6547.64
7875.48422296017,6924.69
7875.694305116692,7105.62
7875.904387273214,7220.42
7876.114469429735,7195.75
7876.324551586256,7021.67
7876.534633742778,6530.41
7876.7447158993,7014.16
7876.954798055822,6614.44
7877.164880212343,6501.5
7877.3749623688645,6426.33
7877.585044525386,6657.27
7877.795126681908,6484.93
7878.005208838429,6222.2
7878.215290994951,6222.32
7878.425373151473,6790.71
7878.635455307995,6556.54
7878.8455374645155,7185.14
7879.055619621037,6408.86
7879.265701777559,6450.74
7879.475783934081,6787.64
7879.685866090602,6306.51
7879.895948247124,6276.78
7880.1060304036455,6931.83
7880.316112560167,6840.95
7880.526194716688,6151.94
7880.73627687321,5836.47
7880.946359029732,5531.23
7881.156441186254,5899.67
7881.366523342775,6207.35
7881.576605499296,5769.02
7881.786687655818,5535.1
7881.99676981234,5934.64
7882.206851968861,6087.02
7882.416934125383,6880.48
7882.627016281905,5960.74
7882.837098438426,7358.01
7883.047180594947,6575.06
7883.257262751469,6006.35
7883.467344907991,6133.34
7883.677427064513,5762.46
7883.887509221034,5826.08
7884.097591377556,5291.31
7884.307673534077,5815.68
7884.517755690598,5590.12
7884.72783784712,5568.24
7884.937920003642,5854.67
7885.148002160164,5813.13
7885.358084316686,5754.77
7885.5681664732065,5853.81
7885.778248629728,5653.82
7885.98833078625,5781.6
7886.198412942771,5980.78
7886.408495099293,5458.19
7886.618577255815,5672.02
7886.8286594123365,5150.14
7887.038741568858,5125.62
7887.248823725379,4743.77
7887.458905881901,5117.3
7887.668988038423,5421.81
7887.879070194944,4854.5
7888.089152351466,5334.43
7888.299234507987,5238.35
7888.509316664509,4845.94
7888.71939882103,5110.45
7888.929480977552,5690.01
7889.139563134074,5652.61
7889.349645290596,4718.22
7889.5597274471165,4529.92
7889.769809603638,6593.17
7889.97989176016,6430.77
7890.189973916682,4959.4
7890.400056073203,4757.35
7890.610138229725,5042.78
7890.820220386247,5088.23
7891.030302542768,4605.38
7891.240384699289,4727.23
7891.450466855811,4981.93
7891.660549012333,4525.4
7891.870631168855,5080.46
7892.080713325376,4419.33
7892.2907954818975,4691.98
7892.500877638419,4518.82
7892.710959794941,4149.05
7892.921041951462,4944.55
7893.131124107984,4483.5
7893.341206264506,4304.86
7893.5512884210275,4695.31
7893.761370577548,4363.59
7893.97145273407,4636.75
7894.181534890592,4635.09
7894.391617047114,4345.59
7894.601699203635,4124.53
7894.811781360157,4475.29
7895.021863516678,4426.23
7895.2319456732,4041.37
7895.442027829721,3898.86
7895.652109986243,3535.72
