7607.7799723609,1932.29
7607.989424394728,2095.24
7608.198876428557,1795.22
7608.408328462386,2067.55
7608.617780496214,2804.33
7608.827232530043,2960.23
7609.036684563872,2439.32
7609.246136597701,1856.5
7609.455588631529,1598.83
7609.665040665358,1847.64
7609.874492699187,2074.93
7610.083944733015,1844.51
7610.293396766844,2122.85
7610.502848800673,1960.24
7610.712300834502,2116.31
7610.92175286833,2915.01
7611.131204902159,4073.74
7611.340656935988,5266.6
7611.550108969816,4441.59
7611.759561003645,4087.96
7611.969013037474,2783.85
7612.1784650713025,2034.51
7612.38791710513,2470.69
7612.597369138959,3450.13
7612.806821172788,4204.08
7613.0162732066165,4012.88
7613.225725240445,3472.27
7613.435177274274,3899.85
7613.644629308103,4722.12
7613.854081341931,7933.56
7614.06353337576,9005.67
7614.272985409589,8838.57
7614.482437443417,7679.47
7614.691889477246,5624.31
7614.901341511075,4188.74
7615.110793544904,3593.38
7615.320245578732,4108.28
7615.529697612561,5356.03
7615.73914964639,5894.6
7615.948601680218,6255.42
7616.158053714047,6338.16
7616.367505747876,7167.93
7616.576957781705,8932.3
7616.786409815533,10889.6
7616.995861849362,12366.4
7617.205313883191,12591.8
7617.414765917019,13088.0
7617.624217950848,13536.3
7617.833669984677,13800.4
7618.0431220185055,13920.9
7618.252574052334,13564.4
7618.462026086163,13549.2
7618.671478119992,14237.5
7618.88093015382,14194.6
7619.090382187649,13316.8
7619.299834221478,13011.2
7619.5092862553065,11989.4
7619.718738289135,12357.8
7619.928190322964,12949.5
7620.137642356793,11600.2
7620.347094390621,9870.09
7620.55654642445,8012.0
7620.765998458279,5647.92
7620.9754504921075,5707.78
7621.184902525936,6663.25
7621.394354559764,7644.38
7621.603806593593,9391.99
7621.813258627421,11108.0
7622.02271066125,12057.4
7622.232162695079,11718.6
7622.441614728908,10566.6
7622.651066762736,9135.42
7622.860518796565,7089.56
7623.069970830394,5590.75
7623.279422864222,4815.38
7623.488874898051,4621.54
7623.69832693188,5029.24
7623.9077789657085,5263.41
7624.117230999537,4701.53
7624.326683033366,4026.0
7624.536135067195,4295.64
7624.745587101023,5558.58
7624.955039134852,7260.49
7625.164491168681,9305.47
7625.3739432025095,11883.2
7625.583395236338,11936.8
7625.792847270167,11454.1
7626.002299303996,11281.9
7626.211751337824,9680.43
7626.421203371653,7320.97
7626.630655405482,5851.89
7626.8401074393105,4565.58
7627.049559473139,3571.74
7627.259011506968,3706.76
7627.468463540797,3547.27
7627.677915574625,3288.05
7627.887367608454,3535.82
7628.096819642283,3948.83
7628.3062716761115,4765.85
7628.51572370994,6313.24
7628.725175743769,7906.92
7628.934627777598,10039.9
7629.144079811426,11834.0
7629.353531845255,13040.2
7629.562983879084,13094.4
7629.772435912912,11964.2
7629.981887946741,10136.2
7630.19133998057,8228.46
7630.400792014398,6945.31
7630.610244048226,5892.19
7630.819696082055,3963.97
7631.029148115884,3359.59
7631.2386001497125,3588.97
7631.448052183541,3203.25
7631.65750421737,3076.16
7631.866956251199,4004.94
7632.076408285027,4665.98
7632.285860318856,5277.97
7632.495312352685,7276.45
7632.7047643865135,9183.99
7632.914216420342,11871.1
7633.123668454171,12207.9
7633.333120488,13418.5
7633.542572521828,13521.3
7633.752024555657,13295.0
7633.961476589486,12934.6
7634.1709286233145,10991.5
7634.380380657143,9021.43
7634.589832690972,7215.79
7634.799284724801,5681.12
7635.008736758629,4594.94
7635.218188792458,4428.23
7635.427640826287,3730.73
7635.637092860115,3311.7
7635.846544893944,3309.74
7636.055996927773,3831.9
7636.265448961602,4808.44
7636.47490099543,5818.31
7636.684353029259,9290.91
7636.893805063088,10756.1
7637.103257096916,12789.8
7637.312709130745,13784.3
7637.522161164574,14849.1
7637.731613198403,15844.3
7637.941065232231,15684.7
7638.15051726606,15016.0
7638.359969299889,14266.6
7638.569421333717,13251.5
7638.778873367546,11069.6
7638.988325401375,7649.32
7639.1977774352035,6601.17
7639.407229469031,5297.65
7639.61668150286,4800.65
7639.826133536689,4877.3
7640.0355855705175,4785.57
7640.245037604346,5926.17
7640.454489638175,6380.39
7640.663941672004,5925.69
7640.873393705832,8241.25
7641.082845739661,10853.3
7641.29229777349,12032.6
7641.501749807318,14388.5
7641.711201841147,15967.2
7641.920653874976,16508.6
7642.130105908805,16651.1
7642.339557942633,15884.1
7642.549009976462,16902.9
7642.758462010291,16653.3
7642.967914044119,16269.0
7643.177366077948,14033.1
7643.386818111777,11814.3
7643.596270145606,9917.0
7643.805722179434,8543.98
7644.015174213263,7711.71
7644.224626247092,6594.04
7644.43407828092,5789.66
7644.643530314749,6047.98
7644.852982348578,6504.51
7645.0624343824065,6990.75
7645.271886416235,7909.9
7645.481338450064,9737.72
7645.690790483893,12489.0
7645.900242517721,15327.4
7646.10969455155,16936.7
7646.319146585379,17699.3
7646.5285986192075,18864.6
7646.738050653036,19227.9
7646.947502686865,18958.2
7647.156954720694,19844.2
7647.366406754522,20251.8
7647.575858788351,19251.3
7647.78531082218,17558.7
7647.9947628560085,16406.8
7648.204214889837,15148.0
7648.413666923665,12560.0
7648.623118957494,9793.42
7648.832570991322,8221.54
7649.042023025151,8173.8
7649.25147505898,8796.94
7649.460927092809,7914.86
7649.670379126637,7712.59
7649.879831160466,8752.04
7650.089283194295,10307.0
7650.298735228123,12457.9
7650.508187261952,14845.1
7650.717639295781,17011.5
7650.9270913296095,19079.9
7651.136543363438,20682.6
7651.345995397267,20885.0
7651.555447431096,21131.8
7651.764899464924,22187.0
7651.974351498753,21903.8
7652.183803532582,21355.1
7652.3932555664105,21118.2
7652.602707600239,20684.7
7652.812159634068,21011.9
7653.021611667897,19443.6
7653.231063701725,17325.2
7653.440515735554,14784.2
7653.649967769383,12868.8
7653.8594198032115,11119.8
7654.06887183704,10124.3
7654.278323870869,10318.8
7654.487775904698,11004.4
7654.697227938526,11514.5
7654.906679972355,11904.9
7655.116132006184,12551.7
7655.3255840400125,13538.6
7655.535036073841,16104.5
7655.74448810767,18554.7
7655.953940141499,21312.7
7656.163392175327,22317.9
7656.372844209156,22960.4
7656.582296242985,23859.4
7656.791748276813,23373.8
7657.001200310642,22896.6
7657.210652344471,23160.1
7657.420104378299,22754.8
7657.629556412127,23407.0
7657.839008445956,22035.3
7658.048460479785,22032.5
7658.2579125136135,21371.5
7658.467364547442,19817.3
7658.676816581271,18243.4
7658.8862686151,16860.4
7659.095720648928,15320.8
7659.305172682757,13600.3
7659.514624716586,13843.7
7659.7240767504145,13648.4
7659.933528784243,13399.5
7660.142980818072,14308.9
7660.352432851901,15688.8
7660.561884885729,16859.6
7660.771336919558,18072.8
7660.980788953387,19611.3
7661.1902409872155,20946.3
7661.399693021044,21914.5
7661.609145054873,23041.4
7661.818597088702,23780.6
7662.02804912253,24442.0
7662.237501156359,25300.6
7662.446953190188,24706.6
7662.656405224016,24515.4
7662.865857257845,24428.1
7663.075309291674,24380.6
7663.284761325503,24225.8
7663.494213359331,23080.8
7663.70366539316,22144.5
7663.913117426989,21957.6
7664.122569460817,20269.1
7664.332021494646,18793.9
7664.541473528475,17351.7
7664.750925562304,16249.7
7664.960377596132,15875.2
7665.169829629961,16019.4
7665.37928166379,16576.2
7665.588733697618,16838.1
7665.798185731447,16862.7
7666.007637765276,17960.5
7666.2170897991045,20150.4
7666.426541832932,22208.1
7666.635993866761,22971.1
7666.84544590059,23868.5
7667.0548979344185,25156.3
7667.264349968247,24728.2
7667.473802002076,25317.6
7667.683254035905,25954.3
7667.892706069733,25174.1
7668.102158103562,25269.7
7668.311610137391,25777.9
7668.5210621712195,25282.4
7668.730514205048,25625.6
7668.939966238877,25126.3
7669.149418272706,26104.2
7669.358870306534,25161.9
7669.568322340363,23809.6
7669.777774374192,23121.3
7669.98722640802,21932.9
7670.196678441849,21041.1
7670.406130475678,20101.6
7670.615582509507,19196.5
7670.825034543335,19527.9
7671.034486577164,19179.8
7671.243938610993,19598.9
7671.453390644821,19901.9
7671.66284267865,20872.8
7671.872294712479,22400.9
7672.0817467463075,22923.7
7672.291198780136,23550.0
7672.500650813965,25051.5
7672.710102847794,25534.1
7672.919554881622,25839.1
7673.129006915451,26479.6
7673.33845894928,25682.2
7673.5479109831085,26122.5
7673.757363016937,26422.7
7673.966815050766,26771.0
7674.176267084595,26929.7
7674.385719118423,25482.9
7674.595171152252,26261.7
7674.804623186081,28159.0
7675.0140752199095,27464.0
7675.223527253738,25765.9
7675.432979287566,25610.3
7675.642431321395,25429.8
7675.851883355223,24242.5
7676.061335389052,23762.1
7676.270787422881,23802.1
7676.48023945671,23656.5
7676.689691490538,23462.2
7676.899143524367,22160.9
7677.108595558196,21731.4
7677.318047592024,22078.9
7677.527499625853,23047.4
7677.736951659682,23865.3
7677.946403693511,24489.1
7678.155855727339,25619.7
7678.365307761168,26387.0
7678.574759794997,26743.5
7678.784211828825,26627.8
7678.993663862654,27383.1
7679.203115896483,27712.6
7679.4125679303115,27811.0
7679.62201996414,27624.7
7679.831471997969,28058.7
7680.040924031798,28062.5
7680.250376065626,28364.1
7680.459828099455,28006.7
7680.669280133284,27262.1
7680.8787321671125,27983.3
7681.088184200941,27499.7
7681.29763623477,27605.5
7681.507088268599,28202.9
7681.716540302427,26977.1
7681.925992336256,27259.5
7682.135444370085,26662.3
7682.3448964039135,25584.8
7682.554348437742,25545.0
7682.763800471571,25569.9
7682.9732525054,24854.7
7683.182704539228,24227.5
7683.392156573057,24392.6
7683.601608606886,24865.8
7683.8110606407145,25685.2
7684.020512674543,26932.2
7684.229964708372,26423.0
7684.4394167422,27130.2
7684.648868776028,27776.8
7684.858320809857,27947.1
7685.067772843686,28091.3
7685.2772248775145,28935.8
7685.486676911343,29101.9
7685.696128945172,29099.4
7685.905580979001,28919.3
7686.115033012829,28246.5
7686.324485046658,28328.9
7686.533937080487,28498.0
7686.7433891143155,28291.5
7686.952841148144,27822.3
7687.162293181973,28161.8
7687.371745215802,29178.5
7687.58119724963,29640.7
7687.790649283459,29020.0
7688.000101317288,28613.8
7688.2095533511165,28189.5
7688.419005384945,28316.4
7688.628457418774,27814.4
7688.837909452603,27305.4
7689.047361486431,27583.1
7689.25681352026,26536.5
7689.466265554089,26134.2
7689.6757175879175,26918.4
7689.885169621746,26758.4
7690.094621655575,27241.5
7690.304073689404,26819.2
7690.513525723232,27077.5
7690.722977757061,28248.5
7690.93242979089,28586.1
7691.141881824718,28502.1
7691.351333858547,28281.2
7691.560785892376,28330.9
7691.770237926205,28630.4
7691.979689960033,28489.4
7692.189141993862,28682.3
7692.398594027691,29103.6
7692.608046061519,28966.3
7692.817498095348,29998.3
7693.026950129177,29227.8
7693.236402163006,29204.8
7693.445854196833,28804.0
7693.655306230662,28731.5
7693.864758264491,28586.1
7694.0742102983195,28416.5
7694.283662332148,28488.5
7694.493114365977,29231.3
7694.702566399806,29193.1
7694.912018433634,28884.3
7695.121470467463,29230.9
7695.330922501292,28444.0
7695.5403745351205,27705.1
7695.749826568949,28322.8
7695.959278602778,28741.5
7696.168730636607,26854.2
7696.378182670435,27119.7
7696.587634704264,28574.0
7696.797086738093,28386.8
7697.006538771921,27586.1
7697.21599080575,27258.2
7697.425442839579,27768.8
7697.634894873408,29212.4
7697.844346907236,29502.3
7698.053798941065,29211.2
7698.263250974894,28943.5
7698.472703008722,27819.8
7698.682155042551,27930.8
7698.89160707638,28227.4
7699.101059110209,27910.2
7699.310511144037,27898.6
7699.519963177866,26977.6
7699.729415211695,27454.6
7699.938867245523,27544.2
7700.148319279352,28911.3
7700.357771313181,29107.6
7700.5672233470095,29486.5
7700.776675380838,29315.0
7700.986127414667,28651.4
7701.195579448496,28672.0
7701.405031482324,29344.1
7701.614483516153,28817.4
7701.823935549982,28224.2
7702.0333875838105,28778.1
7702.242839617639,27306.6
7702.452291651467,27774.8
7702.661743685296,28525.6
7702.871195719124,29127.5
7703.080647752953,28095.6
7703.290099786782,27670.9
7703.499551820611,27722.4
7703.709003854439,28560.8
7703.918455888268,29005.4
7704.127907922097,27895.5
7704.337359955925,27799.7
7704.546811989754,28788.1
7704.756264023583,28835.0
7704.965716057412,28537.9
7705.17516809124,28084.2
7705.384620125069,27732.4
7705.594072158898,28784.4
7705.803524192726,29393.0
7706.012976226555,28904.2
7706.222428260384,28747.1
7706.4318802942125,28499.8
7706.641332328041,28435.2
7706.85078436187,28290.3
7707.060236395699,28404.6
7707.269688429527,29057.7
7707.479140463356,28946.5
7707.688592497185,29541.6
7707.8980445310135,29142.1
7708.107496564842,27777.8
7708.316948598671,27908.9
7708.5264006325,29060.7
7708.735852666328,28473.1
7708.945304700157,27898.0
7709.154756733986,28140.1
7709.3642087678145,27488.3
7709.573660801643,27909.4
7709.783112835472,27982.9
7709.992564869301,28549.0
7710.202016903129,28495.5
7710.411468936958,27426.0
7710.620920970787,28078.7
7710.8303730046155,28611.3
7711.039825038444,29123.8
7711.249277072273,28930.4
7711.458729106101,29256.9
7711.668181139929,28630.1
7711.877633173758,29235.5
7712.087085207587,29085.8
7712.2965372414155,28517.1
7712.505989275244,28196.8
7712.715441309073,28824.4
7712.924893342902,28964.3
7713.13434537673,27879.1
7713.343797410559,28088.7
7713.553249444388,28455.1
7713.7627014782165,28656.1
7713.972153512045,28445.6
7714.181605545874,28668.5
7714.391057579703,28391.5
7714.600509613531,28483.6
7714.80996164736,28257.6
7715.019413681189,28400.2
7715.2288657150175,28630.8
7715.438317748846,28826.2
7715.647769782675,28912.9
7715.857221816504,29309.1
7716.066673850332,28567.0
7716.276125884161,29140.4
7716.48557791799,29621.0
7716.6950299518185,29339.3
7716.904481985647,28868.0
7717.113934019476,27891.9
7717.323386053305,28414.6
7717.532838087133,29731.0
7717.742290120962,29688.8
7717.951742154791,29024.7
7718.161194188619,28801.3
7718.370646222448,29758.9
7718.580098256277,29056.2
7718.789550290106,28915.2
7718.999002323934,29067.5
7719.208454357763,29171.2
7719.417906391592,29461.1
7719.62735842542,29294.2
7719.836810459249,28977.5
7720.046262493078,29176.9
7720.255714526907,29016.2
7720.465166560734,28484.6
7720.674618594563,29215.2
7720.884070628392,29054.6
7721.0935226622205,28441.7
7721.302974696049,28476.5
7721.512426729878,28601.5
7721.721878763707,28617.8
7721.931330797535,28390.4
7722.140782831364,28719.1
7722.350234865193,29449.9
7722.5596868990215,29507.1
7722.76913893285,29634.0
7722.978590966679,29786.5
7723.188043000508,29806.2
7723.397495034336,29960.0
7723.606947068165,29489.0
7723.816399101994,29366.6
7724.025851135822,28086.4
7724.235303169651,28651.7
7724.44475520348,29386.7
7724.654207237309,29310.8
7724.863659271137,28986.6
7725.073111304966,29933.2
7725.282563338795,29463.7
7725.492015372623,28684.0
7725.701467406452,28890.1
7725.910919440281,29695.2
7726.12037147411,29506.1
7726.329823507938,29034.7
7726.539275541767,29224.8
7726.748727575596,29844.2
7726.958179609424,30111.0
7727.167631643253,29662.5
7727.377083677082,29093.0
7727.5865357109105,29295.3
7727.795987744739,29263.0
7728.005439778568,28873.7
7728.214891812397,29374.5
7728.424343846225,29723.4
7728.633795880054,29581.2
7728.843247913883,30673.3
7729.0526999477115,30851.1
7729.26215198154,29423.2
7729.471604015368,30327.0
7729.681056049197,29766.7
7729.890508083025,29397.9
7730.099960116854,29932.9
7730.309412150683,30328.5
7730.518864184512,29754.3
7730.72831621834,29308.1
7730.937768252169,28521.5
7731.147220285998,29620.4
7731.356672319826,29806.7
7731.566124353655,28883.9
7731.775576387484,28900.0
7731.985028421313,29617.0
7732.194480455141,29079.2
7732.40393248897,29898.9
7732.613384522799,29721.6
7732.822836556627,30332.4
7733.032288590456,29581.2
7733.241740624285,28887.8
7733.4511926581135,29683.3
7733.660644691942,29380.6
7733.870096725771,29711.0
7734.0795487596,29884.2
7734.289000793428,29377.6
7734.498452827257,29183.2
7734.707904861086,29790.1
7734.9173568949145,29637.3
7735.126808928743,28482.0
7735.336260962572,28263.6
7735.545712996401,28753.2
7735.755165030229,29130.1
7735.964617064058,28890.1
7736.174069097887,29113.5
7736.3835211317155,28650.2
7736.592973165544,29685.1
7736.802425199373,30216.5
7737.011877233202,29350.7
7737.22132926703,29527.9
7737.430781300859,28330.5
7737.640233334688,29626.4
7737.8496853685165,29530.8
7738.059137402345,30266.7
7738.268589436173,29261.5
7738.478041470002,28661.0
7738.68749350383,29640.3
7738.896945537659,29126.3
7739.106397571488,28402.9
7739.3158496053165,29416.5
7739.525301639145,28988.4
7739.734753672974,29227.3
7739.944205706803,28701.9
7740.153657740631,28047.9
7740.36310977446,28302.9
7740.572561808289,28792.2
7740.7820138421175,29231.1
7740.991465875946,29516.1
7741.200917909775,29440.5
7741.410369943604,28939.8
7741.619821977432,28810.5
7741.829274011261,28982.2
7742.03872604509,28795.6
7742.2481780789185,29364.5
7742.457630112747,29907.6
7742.667082146576,29003.5
7742.876534180405,29030.1
7743.085986214233,29592.7
7743.295438248062,29415.7
7743.504890281891,28268.3
7743.7143423157195,28276.0
7743.923794349548,28469.0
7744.133246383377,28697.0
7744.342698417206,29773.8
7744.552150451034,28949.1
7744.761602484863,28386.5
7744.971054518692,28269.2
7745.1805065525205,27909.3
7745.389958586349,28846.2
7745.599410620178,29153.1
7745.808862654007,28510.8
7746.018314687835,27998.5
7746.227766721664,28147.0
7746.437218755493,27976.0
7746.646670789321,27791.0
7746.85612282315,28203.1
7747.065574856979,29218.2
7747.275026890808,27607.5
7747.484478924636,28557.7
7747.693930958464,28855.6
7747.903382992293,27867.6
7748.1128350261215,29080.3
7748.32228705995,28645.6
7748.531739093779,28377.9
7748.741191127608,29030.9
7748.950643161436,28141.5
7749.160095195265,27985.6
7749.369547229094,28818.2
7749.5789992629225,28203.8
7749.788451296751,28472.8
7749.99790333058,28256.8
7750.207355364409,27308.9
7750.416807398237,27694.9
7750.626259432066,28488.6
7750.835711465895,29202.8
7751.0451634997235,28201.4
7751.254615533552,28659.9
7751.464067567381,27926.1
7751.67351960121,28121.4
7751.882971635038,29168.5
7752.092423668867,28260.2
7752.301875702696,28042.2
7752.511327736524,27685.2
7752.720779770353,28356.7
7752.930231804182,27477.3
7753.139683838011,27539.1
7753.349135871839,28432.3
7753.558587905668,27829.0
7753.768039939497,27720.5
7753.977491973325,28006.3
7754.186944007154,28025.7
7754.396396040983,27915.2
7754.605848074812,28050.0
7754.81530010864,27203.1
7755.024752142469,27133.1
7755.234204176298,27931.3
7755.443656210126,27475.4
7755.653108243955,26591.0
7755.862560277784,27592.7
7756.0720123116125,27332.1
7756.28146434544,27124.7
7756.490916379269,26542.2
7756.700368413098,26808.6
7756.9098204469265,26938.3
7757.119272480755,27896.5
7757.328724514584,27343.2
7757.538176548413,27151.2
7757.747628582241,26772.8
7757.95708061607,27675.9
7758.166532649899,27737.7
7758.375984683727,26515.9
7758.585436717556,26385.6
7758.794888751385,26808.1
7759.004340785214,27239.6
7759.213792819042,27036.7
7759.423244852871,27319.0
7759.6326968867,26926.2
7759.842148920528,27200.7
7760.051600954357,27026.0
7760.261052988186,26245.2
7760.470505022015,26273.1
7760.679957055843,26442.2
7760.889409089672,25642.9
7761.098861123501,26625.6
7761.308313157329,26641.4
7761.517765191158,25789.1
7761.727217224987,26152.7
7761.9366692588155,26703.0
7762.146121292644,26485.1
7762.355573326473,26561.5
7762.565025360302,25968.9
7762.77447739413,25590.0
7762.983929427959,27330.3
7763.193381461788,26608.1
7763.4028334956165,25029.1
7763.612285529445,26488.3
7763.821737563274,27138.4
7764.031189597103,26090.6
7764.240641630931,26476.7
7764.45009366476,25925.9
7764.659545698589,24681.7
7764.8689977324175,26210.9
7765.078449766246,26036.9
7765.287901800075,25818.2
7765.497353833904,25517.0
7765.706805867731,25584.7
7765.91625790156,26386.1
7766.125709935389,25926.0
7766.335161969218,25356.1
7766.544614003046,25961.9
7766.754066036875,25396.2
7766.963518070704,24988.8
7767.172970104532,25959.4
7767.382422138361,25131.3
7767.59187417219,24863.9
7767.8013262060185,25119.6
7768.010778239847,24886.1
7768.220230273676,25257.7
7768.429682307505,25112.3
7768.639134341333,25653.3
7768.848586375162,25812.6
7769.058038408991,25160.5
7769.2674904428195,24328.1
7769.476942476648,25131.1
7769.686394510477,24870.3
7769.895846544306,26065.1
7770.105298578134,26780.4
7770.314750611963,25375.2
7770.524202645792,25508.9
7770.7336546796205,25607.8
7770.943106713449,24238.0
7771.152558747278,24188.7
7771.362010781107,24488.6
7771.571462814935,23295.0
7771.780914848764,23364.6
7771.990366882593,22975.9
7772.1998189164215,22913.2
7772.40927095025,22376.9
7772.618722984079,23084.2
7772.828175017908,24592.1
7773.037627051736,24054.2
7773.247079085565,23654.2
7773.456531119394,23722.9
7773.665983153222,23232.2
7773.875435187051,22873.5
7774.08488722088,22880.6
7774.294339254708,22443.1
7774.503791288536,23151.3
7774.713243322365,22456.5
7774.922695356194,21542.3
7775.1321473900225,22840.7
7775.341599423851,23305.2
7775.55105145768,23201.2
7775.760503491509,22711.9
7775.969955525337,23497.0
7776.179407559166,23667.3
7776.388859592995,23259.3
7776.5983116268235,23618.2
7776.807763660652,23816.1
7777.017215694481,24798.3
7777.22666772831,24024.1
7777.436119762138,23547.7
7777.645571795967,24150.6
7777.855023829796,23697.0
7778.0644758636245,23559.3
7778.273927897453,23283.9
7778.483379931282,24216.1
7778.692831965111,23661.2
7778.902283998939,23504.5
7779.111736032768,23907.7
7779.321188066597,23397.4
7779.530640100425,22544.1
7779.740092134254,23525.2
7779.949544168083,24061.8
7780.158996201912,23074.8
7780.36844823574,22994.5
7780.577900269569,23413.2
7780.787352303398,24320.8
7780.996804337226,23452.2
7781.206256371055,24499.6
7781.415708404884,24404.9
7781.625160438713,23766.6
7781.834612472541,23207.6
7782.04406450637,23123.6
7782.253516540199,23249.9
7782.462968574027,23199.4
7782.672420607856,23352.0
7782.881872641685,23898.8
7783.0913246755135,24019.7
7783.300776709342,23971.4
7783.510228743171,22773.5
7783.719680776999,23271.6
7783.9291328108275,23644.6
7784.138584844656,23608.9
7784.348036878485,23316.2
7784.557488912314,23633.7
7784.766940946142,23831.6
7784.976392979971,22717.8
7785.1858450138,22122.8
7785.395297047628,23459.0
7785.604749081457,22852.9
7785.814201115286,22191.2
7786.023653149115,22542.6
7786.233105182943,22517.9
7786.442557216772,23623.3
7786.652009250601,22835.6
7786.861461284429,22967.2
7787.070913318258,23527.6
7787.280365352087,23455.4
7787.489817385916,22873.6
7787.699269419744,22670.0
7787.908721453573,23465.4
7788.118173487402,22523.9
7788.32762552123,23310.4
7788.537077555059,23314.5
7788.746529588888,23311.7
7788.9559816227165,22868.4
7789.165433656545,21862.3
7789.374885690374,22522.3
7789.584337724203,23134.5
7789.793789758031,23106.3
7790.00324179186,22578.8
7790.212693825689,22866.9
7790.4221458595175,22063.9
7790.631597893346,22451.4
7790.841049927175,23080.0
7791.050501961004,22711.0
7791.259953994832,22015.8
7791.469406028661,21699.3
7791.67885806249,22022.0
7791.8883100963185,22113.0
7792.097762130147,22453.4
7792.307214163975,21484.0
7792.516666197804,21099.1
7792.726118231632,21822.3
7792.935570265461,21978.2
7793.14502229929,22175.6
7793.354474333119,22782.0
7793.563926366947,22036.3
7793.773378400776,21708.5
7793.982830434605,21750.5
7794.192282468433,22042.7
7794.401734502262,21914.6
7794.611186536091,21573.1
7794.8206385699195,22233.4
7795.030090603748,22134.7
7795.239542637577,21836.1
7795.448994671406,22428.2
7795.658446705234,21791.9
7795.867898739063,21959.2
7796.077350772892,21938.7
7796.2868028067205,21511.4
7796.496254840549,22578.7
7796.705706874378,22091.3
7796.915158908207,21073.2
7797.124610942035,20544.9
7797.334062975864,21141.4
7797.543515009693,21484.6
7797.7529670435215,20776.6
7797.96241907735,21723.7
7798.171871111179,21627.4
7798.381323145008,21714.7
7798.590775178836,21914.7
7798.800227212665,21188.5
7799.009679246494,20813.3
7799.2191312803225,20968.5
7799.428583314151,20350.5
7799.63803534798,20934.4
7799.847487381809,22213.7
7800.056939415637,21410.2
7800.266391449466,21611.7
7800.475843483295,20963.7
7800.685295517123,20614.2
7800.894747550952,20695.8
7801.104199584781,21371.7
7801.31365161861,20542.4
7801.523103652438,20545.0
7801.732555686266,20429.8
7801.942007720095,20629.1
7802.1514597539235,20980.8
7802.360911787752,20988.9
7802.570363821581,20018.4
7802.77981585541,20503.3
7802.989267889238,20473.9
7803.198719923067,20553.2
7803.408171956896,20514.6
7803.6176239907245,20375.7
7803.827076024553,20304.5
7804.036528058382,20209.4
7804.245980092211,19989.3
7804.455432126039,19834.1
7804.664884159868,20063.7
7804.874336193697,20849.3
7805.0837882275255,20569.4
7805.293240261354,19910.6
7805.502692295183,20068.6
7805.712144329012,19559.0
7805.92159636284,19302.3
7806.131048396669,20262.4
7806.340500430498,20239.0
7806.549952464326,20490.4
7806.759404498155,20045.0
7806.968856531984,20332.3
7807.178308565813,20478.9
7807.387760599641,19516.4
7807.59721263347,19458.8
7807.806664667299,19307.4
7808.016116701127,19460.2
7808.225568734956,19661.5
7808.435020768785,19928.6
7808.644472802614,19716.1
7808.853924836442,19445.6
7809.063376870271,18380.4
7809.2728289041,18418.3
7809.482280937928,19052.4
7809.691732971757,19426.6
7809.901185005586,19720.8
7810.1106370394145,18174.6
7810.320089073242,19395.6
7810.529541107071,20140.9
7810.7389931409,19425.8
7810.9484451747285,19187.8
7811.157897208557,19122.6
7811.367349242386,19473.2
7811.576801276215,17422.7
7811.786253310043,17885.1
7811.995705343872,19139.3
7812.205157377701,17673.0
7812.414609411529,18420.3
7812.624061445358,18247.9
7812.833513479187,17826.7
7813.042965513016,18779.3
7813.252417546844,18844.6
7813.461869580673,18705.1
7813.671321614502,18663.0
7813.88077364833,17323.0
7814.090225682159,17603.6
7814.299677715988,18582.4
7814.509129749817,18981.4
7814.718581783645,19199.0
7814.928033817474,18231.5
7815.137485851303,17375.9
7815.346937885131,18341.4
7815.55638991896,19105.5
7815.765841952789,18769.8
7815.9752939866175,18223.9
7816.184746020446,18900.9
7816.394198054275,18399.5
7816.603650088104,17405.6
7816.813102121932,17298.5
7817.022554155761,17232.5
7817.23200618959,18445.6
7817.4414582234185,18322.8
7817.650910257247,17061.5
7817.860362291076,17120.3
7818.069814324905,17071.2
7818.279266358733,17881.5
7818.488718392562,17238.0
7818.698170426391,17289.9
7818.9076224602195,17241.1
7819.117074494048,16757.3
7819.326526527877,17154.3
7819.535978561706,17083.9
7819.745430595533,17200.8
7819.954882629362,17452.0
7820.164334663191,17798.3
7820.37378669702,17858.3
7820.583238730848,17500.7
7820.792690764677,17154.7
7821.002142798506,17345.1
7821.211594832334,17032.6
7821.421046866163,17117.5
7821.630498899992,17593.6
7821.839950933821,17356.0
7822.049402967649,17573.3
7822.258855001478,16642.3
7822.468307035307,17426.8
7822.677759069135,17122.3
7822.887211102964,16336.0
7823.096663136793,16915.9
7823.3061151706215,16300.9
7823.51556720445,16092.6
7823.725019238279,16581.9
7823.934471272108,17136.0
7824.143923305936,16542.5
7824.353375339765,16511.1
7824.562827373594,15410.2
7824.7722794074225,16291.4
7824.981731441251,16308.0
7825.19118347508,16017.7
7825.400635508909,16089.7
7825.610087542737,15906.0
7825.819539576566,16302.6
7826.028991610395,15836.5
7826.2384436442235,16490.7
7826.447895678052,17346.9
7826.657347711881,17058.7
7826.86679974571,16331.7
7827.076251779538,16132.4
7827.285703813367,16558.0
7827.495155847196,16341.6
7827.7046078810245,14718.0
7827.914059914853,15552.8
7828.123511948682,16621.4
7828.33296398251,15700.4
7828.542416016338,16264.3
7828.751868050167,15629.7
7828.961320083996,15155.0
7829.1707721178245,15949.7
7829.380224151653,15439.9
7829.589676185482,15434.6
7829.799128219311,15493.9
7830.008580253139,15613.9
7830.218032286968,15772.5
7830.427484320797,14951.2
7830.6369363546255,15036.1
7830.846388388454,15052.8
7831.055840422283,14454.0
7831.265292456112,14963.5
7831.47474448994,15272.1
7831.684196523769,15880.9
7831.893648557598,15421.2
7832.1031005914265,15856.0
7832.312552625255,15386.6
7832.522004659084,14355.7
7832.731456692913,14196.3
7832.940908726741,14788.8
7833.15036076057,15413.0
7833.359812794399,14713.1
7833.5692648282275,14179.5
7833.778716862056,14629.8
7833.988168895885,14745.6
7834.197620929714,15051.7
7834.407072963542,14785.0
7834.616524997371,15117.0
7834.8259770312,15558.5
7835.035429065028,15015.1
7835.244881098857,14261.6
7835.454333132686,15210.5
7835.663785166515,15274.4
7835.873237200343,13882.5
7836.082689234172,14409.2
7836.292141268001,13557.0
7836.501593301829,14342.0
7836.711045335658,13959.6
7836.920497369487,14375.2
7837.129949403316,15030.4
7837.339401437144,13834.9
7837.548853470973,13675.4
7837.758305504801,13843.2
7837.9677575386295,13948.9
7838.177209572458,13817.6
7838.386661606287,13382.3
7838.596113640116,13377.7
7838.805565673944,14058.8
7839.015017707773,13931.0
7839.224469741602,14501.4
7839.4339217754305,14078.4
7839.643373809259,13394.4
7839.852825843088,14308.6
7840.062277876917,14100.9
7840.271729910745,13444.5
7840.481181944574,13976.1
7840.690633978403,13235.5
7840.900086012231,13868.8
7841.10953804606,14570.4
7841.318990079889,14028.9
7841.528442113718,13519.7
7841.737894147546,13661.3
7841.947346181375,12603.1
7842.156798215204,12951.0
7842.366250249032,12949.7
7842.575702282861,13424.5
7842.78515431669,13320.9
7842.994606350519,13210.0
7843.204058384347,13442.5
7843.413510418176,13556.3
7843.622962452005,12406.0
7843.832414485833,12739.9
7844.041866519662,13289.6
7844.251318553491,12901.8
7844.4607705873195,13062.1
7844.670222621148,13219.6
7844.879674654977,13443.8
7845.089126688806,12745.6
7845.298578722634,12561.4
7845.508030756463,12772.4
7845.717482790292,12650.0
7845.9269348241205,12440.4
7846.136386857949,12616.9
7846.345838891777,11968.8
7846.555290925606,12897.9
7846.764742959434,12990.0
7846.974194993263,12275.7
7847.183647027092,12189.6
7847.393099060921,12041.9
7847.602551094749,11772.9
7847.812003128578,11192.8
7848.021455162407,11707.0
7848.230907196235,12688.2
7848.440359230064,11896.8
7848.649811263893,12164.0
7848.859263297722,12437.7
7849.06871533155,11775.1
7849.278167365379,11597.8
7849.487619399208,11502.0
7849.697071433036,12328.9
7849.906523466865,11445.2
7850.115975500694,12009.4
7850.3254275345225,11858.4
7850.534879568351,11710.4
7850.74433160218,11276.0
7850.953783636009,11849.5
7851.163235669837,11134.8
7851.372687703666,11428.7
7851.582139737495,11851.6
7851.7915917713235,11459.9
7852.001043805152,10850.2
7852.210495838981,11876.7
7852.41994787281,11977.1
7852.629399906638,11887.0
7852.838851940467,10829.6
7853.048303974296,11190.3
7853.2577560081245,11514.3
7853.467208041953,11346.8
7853.676660075782,11264.7
7853.886112109611,10507.6
7854.095564143439,10853.6
7854.305016177268,12315.9
7854.514468211097,11030.6
7854.7239202449255,10737.1
7854.933372278754,10668.0
7855.142824312583,10864.6
7855.352276346412,10427.9
7855.56172838024,11157.9
7855.771180414068,10790.6
7855.980632447897,11165.4
7856.1900844817255,10136.2
7856.399536515554,10612.9
7856.608988549383,10782.4
7856.818440583212,10626.7
7857.02789261704,9824.75
7857.237344650869,10456.5
7857.446796684698,9989.64
7857.6562487185265,9831.6
7857.865700752355,10252.1
7858.075152786184,10287.5
7858.284604820013,10534.0
7858.494056853841,10479.6
7858.70350888767,10363.5
7858.912960921499,9591.17
7859.1224129553275,11058.1
7859.331864989156,10212.0
7859.541317022985,9582.61
7859.750769056814,9902.26
7859.960221090642,9444.94
7860.169673124471,8883.14
7860.3791251583,9253.61
7860.5885771921285,9608.09
7860.798029225957,10377.3
7861.007481259786,10140.8
7861.216933293615,9483.92
7861.426385327443,10187.7
7861.635837361272,9864.14
7861.845289395101,9220.83
7862.054741428929,9455.64
7862.264193462758,9967.7
7862.473645496587,8975.45
7862.683097530416,8814.75
7862.892549564244,9430.84
7863.102001598073,10080.6
7863.311453631902,9618.19
7863.52090566573,10546.3
7863.730357699559,9699.22
7863.939809733388,9638.31
7864.149261767217,9705.11
7864.358713801044,10138.0
7864.568165834873,9563.73
7864.777617868702,9972.85
7864.9870699025305,9491.84
7865.196521936359,8732.16
7865.405973970188,9891.29
7865.615426004017,9121.48
7865.824878037845,9428.54
7866.034330071674,8616.33
7866.243782105503,9134.08
7866.4532341393315,8872.88
7866.66268617316,8149.88
7866.872138206989,9103.43
7867.081590240818,8998.73
7867.291042274646,8847.12
7867.500494308475,8838.09
7867.709946342304,8029.08
7867.919398376132,8855.37
7868.128850409961,8517.84
7868.33830244379,8716.35
7868.547754477619,8225.08
7868.757206511447,8108.62
7868.966658545276,8348.48
7869.176110579105,8738.04
7869.385562612933,8661.67
7869.595014646762,8961.72
7869.804466680591,7584.18
7870.01391871442,8326.03
7870.223370748248,8036.58
7870.432822782077,8906.55
7870.642274815906,8332.07
7870.851726849734,7586.24
7871.061178883563,6906.73
7871.270630917392,7691.95
7871.4800829512205,8170.06
7871.689534985049,7954.45
7871.898987018878,7554.35
7872.108439052707,7616.26
7872.317891086535,6695.13
7872.527343120364,6627.83
7872.736795154193,7879.37
7872.9462471880215,7948.79
7873.15569922185,7793.76
7873.365151255679,7574.87
7873.574603289508,7567.26
7873.784055323335,6999.31
7873.993507357164,7346.56
7874.202959390993,7759.56
7874.412411424822,8049.66
7874.62186345865,7188.83
7874.831315492479,7262.82
7875.040767526308,6945.34
7875.250219560136,6647.93
7875.459671593965,6657.62
7875.669123627794,6792.81
7875.878575661623,7261.69
7876.088027695451,7457.08
7876.29747972928,6723.15
7876.506931763109,6651.68
7876.716383796937,7238.42
7876.925835830766,6383.61
7877.135287864595,6647.83
7877.3447398984235,6448.64
7877.554191932252,6065.68
7877.763643966081,6332.94
7877.97309599991,7145.95
7878.182548033738,7155.35
7878.392000067567,5636.07
7878.601452101396,6700.26
7878.8109041352245,7112.99
7879.020356169053,6357.63
7879.229808202882,6648.84
7879.439260236711,6253.02
7879.648712270539,6159.01
7879.858164304368,6403.44
7880.067616338197,6053.5
7880.2770683720255,6545.78
7880.486520405854,6947.14
7880.695972439683,6479.44
7880.905424473512,6453.21
7881.11487650734,6045.11
7881.324328541169,5548.28
7881.533780574998,5767.67
7881.7432326088265,5614.07
7881.952684642655,6577.53
7882.162136676484,5175.65
7882.371588710312,5700.34
7882.58104074414,5412.66
7882.790492777969,6314.77
7882.999944811798,6409.47
7883.2093968456265,5872.45
7883.418848879455,5378.4
7883.628300913284,5348.43
7883.837752947113,5330.93
7884.047204980941,5882.34
7884.25665701477,5502.5
7884.466109048599,5958.12
7884.6755610824275,4687.05
7884.885013116256,4800.06
7885.094465150085,5736.94
7885.303917183914,5911.97
7885.513369217742,5875.16
7885.722821251571,5841.03
7885.9322732854,6064.15
7886.1417253192285,5934.45
7886.351177353057,4978.97
7886.560629386886,4762.14
7886.770081420715,5709.89
7886.979533454543,6358.77
7887.188985488372,5861.67
7887.398437522201,4935.17
7887.6078895560295,4923.06
7887.817341589858,5601.1
7888.026793623687,5425.07
7888.236245657516,5793.21
7888.445697691344,5233.15
7888.655149725173,4483.88
7888.864601759002,5683.35
7889.0740537928305,4668.01
7889.283505826659,5019.14
7889.492957860488,4548.18
7889.702409894317,4934.09
7889.911861928145,4717.4
7890.121313961974,5191.89
7890.330765995803,5149.41
7890.540218029631,4222.01
7890.74967006346,4266.05
7890.959122097289,4129.55
7891.168574131118,5168.52
7891.378026164946,5894.12
7891.587478198775,5009.11
7891.796930232603,4495.95
7892.0063822664315,3947.63
7892.21583430026,5090.5
7892.425286334089,3917.54
7892.634738367918,4388.61
7892.844190401746,3446.78
7893.053642435575,3888.35
7893.263094469404,4098.22
7893.4725465032325,5014.82
7893.681998537061,4583.84
7893.89145057089,4340.85
7894.100902604719,3674.87
7894.310354638547,4124.43
7894.519806672376,3940.86
7894.729258706205,4238.47
7894.9387107400335,4542.53
7895.148162773862,3534.95
7895.357614807691,3309.64
